1073741823,1073741823,1073741823,1073741823,1073740799,1073733631,1072087039,804683775,1073340415,1071349759,1073733631,1073740799,1073741823,1073741823,1073741823:g7
1073741823,1073741823,1073741823,1073741823,1073740799,1073733631,1072078847,804683775,1006231551,1071349759,1073733631,1073740799,1073741823,1073741823,1073741823:g8
1073741823,1073741823,1073741823,1073741823,1073740799,1073733631,1072078847,737574911,1073340415,1071349759,1073733631,1073740799,1073741823,1073741823,1073741823:g8
1073741823,1073741823,1073741823,1073741823,1073740799,1056956415,1072078847,804683775,1073340415,1071349759,1073733631,1073740799,1073741823,1073741823,1073741823:g8
1073741823,1073741823,1073741823,1073741823,1073740799,1073733631,1004969983,804683775,1073340415,1071349759,1073733631,1073740799,1073741823,1073741823,1073741823:g8
1073741823,1073741823,1073741823,1073741823,1073740799,805298175,1072078847,804683775,1073340415,1071349759,1073733631,1073740799,1073741823,1073741823,1073741823:g8
1073741823,1073741823,1073741823,1073741823,1073740799,1073733631,803643391,804683775,1073340415,1071349759,1073733631,1073740799,1073741823,1073741823,1073741823:g8
1073741823,1073741823,1073741823,1073741823,1073740799,1073733631,1072078847,804683775,1073340415,802914303,1073733631,1073740799,1073741823,1073741823,1073741823:g8
1073741823,1073741823,1073741823,1073741823,1073740799,1073733631,1072078847,804683775,804904959,1071349759,1073733631,1073740799,1073741823,1073741823,1073741823:g8
1073741823,1073741823,1073741823,1073741823,1073740799,1073733631,1072078847,804683519,1073340415,1071349759,1073733631,1073740799,1073741823,1073741823,1073741823:g8
1073741823,1073741823,1073741823,1073676287,1073740799,1073733631,1072078847,804683775,1073340415,1071349759,1073733631,1073740799,1073741823,1073741823,1073741823:g8
1073741823,1073741823,1073741823,1073741823,1073740799,1073733631,1072078783,804683775,1073340415,1071349759,1073733631,1073740799,1073741823,1073741823,1073741823:g8
1073741823,1073741823,1073741823,1073741823,1073740799,1073733375,1072078847,804683775,1073340415,1071349759,1073733631,1073740799,1073741823,1073741823,1073741823:g8
1073741823,1073741823,1073741823,1073741823,1073740735,1073733631,1072078847,804683775,1073340415,1071349759,1073733631,1073740799,1073741823,1073741823,1073741823:g8
1073741823,1073741823,1073741823,1073741823,1073740543,1073733631,1072078847,804683775,1073340415,1071349759,1073733631,1073740799,1073741823,1073741823,1073741823:g8
1073741823,1073741823,1073741759,1073741823,1073740799,1073733631,1072078847,804683775,1073340415,1071349759,1073733631,1073740799,1073741823,1073741823,1073741823:g8
1073741823,1073741823,1073741823,1073741567,1073740799,1073733631,1072078847,804683775,1073340415,1071349759,1073733631,1073740799,1073741823,1073741823,1073741823:g8
1073741823,1073741823,1073740799,1073741823,1073740799,1073733631,1072078847,804683775,1073340415,1071349759,1073733631,1073740799,1073741823,1073741823,1073741823:g8
1073741823,1073741823,1073741823,1073740799,1073740799,1073733631,1072078847,804683775,1073340415,1071349759,1073733631,1073740799,1073741823,1073741823,1073741823:g8
1073741823,1073741823,1073725439,1073741823,1073740799,1073733631,1072078847,804683775,1073340415,1071349759,1073733631,1073740799,1073741823,1073741823,1073741823:g8
1073741823,1073741823,1073741823,1073737727,1073740799,1073733631,1072078847,804683775,1073340415,1071349759,1073733631,1073740799,1073741823,1073741823,1073741823:g8
1073741823,1073741823,1073741823,1073741823,1073740799,1073733631,1072078847,804683775,1073340415,1071349759,1073733631,1073675263,1073741823,1073741823,1073741823:g8
1073741823,1073741823,1073741823,1073741823,1073740799,1073733631,1072078847,787906559,1073340415,1071349759,1073733631,1073740799,1073741823,1073741823,1073741823:g8
1073741823,1073741823,1073741823,1073741823,1073740799,1073733631,1072078847,804683775,1073340415,1054572543,1073733631,1073740799,1073741823,1073741823,1073741823:g8
1073741823,1073741823,1073741823,1073741823,1073740799,1073733631,1072078847,804683775,1073340415,1071349759,1073733631,1056963583,1073741823,1073741823,1073741823:g8
1073741823,1073741823,1073741823,1073741823,1073740799,1073733631,1072078847,804683775,1073340415,1071349759,1073733631,1072692223,1073741823,1073741823,1073741823:g8
1073741823,1073741823,1073741823,1073741823,1073740799,1073733631,1072078847,804683775,1073340415,1071349759,1073733631,1073740799,1073741823,1073741759,1073741823:g8
1073741823,1073741823,1073741823,1073741823,1073740799,1073733631,1072078847,804683775,1073340415,1071349759,1073733631,1073740735,1073741823,1073741823,1073741823:g8
1073741823,1073741823,1073741823,1073741823,1073740799,1073733631,1072078847,804683775,1073340415,1071349759,1073733631,1073740543,1073741823,1073741823,1073741823:g8
1073741823,1073741823,1073741823,1073741823,1073740799,1073733631,1072078847,804683775,1073340415,1071349695,1073733631,1073740799,1073741823,1073741823,1073741823:g8
1073741823,1073741823,1073741823,1073741823,1073740799,1073733631,1072078847,804683775,1073340415,1071349759,1073733631,1073740799,1073741823,1073725439,1073741823:g8
1073741823,1073741823,1073741823,1073741823,1073740799,1073733631,1072078847,804683775,1073340415,1071349759,1073733631,1073740799,1073741823,1073740799,1073741823:g8
1073741823,1073741823,1073741823,1073741823,1073740799,1073733631,1072078847,804683775,1073340415,1071349759,1073733631,1073740799,1073740799,1073741823,1073741823:g8
1073741823,1073741823,1073741823,1073741823,1073740799,1073733631,1072078847,804683775,1073340415,1071349759,1073733631,1073740799,1073741567,1073741823,1073741823:g8
1073741823,1073741823,1073741823,1073741823,1073740799,1073733631,1072078847,804683775,1073340415,1071349759,1073732607,1073740799,1073741823,1073741823,1073741823:g8
1073741823,1073741823,1073741823,1073741823,1073740799,1073733631,1072078847,804683775,1073340415,1071349759,1073733631,1073740799,1073676287,1073741823,1073741823:g8
1073741823,1073741823,1073741823,1073741823,1073740799,1073733631,1072078847,804683775,1073340415,1071349759,1073733631,1073740799,1073737727,1073741823,1073741823:g8
1073741823,1073741823,1073741823,1073741823,1073740799,1073733631,1072078847,804683775,1073340415,1071349759,1073733631,1073736703,1073741823,1073741823,1073741823:g8
1073741823,1073741823,1073741823,1073741823,1073740799,1073733631,1072078847,804683775,1073340415,1071349759,1069539327,1073740799,1073741823,1073741823,1073741823:g8
1073741823,1073741823,1073741823,1073741823,1069546495,1073733631,1072078847,804683775,1073340415,1071349759,1073733631,1073740799,1073741823,1073741823,1073741823:g8
1073741823,1073741823,1073741823,1073741823,1073740799,1073733631,1072078847,804683775,1069146111,1071349759,1073733631,1073740799,1073741823,1073741823,1073741823:g8
1073741823,1073741823,1073741823,1073741823,1073740799,1073733631,1072077823,804683775,1073340415,1071349759,1073733631,1073740799,1073741823,1073741823,1073741823:g8
1073741823,1073741823,1073741823,1073741823,1073724415,1073733631,1072078847,804683775,1073340415,1071349759,1073733631,1073740799,1073741823,1073741823,1073741823:g8
1073741823,1073741823,1073741823,1073741823,1073478655,1073733631,1072078847,804683775,1073340415,1071349759,1073733631,1073740799,1073741823,1073741823,1073741823:g8
1073741823,1073741823,1073741823,1073741823,1073740799,1073733631,1072078847,804683775,1073340415,1071349759,1073733375,1073740799,1073741823,1073741823,1073741823:g8
1073741823,1073741823,1073741823,1073741823,1073740799,1073733631,1072078847,804683775,1073340159,1071349759,1073733631,1073740799,1073741823,1073741823,1073741823:g8
1073741823,1073741823,1073741823,1073741823,1073740799,1073733631,1072078847,804683775,1073339391,1071349759,1073733631,1073740799,1073741823,1073741823,1073741823:g8
1073741823,1073741823,1073741823,1073741823,1073740799,1073733631,1072078591,804683775,1073340415,1071349759,1073733631,1073740799,1073741823,1073741823,1073741823:g8
1073741823,1073741823,1073741823,1073741823,1056963583,1073733631,1072078847,804683775,1073340415,1071349759,1073733631,1073740799,1073741823,1073741823,1073741823:g8
1073741823,1073741823,1073741823,1073741823,1073740799,1073733631,1055301631,804683775,1073340415,1071349759,1073733631,1073740799,1073741823,1073741823,1073741823:g8
1073741823,1073741823,1073741823,1073741823,1073740799,1073733631,1067884543,804683775,1073340415,1071349759,1073733631,1073740799,1073741823,1073741823,1073741823:g8
1073741823,1073741823,1073741823,1073741823,1073740799,1073733631,1072078847,804683775,1056563199,1071349759,1073733631,1073740799,1073741823,1073741823,1073741823:g8
1073741823,1073741823,1073741823,1073741823,1073740799,1073733631,1072078847,804683775,1073340415,1071349759,1073717247,1073740799,1073741823,1073741823,1073741823:g8
1073741823,1073741823,1073741823,1073741823,1073740799,1073733631,1072078847,804683775,1073340415,1071349759,1073733631,1073724415,1073741823,1073741823,1073741823:g8
1073741823,1073741823,1073741823,1073741823,1073740799,1073733631,1072078847,804683775,1073340415,1071349759,1073733631,1069546495,1073741823,1073741823,1073741823:g8
1073741823,1073741823,1073741823,1073741823,1073740799,1073733631,1072078847,804683775,1073340415,1071349759,1073733631,1073478655,1073741823,1073741823,1073741823:g8
1073741823,1073741823,1073741823,1073741823,1073740799,1073733631,1072078847,804683775,1073340415,1071349759,1073471487,1073740799,1073741823,1073741823,1073741823:g8
1073741823,1073741823,1073741823,1073741823,1073740799,1073733631,1072078847,804683775,1073340415,1071349759,1072685055,1073740799,1073741823,1073741823,1073741823:g8
1073741823,1073741823,1073741823,1073741823,1073740799,1073733631,1072078847,804683775,1073340415,1071349759,1073668095,1073740799,1073741823,1073741823,1073741823:g8
1073741823,1073741823,1073741823,1073741823,1073740799,1073733631,1072078847,804683775,1073340415,1071345663,1073733631,1073740799,1073741823,1073741823,1073741823:g5
1073741823,1073741823,1073741823,1073741823,1073740799,1072685055,1072078847,804683775,1073340415,1071349759,1073733631,1073740799,1073741823,1073741823,1073741823:g8
1073741823,1073741823,1073741823,1073741823,1073740799,1073733631,1072078847,804683775,1073340415,1071284223,1073733631,1073740799,1073741823,1073741823,1073741823:g8
1073741823,1073741823,1073741823,1073741823,1073740799,1069539327,1072078847,804683775,1073340415,1071349759,1073733631,1073740799,1073741823,1073741823,1073741823:g8
1073741823,1073741823,1073741823,1073741823,1073740799,1073733631,1072078847,800489471,1073340415,1071349759,1073733631,1073740799,1073741823,1073741823,1073741823:g8
1073741823,1073741823,1073741823,1073741823,1073740799,1073733631,1072078847,803635199,1073340415,1071349759,1073733631,1073740799,1073741823,1073741823,1073741823:g8
1073741823,1073741823,1073741823,1073741823,1073740799,1073733631,1072078847,804683775,1073340415,1067155455,1073733631,1073740799,1073741823,1073741823,1073741823:g8
1073741823,1073741823,1073741823,1073741823,1073736703,1073733631,1072078847,804683775,1073340415,1071349759,1073733631,1073740799,1073741823,1073741823,1073741823:f8
1073741823,1073741823,1073741823,1073741823,1073675263,1073733631,1072078847,804683775,1073340415,1071349759,1073733631,1073740799,1073741823,1073741823,1073741823:g8
1073741823,1073741823,1073741823,1073741823,1073740799,1073668095,1072078847,804683775,1073340415,1071349759,1073733631,1073740799,1073741823,1073741823,1073741823:g8
1073741823,1073741823,1073741823,1073741823,1072692223,1073733631,1072078847,804683775,1073340415,1071349759,1073733631,1073740799,1073741823,1073741823,1073741823:g8
1073741823,1073741823,1073741823,1073741823,1073740799,1073733631,1072078847,804683775,1072291839,1071349759,1073733631,1073740799,1073741823,1073741823,1073741823:g8
1073741823,1073741823,1073741823,1073741823,1073740799,1073733631,1072078847,804683775,1073340415,1071348735,1073733631,1073740799,1073741823,1073741823,1073741823:g8
1073741823,1073741823,1073741823,1073741823,1073740799,1073733631,1072078847,804682751,1073340415,1071349759,1073733631,1073740799,1073741823,1073741823,1073741823:g8
1073741823,1073741823,1073741823,1073741823,1073740799,1073733631,1072078847,804679679,1073340415,1071349759,1073733631,1073740799,1073741823,1073741823,1073741823:f8
1073741823,1073741823,1073741823,1073741823,1073740799,1073732607,1072078847,804683775,1073340415,1071349759,1073733631,1073740799,1073741823,1073741823,1073741823:g8
1073741823,1073741823,1073741823,1073741823,1073740799,1073717247,1072078847,804683775,1073340415,1071349759,1073733631,1073740799,1073741823,1073741823,1073741823:g8
1073741823,1073741823,1073741823,1073741823,1073740799,1073471487,1072078847,804683775,1073340415,1071349759,1073733631,1073740799,1073741823,1073741823,1073741823:g8
1073741823,1073741823,1073741823,1073741823,1073740799,1073733631,1072078847,804683775,1073324031,1071349759,1073733631,1073740799,1073741823,1073741823,1073741823:g8
