1073741823,1073741823,1073741823,1073741823,1073741823,805240831,1073676287,1073184767,1073610751,1073741823,1073741823,1073741823,1073741823,1073741823,1073741823:h10
1073741823,1073741823,1073741823,1073741823,1073741823,805240831,1073676287,1073184767,1073610751,1073709055,1073741823,1073740799,1073741823,1073741823,1073741823:h9
1073741823,1073741823,1073741823,1073741823,1073741823,805240831,1073676287,1073184767,1073610751,1073704959,1073741823,1073741823,1073741823,1073741823,1073741823:h9
1073741823,1073741823,1073741823,1073741823,1073741823,805240831,1073676287,1073184767,1073610751,1073709055,1073741823,1073479679,1073741823,1073741823,1073741823:h9
1073741823,1073741823,1073741823,1073741823,1073741823,805240831,1073676287,1073184767,1073610751,1073709055,1073741823,1073725439,1073741823,1073741823,1073741823:h9
1073741823,1073741823,1073741823,1073741823,1073741823,805240831,1073676287,1073184767,1073610751,1073709055,1073725439,1073741823,1073741823,1073741823,1073741823:k7
1073741823,1073741823,1073741823,1073741823,1073741823,805240831,1073676287,1056407551,1073610751,1073709055,1073741823,1073741823,1073741823,1073741823,1073741823:h9
1073741823,1073741823,1073741823,1073741823,1073741823,805240831,1006567423,1073184767,1073610751,1073709055,1073741823,1073741823,1073741823,1073741823,1073741823:h9
1073741823,1073741823,1073741823,1073741823,1073741823,788463615,1073676287,1073184767,1073610751,1073709055,1073741823,1073741823,1073741823,1073741823,1073741823:h9
1073741823,1073741823,1073741823,1073741823,1073741823,738131967,1073676287,1073184767,1073610751,1073709055,1073741823,1073741823,1073741823,1073741823,1073741823:h9
1073741823,1073741823,1073741823,1056964607,1073741823,805240831,1073676287,1073184767,1073610751,1073709055,1073741823,1073741823,1073741823,1073741823,1073741823:h9
1073741823,1073741823,1073741823,1073741823,1006632959,805240831,1073676287,1073184767,1073610751,1073709055,1073741823,1073741823,1073741823,1073741823,1073741823:h9
1073741823,1073741823,1073741823,805306367,1073741823,805240831,1073676287,1073184767,1073610751,1073709055,1073741823,1073741823,1073741823,1073741823,1073741823:h9
1073741823,1073741823,1073741823,1073741823,805306367,805240831,1073676287,1073184767,1073610751,1073709055,1073741823,1073741823,1073741823,1073741823,1073741823:h9
1073741823,1073741823,1073741823,1073741823,1073741823,805240831,1073676287,804749311,1073610751,1073709055,1073741823,1073741823,1073741823,1073741823,1073741823:h9
1073741823,1073741823,1073741823,1073741823,1073741823,805240831,805240831,1073184767,1073610751,1073709055,1073741823,1073741823,1073741823,1073741823,1073741823:h9
1073741823,1073741823,1073741823,1073741823,1073741823,805240831,1073676287,1073184767,1073610751,1073709055,1073737727,1073741823,1073741823,1073741823,1073741823:h9
1073741823,1073741823,1073741823,1073741823,1073741823,805240831,1073676287,1073184767,1073610751,1073709055,1072693247,1073741823,1073741823,1073741823,1073741823:h9
1073741823,1073741823,1073741823,1073741823,1073741823,805240831,1073676287,1073184767,1073610751,1073709055,1073676287,1073741823,1073741823,1073741823,1073741823:h9
1073741823,1073741823,1073741823,1073741823,1073741823,805240831,1073676287,1073184767,1073610751,1073643519,1073741823,1073741823,1073741823,1073741823,1073741823:h9
1073741823,1073741823,1073741823,1073741823,1073741823,805236735,1073676287,1073184767,1073610751,1073709055,1073741823,1073741823,1073741823,1073741823,1073741823:h9
1073741823,1073741823,1073741823,1073737727,1073741823,805240831,1073676287,1073184767,1073610751,1073709055,1073741823,1073741823,1073741823,1073741823,1073741823:h9
1073741823,1073741823,1073741823,1073741823,1073725439,805240831,1073676287,1073184767,1073610751,1073709055,1073741823,1073741823,1073741823,1073741823,1073741823:h9
1073741823,1073741823,1073741823,1073676287,1073741823,805240831,1073676287,1073184767,1073610751,1073709055,1073741823,1073741823,1073741823,1073741823,1073741823:k7
1073741823,1073741823,1073741823,1072693247,1073741823,805240831,1073676287,1073184767,1073610751,1073709055,1073741823,1073741823,1073741823,1073741823,1073741823:k7
1073741823,1073741823,1073741823,1073741823,1073479679,805240831,1073676287,1073184767,1073610751,1073709055,1073741823,1073741823,1073741823,1073741823,1073741823:k7
1073741823,1073741823,1073741823,1073741823,1073741823,804192255,1073676287,1073184767,1073610751,1073709055,1073741823,1073741823,1073741823,1073741823,1073741823:h9
1073741823,1073741823,1073741823,1073741823,1073741823,801046527,1073676287,1073184767,1073610751,1073709055,1073741823,1073741823,1073741823,1073741823,1073741823:h9
1073741823,1073741823,1073741823,1073741823,1073741823,805240831,1073676287,1068990463,1073610751,1073709055,1073741823,1073741823,1073741823,1073741823,1073741823:h9
1073741823,1073741823,1073741823,1073741823,1073741823,805240831,1073676287,1072136191,1073610751,1073709055,1073741823,1073741823,1073741823,1073741823,1073741823:h9
1073741823,1073741823,1073741823,1073741823,1073741823,805240831,1073676287,1073184767,1073610751,1069514751,1073741823,1073741823,1073741823,1073741823,1073741823:h9
1073741823,1073741823,1073741823,1073741823,1073741823,805240831,1073676287,1073184767,1073348607,1073709055,1073741823,1073741823,1073741823,1073741823,1073741823:k7
1073741823,1073741823,1073741823,1073741823,1073737727,805240831,1073676287,1073184767,1073610751,1073709055,1073741823,1073741823,1073741823,1073741823,1073741823:h9
1073741823,1073741823,1073741823,1073741823,1073676287,805240831,1073676287,1073184767,1073610751,1073709055,1073741823,1073741823,1073741823,1073741823,1073741823:k7
1073741823,1073741823,1073741823,1073741823,1072693247,805240831,1073676287,1073184767,1073610751,1073709055,1073741823,1073741823,1073741823,1073741823,1073741823:h9
1073741823,1073741823,1073741823,1073741823,1073741823,805240831,1072627711,1073184767,1073610751,1073709055,1073741823,1073741823,1073741823,1073741823,1073741823:i8
1073741823,1073741823,1073741823,1073741823,1073741823,805240831,1072627711,1073053695,1073610751,1072660479,1073741823,1073741823,1073741823,1073741823,1073741823:g8
1073741823,1073741823,1073741823,1073741823,1056964607,805240831,1072627711,1073053695,1073610751,1073709055,1073741823,1073741823,1073741823,1073741823,1073741823:g8
1073741823,1073741823,1073741823,1073741823,1073741823,805240831,1055850495,1073053695,1073610751,1073709055,1073741823,1073741823,1073741823,1073741823,1073741823:g8
1073741823,1073741823,1073741823,1073741823,1073741823,805240831,1068433407,1073053695,1073610751,1073709055,1073741823,1073741823,1073741823,1073741823,1073741823:g8
1073741823,1073741823,1073741823,1073741823,1073741823,805240831,1072627711,1073053695,1056833535,1073709055,1073741823,1073741823,1073741823,1073741823,1073741823:g8
1073741823,1073741823,1073741823,1073741823,1073741823,805240831,1072627711,1073053695,1073610751,1073709055,1073741823,1073740799,1073741823,1073741823,1073741823:g8
1073741823,1073741823,1073741823,1073741823,1073741823,805240831,1072627711,1073053695,1073610751,1073704959,1073741823,1073741823,1073741823,1073741823,1073741823:g8
1073741823,1073741823,1073741823,1073741823,1073741823,805240831,1072627711,1073053695,1073610751,1073709055,1073741823,1073479679,1073741823,1073741823,1073741823:g8
1073741823,1073741823,1073741823,1073741823,1073741823,805240831,1072627711,1073053695,1073610751,1073709055,1073741823,1073725439,1073741823,1073741823,1073741823:g8
1073741823,1073741823,1073741823,1073741823,1073741823,805240831,1072627711,1073053695,1073610751,1073709055,1073725439,1073741823,1073741823,1073741823,1073741823:g8
1073741823,1073741823,1073741823,1073741823,1073741823,805240831,1072627711,1056276479,1073610751,1073709055,1073741823,1073741823,1073741823,1073741823,1073741823:g8
1073741823,1073741823,1073741823,1073741823,1073741823,805240831,1005518847,1073053695,1073610751,1073709055,1073741823,1073741823,1073741823,1073741823,1073741823:g8
1073741823,1073741823,1073741823,1073741823,1073741823,788463615,1072627711,1073053695,1073610751,1073709055,1073741823,1073741823,1073741823,1073741823,1073741823:g8
1073741823,1073741823,1073741823,1073741823,1073741823,738131967,1072627711,1073053695,1073610751,1073709055,1073741823,1073741823,1073741823,1073741823,1073741823:g8
1073741823,1073741823,1073741823,1056964607,1073741823,805240831,1072627711,1073053695,1073610751,1073709055,1073741823,1073741823,1073741823,1073741823,1073741823:g8
1073741823,1073741823,1073741823,1073741823,1006632959,805240831,1072627711,1073053695,1073610751,1073709055,1073741823,1073741823,1073741823,1073741823,1073741823:g8
1073741823,1073741823,1073741823,805306367,1073741823,805240831,1072627711,1073053695,1073610751,1073709055,1073741823,1073741823,1073741823,1073741823,1073741823:g8
1073741823,1073741823,1073741823,1073741823,805306367,805240831,1072627711,1073053695,1073610751,1073709055,1073741823,1073741823,1073741823,1073741823,1073741823:g8
1073741823,1073741823,1073741823,1073741823,1073741823,805240831,1072627711,804618239,1073610751,1073709055,1073741823,1073741823,1073741823,1073741823,1073741823:g8
1073741823,1073741823,1073741823,1073741823,1073741823,805240831,804192255,1073053695,1073610751,1073709055,1073741823,1073741823,1073741823,1073741823,1073741823:g8
1073741823,1073741823,1073741823,1073741823,1073741823,805240831,1072627711,1073053695,1073610751,1073709055,1073737727,1073741823,1073741823,1073741823,1073741823:g8
1073741823,1073741823,1073741823,1073741823,1073741823,805240831,1072627711,1073053695,1073610751,1073709055,1072693247,1073741823,1073741823,1073741823,1073741823:g8
1073741823,1073741823,1073741823,1073741823,1073741823,805240831,1072627711,1073053695,1073610751,1073709055,1073676287,1073741823,1073741823,1073741823,1073741823:g8
1073741823,1073741823,1073741823,1073741823,1073741823,805240831,1072627711,1073053695,1073610751,1073643519,1073741823,1073741823,1073741823,1073741823,1073741823:g8
1073741823,1073741823,1073741823,1073741823,1073741823,805236735,1072627711,1073053695,1073610751,1073709055,1073741823,1073741823,1073741823,1073741823,1073741823:g8
1073741823,1073741823,1073741823,1073737727,1073741823,805240831,1072627711,1073053695,1073610751,1073709055,1073741823,1073741823,1073741823,1073741823,1073741823:g8
1073741823,1073741823,1073741823,1073741823,1073725439,805240831,1072627711,1073053695,1073610751,1073709055,1073741823,1073741823,1073741823,1073741823,1073741823:g8
1073741823,1073741823,1073741823,1073676287,1073741823,805240831,1072627711,1073053695,1073610751,1073709055,1073741823,1073741823,1073741823,1073741823,1073741823:g8
1073741823,1073741823,1073741823,1072693247,1073741823,805240831,1072627711,1073053695,1073610751,1073709055,1073741823,1073741823,1073741823,1073741823,1073741823:g8
1073741823,1073741823,1073741823,1073741823,1073479679,805240831,1072627711,1073053695,1073610751,1073709055,1073741823,1073741823,1073741823,1073741823,1073741823:g8
1073741823,1073741823,1073741823,1073741823,1073741823,804192255,1072627711,1073053695,1073610751,1073709055,1073741823,1073741823,1073741823,1073741823,1073741823:g8
1073741823,1073741823,1073741823,1073741823,1073741823,801046527,1072627711,1073053695,1073610751,1073709055,1073741823,1073741823,1073741823,1073741823,1073741823:g8
1073741823,1073741823,1073741823,1073741823,1073741823,805240831,1072627711,1068859391,1073610751,1073709055,1073741823,1073741823,1073741823,1073741823,1073741823:g8
1073741823,1073741823,1073741823,1073741823,1073741823,805240831,1072627711,1072005119,1073610751,1073709055,1073741823,1073741823,1073741823,1073741823,1073741823:f8
1073741823,1073741823,1073741823,1073741823,1073741823,805240831,1072627711,1073053695,1073610751,1069514751,1073741823,1073741823,1073741823,1073741823,1073741823:g8
1073741823,1073741823,1073741823,1073741823,1073741823,805240831,1072627711,1073053695,1073348607,1073709055,1073741823,1073741823,1073741823,1073741823,1073741823:g8
1073741823,1073741823,1073741823,1073741823,1073737727,805240831,1072627711,1073053695,1073610751,1073709055,1073741823,1073741823,1073741823,1073741823,1073741823:g8
1073741823,1073741823,1073741823,1073741823,1073676287,805240831,1072627711,1073053695,1073610751,1073709055,1073741823,1073741823,1073741823,1073741823,1073741823:g8
1073741823,1073741823,1073741823,1073741823,1072693247,805240831,1072627711,1073053695,1073610751,1073709055,1073741823,1073741823,1073741823,1073741823,1073741823:g8
1073741823,1073741823,1073741823,1073741823,1073741823,805240831,1072365567,1073053695,1073610751,1073709055,1073741823,1073741823,1073741823,1073741823,1073741823:g8
1073741823,1073741823,1073741823,1073741823,1073741823,805240831,1072627711,1073053695,1072562175,1073709055,1073741823,1073741823,1073741823,1073741823,1073741823:g8
1073741823,1073741823,1073741823,1073741823,1073741823,805240831,1072627711,1073053695,1073610751,1073708031,1073741823,1073741823,1073741823,1073741823,1073741823:g8
1073741823,1073741823,1073741823,1073741823,1073741823,805240831,1072627711,1073053695,1073606655,1073709055,1073741823,1073741823,1073741823,1073741823,1073741823:g8
1073741823,1073741823,1073741823,1073741823,1073741823,805240831,1072627711,1073052671,1073610751,1073709055,1073741823,1073741823,1073741823,1073741823,1073741823:k8
1073741823,1073741823,1073741823,1073741823,1073741823,805240831,1072627711,1073049599,1073610751,1073709055,1073741823,1073741823,1073741823,1073741823,1073741823:j10
1073741823,1073741823,1073741823,1073741823,1073741823,805239807,1072627711,1073053695,1073610751,1073709055,1073741823,1073741823,1073741823,1073741823,1073741823:g8
1073741823,1073741823,1073741823,1073741823,1073741823,805240831,1072623615,1073053695,1073610751,1073709055,1073741823,1073741823,1073741823,1073741823,1073741823:g8
1073741823,1073741823,1073741823,1073741823,1073741823,805224447,1072627711,1073053695,1073610751,1073709055,1073741823,1073741823,1073741823,1073741823,1073741823:g8
1073741823,1073741823,1073741823,1073741823,1073741823,805240831,1072611327,1073053695,1073610751,1073709055,1073741823,1073741823,1073741823,1073741823,1073741823:g8
1073741823,1073741823,1073741823,1073741823,1073741823,804978687,1072627711,1073053695,1073610751,1073709055,1073741823,1073741823,1073741823,1073741823,1073741823:g8
1073741823,1073741823,1073741823,1073741823,1073741823,805240831,1072627711,1073053695,1073610751,1073446911,1073741823,1073741823,1073741823,1073741823,1073741823:g8
1073741823,1073741823,1073741823,1073741823,1073741823,805240831,1072627711,1073053695,1073594367,1073709055,1073741823,1073741823,1073741823,1073741823,1073741823:g8
1073741823,1073741823,1073741823,1073741823,1073741823,805240831,1073414143,1073184767,1073610751,1073709055,1073741823,1073741823,1073741823,1073741823,1073741823:k7
1073741823,1073741823,1073741823,1073741823,1073741823,805240831,1073676287,1073184767,1072562175,1073709055,1073741823,1073741823,1073741823,1073741823,1073741823:k7
1073741823,1073741823,1073741823,1073741823,1073741823,805240831,1073676287,1073184767,1073610751,1073708031,1073741823,1073741823,1073741823,1073741823,1073741823:h9
1073741823,1073741823,1073741823,1073741823,1073741823,805240831,1073676287,1073184767,1073606655,1073709055,1073741823,1073741823,1073741823,1073741823,1073741823:k7
1073741823,1073741823,1073741823,1073741823,1073741823,805240831,1073676287,1073183743,1073610751,1073709055,1073741823,1073741823,1073741823,1073741823,1073741823:h9
1073741823,1073741823,1073741823,1073741823,1073741823,805240831,1073676287,1073180671,1073610751,1073709055,1073741823,1073741823,1073741823,1073741823,1073741823:k7
1073741823,1073741823,1073741823,1073741823,1073741823,805239807,1073676287,1073184767,1073610751,1073709055,1073741823,1073741823,1073741823,1073741823,1073741823:h9
1073741823,1073741823,1073741823,1073741823,1073741823,805240831,1073672191,1073184767,1073610751,1073709055,1073741823,1073741823,1073741823,1073741823,1073741823:k7
1073741823,1073741823,1073741823,1073741823,1073741823,805224447,1073676287,1073184767,1073610751,1073709055,1073741823,1073741823,1073741823,1073741823,1073741823:h9
1073741823,1073741823,1073741823,1073741823,1073741823,805240831,1073659903,1073184767,1073610751,1073709055,1073741823,1073741823,1073741823,1073741823,1073741823:k7
1073741823,1073741823,1073741823,1073741823,1073741823,804978687,1073676287,1073184767,1073610751,1073709055,1073741823,1073741823,1073741823,1073741823,1073741823:h9
1073741823,1073741823,1073741823,1073741823,1073741823,805240831,1073676287,1073119231,1073610751,1073709055,1073741823,1073741823,1073741823,1073741823,1073741823:h9
1073741823,1073741823,1073741823,1073741823,1073741823,805240831,1073676287,1073184767,1073610751,1073446911,1073741823,1073741823,1073741823,1073741823,1073741823:k7
1073741823,1073741823,1073741823,1073741823,1073741823,805240831,1073676287,1073184767,1073594367,1073709055,1073741823,1073741823,1073741823,1073741823,1073741823:k7
