1073741823,1073741823,1073741823,1073741823,1073741823,1073741567,1072627711,1072136191,1073577983,1073741823,1073741823,1073741823,1073741823,1073741823,1073741823:j10
1073741823,1073741823,1073741823,1073741823,1073741823,1073741567,1072627711,1072136191,1073577983,1073217535,1073741823,1073725439,1073741823,1073741823,1073741823:g7
1073741823,1073741823,1073741823,1073741823,1073741823,1073741567,1072627711,1072136191,1073577983,1073217535,1073741823,1069547519,1073741823,1073741823,1073741823:g7
1073741823,1073741823,1073741823,1073741823,1073741823,1073741567,1072627711,1072136191,1073577983,1073217535,1073741823,1073479679,1073741823,1073741823,1073741823:g7
1073741823,1073741823,1073741823,1073741823,1073741823,1073741567,1072627711,1072136175,1073577983,1073217535,1073741823,1073741823,1073741823,1073741823,1073741823:g7
1073741823,1073741823,1073741823,1073741823,1073741823,1073741567,1072627647,1072136191,1073577983,1073217535,1073741823,1073741823,1073741823,1073741823,1073741823:g7
1073741823,1073741823,1073741823,1073741823,1073741823,1073741551,1072627711,1072136191,1073577983,1073217535,1073741823,1073741823,1073741823,1073741823,1073741823:g7
1073741823,1073741823,1073741823,1073741823,1073741823,1073741503,1072627711,1072136191,1073577983,1073217535,1073741823,1073741823,1073741823,1073741823,1073741823:g7
1073741823,1073741823,1073741823,1073741807,1073741823,1073741567,1072627711,1072136191,1073577983,1073217535,1073741823,1073741823,1073741823,1073741823,1073741823:g7
1073741823,1073741823,1073741823,1073741823,1073741759,1073741567,1072627711,1072136191,1073577983,1073217535,1073741823,1073741823,1073741823,1073741823,1073741823:g7
1073741823,1073741823,1073741823,1073741567,1073741823,1073741567,1072627711,1072136191,1073577983,1073217535,1073741823,1073741823,1073741823,1073741823,1073741823:g7
1073741823,1073741823,1073741823,1073741823,1073741567,1073741567,1072627711,1072136191,1073577983,1073217535,1073741823,1073741823,1073741823,1073741823,1073741823:g7
1073741823,1073741823,1073741823,1073737727,1073741823,1073741567,1072627711,1072136191,1073577983,1073217535,1073741823,1073741823,1073741823,1073741823,1073741823:g7
1073741823,1073741823,1073741823,1073741823,1073740799,1073741567,1072627711,1072136191,1073577983,1073217535,1073741823,1073741823,1073741823,1073741823,1073741823:g7
1073741823,1073741823,1073741823,1073741823,1073741823,1073737471,1072627711,1072136191,1073577983,1073217535,1073741823,1073741823,1073741823,1073741823,1073741823:g7
1073741823,1073741823,1073741823,1073741823,1073741823,1073741567,1072627711,1072135935,1073577983,1073217535,1073741823,1073741823,1073741823,1073741823,1073741823:g7
1073741823,1073741823,1073741823,1073741823,1073741823,1073741567,1072627455,1072136191,1073577983,1073217535,1073741823,1073741823,1073741823,1073741823,1073741823:g7
1073741823,1073741823,1073741823,1073741823,1073741823,1073741567,1072627711,1072136191,1073577983,1073217535,1073740799,1073741823,1073741823,1073741823,1073741823:g7
1073741823,1073741823,1073741823,1073741823,1073741823,1073741567,1072627711,1072136191,1073577983,1073213439,1073741823,1073741823,1073741823,1073741823,1073741823:g7
1073741823,1073741823,1073741823,1073741823,1073741823,1073741567,1072627711,1072136191,1073576959,1073217535,1073741823,1073741823,1073741823,1073741823,1073741823:g7
1073741823,1073741823,1073741823,1073741823,1073741823,1073741567,1072626687,1072136191,1073577983,1073217535,1073741823,1073741823,1073741823,1073741823,1073741823:g7
1073741823,1073741823,1073741823,1073741823,1073741823,1073741567,1072627711,1072136191,1073577983,1073217535,1073479679,1073741823,1073741823,1073741823,1073741823:g7
1073741823,1073741823,1073741823,1073741823,1073741823,1073741567,1072627711,1072136191,1073577983,1073217535,1073725439,1073741823,1073741823,1073741823,1073741823:g7
1073741823,1073741823,1073741823,1073741823,1056964607,1073741567,1072627711,1072136191,1073577983,1073217535,1073741823,1073741823,1073741823,1073741823,1073741823:g7
1073741823,1073741823,1073741823,1073741823,1073741823,1073741567,1055850495,1072136191,1073577983,1073217535,1073741823,1073741823,1073741823,1073741823,1073741823:g7
1073741823,1073741823,1073741823,1073741823,1073741823,1073741567,1072627711,1072136191,1056800767,1073217535,1073741823,1073741823,1073741823,1073741823,1073741823:g7
1073741823,1073741823,1073741823,1073741823,1073741823,1073741567,1072627711,1072136191,1073577983,1073217535,1073737727,1073741823,1073741823,1073741823,1073741823:g7
1073741823,1073741823,1073741823,1073741823,1073741823,1073741567,1072627711,1072136191,1073577983,1073217535,1072693247,1073741823,1073741823,1073741823,1073741823:k9
1073741823,1073741823,1073741823,1073741823,1073741823,1073741567,1072627711,1072136191,1073577983,1073217535,1073676287,1073741823,1073741823,1073741823,1073741823:g7
1073741823,1073741823,1073741823,1073741823,1073741823,1073741567,1072627711,1072136191,1073577983,1073151999,1073741823,1073741823,1073741823,1073741823,1073741823:g7
1073741823,1073741823,1073741823,1073741823,1073741823,1072692991,1072627711,1072136191,1073577983,1073217535,1073741823,1073741823,1073741823,1073741823,1073741823:g7
1073741823,1073741823,1073741823,1073741823,1073741823,1056964351,1072627711,1072136191,1073577983,1073217535,1073741823,1073741823,1073741823,1073741823,1073741823:g7
1073741823,1073741823,1073741823,1073741823,1073741823,1073741567,1068433407,1072136191,1073577983,1073217535,1073741823,1073741823,1073741823,1073741823,1073741823:g7
1073741823,1073741823,1073741823,1073741823,1073741823,1073741567,1072627711,1055358975,1073577983,1073217535,1073741823,1073741823,1073741823,1073741823,1073741823:g7
1073741823,1073741823,1073741823,1073741823,1073741823,1073741567,1072627711,1072136191,1073577983,1056440319,1073741823,1073741823,1073741823,1073741823,1073741823:g7
1073741823,1073741823,1073741823,1073741823,1073741823,1073741567,1072627711,1072136191,1069383679,1073217535,1073741823,1073741823,1073741823,1073741823,1073741823:g7
1073741823,1073741823,1073741823,1073741823,1073741823,1073741567,1072627711,1072136191,1073577983,1072168959,1073741823,1073741823,1073741823,1073741823,1073741823:g7
1073741823,1073741823,1073741823,1073741823,1073741823,1069547263,1072627711,1072136191,1073577983,1073217535,1073741823,1073741823,1073741823,1073741823,1073741823:g7
1073741823,1073741823,1073741823,1073741823,1073741823,1073741567,1072627711,1067941887,1073577983,1073217535,1073741823,1073741823,1073741823,1073741823,1073741823:g7
1073741823,1073741823,1073741823,1073741823,1073741823,1073741567,1072627711,1072136191,1073577983,1069023231,1073741823,1073741823,1073741823,1073741823,1073741823:g7
1073741823,1073741823,1073741823,1073741823,1073741823,1073741567,1072627711,1072136191,1073315839,1073217535,1073741823,1073741823,1073741823,1073741823,1073741823:g7
1073741823,1073741823,1073741823,1073741823,1073737727,1073741567,1072627711,1072136191,1073577983,1073217535,1073741823,1073741823,1073741823,1073741823,1073741823:g7
1073741823,1073741823,1073741823,1073741823,1073676287,1073741567,1072627711,1072136191,1073577983,1073217535,1073741823,1073741823,1073741823,1073741823,1073741823:g7
1073741823,1073741823,1073741823,1073741823,1073741823,1073676031,1072627711,1072136191,1073577983,1073217535,1073741823,1073741823,1073741823,1073741823,1073741823:g7
1073741823,1073741823,1073741823,1073741823,1072693247,1073741567,1072627711,1072136191,1073577983,1073217535,1073741823,1073741823,1073741823,1073741823,1073741823:g7
1073741823,1073741823,1073741823,1073741823,1073741823,1073741567,1072365567,1072136191,1073577983,1073217535,1073741823,1073741823,1073741823,1073741823,1073741823:g7
1073741823,1073741823,1073741823,1073741823,1073741823,1073741567,1072627711,1072136191,1072529407,1073217535,1073741823,1073741823,1073741823,1073741823,1073741823:g7
1073741823,1073741823,1073741823,1073741823,1073741823,1073741567,1072627711,1072136191,1073577983,1073216511,1073741823,1073741823,1073741823,1073741823,1073741823:g7
1073741823,1073741823,1073741823,1073741823,1073741823,1073741567,1072627711,1072136191,1073573887,1073217535,1073741823,1073741823,1073741823,1073741823,1073741823:g7
1073741823,1073741823,1073741823,1073741823,1073741823,1073741567,1072627711,1072135167,1073577983,1073217535,1073741823,1073741823,1073741823,1073741823,1073741823:g7
1073741823,1073741823,1073741823,1073741823,1073741823,1073741567,1072627711,1072132095,1073577983,1073217535,1073741823,1073741823,1073741823,1073741823,1073741823:g7
1073741823,1073741823,1073741823,1073741823,1073741823,1073740543,1072627711,1072136191,1073577983,1073217535,1073741823,1073741823,1073741823,1073741823,1073741823:k11
1073741823,1073741823,1073741823,1073741823,1073741823,1073741567,1072623615,1072136191,1073577983,1073217535,1073741823,1073741823,1073741823,1073741823,1073741823:j9
1073741823,1073741823,1073741823,1073741823,1073741823,1073741567,1072623615,1072136191,1073053695,1073217535,1069547519,1073741823,1073741823,1073741823,1073741823:h7
1073741823,1073741823,1073741823,1073741823,1073741823,1073741567,1072623615,1072136191,1073053439,1073217535,1073741823,1073741823,1073741823,1073741823,1073741823:j7
1073741823,1073741823,1073741823,1073741823,1073741823,1073741567,1072623615,1072136191,1073053695,1073217535,1073741823,1073725439,1073741823,1073741823,1073741823:h7
1073741823,1073741823,1073741823,1073741823,1073741823,1073741567,1072623615,1072136191,1073053695,1073217535,1073741823,1069547519,1073741823,1073741823,1073741823:h7
1073741823,1073741823,1073741823,1073741823,1073741823,1073741567,1072623615,1072136191,1073053695,1073217535,1073741823,1073479679,1073741823,1073741823,1073741823:h7
1073741823,1073741823,1073741823,1073741823,1073741823,1073741567,1072623615,1072136175,1073053695,1073217535,1073741823,1073741823,1073741823,1073741823,1073741823:h7
1073741823,1073741823,1073741823,1073741823,1073741823,1073741567,1072623551,1072136191,1073053695,1073217535,1073741823,1073741823,1073741823,1073741823,1073741823:h7
1073741823,1073741823,1073741823,1073741823,1073741823,1073741551,1072623615,1072136191,1073053695,1073217535,1073741823,1073741823,1073741823,1073741823,1073741823:h7
1073741823,1073741823,1073741823,1073741823,1073741823,1073741503,1072623615,1072136191,1073053695,1073217535,1073741823,1073741823,1073741823,1073741823,1073741823:j7
1073741823,1073741823,1073741823,1073741807,1073741823,1073741567,1072623615,1072136191,1073053695,1073217535,1073741823,1073741823,1073741823,1073741823,1073741823:h7
1073741823,1073741823,1073741823,1073741823,1073741759,1073741567,1072623615,1072136191,1073053695,1073217535,1073741823,1073741823,1073741823,1073741823,1073741823:h7
1073741823,1073741823,1073741823,1073741567,1073741823,1073741567,1072623615,1072136191,1073053695,1073217535,1073741823,1073741823,1073741823,1073741823,1073741823:h7
1073741823,1073741823,1073741823,1073741823,1073741567,1073741567,1072623615,1072136191,1073053695,1073217535,1073741823,1073741823,1073741823,1073741823,1073741823:h7
1073741823,1073741823,1073741823,1073737727,1073741823,1073741567,1072623615,1072136191,1073053695,1073217535,1073741823,1073741823,1073741823,1073741823,1073741823:h7
1073741823,1073741823,1073741823,1073741823,1073740799,1073741567,1072623615,1072136191,1073053695,1073217535,1073741823,1073741823,1073741823,1073741823,1073741823:h7
1073741823,1073741823,1073741823,1073741823,1073741823,1073737471,1072623615,1072136191,1073053695,1073217535,1073741823,1073741823,1073741823,1073741823,1073741823:j7
1073741823,1073741823,1073741823,1073741823,1073741823,1073741567,1072623615,1072135935,1073053695,1073217535,1073741823,1073741823,1073741823,1073741823,1073741823:h7
1073741823,1073741823,1073741823,1073741823,1073741823,1073741567,1072623359,1072136191,1073053695,1073217535,1073741823,1073741823,1073741823,1073741823,1073741823:h7
1073741823,1073741823,1073741823,1073741823,1073741823,1073741567,1072623615,1072136191,1073053695,1073217535,1073740799,1073741823,1073741823,1073741823,1073741823:h7
1073741823,1073741823,1073741823,1073741823,1073741823,1073741567,1072623615,1072136191,1073053695,1073213439,1073741823,1073741823,1073741823,1073741823,1073741823:h7
1073741823,1073741823,1073741823,1073741823,1073741823,1073741567,1072623615,1072136191,1073052671,1073217535,1073741823,1073741823,1073741823,1073741823,1073741823:h7
1073741823,1073741823,1073741823,1073741823,1073741823,1073741567,1072622591,1072136191,1073053695,1073217535,1073741823,1073741823,1073741823,1073741823,1073741823:j7
1073741823,1073741823,1073741823,1073741823,1073741823,1073741567,1072623615,1072136191,1073053695,1073217535,1073479679,1073741823,1073741823,1073741823,1073741823:h7
1073741823,1073741823,1073741823,1073741823,1073741823,1073741567,1072623615,1072136191,1073053695,1073217535,1073725439,1073741823,1073741823,1073741823,1073741823:h7
1073741823,1073741823,1073741823,1073741823,1056964607,1073741567,1072623615,1072136191,1073053695,1073217535,1073741823,1073741823,1073741823,1073741823,1073741823:h7
1073741823,1073741823,1073741823,1073741823,1073741823,1073741567,1055846399,1072136191,1073053695,1073217535,1073741823,1073741823,1073741823,1073741823,1073741823:j7
1073741823,1073741823,1073741823,1073741823,1073741823,1073741567,1072623615,1072136191,1056276479,1073217535,1073741823,1073741823,1073741823,1073741823,1073741823:h7
1073741823,1073741823,1073741823,1073741823,1073741823,1073741567,1072623615,1072136191,1073053695,1073217535,1073737727,1073741823,1073741823,1073741823,1073741823:h7
1073741823,1073741823,1073741823,1073741823,1073741823,1073741567,1072623615,1072136191,1073053695,1073217535,1072693247,1073741823,1073741823,1073741823,1073741823:j7
1073741823,1073741823,1073741823,1073741823,1073741823,1073741567,1072623615,1072136191,1073053695,1073217535,1073676287,1073741823,1073741823,1073741823,1073741823:h7
1073741823,1073741823,1073741823,1073741823,1073741823,1073741567,1072623615,1072136191,1073053695,1073151999,1073741823,1073741823,1073741823,1073741823,1073741823:h7
1073741823,1073741823,1073741823,1073741823,1073741823,1072692991,1072623615,1072136191,1073053695,1073217535,1073741823,1073741823,1073741823,1073741823,1073741823:j7
1073741823,1073741823,1073741823,1073741823,1073741823,1056964351,1072623615,1072136191,1073053695,1073217535,1073741823,1073741823,1073741823,1073741823,1073741823:h7
1073741823,1073741823,1073741823,1073741823,1073741823,1073741567,1068429311,1072136191,1073053695,1073217535,1073741823,1073741823,1073741823,1073741823,1073741823:j7
1073741823,1073741823,1073741823,1073741823,1073741823,1073741567,1072623615,1055358975,1073053695,1073217535,1073741823,1073741823,1073741823,1073741823,1073741823:h7
1073741823,1073741823,1073741823,1073741823,1073741823,1073741567,1072623615,1072136191,1073053695,1056440319,1073741823,1073741823,1073741823,1073741823,1073741823:h7
1073741823,1073741823,1073741823,1073741823,1073741823,1073741567,1072623615,1072136191,1068859391,1073217535,1073741823,1073741823,1073741823,1073741823,1073741823:h7
1073741823,1073741823,1073741823,1073741823,1073741823,1073741567,1072623615,1072136191,1073053695,1072168959,1073741823,1073741823,1073741823,1073741823,1073741823:j7
1073741823,1073741823,1073741823,1073741823,1073741823,1069547263,1072623615,1072136191,1073053695,1073217535,1073741823,1073741823,1073741823,1073741823,1073741823:h7
1073741823,1073741823,1073741823,1073741823,1073741823,1073741567,1072623615,1067941887,1073053695,1073217535,1073741823,1073741823,1073741823,1073741823,1073741823:h7
1073741823,1073741823,1073741823,1073741823,1073741823,1073741567,1072623615,1072136191,1073053695,1069023231,1073741823,1073741823,1073741823,1073741823,1073741823:h7
1073741823,1073741823,1073741823,1073741823,1073737727,1073741567,1072623615,1072136191,1073053695,1073217535,1073741823,1073741823,1073741823,1073741823,1073741823:j7
1073741823,1073741823,1073741823,1073741823,1073676287,1073741567,1072623615,1072136191,1073053695,1073217535,1073741823,1073741823,1073741823,1073741823,1073741823:j7
1073741823,1073741823,1073741823,1073741823,1073741823,1073676031,1072623615,1072136191,1073053695,1073217535,1073741823,1073741823,1073741823,1073741823,1073741823:j7
1073741823,1073741823,1073741823,1073741823,1072693247,1073741567,1072623615,1072136191,1073053695,1073217535,1073741823,1073741823,1073741823,1073741823,1073741823:j7
1073741823,1073741823,1073741823,1073741823,1073741823,1073741567,1072361471,1072136191,1073053695,1073217535,1073741823,1073741823,1073741823,1073741823,1073741823:h7
1073741823,1073741823,1073741823,1073741823,1073741823,1073741567,1072623615,1072136191,1072005119,1073217535,1073741823,1073741823,1073741823,1073741823,1073741823:j7
1073741823,1073741823,1073741823,1073741823,1073741823,1073741567,1072623615,1072136191,1073053695,1073216511,1073741823,1073741823,1073741823,1073741823,1073741823:h7
1073741823,1073741823,1073741823,1073741823,1073741823,1073741567,1072623615,1072136191,1073049599,1073217535,1073741823,1073741823,1073741823,1073741823,1073741823:h7
1073741823,1073741823,1073741823,1073741823,1073741823,1073741567,1072623615,1072135167,1073053695,1073217535,1073741823,1073741823,1073741823,1073741823,1073741823:j7
1073741823,1073741823,1073741823,1073741823,1073741823,1073741567,1072623615,1072132095,1073053695,1073217535,1073741823,1073741823,1073741823,1073741823,1073741823:h7
1073741823,1073741823,1073741823,1073741823,1073741823,1073740543,1072623615,1072136191,1073053695,1073217535,1073741823,1073741823,1073741823,1073741823,1073741823:j7
1073741823,1073741823,1073741823,1073741823,1073741823,1073725183,1072623615,1072136191,1073053695,1073217535,1073741823,1073741823,1073741823,1073741823,1073741823:j7
1073741823,1073741823,1073741823,1073741823,1073741823,1073741567,1072607231,1072136191,1073053695,1073217535,1073741823,1073741823,1073741823,1073741823,1073741823:j7
1073741823,1073741823,1073741823,1073741823,1073741823,1073479423,1072623615,1072136191,1073053695,1073217535,1073741823,1073741823,1073741823,1073741823,1073741823:h7
1073741823,1073741823,1073741823,1073741823,1073741823,1073741567,1072623615,1072070655,1073053695,1073217535,1073741823,1073741823,1073741823,1073741823,1073741823:j7
1073741823,1073741823,1073741823,1073741823,1073741823,1073741567,1072623615,1072136191,1073053695,1073201151,1073741823,1073741823,1073741823,1073741823,1073741823:j7
1073741823,1073741823,1073741823,1073741823,1073741823,1073725183,1072627711,1072136191,1073577983,1073217535,1073741823,1073741823,1073741823,1073741823,1073741823:g7
1073741823,1073741823,1073741823,1073741823,1073741823,1073741567,1072611327,1072136191,1073577983,1073217535,1073741823,1073741823,1073741823,1073741823,1073741823:g7
1073741823,1073741823,1073741823,1073741823,1073741823,1073479423,1072627711,1072136191,1073577983,1073217535,1073741823,1073741823,1073741823,1073741823,1073741823:g7
1073741823,1073741823,1073741823,1073741823,1073741823,1073741567,1072627711,1072070655,1073577983,1073217535,1073741823,1073741823,1073741823,1073741823,1073741823:g7
1073741823,1073741823,1073741823,1073741823,1073741823,1073741567,1072627711,1072136191,1073577983,1073201151,1073741823,1073741823,1073741823,1073741823,1073741823:g7
