1073741823,1073741823,1073741823,1073741823,1073676287,1073676287,1073375231,1073111039,1073571839,1073725439,1073741823,1073741823,1073741823,1073741823,1073741823:i4
1073741823,1073737727,1073741823,1073610751,1073676287,1073676287,1073375231,1073111039,1073571839,1073725439,1073741823,1073741823,1073741823,1073741823,1073741823:h5
1073741823,1073741823,1073725439,1073610751,1073676287,1073676287,1073375231,1073111039,1073571839,1073725439,1073741823,1073741823,1073741823,1073741823,1073741823:h5
1073741823,1073676287,1073741823,1073610751,1073676287,1073676287,1073375231,1073111039,1073571839,1073725439,1073741823,1073741823,1073741823,1073741823,1073741823:h5
1073741823,1072693247,1073741823,1073610751,1073676287,1073676287,1073375231,1073111039,1073571839,1073725439,1073741823,1073741823,1073741823,1073741823,1073741823:h5
1073741823,1073741823,1073479679,1073610751,1073676287,1073676287,1073375231,1073111039,1073571839,1073725439,1073741823,1073741823,1073741823,1073741823,1073741823:f8
1073741823,1073741823,1073737727,1073610751,1073676287,1073676287,1073375231,1073111039,1073571839,1073725439,1073741823,1073741823,1073741823,1073741823,1073741823:h5
1073741823,1073741823,1073741823,1073594367,1073676287,1073676287,1073375231,1073111039,1073571839,1073725439,1073741823,1073741823,1073741823,1073741823,1073741823:h5
1073741823,1073741823,1073676287,1073610751,1073676287,1073676287,1073375231,1073111039,1073571839,1073725439,1073741823,1073741823,1073741823,1073741823,1073741823:h5
1073741823,1073741823,1072693247,1073610751,1073676287,1073676287,1073375231,1073111039,1073571839,1073725439,1073741823,1073741823,1073741823,1073741823,1073741823:e6
1073741823,1073741823,1073741823,1073348607,1073676287,1073676287,1073375231,1073111039,1073571839,1073725439,1073741823,1073741823,1073741823,1073741823,1073741823:e6
1073741823,1073741823,1073741823,1073610751,1073676223,1073676287,1073375231,1073111039,1073571839,1073725439,1073741823,1073741823,1073741823,1073741823,1073741823:h5
1073741823,1073741823,1073741823,1073610751,1073676287,1073676287,1073375231,1073111039,1073571839,1073725439,1073741567,1073741823,1073741823,1073741823,1073741823:h5
1073741823,1073741823,1073741823,1073610751,1073676287,1073676287,1073375231,1073111039,1073571839,1073725439,1072693247,1073741823,1073741823,1073741823,1073741823:h5
1073741823,1073741823,1073741823,1073606655,1073676287,1073676287,1073375231,1073111039,1073571839,1073725439,1073741823,1073741823,1073741823,1073741823,1073741823:e6
1073741823,1073741823,1073741823,1072562175,1073676287,1073676287,1073375231,1073111039,1073571839,1073725439,1073741823,1073741823,1073741823,1073741823,1073741823:h5
1073741823,1073741823,1073741823,1073610751,1073676287,1073676287,1073375231,1073111039,1073571839,1073725439,1073741759,1073741823,1073741823,1073741823,1073741823:h5
1073741823,1073741823,1073741823,1073610751,1073676287,1073676287,1073375231,1073111039,1073571775,1073725439,1073741823,1073741823,1073741823,1073741823,1073741823:h5
1073741823,1073741823,1073741823,1073610751,1073676287,1073676287,1073375167,1073111039,1073571839,1073725439,1073741823,1073741823,1073741823,1073741823,1073741823:h5
1073741823,1073741823,1073741823,1073610751,1073676287,1073676287,1073375231,1073111039,1073571839,1072676863,1073741823,1073741823,1073741823,1073741823,1073741823:h5
1073741823,1073741823,1073741823,1073610751,1073676287,1073676287,1073375231,1073111039,1073571839,1073725183,1073741823,1073741823,1073741823,1073741823,1073741823:h5
1073741823,1073741823,1073741823,1073610751,1073676287,1073676287,1073375231,1073110783,1073571839,1073725439,1073741823,1073741823,1073741823,1073741823,1073741823:e6
1073741823,1073741823,1073741823,1073610751,1073676287,1073676031,1073375231,1073111039,1073571839,1073725439,1073741823,1073741823,1073741823,1073741823,1073741823:h5
1073741823,1073741823,1073741823,1073610751,1073676287,1073676287,1073375231,1073111039,1073571839,1073725439,1073741823,1073740799,1073741823,1073741823,1073741823:h5
1073741823,1073741823,1073741823,1073610751,1073676287,1073676287,1073375231,1073111039,1073571839,1073725439,1073737727,1073741823,1073741823,1073741823,1073741823:h5
1073741823,1073741823,1073741823,1073610751,1073676287,1073676287,1073375231,1073111039,1073571839,1073725439,1073741823,1073479679,1073741823,1073741823,1073741823:e6
1073741823,1073741823,1073741823,1073610751,1073676287,1073676287,1073375231,1073111039,1073571839,1073725439,1073676287,1073741823,1073741823,1073741823,1073741823:e6
1073741823,1073741823,1073741823,1073610751,1073676287,1073676287,1073375231,1073111039,1073571839,1073725439,1073741823,1073725439,1073741823,1073741823,1073741823:h5
1073741823,1073741823,1073741823,1073610751,1073676287,1073676287,1073375231,1073111039,1073571839,1073725439,1073740799,1073741823,1073741823,1073741823,1073741823:h5
1073741823,1073741823,1073741823,1073610751,1073676287,1073676287,1073375231,1073111039,1073571839,1073721343,1073741823,1073741823,1073741823,1073741823,1073741823:h5
1073741823,1073741823,1073741823,1073610751,1073676287,1073676287,1073375231,1073111039,1073571839,1073725439,1073479679,1073741823,1073741823,1073741823,1073741823:h5
1073741823,1073741823,1073741823,1073610751,1073676287,1073676287,1073375231,1073111039,1073571839,1073659903,1073741823,1073741823,1073741823,1073741823,1073741823:h5
1073741823,1073741823,1073741823,1073610751,1073676287,1073676287,1073375231,1073111039,1073571839,1073725439,1073725439,1073741823,1073741823,1073741823,1073741823:h5
1073741823,1073741823,1073741823,1073610751,1069481983,1073676287,1073375231,1073111039,1073571839,1073725439,1073741823,1073741823,1073741823,1073741823,1073741823:e6
1073741823,1073741823,1073741823,1073610751,1073676287,1072627711,1073375231,1073111039,1073571839,1073725439,1073741823,1073741823,1073741823,1073741823,1073741823:h5
1073741823,1073741823,1073741823,1073610751,1073676287,1073676287,1069180927,1073111039,1073571839,1073725439,1073741823,1073741823,1073741823,1073741823,1073741823:e6
1073741823,1073741823,1073741823,1073610751,1073676287,1073676287,1073375231,1073111039,1069377535,1073725439,1073741823,1073741823,1073741823,1073741823,1073741823:e6
1073741823,1073741823,1073741823,1073610751,1073675263,1073676287,1073375231,1073111039,1073571839,1073725439,1073741823,1073741823,1073741823,1073741823,1073741823:h5
1073741823,1073741823,1073741823,1073610751,1073659903,1073676287,1073375231,1073111039,1073571839,1073725439,1073741823,1073741823,1073741823,1073741823,1073741823:e6
1073741823,1073741823,1073741823,1073610751,1073414143,1073676287,1073375231,1073111039,1073571839,1073725439,1073741823,1073741823,1073741823,1073741823,1073741823:h5
1073741823,1073741823,1073741823,1073610751,1073676287,1073676287,1073375231,1073111039,1073571583,1073725439,1073741823,1073741823,1073741823,1073741823,1073741823:f8
1073741823,1073741823,1073741823,1073610751,1073676287,1073676287,1073374975,1073111039,1073571839,1073725439,1073741823,1073741823,1073741823,1073741823,1073741823:e6
1073741823,1073741823,1073741823,1073610751,1073676031,1073676287,1073375231,1073111039,1073571839,1073725439,1073741823,1073741823,1073741823,1073741823,1073741823:h5
1073741823,1073741823,1073741823,1073610751,1073676287,1073672191,1073375231,1073111039,1073571839,1073725439,1073741823,1073741823,1073741823,1073741823,1073741823:e6
1073741823,1073741823,1073741823,1073610751,1073676287,1069481983,1073375231,1073111039,1073571839,1073725439,1073741823,1073741823,1073741823,1073741823,1073741823:h5
1073741823,1073741823,1073741823,1073610751,1073676287,1073676287,1073375231,1068916735,1073571839,1073725439,1073741823,1073741823,1073741823,1073741823,1073741823:h5
1073741823,1073741823,1073741823,1073610751,1073676287,1073676287,1073375231,1072062463,1073571839,1073725439,1073741823,1073741823,1073741823,1073741823,1073741823:e6
1073741823,1073741823,1073741823,1073610751,1073676287,1073676287,1073375231,1073111039,1073571839,1069531135,1073741823,1073741823,1073741823,1073741823,1073741823:h5
1073741823,1073741823,1073741823,1073610751,1073676287,1073676287,1073375231,1073111039,1073309695,1073725439,1073741823,1073741823,1073741823,1073741823,1073741823:h5
1073741823,1073741823,1073741823,1073610751,1073672191,1073676287,1073375231,1073111039,1073571839,1073725439,1073741823,1073741823,1073741823,1073741823,1073741823:h5
1073741823,1073741823,1073741823,1073610751,1072627711,1073676287,1073375231,1073111039,1073571839,1073725439,1073741823,1073741823,1073741823,1073741823,1073741823:h5
1073741823,1073741823,1073741823,1073610751,1073676287,1073676287,1072326655,1073111039,1073571839,1073725439,1073741823,1073741823,1073741823,1073741823,1073741823:h5
1073741823,1073741823,1073741823,1073610751,1073676287,1073676287,1073375231,1073111039,1072523263,1073725439,1073741823,1073741823,1073741823,1073741823,1073741823:h5
1073741823,1073741823,1073741823,1073610751,1073676287,1073676287,1073375231,1073111039,1073571839,1073724415,1073741823,1073741823,1073741823,1073741823,1073741823:h5
1073741823,1073741823,1073741823,1073610751,1073676287,1073676287,1073375231,1073110015,1073571839,1073725439,1073741823,1073741823,1073741823,1073741823,1073741823:e6
1073741823,1073741823,1073741823,1073610751,1073676287,1073675263,1073375231,1073111039,1073571839,1073725439,1073741823,1073741823,1073741823,1073741823,1073741823:h5
1073741823,1073741823,1073741823,1073610751,1073676287,1073659903,1073375231,1073111039,1073571839,1073725439,1073741823,1073741823,1073741823,1073741823,1073741823:e6
1073741823,1073741823,1073741823,1073610751,1073676287,1073414143,1073375231,1073111039,1073571839,1073725439,1073741823,1073741823,1073741823,1073741823,1073741823:h5
1073741823,1073741823,1073741823,1073610751,1073676287,1073676287,1073375231,1073111039,1073571839,1073463295,1073741823,1073741823,1073741823,1073741823,1073741823:h5
