1073741823,1073741823,1073741823,1073741823,1073741823,1069547519,1071579135,1073119231,1073594367,1073086463,1072558079,1073676287,1073741823,1073741823,1073741823:k10
1073741823,1073741823,1073741823,1073741823,1073741823,1069547519,1071579135,1056342015,1073594367,1070989311,1072558079,1073676287,1073741823,1073741823,1073741823:h10
1073741823,1073741823,1073741823,1073741823,1073741823,1069547519,1071579135,1073119231,1069400063,1070989311,1072558079,1073676287,1073741823,1073741823,1073741823:h10
1073741823,1073741823,1073741823,1073741823,1073741823,1069547519,1071579135,1073119231,1073594367,1054212095,1072558079,1073676287,1073741823,1073741823,1073741823:h10
1073741823,1073741823,1073741823,1073741823,1073741823,1069547519,1071579135,1073119231,1073594367,1070989311,1072558079,1056899071,1073741823,1073741823,1073741823:h10
1073741823,1073741823,1073741823,1073741823,1073741823,1069547519,1071579135,1073119231,1073594367,1070989311,1072558079,1073676287,1073741823,1073737727,1073741823:h10
1073741823,1073741823,1073741823,1073741823,1073741823,1069547519,1071579135,1073119231,1073594367,1070989311,1072558079,1073676287,1073725439,1073741823,1073741823:h10
1073741823,1073741823,1073741823,1073741823,1073741823,1069547519,1071579135,1073119231,1073594367,1070989311,1072558079,1073676287,1073741823,1072693247,1073741823:h10
1073741823,1073741823,1073741823,1073741823,1073741823,1069547519,1071579135,1073119231,1073594367,1070989311,1072558079,1073676287,1073479679,1073741823,1073741823:h10
1073741823,1073741823,1073741823,1073741823,1073741823,1069547519,1071579135,1073119231,1073594367,1070989311,1072558079,1073676287,1073741823,1073676287,1073741823:h10
1073741823,1073741823,1073741823,1073741823,1073741823,1069547519,1071579135,1073119231,1073594367,1070989311,1072558079,1073676287,1073741567,1073741823,1073741823:h10
1073741823,1073741823,1073741823,1073741823,1073741823,1069547519,1071579135,1073119231,1073594367,1070989311,1072558079,1073675263,1073741823,1073741823,1073741823:h10
1073741823,1073741823,1073741823,1073741823,1073741823,1069547519,1071579135,1073119231,1073594367,1070989311,1072557823,1073676287,1073741823,1073741823,1073741823:h10
1073741823,1073741823,1073741823,1073741823,1073741823,1069547519,1071579135,1073119231,1073594111,1070989311,1072558079,1073676287,1073741823,1073741823,1073741823:h10
1073741823,1073741823,1073741823,1073741823,1073741823,1069547519,1071579135,1073119231,1073594367,1070989311,1072558079,1073672191,1073741823,1073741823,1073741823:h10
1073741823,1073741823,1073741823,1073741823,1073741823,1069547519,1071579135,1073119231,1073594367,1070989311,1072558079,1073676287,1073737727,1073741823,1073741823:h10
1073741823,1073741823,1073741823,1073741823,1073741823,1069547519,1071579135,1073119231,1073594367,1070989311,1072558079,1073676287,1073676287,1073741823,1073741823:h10
1073741823,1073741823,1073741823,1073741823,1073741823,1069547519,1071579135,1073119231,1073594367,1070989311,1055780863,1073676287,1073741823,1073741823,1073741823:h10
1073741823,1073741823,1073741823,1073741823,1073741823,1069547519,1071579135,1073119231,1073594367,1070989311,1068363775,1073676287,1073741823,1073741823,1073741823:h10
1073741823,1073741823,1073741823,1073741823,1073741823,1069547519,1071579135,1073119231,1073594367,1070989311,1072558079,1073676287,1056964607,1073741823,1073741823:h10
1073741823,1073741823,1073741823,1073741823,1073741823,1069547519,1071579135,1073119231,1073594367,1070989311,1072558079,1073676287,1072693247,1073741823,1073741823:h10
1073741823,1073741823,1073741823,1073741823,1073741823,1069547519,1071579135,1073119231,1073594367,1070989311,1072558079,1072627711,1073741823,1073741823,1073741823:h10
1073741823,1073741823,1073741823,1073741823,1073741823,1069547519,1071579135,1073119231,1073594367,1070989311,1072558079,1073659903,1073741823,1073741823,1073741823:h10
1073741823,1073741823,1073741823,1073741823,1073741823,1069547519,1071579135,1073119231,1073594367,1070989311,1072558079,1069481983,1073741823,1073741823,1073741823:h10
1073741823,1073741823,1073741823,1073741823,1073741823,1069547519,1071579135,1073119231,1073594367,1070989311,1072558079,1073414143,1073741823,1073741823,1073741823:h10
1073741823,1073741823,1073741823,1073479679,1073741823,1069547519,1071579135,1073119231,1073594367,1070989311,1072558079,1073676287,1073741823,1073741823,1073741823:h10
1073741823,1073741823,1073741823,1069547519,1073741823,1069547519,1071579135,1073119231,1073594367,1070989311,1072558079,1073676287,1073741823,1073741823,1073741823:h10
1073741823,1073741823,1073741823,1073741823,1069547519,1069547519,1071579135,1073119231,1073594367,1070989311,1072558079,1073676287,1073741823,1073741823,1073741823:h10
1073741823,1073741823,1073741823,1006632959,1073741823,1069547519,1071579135,1073119231,1073594367,1070989311,1072558079,1073676287,1073741823,1073741823,1073741823:h10
1073741823,1073741823,1073741823,1073741823,1073741823,1002438655,1071579135,1073119231,1073594367,1070989311,1072558079,1073676287,1073741823,1073741823,1073741823:h10
1073741823,1073741823,1073741823,1073741823,1073741823,1052770303,1071579135,1073119231,1073594367,1070989311,1072558079,1073676287,1073741823,1073741823,1073741823:h10
1073741823,1073741823,1073741823,1073741823,1073741823,1069547519,1071579135,1006010367,1073594367,1070989311,1072558079,1073676287,1073741823,1073741823,1073741823:h10
1073741823,1073741823,1073741823,1073741823,1056964607,1069547519,1071579135,1073119231,1073594367,1070989311,1072558079,1073676287,1073741823,1073741823,1073741823:h10
1073741823,1073741823,1073741823,1073741823,1073741823,1069547519,1054801919,1073119231,1073594367,1070989311,1072558079,1073676287,1073741823,1073741823,1073741823:h10
1073741823,1073741823,1073741823,1073741823,1073741823,1069547519,1067384831,1073119231,1073594367,1070989311,1072558079,1073676287,1073741823,1073741823,1073741823:h10
1073741823,1073741823,1073741823,1073741823,1073741823,1069547519,1071579135,1073119231,1056817151,1070989311,1072558079,1073676287,1073741823,1073741823,1073741823:h10
1073741823,1073741823,1073741823,1073741823,1073741823,1069547519,1071579135,1073119231,1073594367,1070989311,1072557055,1073676287,1073741823,1073741823,1073741823:h10
1073741823,1073741823,1073741823,1073741823,1073741823,1069547519,1071579135,1073119231,1073593343,1070989311,1072558079,1073676287,1073741823,1073741823,1073741823:h10
1073741823,1073741823,1073741823,1073741823,1073741823,1069547519,1071578111,1073119231,1073594367,1070989311,1072558079,1073676287,1073741823,1073741823,1073741823:h10
1073741823,1073741823,1073741823,1073741823,1073741823,1069547519,1071579135,1073119231,1073594367,1070989311,1072295935,1073676287,1073741823,1073741823,1073741823:h10
1073741823,1073741823,1073741823,1073741823,1073741823,1069547519,1071579135,1073119231,1073594367,1070989311,1072541695,1073676287,1073741823,1073741823,1073741823:h10
1073741823,1073741823,1073741823,1073741823,1073741823,1069547519,1071579135,1073119231,1073594367,1070985215,1072558079,1073676287,1073741823,1073741823,1073741823:l10
1073741823,1073741823,1073741823,1073741823,1073741823,1069543423,1071579135,1073119231,1073594367,1070989311,1072558079,1073676287,1073741823,1073741823,1073741823:h10
1073741823,1073741823,1073741823,1073741823,1073741823,1068498943,1071579135,1073119231,1073594367,1070989311,1072558079,1073676287,1073741823,1073741823,1073741823:h10
1073741823,1073741823,1073741823,1073741823,1073741823,1069547519,1071579135,1068924927,1073594367,1070989311,1072558079,1073676287,1073741823,1073741823,1073741823:h10
1073741823,1073741823,1073741823,1073741823,1073741823,1069547519,1071579135,1072070655,1073594367,1070989311,1072558079,1073676287,1073741823,1073741823,1073741823:h10
1073741823,1073741823,1073741823,1073741823,1073741823,1069547519,1071579135,1073119231,1073594367,1066795007,1072558079,1073676287,1073741823,1073741823,1073741823:l8
1073741823,1073741823,1073741823,1073741823,1073741823,1069547519,1071579135,1064730623,1073594367,999686143,1072558079,1073676287,1073741823,1073741823,1073741823:k9
1073741823,1073741823,1073741823,1073741823,1073741823,1069547519,1071579135,1064730623,1073594367,1066795007,1072558079,1006567423,1073741823,1073741823,1073741823:k9
1073741823,1073741823,1073741823,1073741823,1073741823,1069547519,1071579135,1047953407,1073594367,1066795007,1072558079,1073676287,1073741823,1073741823,1073741823:k9
1073741823,1073741823,1073741823,1073741823,1073741823,1069547519,1071579135,1064730623,1069400063,1066795007,1072558079,1073676287,1073741823,1073741823,1073741823:k9
1073741823,1073741823,1073741823,1073741823,1073741823,1069547519,1071579135,1064730623,1073594367,1050017791,1072558079,1073676287,1073741823,1073741823,1073741823:k9
1073741823,1073741823,1073741823,1073741823,1073741823,1069547519,1071579135,1064730623,1073594367,1066795007,1072558079,1056899071,1073741823,1073741823,1073741823:k9
1073741823,1073741823,1073741823,1073741823,1073741823,1069547519,1071579135,1064730623,1073594367,1066795007,1072558079,1073676287,1073741823,1073737727,1073741823:k9
1073741823,1073741823,1073741823,1073741823,1073741823,1069547519,1071579135,1064730623,1073594367,1066795007,1072558079,1073676287,1073725439,1073741823,1073741823:k9
1073741823,1073741823,1073741823,1073741823,1073741823,1069547519,1071579135,1064730623,1073594367,1066795007,1072558079,1073676287,1073741823,1072693247,1073741823:k9
1073741823,1073741823,1073741823,1073741823,1073741823,1069547519,1071579135,1064730623,1073594367,1066795007,1072558079,1073676287,1073479679,1073741823,1073741823:k9
1073741823,1073741823,1073741823,1073741823,1073741823,1069547519,1071579135,1064730623,1073594367,1066795007,1072558079,1073676287,1073741823,1073676287,1073741823:k9
1073741823,1073741823,1073741823,1073741823,1073741823,1069547519,1071579135,1064730623,1073594367,1066795007,1072558079,1073676287,1073741567,1073741823,1073741823:k9
1073741823,1073741823,1073741823,1073741823,1073741823,1069547519,1071579135,1064730623,1073594367,1066795007,1072558079,1073675263,1073741823,1073741823,1073741823:k9
1073741823,1073741823,1073741823,1073741823,1073741823,1069547519,1071579135,1064730623,1073594367,1066795007,1072557823,1073676287,1073741823,1073741823,1073741823:k9
1073741823,1073741823,1073741823,1073741823,1073741823,1069547519,1071579135,1064730623,1073594111,1066795007,1072558079,1073676287,1073741823,1073741823,1073741823:k9
1073741823,1073741823,1073741823,1073741823,1073741823,1069547519,1071579135,1064730623,1073594367,1066795007,1072558079,1073672191,1073741823,1073741823,1073741823:k9
1073741823,1073741823,1073741823,1073741823,1073741823,1069547519,1071579135,1064730623,1073594367,1066795007,1072558079,1073676287,1073737727,1073741823,1073741823:k9
1073741823,1073741823,1073741823,1073741823,1073741823,1069547519,1071579135,1064730623,1073594367,1066795007,1072558079,1073676287,1073676287,1073741823,1073741823:k9
1073741823,1073741823,1073741823,1073741823,1073741823,1069547519,1071579135,1064730623,1073594367,1066795007,1055780863,1073676287,1073741823,1073741823,1073741823:k9
1073741823,1073741823,1073741823,1073741823,1073741823,1069547519,1071579135,1064730623,1073594367,1066795007,1068363775,1073676287,1073741823,1073741823,1073741823:k9
1073741823,1073741823,1073741823,1073741823,1073741823,1069547519,1071579135,1064730623,1073594367,1066795007,1072558079,1073676287,1056964607,1073741823,1073741823:k9
1073741823,1073741823,1073741823,1073741823,1073741823,1069547519,1071579135,1064730623,1073594367,1066795007,1072558079,1073676287,1072693247,1073741823,1073741823:k9
1073741823,1073741823,1073741823,1073741823,1073741823,1069547519,1071579135,1064730623,1073594367,1066795007,1072558079,1072627711,1073741823,1073741823,1073741823:k9
1073741823,1073741823,1073741823,1073741823,1073741823,1069547519,1071579135,1064730623,1073594367,1066795007,1072558079,1073659903,1073741823,1073741823,1073741823:j9
1073741823,1073741823,1073741823,1073741823,1073741823,1069547519,1071579135,1064730623,1073070079,1066795007,1072558079,1073659903,1073741823,1073740799,1073741823:j6
1073741823,1073741823,1073741823,1073741823,1073741823,1069547519,1071579135,1064730623,1073070079,1066795007,1072558079,1073659903,1073741823,1073479679,1073741823:j7
1073741823,1073741823,1073741823,1073741823,1073741823,1069547519,1071579135,1064730623,1073070079,1066795007,1072558079,1073659903,1073741823,1073725439,1073741823:j7
1073741823,1073741823,1073741823,1073741823,1073741823,1069547519,1071579135,1064730623,1073070079,999686143,1072558079,1073659903,1073741823,1073741823,1073741823:j6
1073741823,1073741823,1073741823,1073741823,1073741823,1069547519,1071579135,1064730623,1073070079,1066795007,1072558079,1006551039,1073741823,1073741823,1073741823:j6
1073741823,1073741823,1073741823,1073741823,1073741823,1069547519,1071579135,1047953407,1073070079,1066795007,1072558079,1073659903,1073741823,1073741823,1073741823:j6
1073741823,1073741823,1073741823,1073741823,1073741823,1069547519,1071579135,1064730623,1068875775,1066795007,1072558079,1073659903,1073741823,1073741823,1073741823:j6
1073741823,1073741823,1073741823,1073741823,1073741823,1069547519,1071579135,1064730623,1073070079,1050017791,1072558079,1073659903,1073741823,1073741823,1073741823:j6
1073741823,1073741823,1073741823,1073741823,1073741823,1069547519,1071579135,1064730623,1073070079,1066795007,1072558079,1056882687,1073741823,1073741823,1073741823:j6
1073741823,1073741823,1073741823,1073741823,1073741823,1069547519,1071579135,1064730623,1073070079,1066795007,1072558079,1073659903,1073741823,1073737727,1073741823:j6
1073741823,1073741823,1073741823,1073741823,1073741823,1069547519,1071579135,1064730623,1073070079,1066795007,1072558079,1073659903,1073725439,1073741823,1073741823:j7
1073741823,1073741823,1073741823,1073741823,1073741823,1069547519,1071579135,1064730623,1073070079,1066795007,1072558079,1073659903,1073741823,1072693247,1073741823:j6
1073741823,1073741823,1073741823,1073741823,1073741823,1069547519,1071579135,1064730623,1073070079,1066795007,1072558079,1073659903,1073479679,1073741823,1073741823:j6
1073741823,1073741823,1073741823,1073741823,1073741823,1069547519,1071579135,1064730623,1073070079,1066795007,1072558079,1073659903,1073741823,1073676287,1073741823:j6
1073741823,1073741823,1073741823,1073741823,1073741823,1069547519,1071579135,1064730623,1073070079,1066795007,1072558079,1073659903,1073741567,1073741823,1073741823:j6
1073741823,1073741823,1073741823,1073741823,1073741823,1069547519,1071579135,1064730623,1073070079,1066795007,1072558079,1073658879,1073741823,1073741823,1073741823:j7
1073741823,1073741823,1073741823,1073741823,1073741823,1069547519,1071579135,1064730623,1073070079,1066795007,1072557823,1073659903,1073741823,1073741823,1073741823:j6
1073741823,1073741823,1073741823,1073741823,1073741823,1069547519,1071579135,1064730623,1073069823,1066795007,1072558079,1073659903,1073741823,1073741823,1073741823:j7
1073741823,1073741823,1073741823,1073741823,1073741823,1069547519,1071579135,1064730623,1073070079,1066795007,1072558079,1073655807,1073741823,1073741823,1073741823:j7
1073741823,1073741823,1073741823,1073741823,1073741823,1069547519,1071579135,1064730623,1073070079,1066795007,1072558079,1073659903,1073737727,1073741823,1073741823:j6
1073741823,1073741823,1073741823,1073741823,1073741823,1069547519,1071579135,1064730623,1073070079,1066795007,1072558079,1073659903,1073676287,1073741823,1073741823:j7
1073741823,1073741823,1073741823,1073741823,1073741823,1069547519,1071579135,1064730623,1073070079,1066795007,1055780863,1073659903,1073741823,1073741823,1073741823:j6
1073741823,1073741823,1073741823,1073741823,1073741823,1069547519,1071579135,1064730623,1073070079,1066795007,1068363775,1073659903,1073741823,1073741823,1073741823:j6
1073741823,1073741823,1073741823,1073741823,1073741823,1069547519,1071579135,1064730623,1073070079,1066795007,1072558079,1073659903,1056964607,1073741823,1073741823:j6
1073741823,1073741823,1073741823,1073741823,1073741823,1069547519,1071579135,1064730623,1073070079,1066795007,1072558079,1073659903,1072693247,1073741823,1073741823:j6
1073741823,1073741823,1073741823,1073741823,1073741823,1069547519,1071579135,1064730623,1073070079,1066795007,1072558079,1072611327,1073741823,1073741823,1073741823:j7
1073741823,1073741823,1073741823,1073741823,1073741823,1069547519,1071579135,1064730623,1073070079,1066795007,1072558079,1069465599,1073741823,1073741823,1073741823:j7
1073741823,1073741823,1073741823,1073741823,1073741823,1069547519,1071579135,1064730623,1073070079,1066795007,1072558079,1073397759,1073741823,1073741823,1073741823:j7
1073741823,1073741823,1073741823,1073479679,1073741823,1069547519,1071579135,1064730623,1073070079,1066795007,1072558079,1073659903,1073741823,1073741823,1073741823:j6
1073741823,1073741823,1073741823,1069547519,1073741823,1069547519,1071579135,1064730623,1073070079,1066795007,1072558079,1073659903,1073741823,1073741823,1073741823:j6
1073741823,1073741823,1073741823,1073741823,1069547519,1069547519,1071579135,1064730623,1073070079,1066795007,1072558079,1073659903,1073741823,1073741823,1073741823:j7
1073741823,1073741823,1073741823,1006632959,1073741823,1069547519,1071579135,1064730623,1073070079,1066795007,1072558079,1073659903,1073741823,1073741823,1073741823:j6
1073741823,1073741823,1073741823,1073741823,1073741823,1002438655,1071579135,1064730623,1073070079,1066795007,1072558079,1073659903,1073741823,1073741823,1073741823:j6
1073741823,1073741823,1073741823,1073741823,1073741823,1052770303,1071579135,1064730623,1073070079,1066795007,1072558079,1073659903,1073741823,1073741823,1073741823:j6
1073741823,1073741823,1073741823,1073741823,1073741823,1069547519,1071579135,997621759,1073070079,1066795007,1072558079,1073659903,1073741823,1073741823,1073741823:j7
1073741823,1073741823,1073741823,1073741823,1056964607,1069547519,1071579135,1064730623,1073070079,1066795007,1072558079,1073659903,1073741823,1073741823,1073741823:j6
1073741823,1073741823,1073741823,1073741823,1073741823,1069547519,1054801919,1064730623,1073070079,1066795007,1072558079,1073659903,1073741823,1073741823,1073741823:j6
1073741823,1073741823,1073741823,1073741823,1073741823,1069547519,1067384831,1064730623,1073070079,1066795007,1072558079,1073659903,1073741823,1073741823,1073741823:j6
1073741823,1073741823,1073741823,1073741823,1073741823,1069547519,1071579135,1064730623,1056292863,1066795007,1072558079,1073659903,1073741823,1073741823,1073741823:j7
1073741823,1073741823,1073741823,1073741823,1073741823,1069547519,1071579135,1064730623,1073070079,1066795007,1072557055,1073659903,1073741823,1073741823,1073741823:j7
1073741823,1073741823,1073741823,1073741823,1073741823,1069547519,1071579135,1064730623,1073069055,1066795007,1072558079,1073659903,1073741823,1073741823,1073741823:j6
1073741823,1073741823,1073741823,1073741823,1073741823,1069547519,1071578111,1064730623,1073070079,1066795007,1072558079,1073659903,1073741823,1073741823,1073741823:j6
1073741823,1073741823,1073741823,1073741823,1073741823,1069547519,1071579135,1064730623,1073070079,1066795007,1072295935,1073659903,1073741823,1073741823,1073741823:j6
1073741823,1073741823,1073741823,1073741823,1073741823,1069547519,1071579135,1064730623,1073070079,1066795007,1072541695,1073659903,1073741823,1073741823,1073741823:j7
1073741823,1073741823,1073741823,1073741823,1073741823,1069547519,1071579135,1064730623,1073070079,1066790911,1072558079,1073659903,1073741823,1073741823,1073741823:j7
1073741823,1073741823,1073741823,1073741823,1073741823,1069543423,1071579135,1064730623,1073070079,1066795007,1072558079,1073659903,1073741823,1073741823,1073741823:j6
1073741823,1073741823,1073741823,1073741823,1073741823,1068498943,1071579135,1064730623,1073070079,1066795007,1072558079,1073659903,1073741823,1073741823,1073741823:j7
1073741823,1073741823,1073741823,1073741823,1073741823,1069547519,1071579135,1063682047,1073070079,1066795007,1072558079,1073659903,1073741823,1073741823,1073741823:j6
1073741823,1073741823,1073741823,1073741823,1073737727,1069547519,1071579135,1064730623,1073070079,1066795007,1072558079,1073659903,1073741823,1073741823,1073741823:j6
1073741823,1073741823,1073741823,1073741823,1073676287,1069547519,1071579135,1064730623,1073070079,1066795007,1072558079,1073659903,1073741823,1073741823,1073741823:j7
1073741823,1073741823,1073741823,1073741823,1073741823,1069481983,1071579135,1064730623,1073070079,1066795007,1072558079,1073659903,1073741823,1073741823,1073741823:m9
1073741823,1073741823,1073741823,1073741823,1072693247,1069547519,1071579135,1064730623,1073070079,1066795007,1072558079,1073659903,1073741823,1073741823,1073741823:j6
1073741823,1073741823,1073741823,1073741823,1073741823,1069547519,1071316991,1064730623,1073070079,1066795007,1072558079,1073659903,1073741823,1073741823,1073741823:k9
1073741823,1073741823,1073741823,1073741823,1073741823,1069547519,1071579135,1064730623,1072021503,1066795007,1072558079,1073659903,1073741823,1073741823,1073741823:j6
1073741823,1073741823,1073741823,1073741823,1073741823,1069547519,1071579135,1064730623,1073070079,1066793983,1072558079,1073659903,1073741823,1073741823,1073741823:j7
1073741823,1073741823,1073741823,1073741823,1073741823,1069547519,1071579135,1064730623,1073065983,1066795007,1072558079,1073659903,1073741823,1073741823,1073741823:j6
1073741823,1073741823,1073741823,1073741823,1073741823,1069547519,1071579135,1064729599,1073070079,1066795007,1072558079,1073659903,1073741823,1073741823,1073741823:j6
1073741823,1073741823,1073741823,1073741823,1073741823,1069547519,1071579135,1064726527,1073070079,1066795007,1072558079,1073659903,1073741823,1073741823,1073741823:j6
1073741823,1073741823,1073741823,1073741823,1073741823,1069546495,1071579135,1064730623,1073070079,1066795007,1072558079,1073659903,1073741823,1073741823,1073741823:j6
1073741823,1073741823,1073741823,1073741823,1073741823,1069547519,1071575039,1064730623,1073070079,1066795007,1072558079,1073659903,1073741823,1073741823,1073741823:j6
1073741823,1073741823,1073741823,1073741823,1073741823,1069531135,1071579135,1064730623,1073070079,1066795007,1072558079,1073659903,1073741823,1073741823,1073741823:j6
1073741823,1073741823,1073741823,1073741823,1073741823,1069547519,1071562751,1064730623,1073070079,1066795007,1072558079,1073659903,1073741823,1073741823,1073741823:j6
1073741823,1073741823,1073741823,1073741823,1073741823,1069285375,1071579135,1064730623,1073070079,1066795007,1072558079,1073659903,1073741823,1073741823,1073741823:j11
1073741823,1073741823,1073741823,1073741823,1073741823,1069547519,1071579135,1064730623,1073070079,1066778623,1072558079,1073659903,1073741823,1073741823,1073741823:j7
1073741823,1073741823,1073741823,1073741823,1073741823,1069547519,1071579135,1064730623,1073594367,1066795007,1072558079,1069481983,1073741823,1073741823,1073741823:k9
1073741823,1073741823,1073741823,1073741823,1073741823,1069547519,1071579135,1064730623,1073594367,1066795007,1072558079,1073414143,1073741823,1073741823,1073741823:k9
1073741823,1073741823,1073741823,1073479679,1073741823,1069547519,1071579135,1064730623,1073594367,1066795007,1072558079,1073676287,1073741823,1073741823,1073741823:k9
1073741823,1073741823,1073741823,1069547519,1073741823,1069547519,1071579135,1064730623,1073594367,1066795007,1072558079,1073676287,1073741823,1073741823,1073741823:k9
1073741823,1073741823,1073741823,1073741823,1069547519,1069547519,1071579135,1064730623,1073594367,1066795007,1072558079,1073676287,1073741823,1073741823,1073741823:k9
1073741823,1073741823,1073741823,1006632959,1073741823,1069547519,1071579135,1064730623,1073594367,1066795007,1072558079,1073676287,1073741823,1073741823,1073741823:k9
1073741823,1073741823,1073741823,1073741823,1073741823,1002438655,1071579135,1064730623,1073594367,1066795007,1072558079,1073676287,1073741823,1073741823,1073741823:k9
1073741823,1073741823,1073741823,1073741823,1073741823,1052770303,1071579135,1064730623,1073594367,1066795007,1072558079,1073676287,1073741823,1073741823,1073741823:k9
1073741823,1073741823,1073741823,1073741823,1073741823,1069547519,1071579135,997621759,1073594367,1066795007,1072558079,1073676287,1073741823,1073741823,1073741823:k9
1073741823,1073741823,1073741823,1073741823,1056964607,1069547519,1071579135,1064730623,1073594367,1066795007,1072558079,1073676287,1073741823,1073741823,1073741823:k9
1073741823,1073741823,1073741823,1073741823,1073741823,1069547519,1054801919,1064730623,1073594367,1066795007,1072558079,1073676287,1073741823,1073741823,1073741823:j9
1073741823,1073741823,1073741823,1073741823,805306367,1069547519,1054801919,1064730623,1073070079,1066795007,1072558079,1073676287,1073741823,1073741823,1073741823:j6
1073741823,1073741823,1073741823,1073741823,1073741823,1069547519,786366463,1064730623,1073070079,1066795007,1072558079,1073676287,1073741823,1073741823,1073741823:m9
1073741823,1073741823,1073741823,1073741823,1073741823,1069547519,987693055,1064730623,1073070079,1066795007,1072558079,1073676287,1073741823,1073741823,1073741823:j6
1073741823,1073741823,1073741823,1073741823,1073741823,1069547519,1054801919,1064730623,804634623,1066795007,1072558079,1073676287,1073741823,1073741823,1073741823:m9
1073741823,1073741823,1073741823,1073741823,1073741823,1069547519,1054801919,1064730623,1073070079,999686143,1072558079,1073676287,1073741823,1073741823,1073741823:j6
1073741823,1073741823,1073741823,1073741823,1073741823,1069547519,1054801919,1064730623,1073070079,1066795007,1072558079,1006567423,1073741823,1073741823,1073741823:j6
1073741823,1073741823,1073741823,1073741823,1073741823,1069547519,1054801919,1047953407,1073070079,1066795007,1072558079,1073676287,1073741823,1073741823,1073741823:j6
1073741823,1073741823,1073741823,1073741823,1073741823,1069547519,1054801919,1064730623,1068875775,1066795007,1072558079,1073676287,1073741823,1073741823,1073741823:j6
1073741823,1073741823,1073741823,1073741823,1073741823,1069547519,1054801919,1064730623,1073070079,1050017791,1072558079,1073676287,1073741823,1073741823,1073741823:j6
1073741823,1073741823,1073741823,1073741823,1073741823,1069547519,1054801919,1064730623,1073070079,1066795007,1072558079,1056899071,1073741823,1073741823,1073741823:j6
1073741823,1073741823,1073741823,1073741823,1073741823,1069547519,1054801919,1064730623,1073070079,1066795007,1072558079,1073676287,1073741823,1073737727,1073741823:j6
1073741823,1073741823,1073741823,1073741823,1073741823,1069547519,1054801919,1064730623,1073070079,1066795007,1072558079,1073676287,1073725439,1073741823,1073741823:j6
1073741823,1073741823,1073741823,1073741823,1073741823,1069547519,1054801919,1064730623,1073070079,1066795007,1072558079,1073676287,1073741823,1072693247,1073741823:j6
1073741823,1073741823,1073741823,1073741823,1073741823,1069547519,1054801919,1064730623,1073070079,1066795007,1072558079,1073676287,1073479679,1073741823,1073741823:j6
1073741823,1073741823,1073741823,1073741823,1073741823,1069547519,1054801919,1064730623,1073070079,1066795007,1072558079,1073676287,1073741823,1073676287,1073741823:j6
1073741823,1073741823,1073741823,1073741823,1073741823,1069547519,1054801919,1064730623,1073070079,1066795007,1072558079,1073676287,1073741567,1073741823,1073741823:j6
1073741823,1073741823,1073741823,1073741823,1073741823,1069547519,1054801919,1064730623,1073070079,1066795007,1072558079,1073675263,1073741823,1073741823,1073741823:j6
1073741823,1073741823,1073741823,1073741823,1073741823,1069547519,1054801919,1064730623,1073070079,1066795007,1072557823,1073676287,1073741823,1073741823,1073741823:j6
1073741823,1073741823,1073741823,1073741823,1073741823,1069547519,1054801919,1064730623,1073069823,1066795007,1072558079,1073676287,1073741823,1073741823,1073741823:j6
1073741823,1073741823,1073741823,1073741823,1073741823,1069547519,1054801919,1064730623,1073070079,1066795007,1072558079,1073672191,1073741823,1073741823,1073741823:j6
1073741823,1073741823,1073741823,1073741823,1073741823,1069547519,1054801919,1064730623,1073070079,1066795007,1072558079,1073676287,1073737727,1073741823,1073741823:j6
1073741823,1073741823,1073741823,1073741823,1073741823,1069547519,1054801919,1064730623,1073070079,1066795007,1072558079,1073676287,1073676287,1073741823,1073741823:j7
1073741823,1073741823,1073741823,1073741823,1073741823,1069547519,1054801919,1064730623,1073070079,1066795007,1055780863,1073676287,1073741823,1073741823,1073741823:j6
1073741823,1073741823,1073741823,1073741823,1073741823,1069547519,1054801919,1064730623,1073070079,1066795007,1068363775,1073676287,1073741823,1073741823,1073741823:j6
1073741823,1073741823,1073741823,1073741823,1073741823,1069547519,1054801919,1064730623,1073070079,1066795007,1072558079,1073676287,1056964607,1073741823,1073741823:j6
1073741823,1073741823,1073741823,1073741823,1073741823,1069547519,1054801919,1064730623,1073070079,1066795007,1072558079,1073676287,1072693247,1073741823,1073741823:j6
1073741823,1073741823,1073741823,1073741823,1073741823,1069547519,1054801919,1064730623,1073070079,1066795007,1072558079,1072627711,1073741823,1073741823,1073741823:j6
1073741823,1073741823,1073741823,1073741823,1073741823,1069547519,1054801919,1064730623,1073070079,1066795007,1072558079,1073659903,1073741823,1073741823,1073741823:j6
1073741823,1073741823,1073741823,1073741823,1073741823,1069547519,1054801919,1064730623,1073070079,1066795007,1072558079,1069481983,1073741823,1073741823,1073741823:j6
1073741823,1073741823,1073741823,1073741823,1073741823,1069547519,1054801919,1064730623,1073070079,1066795007,1072558079,1073414143,1073741823,1073741823,1073741823:j7
1073741823,1073741823,1073741823,1073479679,1073741823,1069547519,1054801919,1064730623,1073070079,1066795007,1072558079,1073676287,1073741823,1073741823,1073741823:j7
1073741823,1073741823,1073741823,1069547519,1073741823,1069547519,1054801919,1064730623,1073070079,1066795007,1072558079,1073676287,1073741823,1073741823,1073741823:j6
1073741823,1073741823,1073741823,1073741823,1069547519,1069547519,1054801919,1064730623,1073070079,1066795007,1072558079,1073676287,1073741823,1073741823,1073741823:j7
1073741823,1073741823,1073741823,1006632959,1073741823,1069547519,1054801919,1064730623,1073070079,1066795007,1072558079,1073676287,1073741823,1073741823,1073741823:j6
1073741823,1073741823,1073741823,1073741823,1073741823,1002438655,1054801919,1064730623,1073070079,1066795007,1072558079,1073676287,1073741823,1073741823,1073741823:j6
1073741823,1073741823,1073741823,1073741823,1073741823,1052770303,1054801919,1064730623,1073070079,1066795007,1072558079,1073676287,1073741823,1073741823,1073741823:j6
1073741823,1073741823,1073741823,1073741823,1073741823,1069547519,1054801919,997621759,1073070079,1066795007,1072558079,1073676287,1073741823,1073741823,1073741823:j7
1073741823,1073741823,1073741823,1073741823,1056964607,1069547519,1054801919,1064730623,1073070079,1066795007,1072558079,1073676287,1073741823,1073741823,1073741823:j6
1073741823,1073741823,1073741823,1073741823,1073741823,1069547519,1050607615,1064730623,1073070079,1066795007,1072558079,1073676287,1073741823,1073741823,1073741823:j6
1073741823,1073741823,1073741823,1073741823,1073741823,1069547519,1054801919,1064730623,1056292863,1066795007,1072558079,1073676287,1073741823,1073741823,1073741823:j7
1073741823,1073741823,1073741823,1073741823,1073741823,1069547519,1054801919,1064730623,1073070079,1066795007,1072557055,1073676287,1073741823,1073741823,1073741823:j7
1073741823,1073741823,1073741823,1073741823,1073741823,1069547519,1054801919,1064730623,1073069055,1066795007,1072558079,1073676287,1073741823,1073741823,1073741823:j6
1073741823,1073741823,1073741823,1073741823,1073741823,1069547519,1054800895,1064730623,1073070079,1066795007,1072558079,1073676287,1073741823,1073741823,1073741823:j6
1073741823,1073741823,1073741823,1073741823,1073741823,1069547519,1054801919,1064730623,1073070079,1066795007,1072295935,1073676287,1073741823,1073741823,1073741823:j6
1073741823,1073741823,1073741823,1073741823,1073741823,1069547519,1054801919,1064730623,1073070079,1066795007,1072541695,1073676287,1073741823,1073741823,1073741823:j6
1073741823,1073741823,1073741823,1073741823,1073741823,1069547519,1054801919,1064730623,1073070079,1066790911,1072558079,1073676287,1073741823,1073741823,1073741823:j7
1073741823,1073741823,1073741823,1073741823,1073741823,1069543423,1054801919,1064730623,1073070079,1066795007,1072558079,1073676287,1073741823,1073741823,1073741823:j6
1073741823,1073741823,1073741823,1073741823,1073741823,1068498943,1054801919,1064730623,1073070079,1066795007,1072558079,1073676287,1073741823,1073741823,1073741823:j7
1073741823,1073741823,1073741823,1073741823,1073741823,1069547519,1054801919,1063682047,1073070079,1066795007,1072558079,1073676287,1073741823,1073741823,1073741823:j6
1073741823,1073741823,1073741823,1073741823,1073737727,1069547519,1054801919,1064730623,1073070079,1066795007,1072558079,1073676287,1073741823,1073741823,1073741823:j6
1073741823,1073741823,1073741823,1073741823,1073676287,1069547519,1054801919,1064730623,1073070079,1066795007,1072558079,1073676287,1073741823,1073741823,1073741823:j7
1073741823,1073741823,1073741823,1073741823,1073741823,1069481983,1054801919,1064730623,1073070079,1066795007,1072558079,1073676287,1073741823,1073741823,1073741823:m9
1073741823,1073741823,1073741823,1073741823,1072693247,1069547519,1054801919,1064730623,1073070079,1066795007,1072558079,1073676287,1073741823,1073741823,1073741823:j7
1073741823,1073741823,1073741823,1073741823,1073741823,1069547519,1054539775,1064730623,1073070079,1066795007,1072558079,1073676287,1073741823,1073741823,1073741823:k9
1073741823,1073741823,1073741823,1073741823,1073741823,1069547519,1054801919,1064730623,1072021503,1066795007,1072558079,1073676287,1073741823,1073741823,1073741823:j6
1073741823,1073741823,1073741823,1073741823,1073741823,1069547519,1054801919,1064730623,1073070079,1066793983,1072558079,1073676287,1073741823,1073741823,1073741823:j6
1073741823,1073741823,1073741823,1073741823,1073741823,1069547519,1054801919,1064730623,1073065983,1066795007,1072558079,1073676287,1073741823,1073741823,1073741823:j6
1073741823,1073741823,1073741823,1073741823,1073741823,1069547519,1054801919,1064729599,1073070079,1066795007,1072558079,1073676287,1073741823,1073741823,1073741823:j6
1073741823,1073741823,1073741823,1073741823,1073741823,1069547519,1054801919,1064726527,1073070079,1066795007,1072558079,1073676287,1073741823,1073741823,1073741823:j6
1073741823,1073741823,1073741823,1073741823,1073741823,1069546495,1054801919,1064730623,1073070079,1066795007,1072558079,1073676287,1073741823,1073741823,1073741823:j6
1073741823,1073741823,1073741823,1073741823,1073741823,1069547519,1054797823,1064730623,1073070079,1066795007,1072558079,1073676287,1073741823,1073741823,1073741823:j6
1073741823,1073741823,1073741823,1073741823,1073741823,1069531135,1054801919,1064730623,1073070079,1066795007,1072558079,1073676287,1073741823,1073741823,1073741823:j6
1073741823,1073741823,1073741823,1073741823,1073741823,1069547519,1054785535,1064730623,1073070079,1066795007,1072558079,1073676287,1073741823,1073741823,1073741823:j6
1073741823,1073741823,1073741823,1073741823,1073741823,1069285375,1054801919,1064730623,1073070079,1066795007,1072558079,1073676287,1073741823,1073741823,1073741823:j11
1073741823,1073741823,1073741823,1073741823,1073741823,1069547519,1054801919,1064730623,1073070079,1066778623,1072558079,1073676287,1073741823,1073741823,1073741823:j6
1073741823,1073741823,1073741823,1073741823,1073741823,1069547519,1067384831,1064730623,1073594367,1066795007,1072558079,1073676287,1073741823,1073741823,1073741823:k9
1073741823,1073741823,1073741823,1073741823,1073741823,1069547519,1071579135,1064730623,1056817151,1066795007,1072558079,1073676287,1073741823,1073741823,1073741823:k9
1073741823,1073741823,1073741823,1073741823,1073741823,1069547519,1071579135,1064730623,1073594367,1066795007,1072557055,1073676287,1073741823,1073741823,1073741823:k9
1073741823,1073741823,1073741823,1073741823,1073741823,1069547519,1071579135,1064730623,1073593343,1066795007,1072558079,1073676287,1073741823,1073741823,1073741823:k9
1073741823,1073741823,1073741823,1073741823,1073741823,1069547519,1071578111,1064730623,1073594367,1066795007,1072558079,1073676287,1073741823,1073741823,1073741823:k9
1073741823,1073741823,1073741823,1073741823,1073741823,1069547519,1071579135,1064730623,1073594367,1066795007,1072295935,1073676287,1073741823,1073741823,1073741823:k9
1073741823,1073741823,1073741823,1073741823,1073741823,1069547519,1071579135,1064730623,1073594367,1066795007,1072541695,1073676287,1073741823,1073741823,1073741823:k9
1073741823,1073741823,1073741823,1073741823,1073741823,1069547519,1071579135,1064730623,1073594367,1066790911,1072558079,1073676287,1073741823,1073741823,1073741823:k9
1073741823,1073741823,1073741823,1073741823,1073741823,1069543423,1071579135,1064730623,1073594367,1066795007,1072558079,1073676287,1073741823,1073741823,1073741823:k9
1073741823,1073741823,1073741823,1073741823,1073741823,1068498943,1071579135,1064730623,1073594367,1066795007,1072558079,1073676287,1073741823,1073741823,1073741823:k9
1073741823,1073741823,1073741823,1073741823,1073741823,1069547519,1071579135,1063682047,1073594367,1066795007,1072558079,1073676287,1073741823,1073741823,1073741823:k9
1073741823,1073741823,1073741823,1073741823,1073741823,1069547519,1071579135,1064730623,1073332223,1066795007,1072558079,1073676287,1073741823,1073741823,1073741823:k9
1073741823,1073741823,1073741823,1073741823,1073737727,1069547519,1071579135,1064730623,1073594367,1066795007,1072558079,1073676287,1073741823,1073741823,1073741823:k9
1073741823,1073741823,1073741823,1073741823,1073676287,1069547519,1071579135,1064730623,1073594367,1066795007,1072558079,1073676287,1073741823,1073741823,1073741823:k9
1073741823,1073741823,1073741823,1073741823,1073741823,1069481983,1071579135,1064730623,1073594367,1066795007,1072558079,1073676287,1073741823,1073741823,1073741823:k9
1073741823,1073741823,1073741823,1073741823,1072693247,1069547519,1071579135,1064730623,1073594367,1066795007,1072558079,1073676287,1073741823,1073741823,1073741823:k9
1073741823,1073741823,1073741823,1073741823,1073741823,1069547519,1071316991,1064730623,1073594367,1066795007,1072558079,1073676287,1073741823,1073741823,1073741823:k9
1073741823,1073741823,1073741823,1073741823,1073741823,1069547519,1071579135,1064730623,1072545791,1066795007,1072558079,1073676287,1073741823,1073741823,1073741823:i5
1073741823,1073741823,1073741823,1073741823,1073594367,1069547519,1071579135,1064730623,1072545791,1066795007,1072558079,1073676287,1073741823,1073741823,1073741823:j6
1073741823,1073741823,1073737727,1073741823,1073610751,1069547519,1071579135,1064730623,1072545791,1066795007,1072558079,1073676287,1073741823,1073741823,1073741823:j6
1073741823,1073741823,1073741823,1073725439,1073610751,1069547519,1071579135,1064730623,1072545791,1066795007,1072558079,1073676287,1073741823,1073741823,1073741823:j6
1073741823,1073741823,1073676287,1073741823,1073610751,1069547519,1071579135,1064730623,1072545791,1066795007,1072558079,1073676287,1073741823,1073741823,1073741823:j6
1073741823,1073741823,1073741823,1073676287,1073610751,1069547519,1071579135,1064730623,1072545791,1066795007,1072558079,1073676287,1073741823,1073741823,1073741823:j6
1073741823,1073741823,1072693247,1073741823,1073610751,1069547519,1071579135,1064730623,1072545791,1066795007,1072558079,1073676287,1073741823,1073741823,1073741823:j6
1073741823,1073741823,1073741823,1073741823,1073348607,1069547519,1071579135,1064730623,1072545791,1066795007,1072558079,1073676287,1073741823,1073741823,1073741823:j6
1073741823,1073741823,1073741823,1073741823,1073610751,1069547519,1071579135,1064730623,1072545791,999686143,1072558079,1073676287,1073741823,1073741823,1073741823:j6
1073741823,1073741823,1073741823,1073741823,1073610751,1069547519,1071579135,1064730623,1072545791,1066795007,1072558079,1006567423,1073741823,1073741823,1073741823:j6
1073741823,1073741823,1073741823,1073741823,1073610751,1069547519,1071579135,1047953407,1072545791,1066795007,1072558079,1073676287,1073741823,1073741823,1073741823:j6
1073741823,1073741823,1073741823,1073741823,1073610751,1069547519,1071579135,1064730623,1068351487,1066795007,1072558079,1073676287,1073741823,1073741823,1073741823:j6
1073741823,1073741823,1073741823,1073741823,1073610751,1069547519,1071579135,1064730623,1072545791,1050017791,1072558079,1073676287,1073741823,1073741823,1073741823:j6
1073741823,1073741823,1073741823,1073741823,1073610751,1069547519,1071579135,1064730623,1072545791,1066795007,1072558079,1056899071,1073741823,1073741823,1073741823:j6
1073741823,1073741823,1073741823,1073741823,1073610751,1069547519,1071579135,1064730623,1072545791,1066795007,1072558079,1073676287,1073741823,1073737727,1073741823:j6
1073741823,1073741823,1073741823,1073741823,1073610751,1069547519,1071579135,1064730623,1072545791,1066795007,1072558079,1073676287,1073725439,1073741823,1073741823:j6
1073741823,1073741823,1073741823,1073741823,1073610751,1069547519,1071579135,1064730623,1072545791,1066795007,1072558079,1073676287,1073741823,1072693247,1073741823:j6
1073741823,1073741823,1073741823,1073741823,1073610751,1069547519,1071579135,1064730623,1072545791,1066795007,1072558079,1073676287,1073479679,1073741823,1073741823:j6
1073741823,1073741823,1073741823,1073741823,1073610751,1069547519,1071579135,1064730623,1072545791,1066795007,1072558079,1073676287,1073741823,1073676287,1073741823:j6
1073741823,1073741823,1073741823,1073741823,1073610751,1069547519,1071579135,1064730623,1072545791,1066795007,1072558079,1073676287,1073741567,1073741823,1073741823:j6
1073741823,1073741823,1073741823,1073741823,1073610751,1069547519,1071579135,1064730623,1072545791,1066795007,1072558079,1073675263,1073741823,1073741823,1073741823:j6
1073741823,1073741823,1073741823,1073741823,1073610751,1069547519,1071579135,1064730623,1072545791,1066795007,1072557823,1073676287,1073741823,1073741823,1073741823:j6
1073741823,1073741823,1073741823,1073741823,1073610751,1069547519,1071579135,1064730623,1072545535,1066795007,1072558079,1073676287,1073741823,1073741823,1073741823:j6
1073741823,1073741823,1073741823,1073741823,1073610751,1069547519,1071579135,1064730623,1072545791,1066795007,1072558079,1073672191,1073741823,1073741823,1073741823:j6
1073741823,1073741823,1073741823,1073741823,1073610751,1069547519,1071579135,1064730623,1072545791,1066795007,1072558079,1073676287,1073737727,1073741823,1073741823:j6
1073741823,1073741823,1073741823,1073741823,1073610751,1069547519,1071579135,1064730623,1072545791,1066795007,1072558079,1073676287,1073676287,1073741823,1073741823:j6
1073741823,1073741823,1073741823,1073741823,1073610751,1069547519,1071579135,1064730623,1072545791,1066795007,1055780863,1073676287,1073741823,1073741823,1073741823:j6
1073741823,1073741823,1073741823,1073741823,1073610751,1069547519,1071579135,1064730623,1072545791,1066795007,1068363775,1073676287,1073741823,1073741823,1073741823:j6
1073741823,1073741823,1073741823,1073741823,1073610751,1069547519,1071579135,1064730623,1072545791,1066795007,1072558079,1073676287,1056964607,1073741823,1073741823:j6
1073741823,1073741823,1073741823,1073741823,1073610751,1069547519,1071579135,1064730623,1072545791,1066795007,1072558079,1073676287,1072693247,1073741823,1073741823:j6
1073741823,1073741823,1073741823,1073741823,1073610751,1069547519,1071579135,1064730623,1072545791,1066795007,1072558079,1072627711,1073741823,1073741823,1073741823:j6
1073741823,1073741823,1073741823,1073741823,1073610751,1069547519,1071579135,1064730623,1072545791,1066795007,1072558079,1073659903,1073741823,1073741823,1073741823:j6
1073741823,1073741823,1073741823,1073741823,1073610751,1069547519,1071579135,1064730623,1072545791,1066795007,1072558079,1069481983,1073741823,1073741823,1073741823:j6
1073741823,1073741823,1073741823,1073741823,1073610751,1069547519,1071579135,1064730623,1072545791,1066795007,1072558079,1073414143,1073741823,1073741823,1073741823:j6
1073741823,1073741823,1073741823,1073479679,1073610751,1069547519,1071579135,1064730623,1072545791,1066795007,1072558079,1073676287,1073741823,1073741823,1073741823:j6
1073741823,1073741823,1073741823,1069547519,1073610751,1069547519,1071579135,1064730623,1072545791,1066795007,1072558079,1073676287,1073741823,1073741823,1073741823:j6
1073741823,1073741823,1073741823,1073741823,1069416447,1069547519,1071579135,1064730623,1072545791,1066795007,1072558079,1073676287,1073741823,1073741823,1073741823:j6
1073741823,1073741823,1073741823,1006632959,1073610751,1069547519,1071579135,1064730623,1072545791,1066795007,1072558079,1073676287,1073741823,1073741823,1073741823:j6
1073741823,1073741823,1073741823,1073741823,1073610751,1002438655,1071579135,1064730623,1072545791,1066795007,1072558079,1073676287,1073741823,1073741823,1073741823:j6
1073741823,1073741823,1073741823,1073741823,1073610751,1052770303,1071579135,1064730623,1072545791,1066795007,1072558079,1073676287,1073741823,1073741823,1073741823:j6
1073741823,1073741823,1073741823,1073741823,1073610751,1069547519,1071579135,997621759,1072545791,1066795007,1072558079,1073676287,1073741823,1073741823,1073741823:j6
1073741823,1073741823,1073741823,1073741823,1056833535,1069547519,1071579135,1064730623,1072545791,1066795007,1072558079,1073676287,1073741823,1073741823,1073741823:j6
1073741823,1073741823,1073741823,1073741823,1073610751,1069547519,1054801919,1064730623,1072545791,1066795007,1072558079,1073676287,1073741823,1073741823,1073741823:j6
1073741823,1073741823,1073741823,1073741823,1073610751,1069547519,1067384831,1064730623,1072545791,1066795007,1072558079,1073676287,1073741823,1073741823,1073741823:j6
1073741823,1073741823,1073741823,1073741823,1073610751,1069547519,1071579135,1064730623,1055768575,1066795007,1072558079,1073676287,1073741823,1073741823,1073741823:j6
1073741823,1073741823,1073741823,1073741823,1073610751,1069547519,1071579135,1064730623,1072545791,1066795007,1072557055,1073676287,1073741823,1073741823,1073741823:j6
1073741823,1073741823,1073741823,1073741823,1073610751,1069547519,1071579135,1064730623,1072544767,1066795007,1072558079,1073676287,1073741823,1073741823,1073741823:j6
1073741823,1073741823,1073741823,1073741823,1073610751,1069547519,1071578111,1064730623,1072545791,1066795007,1072558079,1073676287,1073741823,1073741823,1073741823:j6
1073741823,1073741823,1073741823,1073741823,1073610751,1069547519,1071579135,1064730623,1072545791,1066795007,1072295935,1073676287,1073741823,1073741823,1073741823:j6
1073741823,1073741823,1073741823,1073741823,1073610751,1069547519,1071579135,1064730623,1072545791,1066795007,1072541695,1073676287,1073741823,1073741823,1073741823:j6
1073741823,1073741823,1073741823,1073741823,1073610751,1069547519,1071579135,1064730623,1072545791,1066790911,1072558079,1073676287,1073741823,1073741823,1073741823:j6
1073741823,1073741823,1073741823,1073741823,1073610751,1069543423,1071579135,1064730623,1072545791,1066795007,1072558079,1073676287,1073741823,1073741823,1073741823:j6
1073741823,1073741823,1073741823,1073741823,1073610751,1068498943,1071579135,1064730623,1072545791,1066795007,1072558079,1073676287,1073741823,1073741823,1073741823:j6
1073741823,1073741823,1073741823,1073741823,1073610751,1069547519,1071579135,1063682047,1072545791,1066795007,1072558079,1073676287,1073741823,1073741823,1073741823:j6
1073741823,1073741823,1073741823,1073741823,1073610751,1069547519,1071579135,1064730623,1072283647,1066795007,1072558079,1073676287,1073741823,1073741823,1073741823:j6
1073741823,1073741823,1073741823,1073741823,1073606655,1069547519,1071579135,1064730623,1072545791,1066795007,1072558079,1073676287,1073741823,1073741823,1073741823:j6
1073741823,1073741823,1073741823,1073741823,1073610751,1069481983,1071579135,1064730623,1072545791,1066795007,1072558079,1073676287,1073741823,1073741823,1073741823:j6
1073741823,1073741823,1073741823,1073741823,1072562175,1069547519,1071579135,1064730623,1072545791,1066795007,1072558079,1073676287,1073741823,1073741823,1073741823:j6
1073741823,1073741823,1073741823,1073741823,1073610751,1069547519,1071316991,1064730623,1072545791,1066795007,1072558079,1073676287,1073741823,1073741823,1073741823:j6
1073741823,1073741823,1073741823,1073741823,1073610751,1069547519,1071579135,1064730623,1072545791,1066793983,1072558079,1073676287,1073741823,1073741823,1073741823:j6
1073741823,1073741823,1073741823,1073741823,1073610751,1069547519,1071579135,1064730623,1072541695,1066795007,1072558079,1073676287,1073741823,1073741823,1073741823:j6
1073741823,1073741823,1073741823,1073741823,1073610751,1069547519,1071579135,1064729599,1072545791,1066795007,1072558079,1073676287,1073741823,1073741823,1073741823:j6
1073741823,1073741823,1073741823,1073741823,1073610751,1069547519,1071579135,1064726527,1072545791,1066795007,1072558079,1073676287,1073741823,1073741823,1073741823:j6
1073741823,1073741823,1073741823,1073741823,1073610751,1069546495,1071579135,1064730623,1072545791,1066795007,1072558079,1073676287,1073741823,1073741823,1073741823:j6
1073741823,1073741823,1073741823,1073741823,1073610751,1069547519,1071575039,1064730623,1072545791,1066795007,1072558079,1073676287,1073741823,1073741823,1073741823:j6
1073741823,1073741823,1073741823,1073741823,1073610751,1069531135,1071579135,1064730623,1072545791,1066795007,1072558079,1073676287,1073741823,1073741823,1073741823:j6
1073741823,1073741823,1073741823,1073741823,1073610751,1069547519,1071562751,1064730623,1072545791,1066795007,1072558079,1073676287,1073741823,1073741823,1073741823:j6
1073741823,1073741823,1073741823,1073741823,1073610751,1069285375,1071579135,1064730623,1072545791,1066795007,1072558079,1073676287,1073741823,1073741823,1073741823:g7
1073741823,1073741823,1073741823,1073741823,1073610751,1069547519,1071579135,1064730623,1072545791,1066778623,1072558079,1073676287,1073741823,1073741823,1073741823:j6
1073741823,1073741823,1073741823,1073741823,1073741823,1069547519,1071579135,1064730623,1073594367,1066793983,1072558079,1073676287,1073741823,1073741823,1073741823:k9
1073741823,1073741823,1073741823,1073741823,1073741823,1069547519,1071579135,1064730623,1073590271,1066795007,1072558079,1073676287,1073741823,1073741823,1073741823:k9
1073741823,1073741823,1073741823,1073741823,1073741823,1069547519,1071579135,1064729599,1073594367,1066795007,1072558079,1073676287,1073741823,1073741823,1073741823:k9
1073741823,1073741823,1073741823,1073741823,1073741823,1069547519,1071579135,1064726527,1073594367,1066795007,1072558079,1073676287,1073741823,1073741823,1073741823:k9
1073741823,1073741823,1073741823,1073741823,1073741823,1069546495,1071579135,1064730623,1073594367,1066795007,1072558079,1073676287,1073741823,1073741823,1073741823:k9
1073741823,1073741823,1073741823,1073741823,1073741823,1069547519,1071575039,1064730623,1073594367,1066795007,1072558079,1073676287,1073741823,1073741823,1073741823:k9
1073741823,1073741823,1073741823,1073741823,1073741823,1069531135,1071579135,1064730623,1073594367,1066795007,1072558079,1073676287,1073741823,1073741823,1073741823:k9
1073741823,1073741823,1073741823,1073741823,1073741823,1069547519,1071562751,1064730623,1073594367,1066795007,1072558079,1073676287,1073741823,1073741823,1073741823:k9
1073741823,1073741823,1073741823,1073741823,1073741823,1069285375,1071579135,1064730623,1073594367,1066795007,1072558079,1073676287,1073741823,1073741823,1073741823:k9
1073741823,1073741823,1073741823,1073741823,1073741823,1069547519,1071579135,1064730623,1073594367,1066778623,1072558079,1073676287,1073741823,1073741823,1073741823:k9
1073741823,1073741823,1073741823,1073741823,1073741823,1069547519,1071579135,1073119231,1073332223,1070989311,1072558079,1073676287,1073741823,1073741823,1073741823:h10
1073741823,1073741823,1073741823,1073741823,1073737727,1069547519,1071579135,1073119231,1073594367,1070989311,1072558079,1073676287,1073741823,1073741823,1073741823:h10
1073741823,1073741823,1073741823,1073741823,1073676287,1069547519,1071579135,1073119231,1073594367,1070989311,1072558079,1073676287,1073741823,1073741823,1073741823:h10
1073741823,1073741823,1073741823,1073741823,1073741823,1069481983,1071579135,1073119231,1073594367,1070989311,1072558079,1073676287,1073741823,1073741823,1073741823:h10
1073741823,1073741823,1073741823,1073741823,1072693247,1069547519,1071579135,1073119231,1073594367,1070989311,1072558079,1073676287,1073741823,1073741823,1073741823:h10
1073741823,1073741823,1073741823,1073741823,1073741823,1069547519,1071316991,1073119231,1073594367,1070989311,1072558079,1073676287,1073741823,1073741823,1073741823:h10
1073741823,1073741823,1073741823,1073741823,1073741823,1069547519,1071579135,1073119231,1072545791,1070989311,1072558079,1073676287,1073741823,1073741823,1073741823:h10
1073741823,1073741823,1073741823,1073741823,1073741823,1069547519,1071579135,1073119231,1073594367,1070988287,1072558079,1073676287,1073741823,1073741823,1073741823:h10
1073741823,1073741823,1073741823,1073741823,1073741823,1069547519,1071579135,1073119231,1073590271,1070989311,1072558079,1073676287,1073741823,1073741823,1073741823:h10
1073741823,1073741823,1073741823,1073741823,1073741823,1069547519,1071579135,1073118207,1073594367,1070989311,1072558079,1073676287,1073741823,1073741823,1073741823:h10
1073741823,1073741823,1073741823,1073741823,1073741823,1069547519,1071579135,1073115135,1073594367,1070989311,1072558079,1073676287,1073741823,1073741823,1073741823:h10
1073741823,1073741823,1073741823,1073741823,1073741823,1069546495,1071579135,1073119231,1073594367,1070989311,1072558079,1073676287,1073741823,1073741823,1073741823:h10
1073741823,1073741823,1073741823,1073741823,1073741823,1069547519,1071575039,1073119231,1073594367,1070989311,1072558079,1073676287,1073741823,1073741823,1073741823:h10
1073741823,1073741823,1073741823,1073741823,1073741823,1069531135,1071579135,1073119231,1073594367,1070989311,1072558079,1073676287,1073741823,1073741823,1073741823:h10
1073741823,1073741823,1073741823,1073741823,1073741823,1069547519,1071562751,1073119231,1073594367,1070989311,1072558079,1073676287,1073741823,1073741823,1073741823:h10
1073741823,1073741823,1073741823,1073741823,1073741823,1069285375,1071579135,1073119231,1073594367,1070989311,1072558079,1073676287,1073741823,1073741823,1073741823:h10
1073741823,1073741823,1073741823,1073741823,1073741823,1069547519,1071579135,1073119231,1073594367,1070972927,1072558079,1073676287,1073741823,1073741823,1073741823:j7
1073741823,1073741823,1073741823,1073741823,1073725439,1069547519,1071054847,1073119231,1073594367,1070972927,1072558079,1073676287,1073741823,1073741823,1073741823:j9
1073741823,1073741823,1073741823,1073741823,1073479679,1069547519,1071054847,1073119231,1073594367,1070972927,1072558079,1073676287,1073741823,1073741823,1073741823:j9
1073741823,1073741823,1073741823,1073741823,1073741823,1069547519,1071054847,1056342015,1073594367,1070972927,1072558079,1073676287,1073741823,1073741823,1073741823:j9
1073741823,1073741823,1073741823,1073741823,1073741823,1069547519,1071054847,1073119231,1069400063,1070972927,1072558079,1073676287,1073741823,1073741823,1073741823:j9
1073741823,1073741823,1073741823,1073741823,1073741823,1069547519,1071054847,1073119231,1073594367,1054195711,1072558079,1073676287,1073741823,1073741823,1073741823:j9
1073741823,1073741823,1073741823,1073741823,1073741823,1069547519,1071054847,1073119231,1073594367,1070972927,1072558079,1056899071,1073741823,1073741823,1073741823:j9
1073741823,1073741823,1073741823,1073741823,1073741823,1069547519,1071054847,1073119231,1073594367,1070972927,1072558079,1073676287,1073741823,1073737727,1073741823:j9
1073741823,1073741823,1073741823,1073741823,1073741823,1069547519,1071054847,1073119231,1073594367,1070972927,1072558079,1073676287,1073725439,1073741823,1073741823:j9
1073741823,1073741823,1073741823,1073741823,1073741823,1069547519,1071054847,1073119231,1073594367,1070972927,1072558079,1073676287,1073741823,1072693247,1073741823:j9
1073741823,1073741823,1073741823,1073741823,1073741823,1069547519,1071054847,1073119231,1073594367,1070972927,1072558079,1073676287,1073479679,1073741823,1073741823:j9
1073741823,1073741823,1073741823,1073741823,1073741823,1069547519,1071054847,1073119231,1073594367,1070972927,1072558079,1073676287,1073741823,1073676287,1073741823:j9
1073741823,1073741823,1073741823,1073741823,1073741823,1069547519,1071054847,1073119231,1073594367,1070972927,1072558079,1073676287,1073741567,1073741823,1073741823:j9
1073741823,1073741823,1073741823,1073741823,1073741823,1069547519,1071054847,1073119231,1073594367,1070972927,1072558079,1073675263,1073741823,1073741823,1073741823:j9
1073741823,1073741823,1073741823,1073741823,1073741823,1069547519,1071054847,1073119231,1073594367,1070972927,1072557823,1073676287,1073741823,1073741823,1073741823:j9
1073741823,1073741823,1073741823,1073741823,1073741823,1069547519,1071054847,1073119231,1073594111,1070972927,1072558079,1073676287,1073741823,1073741823,1073741823:j9
1073741823,1073741823,1073741823,1073741823,1073741823,1069547519,1071054847,1073119231,1073594367,1070972927,1072558079,1073672191,1073741823,1073741823,1073741823:j9
1073741823,1073741823,1073741823,1073741823,1073741823,1069547519,1071054847,1073119231,1073594367,1070972927,1072558079,1073676287,1073737727,1073741823,1073741823:j9
1073741823,1073741823,1073741823,1073741823,1073741823,1069547519,1071054847,1073119231,1073594367,1070972927,1072558079,1073676287,1073676287,1073741823,1073741823:j9
1073741823,1073741823,1073741823,1073741823,1073741823,1069547519,1071054847,1073119231,1073594367,1070972927,1055780863,1073676287,1073741823,1073741823,1073741823:j9
1073741823,1073741823,1073741823,1073741823,1073741823,1069547519,1071054847,1073119231,1073594367,1070972927,1068363775,1073676287,1073741823,1073741823,1073741823:j9
1073741823,1073741823,1073741823,1073741823,1073741823,1069547519,1071054847,1073119231,1073594367,1070972927,1072558079,1073676287,1056964607,1073741823,1073741823:j9
1073741823,1073741823,1073741823,1073741823,1073741823,1069547519,1071054847,1073119231,1073594367,1070972927,1072558079,1073676287,1072693247,1073741823,1073741823:j9
1073741823,1073741823,1073741823,1073741823,1073741823,1069547519,1071054847,1073119231,1073594367,1070972927,1072558079,1072627711,1073741823,1073741823,1073741823:j9
1073741823,1073741823,1073741823,1073741823,1073741823,1069547519,1071054847,1073119231,1073594367,1070972927,1072558079,1073659903,1073741823,1073741823,1073741823:j9
1073741823,1073741823,1073741823,1073741823,1073741823,1069547519,1071054847,1073119231,1073594367,1070972927,1072558079,1069481983,1073741823,1073741823,1073741823:j9
1073741823,1073741823,1073741823,1073741823,1073741823,1069547519,1071054847,1073119231,1073594367,1070972927,1072558079,1073414143,1073741823,1073741823,1073741823:j9
1073741823,1073741823,1073741823,1073479679,1073741823,1069547519,1071054847,1073119231,1073594367,1070972927,1072558079,1073676287,1073741823,1073741823,1073741823:j9
1073741823,1073741823,1073741823,1069547519,1073741823,1069547519,1071054847,1073119231,1073594367,1070972927,1072558079,1073676287,1073741823,1073741823,1073741823:j9
1073741823,1073741823,1073741823,1073741823,1069547519,1069547519,1071054847,1073119231,1073594367,1070972927,1072558079,1073676287,1073741823,1073741823,1073741823:j9
1073741823,1073741823,1073741823,1006632959,1073741823,1069547519,1071054847,1073119231,1073594367,1070972927,1072558079,1073676287,1073741823,1073741823,1073741823:j9
1073741823,1073741823,1073741823,1073741823,1073741823,1002438655,1071054847,1073119231,1073594367,1070972927,1072558079,1073676287,1073741823,1073741823,1073741823:j9
1073741823,1073741823,1073741823,1073741823,1073741823,1052770303,1071054847,1073119231,1073594367,1070972927,1072558079,1073676287,1073741823,1073741823,1073741823:j9
1073741823,1073741823,1073741823,1073741823,1073741823,1069547519,1071054847,1006010367,1073594367,1070972927,1072558079,1073676287,1073741823,1073741823,1073741823:j9
1073741823,1073741823,1073741823,1073741823,1056964607,1069547519,1071054847,1073119231,1073594367,1070972927,1072558079,1073676287,1073741823,1073741823,1073741823:j9
1073741823,1073741823,1073741823,1073741823,1073741823,1069547519,1054277631,1073119231,1073594367,1070972927,1072558079,1073676287,1073741823,1073741823,1073741823:j9
1073741823,1073741823,1073741823,1073741823,1073741823,1069547519,1066860543,1073119231,1073594367,1070972927,1072558079,1073676287,1073741823,1073741823,1073741823:j9
1073741823,1073741823,1073741823,1073741823,1073741823,1069547519,1071054847,1073119231,1056817151,1070972927,1072558079,1073676287,1073741823,1073741823,1073741823:j9
1073741823,1073741823,1073741823,1073741823,1073741823,1069547519,1071054847,1073119231,1073594367,1070972927,1072557055,1073676287,1073741823,1073741823,1073741823:j9
1073741823,1073741823,1073741823,1073741823,1073741823,1069547519,1071054847,1073119231,1073593343,1070972927,1072558079,1073676287,1073741823,1073741823,1073741823:j9
1073741823,1073741823,1073741823,1073741823,1073741823,1069547519,1071053823,1073119231,1073594367,1070972927,1072558079,1073676287,1073741823,1073741823,1073741823:j9
1073741823,1073741823,1073741823,1073741823,1073741823,1069547519,1071054847,1073119231,1073594367,1070972927,1072295935,1073676287,1073741823,1073741823,1073741823:j6
1073741823,1073741823,1073741823,1073741823,1073741823,1069547519,1071054847,1073119231,1073594367,1070972927,1072541695,1073676287,1073741823,1073741823,1073741823:j9
1073741823,1073741823,1073741823,1073741823,1073741823,1069547519,1071054847,1073119231,1073594367,1070968831,1072558079,1073676287,1073741823,1073741823,1073741823:j9
1073741823,1073741823,1073741823,1073741823,1073741823,1069543423,1071054847,1073119231,1073594367,1070972927,1072558079,1073676287,1073741823,1073741823,1073741823:j9
1073741823,1073741823,1073741823,1073741823,1073741823,1068498943,1071054847,1073119231,1073594367,1070972927,1072558079,1073676287,1073741823,1073741823,1073741823:j9
1073741823,1073741823,1073741823,1073741823,1073741823,1069547519,1071054847,1068924927,1073594367,1070972927,1072558079,1073676287,1073741823,1073741823,1073741823:j9
1073741823,1073741823,1073741823,1073741823,1073741823,1069547519,1071054847,1072070655,1073594367,1070972927,1072558079,1073676287,1073741823,1073741823,1073741823:j9
1073741823,1073741823,1073741823,1073741823,1073741823,1069547519,1071054847,1073119231,1073594367,1066778623,1072558079,1073676287,1073741823,1073741823,1073741823:j9
1073741823,1073741823,1073741823,1073741823,1073741823,1069547519,1071054847,1073119231,1073332223,1070972927,1072558079,1073676287,1073741823,1073741823,1073741823:m10
1073741823,1073741823,1073741823,1073741823,1073737727,1069547519,1071054847,1073119231,1073594367,1070972927,1072558079,1073676287,1073741823,1073741823,1073741823:j9
1073741823,1073741823,1073741823,1073741823,1073676287,1069547519,1071054847,1073119231,1073594367,1070972927,1072558079,1073676287,1073741823,1073741823,1073741823:j9
1073741823,1073741823,1073741823,1073741823,1073741823,1069481983,1071054847,1073119231,1073594367,1070972927,1072558079,1073676287,1073741823,1073741823,1073741823:j9
1073741823,1073741823,1073741823,1073741823,1072693247,1069547519,1071054847,1073119231,1073594367,1070972927,1072558079,1073676287,1073741823,1073741823,1073741823:j9
1073741823,1073741823,1073741823,1073741823,1073741823,1069547519,1071054847,1073119231,1072545791,1070972927,1072558079,1073676287,1073741823,1073741823,1073741823:j9
1073741823,1073741823,1073741823,1073741823,1073741823,1069547519,1071054847,1073119231,1073594367,1070971903,1072558079,1073676287,1073741823,1073741823,1073741823:j9
1073741823,1073741823,1073741823,1073741823,1073741823,1069547519,1071054847,1073119231,1073590271,1070972927,1072558079,1073676287,1073741823,1073741823,1073741823:j9
1073741823,1073741823,1073741823,1073741823,1073741823,1069547519,1071054847,1073118207,1073594367,1070972927,1072558079,1073676287,1073741823,1073741823,1073741823:j9
1073741823,1073741823,1073741823,1073741823,1073741823,1069547519,1071054847,1073115135,1073594367,1070972927,1072558079,1073676287,1073741823,1073741823,1073741823:j9
1073741823,1073741823,1073741823,1073741823,1073741823,1069546495,1071054847,1073119231,1073594367,1070972927,1072558079,1073676287,1073741823,1073741823,1073741823:j9
1073741823,1073741823,1073741823,1073741823,1073741823,1069547519,1071050751,1073119231,1073594367,1070972927,1072558079,1073676287,1073741823,1073741823,1073741823:j9
1073741823,1073741823,1073741823,1073741823,1073741823,1069531135,1071054847,1073119231,1073594367,1070972927,1072558079,1073676287,1073741823,1073741823,1073741823:j9
1073741823,1073741823,1073741823,1073741823,1073741823,1069547519,1071038463,1073119231,1073594367,1070972927,1072558079,1073676287,1073741823,1073741823,1073741823:j9
1073741823,1073741823,1073741823,1073741823,1073741823,1069285375,1071054847,1073119231,1073594367,1070972927,1072558079,1073676287,1073741823,1073741823,1073741823:j9
