1073741823,1073741823,1073741823,1073741567,1073741823,1069547519,1071579135,1073119231,1073594367,1073086463,1072558079,1073741823,1073741823,1073741823,1073741823:h12
1073741823,1073741823,1073741823,1073741567,1073741823,1069547519,1071579135,1073119231,1073594367,1073086463,1072558079,1073709055,1073741823,1073740799,1073741823:i12
1073741823,1073741823,1073741823,1073741567,1073741823,1069547519,1071579135,1073119231,1073594367,1073086463,1072558079,1073709055,1073741823,1073479679,1073741823:i12
1073741823,1073741823,1073741823,1073741567,1073741823,1069547519,1071579135,1073119231,1073594367,1073086463,1072558079,1073709055,1073741823,1073725439,1073741823:i12
1073741823,1073741823,1073741823,1073741567,1073741823,1069547519,1071579135,1073119231,1073594367,1073086463,1072558079,1073709055,1073725439,1073741823,1073741823:i12
1073741823,1073741823,1073741823,1073741567,1073741823,1069547503,1071579135,1073119231,1073594367,1073086463,1072558079,1073709055,1073741823,1073741823,1073741823:i12
1073741823,1073741823,1073741823,1073741567,1073741759,1069547519,1071579135,1073119231,1073594367,1073086463,1072558079,1073709055,1073741823,1073741823,1073741823:i12
1073741823,1073741823,1073741823,1073741551,1073741823,1069547519,1071579135,1073119231,1073594367,1073086463,1072558079,1073709055,1073741823,1073741823,1073741823:i12
1073741823,1073741823,1073741823,1073741503,1073741823,1069547519,1071579135,1073119231,1073594367,1073086463,1072558079,1073709055,1073741823,1073741823,1073741823:i12
1073741823,1073741807,1073741823,1073741567,1073741823,1069547519,1071579135,1073119231,1073594367,1073086463,1072558079,1073709055,1073741823,1073741823,1073741823:i12
1073741823,1073741823,1073741759,1073741567,1073741823,1069547519,1071579135,1073119231,1073594367,1073086463,1072558079,1073709055,1073741823,1073741823,1073741823:i12
1073741823,1073741567,1073741823,1073741567,1073741823,1069547519,1071579135,1073119231,1073594367,1073086463,1072558079,1073709055,1073741823,1073741823,1073741823:i12
1073741823,1073741823,1073741567,1073741567,1073741823,1069547519,1071579135,1073119231,1073594367,1073086463,1072558079,1073709055,1073741823,1073741823,1073741823:i12
1073741823,1073737727,1073741823,1073741567,1073741823,1069547519,1071579135,1073119231,1073594367,1073086463,1072558079,1073709055,1073741823,1073741823,1073741823:i12
1073741823,1073741823,1073740799,1073741567,1073741823,1069547519,1071579135,1073119231,1073594367,1073086463,1072558079,1073709055,1073741823,1073741823,1073741823:i12
1073741823,1073741823,1073741823,1073737471,1073741823,1069547519,1071579135,1073119231,1073594367,1073086463,1072558079,1073709055,1073741823,1073741823,1073741823:i12
1073741823,1073741823,1073741823,1073740543,1073741823,1069547519,1071579135,1073119231,1073594367,1073086463,1072558079,1073709055,1073741823,1073741823,1073741823:i12
1073741823,1073741823,1073741823,1073741567,1073740799,1069547519,1071579135,1073119231,1073594367,1073086463,1072558079,1073709055,1073741823,1073741823,1073741823:k9
1073741823,1073741823,1073741823,1073741567,1073741823,1069547263,1071579135,1073119231,1073594367,1073086463,1072558079,1073709055,1073741823,1073741823,1073741823:i12
1073741823,1073741823,1073741823,1073741567,1073741567,1069547519,1071579135,1073119231,1073594367,1073086463,1072558079,1073709055,1073741823,1073741823,1073741823:i12
1073741823,1073741823,1073741823,1073741567,1073741823,1069547519,1071579135,1073119231,1073594367,1073086463,1072558079,1073709055,1073741567,1073741823,1073741823:i12
1073741823,1073741823,1073741823,1073741567,1073741823,1069547519,1071579135,1073119231,1073594367,1073086463,1072558079,1073708031,1073741823,1073741823,1073741823:i12
1073741823,1073741823,1073741823,1073741567,1073741823,1069547519,1071579135,1073119231,1073594367,1073086463,1072557823,1073709055,1073741823,1073741823,1073741823:i12
1073741823,1073741823,1073741823,1073741567,1073741823,1069547519,1071579135,1073119231,1073594111,1073086463,1072558079,1073709055,1073741823,1073741823,1073741823:i12
1073741823,1073741823,1073741823,1073741567,1073741823,1069547519,1071579135,1073119231,1073594367,1073086463,1072558079,1073704959,1073741823,1073741823,1073741823:k9
1073741823,1073741823,1073741823,1073741567,1073741823,1069547519,1071579135,1073119231,1073594367,1073086463,1072558079,1073709055,1073737727,1073741823,1073741823:i12
1073741823,1073741823,1073741823,1073741567,1073741823,1069547519,1071579135,1073119231,1073594367,1073086463,1072558079,1073643519,1073741823,1073741823,1073741823:k9
1073741823,1073741823,1073741823,1073741567,1073741823,1069547519,1071579135,1073119231,1073594367,1073086463,1072558079,1073709055,1073676287,1073741823,1073741823:k9
1073741823,1073741823,1073741823,1073741567,1073741823,1069547519,1071579135,1073119231,1073594367,1073086463,1055780863,1073709055,1073741823,1073741823,1073741823:i12
1073741823,1073741823,1073741823,1073741567,1073741823,1069547519,1071579135,1073119231,1073594367,1073086463,1068363775,1073709055,1073741823,1073741823,1073741823:i12
1073741823,1073741823,1073741823,1073741567,1073741823,1069547519,1071579135,1073119231,1073594367,1073086463,1072558079,1073709055,1056964607,1073741823,1073741823:i12
1073741823,1073741823,1073741823,1073741567,1073741823,1069547519,1071579135,1073119231,1073594367,1073086463,1072558079,1073709055,1072693247,1073741823,1073741823:k9
1073741823,1073741823,1073741823,1073741567,1073741823,1069547519,1071579135,1073119231,1073594367,1073086463,1072558079,1072660479,1073741823,1073741823,1073741823:k9
1073741823,1073741823,1073741823,1073741567,1073741823,1069547519,1071579135,1073119231,1073594367,1073086463,1072558079,1069514751,1073741823,1073741823,1073741823:i12
1073741823,1073741823,1073741823,1073741567,1073741823,1069547519,1071579135,1073119231,1073594367,1073086463,1072558079,1073446911,1073741823,1073741823,1073741823:k9
1073741823,1073741823,1073741823,1073479423,1073741823,1069547519,1071579135,1073119231,1073594367,1073086463,1072558079,1073709055,1073741823,1073741823,1073741823:i12
1073741823,1073741823,1073741823,1069547263,1073741823,1069547519,1071579135,1073119231,1073594367,1073086463,1072558079,1073709055,1073741823,1073741823,1073741823:i12
1073741823,1073741823,1073741823,1073741567,1069547519,1069547519,1071579135,1073119231,1073594367,1073086463,1072558079,1073709055,1073741823,1073741823,1073741823:k9
1073741823,1073741823,1073741823,1006632703,1073741823,1069547519,1071579135,1073119231,1073594367,1073086463,1072558079,1073709055,1073741823,1073741823,1073741823:i12
1073741823,1073741823,1073741823,1073741567,1073741823,1002438655,1071579135,1073119231,1073594367,1073086463,1072558079,1073709055,1073741823,1073741823,1073741823:i12
1073741823,1073741823,1073741823,1073741567,1073741823,1052770303,1071579135,1073119231,1073594367,1073086463,1072558079,1073709055,1073741823,1073741823,1073741823:i12
1073741823,1073741823,1073741823,1073741567,1073741823,1069547519,1071579135,1006010367,1073594367,1073086463,1072558079,1073709055,1073741823,1073741823,1073741823:i12
1073741823,1073741823,1073741823,1073741567,1056964607,1069547519,1071579135,1073119231,1073594367,1073086463,1072558079,1073709055,1073741823,1073741823,1073741823:i12
1073741823,1073741823,1073741823,1073741567,1073741823,1069547519,1054801919,1073119231,1073594367,1073086463,1072558079,1073709055,1073741823,1073741823,1073741823:i12
1073741823,1073741823,1073741823,1073741567,1073741823,1069547519,1067384831,1073119231,1073594367,1073086463,1072558079,1073709055,1073741823,1073741823,1073741823:i12
1073741823,1073741823,1073741823,1073741567,1073741823,1069547519,1071579135,1073119231,1056817151,1073086463,1072558079,1073709055,1073741823,1073741823,1073741823:i12
1073741823,1073741823,1073741823,1073741567,1073741823,1069547519,1071579135,1073119231,1073594367,1073086463,1072557055,1073709055,1073741823,1073741823,1073741823:k9
1073741823,1073741823,1073741823,1073741567,1073741823,1069547519,1071579135,1073119231,1073593343,1073086463,1072558079,1073709055,1073741823,1073741823,1073741823:i12
1073741823,1073741823,1073741823,1073741567,1073741823,1069547519,1071578111,1073119231,1073594367,1073086463,1072558079,1073709055,1073741823,1073741823,1073741823:i12
1073741823,1073741823,1073741823,1073741567,1073741823,1069547519,1071579135,1073119231,1073594367,1073086463,1072295935,1073709055,1073741823,1073741823,1073741823:i12
1073741823,1073741823,1073741823,1073741567,1073741823,1069547519,1071579135,1073119231,1073594367,1073086463,1072541695,1073709055,1073741823,1073741823,1073741823:i12
1073741823,1073741823,1073741823,1073741567,1073741823,1069547519,1071579135,1073119231,1073594367,1073082367,1072558079,1073709055,1073741823,1073741823,1073741823:k9
1073741823,1073741823,1073741823,1073741567,1073741823,1069543423,1071579135,1073119231,1073594367,1073086463,1072558079,1073709055,1073741823,1073741823,1073741823:k9
1073741823,1073741823,1073741823,1073741567,1073741823,1068498943,1071579135,1073119231,1073594367,1073086463,1072558079,1073709055,1073741823,1073741823,1073741823:k9
1073741823,1073741823,1073741823,1073741567,1073741823,1069547519,1071579135,1073119231,1073594367,1072037887,1072558079,1073709055,1073741823,1073741823,1073741823:k9
1073741823,1073741823,1073741823,1073741567,1073741823,1069547519,1071579135,1068924927,1073594367,1073086463,1072558079,1073709055,1073741823,1073741823,1073741823:i12
1073741823,1073741823,1073741823,1073741567,1073741823,1069547519,1071579135,1072070655,1073594367,1073086463,1072558079,1073709055,1073741823,1073741823,1073741823:i12
1073741823,1073741823,1073741823,1073741567,1073741823,1069547519,1071579135,1073119231,1073594367,1068892159,1072558079,1073709055,1073741823,1073741823,1073741823:i12
1073741823,1073741823,1073741823,1073741567,1073741823,1069547519,1071579135,1073119231,1073332223,1073086463,1072558079,1073709055,1073741823,1073741823,1073741823:i12
1073741823,1073741823,1073741823,1073741567,1073737727,1069547519,1071579135,1073119231,1073594367,1073086463,1072558079,1073709055,1073741823,1073741823,1073741823:i12
1073741823,1073741823,1073741823,1073741567,1073676287,1069547519,1071579135,1073119231,1073594367,1073086463,1072558079,1073709055,1073741823,1073741823,1073741823:k9
1073741823,1073741823,1073741823,1073741567,1073741823,1069481983,1071579135,1073119231,1073594367,1073086463,1072558079,1073709055,1073741823,1073741823,1073741823:i12
1073741823,1073741823,1073741823,1073741567,1072693247,1069547519,1071579135,1073119231,1073594367,1073086463,1072558079,1073709055,1073741823,1073741823,1073741823:i12
1073741823,1073741823,1073741823,1073741567,1073741823,1069547519,1071316991,1073119231,1073594367,1073086463,1072558079,1073709055,1073741823,1073741823,1073741823:k9
1073741823,1073741823,1073741823,1073741567,1073741823,1069547519,1071579135,1073119231,1072545791,1073086463,1072558079,1073709055,1073741823,1073741823,1073741823:i12
1073741823,1073741823,1073741823,1073741567,1073741823,1069547519,1071579135,1073119231,1073594367,1073085439,1072558079,1073709055,1073741823,1073741823,1073741823:i12
1073741823,1073741823,1073741823,1073741567,1073741823,1069547519,1071579135,1073119231,1073590271,1073086463,1072558079,1073709055,1073741823,1073741823,1073741823:i12
1073741823,1073741823,1073741823,1073741567,1073741823,1069547519,1071579135,1073118207,1073594367,1073086463,1072558079,1073709055,1073741823,1073741823,1073741823:i12
1073741823,1073741823,1073741823,1073741567,1073741823,1069547519,1071579135,1073115135,1073594367,1073086463,1072558079,1073709055,1073741823,1073741823,1073741823:i12
1073741823,1073741823,1073741823,1073741567,1073741823,1069546495,1071579135,1073119231,1073594367,1073086463,1072558079,1073709055,1073741823,1073741823,1073741823:i12
1073741823,1073741823,1073741823,1073741567,1073741823,1069547519,1071575039,1073119231,1073594367,1073086463,1072558079,1073709055,1073741823,1073741823,1073741823:i12
1073741823,1073741823,1073741823,1073741567,1073741823,1069531135,1071579135,1073119231,1073594367,1073086463,1072558079,1073709055,1073741823,1073741823,1073741823:i12
1073741823,1073741823,1073741823,1073741567,1073741823,1069547519,1071562751,1073119231,1073594367,1073086463,1072558079,1073709055,1073741823,1073741823,1073741823:k9
1073741823,1073741823,1073741823,1073741567,1073741823,1069285375,1071579135,1073119231,1073594367,1073086463,1072558079,1073709055,1073741823,1073741823,1073741823:i12
1073741823,1073741823,1073741823,1073741567,1073741823,1069547519,1071579135,1073119231,1073594367,1073070079,1072558079,1073709055,1073741823,1073741823,1073741823:i12
