1073741823,1073741823,1073741823,1073741823,1073741823,1073737727,1073151999,1066758143,1073741823,1073676287,1073741823,1073741823,1073741823,1073741823,1073741823:i6
1073741823,1073741823,1073741823,1072693247,1073741823,1073606655,1073151999,1066758143,1073741823,1073676287,1073741823,1073741823,1073741823,1073741823,1073741823:h5
1073741823,1073741823,1073741823,1073741567,1073741823,1073606655,1073151999,1066758143,1073741823,1073676287,1073741823,1073741823,1073741823,1073741823,1073741823:h5
1073741823,1073741823,1073741823,1073741823,1073740799,1073606655,1073151999,1066758143,1073741823,1073676287,1073741823,1073741823,1073741823,1073741823,1073741823:h5
1073741823,1073741823,1073741823,1073737727,1073741823,1073606655,1073151999,1066758143,1073741823,1073676287,1073741823,1073741823,1073741823,1073741823,1073741823:l9
1073741823,1073741823,1073741823,1073676287,1073741823,1073606655,1073151999,1066758143,1073741823,1073676287,1073741823,1073741823,1073741823,1073741823,1073741823:h5
1073741823,1073741823,1073741823,1073741823,1073725439,1073606655,1073151999,1066758143,1073741823,1073676287,1073741823,1073741823,1073741823,1073741823,1073741823:j6
1073741823,1073741823,1073741823,1073741823,1073479679,1073606655,1073151999,1066758143,1073741823,1073676287,1073741823,1073741823,1073741823,1073741823,1073741823:h5
1073741823,1073741823,1073741823,1073741823,1069547519,1073606655,1073151999,1066758143,1073741823,1073676287,1073741823,1073741823,1073741823,1073741823,1073741823:h5
1073741823,1073741823,1073741823,1073741823,1073741823,1006497791,1073151999,1066758143,1073741823,1073676287,1073741823,1073741823,1073741823,1073741823,1073741823:h5
1073741823,1073741823,1073741823,1073741823,1073741823,1073606655,1056374783,1066758143,1073741823,1073676287,1073741823,1073741823,1073741823,1073741823,1073741823:h5
1073741823,1073741823,1073741823,1073741823,1073741823,1073606655,1073151999,999649279,1073741823,1073676287,1073741823,1073741823,1073741823,1073741823,1073741823:h5
1073741823,1073741823,1073741823,1073741823,1073741823,1073606655,1073151999,1066758143,1073741823,1006567423,1073741823,1073741823,1073741823,1073741823,1073741823:h5
1073741823,1073741823,1073741823,1073741823,1073741823,1073606655,1073151999,1066758143,1056964607,1073676287,1073741823,1073741823,1073741823,1073741823,1073741823:h5
1073741823,1073741823,1073741823,1073741823,1073741823,1056829439,1073151999,1066758143,1073741823,1073676287,1073741823,1073741823,1073741823,1073741823,1073741823:h5
1073741823,1073741823,1073741823,1073741823,1073741823,1073606655,1068957695,1066758143,1073741823,1073676287,1073741823,1073741823,1073741823,1073741823,1073741823:h5
1073741823,1073741823,1073741823,1073741823,1073741823,1073606655,1073151999,1049980927,1073741823,1073676287,1073741823,1073741823,1073741823,1073741823,1073741823:h5
1073741823,1073741823,1073741823,1073741823,1073741823,1073606655,1073151999,1066758143,1073741823,1056899071,1073741823,1073741823,1073741823,1073741823,1073741823:h5
1073741823,1073741823,1073741823,1073741823,1073741823,1073606655,1073151999,1066758143,1069547519,1073676287,1073741823,1073741823,1073741823,1073741823,1073741823:j6
1073741823,1073741823,1073741823,1073741823,1073741823,1073606655,1073151999,1066758143,1073741823,1073676031,1073741823,1073741823,1073741823,1073741823,1073741823:h5
1073741823,1073741823,1073741823,1073741823,1073741823,1073606655,1073151999,1066758143,1073740799,1073676287,1073741823,1073741823,1073741823,1073741823,1073741823:h5
1073741823,1073741823,1073741823,1073741823,1073741823,1073606655,1073151999,1066757887,1073741823,1073676287,1073741823,1073741823,1073741823,1073741823,1073741823:h5
1073741823,1073741823,1073741823,1073741823,1073741823,1073606399,1073151999,1066758143,1073741823,1073676287,1073741823,1073741823,1073741823,1073741823,1073741823:h5
1073741823,1073741823,1073741823,1073741823,1073741823,1073606655,1073150975,1066758143,1073741823,1073676287,1073741823,1073741823,1073741823,1073741823,1073741823:h5
1073741823,1073741823,1073741823,1073741823,1073741823,1072558079,1073151999,1066758143,1073741823,1073676287,1073741823,1073741823,1073741823,1073741823,1073741823:h5
1073741823,1073741823,1073741823,1073741823,1073741823,1073606655,1073151999,1066758143,1073741823,1073676287,1073741823,1073737727,1073741823,1073741823,1073741823:h5
1073741823,1073741823,1073741823,1073741823,1073741823,1073606655,1073151999,1066758143,1073741823,1073676287,1073725439,1073741823,1073741823,1073741823,1073741823:h5
1073741823,1073741823,1073741823,1073741823,1073741823,1073606655,1073151999,1066758143,1073741823,1073672191,1073741823,1073741823,1073741823,1073741823,1073741823:h5
1073741823,1073741823,1073741823,1073741823,1073741823,1073606655,1073151999,1066758143,1073741823,1072627711,1073741823,1073741823,1073741823,1073741823,1073741823:h5
1073741823,1073741823,1073741823,1073741823,1073741823,1073606655,1073151999,1066758143,1073741823,1073676287,1073741823,1072693247,1073741823,1073741823,1073741823:h5
1073741823,1073741823,1073741823,1073741823,1073741823,1073606655,1073151999,1066758143,1073741823,1073676287,1073479679,1073741823,1073741823,1073741823,1073741823:h5
1073741823,1073741823,1073741823,1073741823,1073741823,1073606655,1073151999,1066758143,1073741823,1073676287,1073741823,1073676287,1073741823,1073741823,1073741823:h5
1073741823,1073741823,1073741823,1073741823,1073741823,1073606655,1073151999,1066758143,1073741823,1073676287,1073676287,1073741823,1073741823,1073741823,1073741823:h5
1073741823,1073741823,1073741823,1073741823,1073741823,1069412351,1073151999,1066758143,1073741823,1073676287,1073741823,1073741823,1073741823,1073741823,1073741823:h5
1073741823,1073741823,1073741823,1073741823,1073741823,1073606655,1073151999,1066758143,1073741823,1069481983,1073741823,1073741823,1073741823,1073741823,1073741823:h5
1073741823,1073741823,1073741823,1073741823,1073741823,1073606655,1073151999,1066758143,1073479679,1073676287,1073741823,1073741823,1073741823,1073741823,1073741823:h5
1073741823,1073741823,1073741823,1073741823,1073737727,1073606655,1073151999,1066758143,1073741823,1073676287,1073741823,1073741823,1073741823,1073741823,1073741823:h5
1073741823,1073741823,1073741823,1073741823,1073676287,1073606655,1073151999,1066758143,1073741823,1073676287,1073741823,1073741823,1073741823,1073741823,1073741823:h5
1073741823,1073741823,1073741823,1073741823,1072693247,1073606655,1073151999,1066758143,1073741823,1073676287,1073741823,1073741823,1073741823,1073741823,1073741823:h5
1073741823,1073741823,1073741823,1073741823,1073741823,1073606655,1072103423,1066758143,1073741823,1073676287,1073741823,1073741823,1073741823,1073741823,1073741823:h5
1073741823,1073741823,1073741823,1073741823,1073741823,1073606655,1073151999,1066758143,1072693247,1073676287,1073741823,1073741823,1073741823,1073741823,1073741823:h5
1073741823,1073741823,1073741823,1073741823,1073741823,1073606655,1073151999,1066758143,1073741823,1073675263,1073741823,1073741823,1073741823,1073741823,1073741823:h5
1073741823,1073741823,1073741823,1073741823,1073741823,1073606655,1073151999,1066758143,1073737727,1073676287,1073741823,1073741823,1073741823,1073741823,1073741823:h5
1073741823,1073741823,1073741823,1073741823,1073741823,1073606655,1073151999,1066757119,1073741823,1073676287,1073741823,1073741823,1073741823,1073741823,1073741823:h5
1073741823,1073741823,1073741823,1073741823,1073741823,1073605631,1073151999,1066758143,1073741823,1073676287,1073741823,1073741823,1073741823,1073741823,1073741823:h5
1073741823,1073741823,1073741823,1073741823,1073741823,1073606655,1073147903,1066758143,1073741823,1073676287,1073741823,1073741823,1073741823,1073741823,1073741823:h5
1073741823,1073741823,1073741823,1073741823,1073741823,1073590271,1073151999,1066758143,1073741823,1073676287,1073741823,1073741823,1073741823,1073741823,1073741823:h5
1073741823,1073741823,1073741823,1073741823,1073741823,1073606655,1073135615,1066758143,1073741823,1073676287,1073741823,1073741823,1073741823,1073741823,1073741823:h5
1073741823,1073741823,1073741823,1073741823,1073741823,1073344511,1073151999,1066758143,1073741823,1073676287,1073741823,1073741823,1073741823,1073741823,1073741823:h5
1073741823,1073741823,1073741823,1073741823,1073741823,1073606655,1073151999,1066758143,1073741823,1073414143,1073741823,1073741823,1073741823,1073741823,1073741823:h5
1073741823,1073741823,1073741823,1073741823,1073741823,1073606655,1073151999,1066758143,1073676287,1073676287,1073741823,1073741823,1073741823,1073741823,1073741823:h5
1073741823,1073741823,1073741823,1073741823,1073741823,1073606655,1073151999,1066758143,1073741823,1073659903,1073741823,1073741823,1073741823,1073741823,1073741823:h5
1073741823,1073741823,1073741823,1073741823,1073741823,1073606655,1073151999,1066758143,1073725439,1073676287,1073741823,1073741823,1073741823,1073741823,1073741823:h5
