1073741823,1073741823,1073741823,1073741823,1073741823,1073741823,1072627711,1073180671,1072562175,1073184767,1072693247,1073741823,1073741823,1073741823,1073741823:k10
1073741823,1073741823,1073741823,1073741823,1073741823,1073741823,1072627711,1073180671,1072562175,1071087615,1072693247,1073676287,1073741823,1073741823,1073741823:h7
1073741823,1073741823,1073741823,1073741823,1073741823,1073741823,1072627711,1056403455,1072562175,1071087615,1072693247,1073741823,1073741823,1073741823,1073741823:h7
1073741823,1073741823,1073741823,1073741823,1073741823,1073741823,1072627711,1073180671,1072562175,1054310399,1072693247,1073741823,1073741823,1073741823,1073741823:h7
1073741823,1073741823,1073741823,1073741823,1073741823,1073741823,1072627711,1073180671,1072562175,1071087615,1072693247,1056964607,1073741823,1073741823,1073741823:h7
1073741823,1073741823,1073741823,1073741823,1073741823,1073741823,1072627711,1073180671,1072562175,1071087359,1072693247,1073741823,1073741823,1073741823,1073741823:h7
1073741823,1073741823,1073741823,1073741823,1073741823,1073741823,1072627711,1073180671,1072561151,1071087615,1072693247,1073741823,1073741823,1073741823,1073741823:h7
1073741823,1073741823,1073741823,1073741823,1073741823,1073741823,1072627711,1073180415,1072562175,1071087615,1072693247,1073741823,1073741823,1073741823,1073741823:h7
1073741823,1073741823,1073741823,1073741823,1073741823,1073741567,1072627711,1073180671,1072562175,1071087615,1072693247,1073741823,1073741823,1073741823,1073741823:j9
1073741823,1073741823,1073741823,1073741823,1073741823,1073741823,1072626687,1073180671,1072562175,1071087615,1072693247,1073741823,1073741823,1073741823,1073741823:i10
1073741823,1073741823,1073741823,1073741823,1073741823,1073737727,1072627711,1073180671,1072562175,1071087615,1072693247,1073741823,1073741823,1073741823,1073741823:i10
1073741823,1073741823,1073741823,1073741823,1073741823,1073741823,1072627711,1073180671,1072562175,1071087615,1072693247,1073740799,1073741823,1073741823,1073741823:h7
1073741823,1073741823,1073741823,1073741823,1073741823,1073741823,1072627711,1073180671,1072562175,1071083519,1072693247,1073741823,1073741823,1073741823,1073741823:h7
1073741823,1073741823,1073741823,1073741823,1073741823,1073741823,1072627711,1073180671,1072562175,1071087615,1072676863,1073741823,1073741823,1073741823,1073741823:i10
1073741823,1073741823,1073741823,1073741823,1073741823,1073741823,1072627711,1073180671,1072562175,1071087615,1072693247,1073741823,1073676287,1073741823,1073741823:h7
1073741823,1073741823,1073741823,1073741823,1073741823,1073741823,1072627711,1073180671,1072562175,1071087615,1068498943,1073741823,1073741823,1073741823,1073741823:i10
1073741823,1073741823,1073741823,1073741823,1073741823,1073741823,1072627711,1073180671,1072562175,1071087615,1072693247,1073741823,1056964607,1073741823,1073741823:h7
1073741823,1073741823,1073741823,1073741823,1073741823,1073741823,1072627711,1073180671,1072562175,1071087615,1072693247,1073741823,1072693247,1073741823,1073741823:h7
1073741823,1073741823,1073741823,1073741823,1073741823,1073741823,1072627711,1073180671,1072562175,1071087615,1072693247,1072693247,1073741823,1073741823,1073741823:i10
1073741823,1073741823,1073741823,1073741823,1073741823,1073741823,1072627711,1073180671,1072562175,1071087615,1072693247,1073725439,1073741823,1073741823,1073741823:h7
1073741823,1073741823,1073741823,1073741823,1073741823,1073741823,1072627711,1073180671,1072562175,1071087615,1072693247,1069547519,1073741823,1073741823,1073741823:h7
1073741823,1073741823,1073741823,1073741823,1073741823,1073741823,1072627711,1073180671,1072562175,1071087615,1072693247,1073479679,1073741823,1073741823,1073741823:h7
1073741823,1073741823,1073741823,1073741823,1073741823,1073741823,1072627711,1073180671,1072562175,1071087615,1072431103,1073741823,1073741823,1073741823,1073741823:i10
1073741823,1073741823,1073741823,1073741823,1073741823,1072693247,1072627711,1073180671,1072562175,1071087615,1072693247,1073741823,1073741823,1073741823,1073741823:i10
1073741823,1073741823,1073741823,1073741823,1056964607,1073741823,1072627711,1073180671,1072562175,1071087615,1072693247,1073741823,1073741823,1073741823,1073741823:h7
1073741823,1073741823,1073741823,1073741823,1073741823,1073741823,1068433407,1073180671,1072562175,1071087615,1072693247,1073741823,1073741823,1073741823,1073741823:i10
1073741823,1073741823,1073741823,1073741823,1073741823,1073741823,1072627711,1073180671,1072562175,1071087615,1072689151,1073741823,1073741823,1073741823,1073741823:i10
1073741823,1073741823,1073741823,1073741823,1073741823,1073741823,1072627711,1073180671,1072562175,1071022079,1072693247,1073741823,1073741823,1073741823,1073741823:j9
1073741823,1073741823,1073741823,1073741823,1073741823,1073741823,1072627711,1073180671,1072037887,1071022079,1072693247,1073737727,1073741823,1073741823,1073741823:h7
1073741823,1073741823,1073741823,1073741823,1073741823,1073741823,1072627711,1073180671,1072037887,1071022079,1072693247,1073676287,1073741823,1073741823,1073741823:h7
1073741823,1073741823,1073741823,1073741823,1073741823,1073741823,1072627711,1056403455,1072037887,1071022079,1072693247,1073741823,1073741823,1073741823,1073741823:h7
1073741823,1073741823,1073741823,1073741823,1073741823,1073741823,1072627711,1073180671,1072037887,1054244863,1072693247,1073741823,1073741823,1073741823,1073741823:h7
1073741823,1073741823,1073741823,1073741823,1073741823,1073741823,1072627711,1073180671,1072037887,1071022079,1072693247,1056964607,1073741823,1073741823,1073741823:h7
1073741823,1073741823,1073741823,1073741823,1073741823,1073741823,1072627711,1073180671,1072037887,1071021823,1072693247,1073741823,1073741823,1073741823,1073741823:h7
1073741823,1073741823,1073741823,1073741823,1073741823,1073741823,1072627711,1073180671,1072036863,1071022079,1072693247,1073741823,1073741823,1073741823,1073741823:h7
1073741823,1073741823,1073741823,1073741823,1073741823,1073741823,1072627711,1073180415,1072037887,1071022079,1072693247,1073741823,1073741823,1073741823,1073741823:h7
1073741823,1073741823,1073741823,1073741823,1073741823,1073741567,1072627711,1073180671,1072037887,1071022079,1072693247,1073741823,1073741823,1073741823,1073741823:h9
1073741823,1073741823,1073741823,1073741823,1073741823,1073741823,1072626687,1073180671,1072037887,1071022079,1072693247,1073741823,1073741823,1073741823,1073741823:j7
1073741823,1073741823,1073741823,1073741823,1073741823,1073737727,1072627711,1073180671,1072037887,1071022079,1072693247,1073741823,1073741823,1073741823,1073741823:h9
1073741823,1073741823,1073741823,1073741823,1073741823,1073741823,1072627711,1073180671,1072037887,1071022079,1072693247,1073740799,1073741823,1073741823,1073741823:h7
1073741823,1073741823,1073741823,1073741823,1073741823,1073741823,1072627711,1073180671,1072037887,1071017983,1072693247,1073741823,1073741823,1073741823,1073741823:h7
1073741823,1073741823,1073741823,1073741823,1073741823,1073741823,1072627711,1073180671,1072037887,1071022079,1072676863,1073741823,1073741823,1073741823,1073741823:j7
1073741823,1073741823,1073741823,1073741823,1073741823,1073741823,1072627711,1073180671,1072037887,1071022079,1072693247,1073741823,1073676287,1073741823,1073741823:h7
1073741823,1073741823,1073741823,1073741823,1073741823,1073741823,1072627711,1073180671,1072037887,1071022079,1068498943,1073741823,1073741823,1073741823,1073741823:h9
1073741823,1073741823,1073741823,1073741823,1073741823,1073741823,1072627711,1073180671,1072037887,1071022079,1072693247,1073741823,1056964607,1073741823,1073741823:h7
1073741823,1073741823,1073741823,1073741823,1073741823,1073741823,1072627711,1073180671,1072037887,1071022079,1072693247,1073741823,1072693247,1073741823,1073741823:h7
1073741823,1073741823,1073741823,1073741823,1073741823,1073741823,1072627711,1073180671,1072037887,1071022079,1072693247,1072693247,1073741823,1073741823,1073741823:h9
1073741823,1073741823,1073741823,1073741823,1073741823,1073741823,1072627711,1073180671,1072037887,1071022079,1072693247,1073725439,1073741823,1073741823,1073741823:h7
1073741823,1073741823,1073741823,1073741823,1073741823,1073741823,1072627711,1073180671,1072037887,1071022079,1072693247,1069547519,1073741823,1073741823,1073741823:h7
1073741823,1073741823,1073741823,1073741823,1073741823,1073741823,1072627711,1073180671,1072037887,1071022079,1072693247,1073479679,1073741823,1073741823,1073741823:h7
1073741823,1073741823,1073741823,1073741823,1073741823,1073741823,1072627711,1073180671,1072037887,1071022079,1072431103,1073741823,1073741823,1073741823,1073741823:h9
1073741823,1073741823,1073741823,1073741823,1073741823,1073741823,1072627711,1073180671,1072005119,1071022079,1072430079,1073741823,1073741823,1073741823,1073741823:h7
1073741823,1073741823,1073741823,1073741823,1073741823,1073741823,1072627711,1073180671,1072005119,1071022079,1072431103,1073741823,1073725439,1073741823,1073741823:h7
1073741823,1073741823,1073741823,1073741823,1073741823,1073741823,1072627711,1073180671,1072005119,1071022079,1072431103,1073741823,1069547519,1073741823,1073741823:h7
1073741823,1073741823,1073741823,1073741823,1073741823,1073741823,1072627711,1073180671,1072005119,1071022079,1072431103,1073741823,1073479679,1073741823,1073741823:h7
1073741823,1073741823,1073741823,1073741823,1073741823,1073741823,1072627711,1073180671,1072005119,1071022079,1072431103,1073737727,1073741823,1073741823,1073741823:h7
1073741823,1073741823,1073741823,1073741823,1073741823,1073741823,1072627711,1073180671,1072005119,1071022079,1072431103,1073676287,1073741823,1073741823,1073741823:h7
1073741823,1073741823,1073741823,1073741823,1073741823,1073741823,1072627711,1056403455,1072005119,1071022079,1072431103,1073741823,1073741823,1073741823,1073741823:h7
1073741823,1073741823,1073741823,1073741823,1073741823,1073741823,1072627711,1073180671,1072005119,1054244863,1072431103,1073741823,1073741823,1073741823,1073741823:h7
1073741823,1073741823,1073741823,1073741823,1073741823,1073741823,1072627711,1073180671,1072005119,1071022079,1072431103,1056964607,1073741823,1073741823,1073741823:h7
1073741823,1073741823,1073741823,1073741823,1073741823,1073741823,1072627711,1073180671,1072005119,1071021823,1072431103,1073741823,1073741823,1073741823,1073741823:h7
1073741823,1073741823,1073741823,1073741823,1073741823,1073741823,1072627711,1073180671,1072004095,1071022079,1072431103,1073741823,1073741823,1073741823,1073741823:h7
1073741823,1073741823,1073741823,1073741823,1073741823,1073741823,1072627711,1073180415,1072005119,1071022079,1072431103,1073741823,1073741823,1073741823,1073741823:h7
1073741823,1073741823,1073741823,1073741823,1073741823,1073741567,1072627711,1073180671,1072005119,1071022079,1072431103,1073741823,1073741823,1073741823,1073741823:h7
1073741823,1073741823,1073741823,1073741823,1073741823,1073741823,1072626687,1073180671,1072005119,1071022079,1072431103,1073741823,1073741823,1073741823,1073741823:h7
1073741823,1073741823,1073741823,1073741823,1073741823,1073737727,1072627711,1073180671,1072005119,1071022079,1072431103,1073741823,1073741823,1073741823,1073741823:h7
1073741823,1073741823,1073741823,1073741823,1073741823,1073741823,1072627711,1073180671,1072005119,1071022079,1072431103,1073740799,1073741823,1073741823,1073741823:h7
1073741823,1073741823,1073741823,1073741823,1073741823,1073741823,1072627711,1073180671,1072005119,1071017983,1072431103,1073741823,1073741823,1073741823,1073741823:h7
1073741823,1073741823,1073741823,1073741823,1073741823,1073741823,1072627711,1073180671,1072005119,1071022079,1072414719,1073741823,1073741823,1073741823,1073741823:h7
1073741823,1073741823,1073741823,1073741823,1073741823,1073741823,1072627711,1073180671,1072005119,1071022079,1072431103,1073741823,1073676287,1073741823,1073741823:h7
1073741823,1073741823,1073741823,1073741823,1073741823,1073741823,1072627711,1073180671,1072005119,1071022079,1068236799,1073741823,1073741823,1073741823,1073741823:h7
1073741823,1073741823,1073741823,1073741823,1073741823,1073741823,1072627711,1073180671,1072005119,1071022079,1072431103,1073741823,1056964607,1073741823,1073741823:h7
1073741823,1073741823,1073741823,1073741823,1073741823,1073741823,1072627711,1073180671,1072005119,1071022079,1072431103,1073741823,1072693247,1073741823,1073741823:h7
1073741823,1073741823,1073741823,1073741823,1073741823,1073741823,1072627711,1073180671,1072005119,1071022079,1072431103,1072693247,1073741823,1073741823,1073741823:h7
1073741823,1073741823,1073741823,1073741823,1073741823,1073741823,1072627711,1073180671,1072005119,1071022079,1072431103,1073725439,1073741823,1073741823,1073741823:h7
1073741823,1073741823,1073741823,1073741823,1073741823,1073741823,1072627711,1073180671,1072005119,1071022079,1072431103,1069547519,1073741823,1073741823,1073741823:h7
1073741823,1073741823,1073741823,1073741823,1073741823,1073741823,1072627711,1073180671,1072005119,1071022079,1072431103,1073479679,1073741823,1073741823,1073741823:h7
1073741823,1073741823,1073741823,1073741823,1073741823,1072693247,1072627711,1073180671,1072005119,1071022079,1072431103,1073741823,1073741823,1073741823,1073741823:h7
1073741823,1073741823,1073741823,1073741823,1056964607,1073741823,1072627711,1073180671,1072005119,1071022079,1072431103,1073741823,1073741823,1073741823,1073741823:h7
1073741823,1073741823,1073741823,1073741823,1073741823,1073741823,1068433407,1073180671,1072005119,1071022079,1072431103,1073741823,1073741823,1073741823,1073741823:h7
1073741823,1073741823,1073741823,1073741823,1073741823,1073741823,1072627711,1073180671,1072005119,1071022079,1072427007,1073741823,1073741823,1073741823,1073741823:h7
1073741823,1073741823,1073741823,1073741823,1073741823,1073741823,1072627711,1073180671,1072005119,1071022079,1072365567,1073741823,1073741823,1073741823,1073741823:h7
1073741823,1073741823,1073741823,1073741823,1073741823,1073741823,1055850495,1073180671,1072005119,1071022079,1072431103,1073741823,1073741823,1073741823,1073741823:h7
1073741823,1073741823,1073741823,1073741823,1073741823,1073741823,1072627711,1073180671,1055227903,1071022079,1072431103,1073741823,1073741823,1073741823,1073741823:h7
1073741823,1073741823,1073741823,1073741823,1073741823,1073741823,1072627711,1073180671,1067810815,1071022079,1072431103,1073741823,1073741823,1073741823,1073741823:h7
1073741823,1073741823,1073741823,1073741823,1073741823,1073741823,1072627711,1073180671,1072005119,1071022079,1055653887,1073741823,1073741823,1073741823,1073741823:h7
1073741823,1073741823,1073741823,1073741823,1073741823,1069547519,1072627711,1073180671,1072005119,1071022079,1072431103,1073741823,1073741823,1073741823,1073741823:h7
1073741823,1073741823,1073741823,1073741823,1073741823,1073741823,1072627711,1068986367,1072005119,1071022079,1072431103,1073741823,1073741823,1073741823,1073741823:h7
1073741823,1073741823,1073741823,1073741823,1073741823,1073741823,1072627711,1072132095,1072005119,1071022079,1072431103,1073741823,1073741823,1073741823,1073741823:h7
1073741823,1073741823,1073741823,1073741823,1073741823,1073741823,1072627711,1073180671,1072005119,1066827775,1072431103,1073741823,1073741823,1073741823,1073741823:h7
1073741823,1073741823,1073741823,1073741823,1073737727,1073741823,1072627711,1073180671,1072005119,1071022079,1072431103,1073741823,1073741823,1073741823,1073741823:h7
1073741823,1073741823,1073741823,1073741823,1073676287,1073741823,1072627711,1073180671,1072005119,1071022079,1072431103,1073741823,1073741823,1073741823,1073741823:h7
1073741823,1073741823,1073741823,1073741823,1073741823,1073676287,1072627711,1073180671,1072005119,1071022079,1072431103,1073741823,1073741823,1073741823,1073741823:h7
1073741823,1073741823,1073741823,1073741823,1072693247,1073741823,1072627711,1073180671,1072005119,1071022079,1072431103,1073741823,1073741823,1073741823,1073741823:h7
1073741823,1073741823,1073741823,1073741823,1073741823,1073741823,1072365567,1073180671,1072005119,1071022079,1072431103,1073741823,1073741823,1073741823,1073741823:h7
1073741823,1073741823,1073741823,1073741823,1073741823,1073741823,1072627711,1073180671,1072005119,1071021055,1072431103,1073741823,1073741823,1073741823,1073741823:h7
1073741823,1073741823,1073741823,1073741823,1073741823,1073741823,1072627711,1073180671,1072001023,1071022079,1072431103,1073741823,1073741823,1073741823,1073741823:h7
1073741823,1073741823,1073741823,1073741823,1073741823,1073741823,1072627711,1073179647,1072005119,1071022079,1072431103,1073741823,1073741823,1073741823,1073741823:h7
1073741823,1073741823,1073741823,1073741823,1073741823,1073740799,1072627711,1073180671,1072005119,1071022079,1072431103,1073741823,1073741823,1073741823,1073741823:h7
1073741823,1073741823,1073741823,1073741823,1073741823,1073741823,1072623615,1073180671,1072005119,1071022079,1072431103,1073741823,1073741823,1073741823,1073741823:h7
1073741823,1073741823,1073741823,1073741823,1073741823,1073725439,1072627711,1073180671,1072005119,1071022079,1072431103,1073741823,1073741823,1073741823,1073741823:h7
1073741823,1073741823,1073741823,1073741823,1073741823,1073741823,1072611327,1073180671,1072005119,1071022079,1072431103,1073741823,1073741823,1073741823,1073741823:h11
1073741823,1073741823,1073741823,1073741823,1073741823,1073479679,1072627711,1073180671,1072005119,1071022079,1072431103,1073741823,1073741823,1073741823,1073741823:h7
1073741823,1073741823,1073741823,1073741823,1073741823,1073741823,1072627711,1073115135,1072005119,1071022079,1072431103,1073741823,1073741823,1073741823,1073741823:h7
1073741823,1073741823,1073741823,1073741823,1073741823,1072693247,1072627711,1073180671,1072037887,1071022079,1072693247,1073741823,1073741823,1073741823,1073741823:h7
1073741823,1073741823,1073741823,1073741823,1056964607,1073741823,1072627711,1073180671,1072037887,1071022079,1072693247,1073741823,1073741823,1073741823,1073741823:h7
1073741823,1073741823,1073741823,1073741823,1073741823,1073741823,1068433407,1073180671,1072037887,1071022079,1072693247,1073741823,1073741823,1073741823,1073741823:j7
1073741823,1073741823,1073741823,1073741823,1073741823,1073741823,1072627711,1073180671,1072037887,1071022079,1072689151,1073741823,1073741823,1073741823,1073741823:h7
1073741823,1073741823,1073741823,1073741823,1073741823,1073741823,1072627711,1073180671,1072037887,1071022079,1072627711,1073741823,1073741823,1073741823,1073741823:h7
1073741823,1073741823,1073741823,1073741823,1073741823,1073741823,1055850495,1073180671,1072037887,1071022079,1072693247,1073741823,1073741823,1073741823,1073741823:h7
1073741823,1073741823,1073741823,1073741823,1073741823,1073741823,1072627711,1073180671,1055260671,1071022079,1072693247,1073741823,1073741823,1073741823,1073741823:h7
1073741823,1073741823,1073741823,1073741823,1073741823,1073741823,1072627711,1073180671,1067843583,1071022079,1072693247,1073741823,1073741823,1073741823,1073741823:h7
1073741823,1073741823,1073741823,1073741823,1073741823,1073741823,1072627711,1073180671,1072037887,1071022079,1055916031,1073741823,1073741823,1073741823,1073741823:h7
1073741823,1073741823,1073741823,1073741823,1073741823,1069547519,1072627711,1073180671,1072037887,1071022079,1072693247,1073741823,1073741823,1073741823,1073741823:h7
1073741823,1073741823,1073741823,1073741823,1073741823,1073741823,1072627711,1068986367,1072037887,1071022079,1072693247,1073741823,1073741823,1073741823,1073741823:h7
1073741823,1073741823,1073741823,1073741823,1073741823,1073741823,1072627711,1072132095,1072037887,1071022079,1072693247,1073741823,1073741823,1073741823,1073741823:h7
1073741823,1073741823,1073741823,1073741823,1073741823,1073741823,1072627711,1073180671,1072037887,1066827775,1072693247,1073741823,1073741823,1073741823,1073741823:h7
1073741823,1073741823,1073741823,1073741823,1073737727,1073741823,1072627711,1073180671,1072037887,1071022079,1072693247,1073741823,1073741823,1073741823,1073741823:h7
1073741823,1073741823,1073741823,1073741823,1073676287,1073741823,1072627711,1073180671,1072037887,1071022079,1072693247,1073741823,1073741823,1073741823,1073741823:h7
1073741823,1073741823,1073741823,1073741823,1073741823,1073676287,1072627711,1073180671,1072037887,1071022079,1072693247,1073741823,1073741823,1073741823,1073741823:h7
1073741823,1073741823,1073741823,1073741823,1072693247,1073741823,1072627711,1073180671,1072037887,1071022079,1072693247,1073741823,1073741823,1073741823,1073741823:h7
1073741823,1073741823,1073741823,1073741823,1073741823,1073741823,1072365567,1073180671,1072037887,1071022079,1072693247,1073741823,1073741823,1073741823,1073741823:h7
1073741823,1073741823,1073741823,1073741823,1073740799,1073741823,1072332799,1073180671,1072037887,1071022079,1072693247,1073741823,1073741823,1073741823,1073741823:h9
1073741823,1073741823,1073741823,1073741823,1073725439,1073741823,1072332799,1073180671,1072037887,1071022079,1072693247,1073741823,1073741823,1073741823,1073741823:h9
1073741823,1073741823,1073741823,1073741823,1073479679,1073741823,1072332799,1073180671,1072037887,1071022079,1072693247,1073741823,1073741823,1073741823,1073741823:h9
1073741823,1073741823,1073741823,1073741823,1069547519,1073741823,1072332799,1073180671,1072037887,1071022079,1072693247,1073741823,1073741823,1073741823,1073741823:h9
1073741823,1073741823,1073741823,1073741823,1073741823,1073741823,1072332799,1073180671,1072037887,1071022079,1072693247,1073737727,1073741823,1073741823,1073741823:h9
1073741823,1073741823,1073741823,1073741823,1073741823,1073741823,1072332799,1073180671,1072037887,1071022079,1072693247,1073676287,1073741823,1073741823,1073741823:h9
1073741823,1073741823,1073741823,1073741823,1073741823,1073741823,1072332799,1056403455,1072037887,1071022079,1072693247,1073741823,1073741823,1073741823,1073741823:h9
1073741823,1073741823,1073741823,1073741823,1073741823,1073741823,1072332799,1073180671,1072037887,1054244863,1072693247,1073741823,1073741823,1073741823,1073741823:h9
1073741823,1073741823,1073741823,1073741823,1073741823,1073741823,1072332799,1073180671,1072037887,1071022079,1072693247,1056964607,1073741823,1073741823,1073741823:h9
1073741823,1073741823,1073741823,1073741823,1073741823,1073741823,1072332799,1073180671,1072037887,1071021823,1072693247,1073741823,1073741823,1073741823,1073741823:h9
1073741823,1073741823,1073741823,1073741823,1073741823,1073741823,1072332799,1073180671,1072036863,1071022079,1072693247,1073741823,1073741823,1073741823,1073741823:h9
1073741823,1073741823,1073741823,1073741823,1073741823,1073741823,1072332799,1073180415,1072037887,1071022079,1072693247,1073741823,1073741823,1073741823,1073741823:h9
1073741823,1073741823,1073741823,1073741823,1073741823,1073741567,1072332799,1073180671,1072037887,1071022079,1072693247,1073741823,1073741823,1073741823,1073741823:h9
1073741823,1073741823,1073741823,1073741823,1073741823,1073741823,1072331775,1073180671,1072037887,1071022079,1072693247,1073741823,1073741823,1073741823,1073741823:h9
1073741823,1073741823,1073741823,1073741823,1073741823,1073737727,1072332799,1073180671,1072037887,1071022079,1072693247,1073741823,1073741823,1073741823,1073741823:h9
1073741823,1073741823,1073741823,1073741823,1073741823,1073741823,1072332799,1073180671,1072037887,1071022079,1072693247,1073740799,1073741823,1073741823,1073741823:h9
1073741823,1073741823,1073741823,1073741823,1073741823,1073741823,1072332799,1073180671,1072037887,1071017983,1072693247,1073741823,1073741823,1073741823,1073741823:h9
1073741823,1073741823,1073741823,1073741823,1073741823,1073741823,1072332799,1073180671,1072037887,1071022079,1072676863,1073741823,1073741823,1073741823,1073741823:h9
1073741823,1073741823,1073741823,1073741823,1073741823,1073741823,1072332799,1073180671,1072037887,1071022079,1072693247,1073741823,1073676287,1073741823,1073741823:h9
1073741823,1073741823,1073741823,1073741823,1073741823,1073741823,1072332799,1073180671,1072037887,1071022079,1068498943,1073741823,1073741823,1073741823,1073741823:h9
1073741823,1073741823,1073741823,1073741823,1073741823,1073741823,1072332799,1073180671,1072037887,1071022079,1072693247,1073741823,1056964607,1073741823,1073741823:h9
1073741823,1073741823,1073741823,1073741823,1073741823,1073741823,1072332799,1073180671,1072037887,1071022079,1072693247,1073741823,1072693247,1073741823,1073741823:h9
1073741823,1073741823,1073741823,1073741823,1073741823,1073741823,1072332799,1073180671,1072037887,1071022079,1072693247,1072693247,1073741823,1073741823,1073741823:h9
1073741823,1073741823,1073741823,1073741823,1073741823,1073741823,1072332799,1073180671,1072037887,1071022079,1072693247,1073725439,1073741823,1073741823,1073741823:h9
1073741823,1073741823,1073741823,1073741823,1073741823,1073741823,1072332799,1073180671,1072037887,1071022079,1072693247,1069547519,1073741823,1073741823,1073741823:h9
1073741823,1073741823,1073741823,1073741823,1073741823,1073741823,1072332799,1073180671,1072037887,1071022079,1072693247,1073479679,1073741823,1073741823,1073741823:h9
1073741823,1073741823,1073741823,1073741823,1073741823,1073741823,1072332799,1073180671,1072037887,1071022079,1072431103,1073741823,1073741823,1073741823,1073741823:h9
1073741823,1073741823,1073741823,1073741823,1073741823,1072693247,1072332799,1073180671,1072037887,1071022079,1072693247,1073741823,1073741823,1073741823,1073741823:h9
1073741823,1073741823,1073741823,1073741823,1056964607,1073741823,1072332799,1073180671,1072037887,1071022079,1072693247,1073741823,1073741823,1073741823,1073741823:h9
1073741823,1073741823,1073741823,1073741823,1073741823,1073741823,1068138495,1073180671,1072037887,1071022079,1072693247,1073741823,1073741823,1073741823,1073741823:m7
1073741823,1073741823,1073741823,1073741823,805306367,1073741823,1034584063,1073180671,1072037887,1071022079,1072693247,1073741823,1073741823,1073741823,1073741823:h9
1073741823,1073741823,1073741823,1073741823,1073741823,1006632959,1034584063,1073180671,1072037887,1071022079,1072693247,1073741823,1073741823,1073741823,1073741823:h9
1073741823,1073741823,1073741823,1073741823,1073741823,1073741823,766148607,1073180671,1072037887,1071022079,1072693247,1073741823,1073741823,1073741823,1073741823:h9
1073741823,1073741823,1073741823,1073741823,1073741823,1073741823,1034584063,1073180671,803602431,1071022079,1072693247,1073741823,1073741823,1073741823,1073741823:h9
1073741823,1073741823,1073741823,1073741823,1073741823,1073741823,1034584063,1006071807,1072037887,1071022079,1072693247,1073741823,1073741823,1073741823,1073741823:h9
1073741823,1073741823,1073741823,1073741823,1006632959,1073741823,1034584063,1073180671,1072037887,1071022079,1072693247,1073741823,1073741823,1073741823,1073741823:h9
1073741823,1073741823,1073741823,1073741823,1073741823,1056964607,1034584063,1073180671,1072037887,1071022079,1072693247,1073741823,1073741823,1073741823,1073741823:h9
1073741823,1073741823,1073741823,1073741823,1073741823,1073741823,967475199,1073180671,1072037887,1071022079,1072693247,1073741823,1073741823,1073741823,1073741823:h9
1073741823,1073741823,1073741823,1073741823,1073741823,1073741823,1034584063,1073180671,1004929023,1071022079,1072693247,1073741823,1073741823,1073741823,1073741823:h9
1073741823,1073741823,1073741823,1073741823,1073740799,1073741823,1034584063,1073180671,1072037887,1071022079,1072693247,1073741823,1073741823,1073741823,1073741823:h9
1073741823,1073741823,1073741823,1073741823,1073725439,1073741823,1034584063,1073180671,1072037887,1071022079,1072693247,1073741823,1073741823,1073741823,1073741823:h9
1073741823,1073741823,1073741823,1073741823,1073479679,1073741823,1034584063,1073180671,1072037887,1071022079,1072693247,1073741823,1073741823,1073741823,1073741823:h9
1073741823,1073741823,1073741823,1073741823,1069547519,1073741823,1034584063,1073180671,1072037887,1071022079,1072693247,1073741823,1073741823,1073741823,1073741823:h9
1073741823,1073741823,1073741823,1073741823,1073741823,1073741823,1034584063,1073180671,1072037887,1071022079,1072693247,1073737727,1073741823,1073741823,1073741823:h9
1073741823,1073741823,1073741823,1073741823,1073741823,1073741823,1034584063,1073180671,1072037887,1071022079,1072693247,1073676287,1073741823,1073741823,1073741823:h9
1073741823,1073741823,1073741823,1073741823,1073741823,1073741823,1034584063,1056403455,1072037887,1071022079,1072693247,1073741823,1073741823,1073741823,1073741823:h9
1073741823,1073741823,1073741823,1073741823,1073741823,1073741823,1034584063,1073180671,1072037887,1054244863,1072693247,1073741823,1073741823,1073741823,1073741823:h9
1073741823,1073741823,1073741823,1073741823,1073741823,1073741823,1034584063,1073180671,1072037887,1071022079,1072693247,1056964607,1073741823,1073741823,1073741823:h9
1073741823,1073741823,1073741823,1073741823,1073741823,1073741823,1034584063,1073180671,1072037887,1071021823,1072693247,1073741823,1073741823,1073741823,1073741823:h9
1073741823,1073741823,1073741823,1073741823,1073741823,1073741823,1034584063,1073180671,1072036863,1071022079,1072693247,1073741823,1073741823,1073741823,1073741823:h9
1073741823,1073741823,1073741823,1073741823,1073741823,1073741823,1034584063,1073180415,1072037887,1071022079,1072693247,1073741823,1073741823,1073741823,1073741823:h9
1073741823,1073741823,1073741823,1073741823,1073741823,1073741567,1034584063,1073180671,1072037887,1071022079,1072693247,1073741823,1073741823,1073741823,1073741823:h9
1073741823,1073741823,1073741823,1073741823,1073741823,1073741823,1034583039,1073180671,1072037887,1071022079,1072693247,1073741823,1073741823,1073741823,1073741823:h9
1073741823,1073741823,1073741823,1073741823,1073741823,1073737727,1034584063,1073180671,1072037887,1071022079,1072693247,1073741823,1073741823,1073741823,1073741823:h9
1073741823,1073741823,1073741823,1073741823,1073741823,1073741823,1034584063,1073180671,1072037887,1071022079,1072693247,1073740799,1073741823,1073741823,1073741823:h9
1073741823,1073741823,1073741823,1073741823,1073741823,1073741823,1034584063,1073180671,1072037887,1071017983,1072693247,1073741823,1073741823,1073741823,1073741823:h9
1073741823,1073741823,1073741823,1073741823,1073741823,1073741823,1034584063,1073180671,1072037887,1071022079,1072676863,1073741823,1073741823,1073741823,1073741823:h9
1073741823,1073741823,1073741823,1073741823,1073741823,1073741823,1034584063,1073180671,1072037887,1071022079,1072693247,1073741823,1073676287,1073741823,1073741823:h9
1073741823,1073741823,1073741823,1073741823,1073741823,1073741823,1034584063,1073180671,1072037887,1071022079,1068498943,1073741823,1073741823,1073741823,1073741823:h9
1073741823,1073741823,1073741823,1073741823,1073741823,1073741823,1034584063,1073180671,1072037887,1071022079,1072693247,1073741823,1056964607,1073741823,1073741823:h9
1073741823,1073741823,1073741823,1073741823,1073741823,1073741823,1034584063,1073180671,1072037887,1071022079,1072693247,1073741823,1072693247,1073741823,1073741823:h9
1073741823,1073741823,1073741823,1073741823,1073741823,1073741823,1034584063,1073180671,1072037887,1071022079,1072693247,1072693247,1073741823,1073741823,1073741823:h9
1073741823,1073741823,1073741823,1073741823,1073741823,1073741823,1034584063,1073180671,1072037887,1071022079,1072693247,1073725439,1073741823,1073741823,1073741823:h9
1073741823,1073741823,1073741823,1073741823,1073741823,1073741823,1034584063,1073180671,1072037887,1071022079,1072693247,1069547519,1073741823,1073741823,1073741823:h9
1073741823,1073741823,1073741823,1073741823,1073741823,1073741823,1034584063,1073180671,1072037887,1071022079,1072693247,1073479679,1073741823,1073741823,1073741823:h9
1073741823,1073741823,1073741823,1073741823,1073741823,1073741823,1034584063,1073180671,1072037887,1071022079,1072431103,1073741823,1073741823,1073741823,1073741823:h9
1073741823,1073741823,1073741823,1073741823,1073741823,1072693247,1034584063,1073180671,1072037887,1071022079,1072693247,1073741823,1073741823,1073741823,1073741823:h9
1073741823,1073741823,1073741823,1073741823,1056964607,1073741823,1034584063,1073180671,1072037887,1071022079,1072693247,1073741823,1073741823,1073741823,1073741823:h9
1073741823,1073741823,1073741823,1073741823,1073741823,1073741823,1034584063,1073180671,1072037887,1071022079,1072689151,1073741823,1073741823,1073741823,1073741823:h9
1073741823,1073741823,1073741823,1073741823,1073741823,1073741823,1034584063,1073180671,1072037887,1071022079,1072627711,1073741823,1073741823,1073741823,1073741823:h9
1073741823,1073741823,1073741823,1073741823,1073741823,1073741823,1034584063,1073180671,1055260671,1071022079,1072693247,1073741823,1073741823,1073741823,1073741823:h9
1073741823,1073741823,1073741823,1073741823,1073741823,1073741823,1034584063,1073180671,1067843583,1071022079,1072693247,1073741823,1073741823,1073741823,1073741823:h9
1073741823,1073741823,1073741823,1073741823,1073741823,1073741823,1034584063,1073180671,1072037887,1071022079,1055916031,1073741823,1073741823,1073741823,1073741823:h9
1073741823,1073741823,1073741823,1073741823,1073741823,1069547519,1034584063,1073180671,1072037887,1071022079,1072693247,1073741823,1073741823,1073741823,1073741823:h9
1073741823,1073741823,1073741823,1073741823,1073741823,1073741823,1034584063,1068986367,1072037887,1071022079,1072693247,1073741823,1073741823,1073741823,1073741823:h9
1073741823,1073741823,1073741823,1073741823,1073741823,1073741823,1034584063,1072132095,1072037887,1071022079,1072693247,1073741823,1073741823,1073741823,1073741823:h9
1073741823,1073741823,1073741823,1073741823,1073741823,1073741823,1034584063,1073180671,1072037887,1066827775,1072693247,1073741823,1073741823,1073741823,1073741823:h9
1073741823,1073741823,1073741823,1073741823,1073737727,1073741823,1034584063,1073180671,1072037887,1071022079,1072693247,1073741823,1073741823,1073741823,1073741823:h9
1073741823,1073741823,1073741823,1073741823,1073676287,1073741823,1034584063,1073180671,1072037887,1071022079,1072693247,1073741823,1073741823,1073741823,1073741823:h9
1073741823,1073741823,1073741823,1073741823,1073741823,1073676287,1034584063,1073180671,1072037887,1071022079,1072693247,1073741823,1073741823,1073741823,1073741823:h9
1073741823,1073741823,1073741823,1073741823,1072693247,1073741823,1034584063,1073180671,1072037887,1071022079,1072693247,1073741823,1073741823,1073741823,1073741823:h9
1073741823,1073741823,1073741823,1073741823,1073741823,1073741823,1034584063,1073180671,1072037887,1071021055,1072693247,1073741823,1073741823,1073741823,1073741823:h9
1073741823,1073741823,1073741823,1073741823,1073741823,1073741823,1034584063,1073180671,1072033791,1071022079,1072693247,1073741823,1073741823,1073741823,1073741823:h9
1073741823,1073741823,1073741823,1073741823,1073741823,1073741823,1034584063,1073179647,1072037887,1071022079,1072693247,1073741823,1073741823,1073741823,1073741823:h9
1073741823,1073741823,1073741823,1073741823,1073741823,1073740799,1034584063,1073180671,1072037887,1071022079,1072693247,1073741823,1073741823,1073741823,1073741823:h9
1073741823,1073741823,1073741823,1073741823,1073741823,1073741823,1034579967,1073180671,1072037887,1071022079,1072693247,1073741823,1073741823,1073741823,1073741823:h9
1073741823,1073741823,1073741823,1073741823,1073741823,1073725439,1034584063,1073180671,1072037887,1071022079,1072693247,1073741823,1073741823,1073741823,1073741823:h9
1073741823,1073741823,1073741823,1073741823,1073741823,1073479679,1034584063,1073180671,1072037887,1071022079,1072693247,1073741823,1073741823,1073741823,1073741823:h9
1073741823,1073741823,1073741823,1073741823,1073741823,1073741823,1034584063,1073115135,1072037887,1071022079,1072693247,1073741823,1073741823,1073741823,1073741823:h9
1073741823,1073741823,1073741823,1073741823,1073741823,1073741823,1034584063,1073180671,1072021503,1071022079,1072693247,1073741823,1073741823,1073741823,1073741823:i8
1073741823,1073741823,1073741823,1073741823,1073741823,1073741823,1072332799,1073180671,1072037887,1071022079,1072689151,1073741823,1073741823,1073741823,1073741823:h9
1073741823,1073741823,1073741823,1073741823,1073741823,1073741823,1072332799,1073180671,1072037887,1071022079,1072627711,1073741823,1073741823,1073741823,1073741823:h9
1073741823,1073741823,1073741823,1073741823,1073741823,1073741823,1055555583,1073180671,1072037887,1071022079,1072693247,1073741823,1073741823,1073741823,1073741823:l7
1073741823,1073741823,1073741823,1073741823,1006632959,1073741823,1047166975,1073180671,1072037887,1071022079,1072693247,1073741823,1073741823,1073741823,1073741823:h9
1073741823,1073741823,1073741823,1073741823,1073741823,1073741823,1047166975,1073180671,1004929023,1071022079,1072693247,1073741823,1073741823,1073741823,1073741823:h9
1073741823,1073741823,1073741823,1073741823,1073741823,1056964607,1047166975,1073180671,1072037887,1071022079,1072693247,1073741823,1073741823,1073741823,1073741823:h9
1073741823,1073741823,1073741823,1073741823,805306367,1073741823,1047166975,1073180671,1072037887,1071022079,1072693247,1073741823,1073741823,1073741823,1073741823:h9
1073741823,1073741823,1073741823,1073741823,1073741823,1006632959,1047166975,1073180671,1072037887,1071022079,1072693247,1073741823,1073741823,1073741823,1073741823:h9
1073741823,1073741823,1073741823,1073741823,1073741823,1073741823,778731519,1073180671,1072037887,1071022079,1072693247,1073741823,1073741823,1073741823,1073741823:h9
1073741823,1073741823,1073741823,1073741823,1073741823,1073741823,980058111,1073180671,1072037887,1071022079,1072693247,1073741823,1073741823,1073741823,1073741823:h9
1073741823,1073741823,1073741823,1073741823,1073741823,1073741823,1047166975,1073180671,803602431,1071022079,1072693247,1073741823,1073741823,1073741823,1073741823:h9
1073741823,1073741823,1073741823,1073741823,1073741823,1073741823,1047166975,1006071807,1072037887,1071022079,1072693247,1073741823,1073741823,1073741823,1073741823:h9
1073741823,1073741823,1073741823,1073741823,1073740799,1073741823,1047166975,1073180671,1072037887,1071022079,1072693247,1073741823,1073741823,1073741823,1073741823:h9
1073741823,1073741823,1073741823,1073741823,1073725439,1073741823,1047166975,1073180671,1072037887,1071022079,1072693247,1073741823,1073741823,1073741823,1073741823:h9
1073741823,1073741823,1073741823,1073741823,1073479679,1073741823,1047166975,1073180671,1072037887,1071022079,1072693247,1073741823,1073741823,1073741823,1073741823:h9
1073741823,1073741823,1073741823,1073741823,1069547519,1073741823,1047166975,1073180671,1072037887,1071022079,1072693247,1073741823,1073741823,1073741823,1073741823:h9
1073741823,1073741823,1073741823,1073741823,1073741823,1073741823,1047166975,1073180671,1072037887,1071022079,1072693247,1073737727,1073741823,1073741823,1073741823:h9
1073741823,1073741823,1073741823,1073741823,1073741823,1073741823,1047166975,1073180671,1072037887,1071022079,1072693247,1073676287,1073741823,1073741823,1073741823:h9
1073741823,1073741823,1073741823,1073741823,1073741823,1073741823,1047166975,1056403455,1072037887,1071022079,1072693247,1073741823,1073741823,1073741823,1073741823:h9
1073741823,1073741823,1073741823,1073741823,1073741823,1073741823,1047166975,1073180671,1072037887,1054244863,1072693247,1073741823,1073741823,1073741823,1073741823:h9
1073741823,1073741823,1073741823,1073741823,1073741823,1073741823,1047166975,1073180671,1072037887,1071022079,1072693247,1056964607,1073741823,1073741823,1073741823:h9
1073741823,1073741823,1073741823,1073741823,1073741823,1073741823,1047166975,1073180671,1072037887,1071021823,1072693247,1073741823,1073741823,1073741823,1073741823:h9
1073741823,1073741823,1073741823,1073741823,1073741823,1073741823,1047166975,1073180671,1072036863,1071022079,1072693247,1073741823,1073741823,1073741823,1073741823:h9
1073741823,1073741823,1073741823,1073741823,1073741823,1073741823,1047166975,1073180415,1072037887,1071022079,1072693247,1073741823,1073741823,1073741823,1073741823:h9
1073741823,1073741823,1073741823,1073741823,1073741823,1073741567,1047166975,1073180671,1072037887,1071022079,1072693247,1073741823,1073741823,1073741823,1073741823:h9
1073741823,1073741823,1073741823,1073741823,1073741823,1073741823,1047165951,1073180671,1072037887,1071022079,1072693247,1073741823,1073741823,1073741823,1073741823:h9
1073741823,1073741823,1073741823,1073741823,1073741823,1073737727,1047166975,1073180671,1072037887,1071022079,1072693247,1073741823,1073741823,1073741823,1073741823:h9
1073741823,1073741823,1073741823,1073741823,1073741823,1073741823,1047166975,1073180671,1072037887,1071022079,1072693247,1073740799,1073741823,1073741823,1073741823:h9
1073741823,1073741823,1073741823,1073741823,1073741823,1073741823,1047166975,1073180671,1072037887,1071017983,1072693247,1073741823,1073741823,1073741823,1073741823:h9
1073741823,1073741823,1073741823,1073741823,1073741823,1073741823,1047166975,1073180671,1072037887,1071022079,1072676863,1073741823,1073741823,1073741823,1073741823:h9
1073741823,1073741823,1073741823,1073741823,1073741823,1073741823,1047166975,1073180671,1072037887,1071022079,1072693247,1073741823,1073676287,1073741823,1073741823:h9
1073741823,1073741823,1073741823,1073741823,1073741823,1073741823,1047166975,1073180671,1072037887,1071022079,1068498943,1073741823,1073741823,1073741823,1073741823:h9
1073741823,1073741823,1073741823,1073741823,1073741823,1073741823,1047166975,1073180671,1072037887,1071022079,1072693247,1073741823,1056964607,1073741823,1073741823:h9
1073741823,1073741823,1073741823,1073741823,1073741823,1073741823,1047166975,1073180671,1072037887,1071022079,1072693247,1073741823,1072693247,1073741823,1073741823:h9
1073741823,1073741823,1073741823,1073741823,1073741823,1073741823,1047166975,1073180671,1072037887,1071022079,1072693247,1072693247,1073741823,1073741823,1073741823:h9
1073741823,1073741823,1073741823,1073741823,1073741823,1073741823,1047166975,1073180671,1072037887,1071022079,1072693247,1073725439,1073741823,1073741823,1073741823:h9
1073741823,1073741823,1073741823,1073741823,1073741823,1073741823,1047166975,1073180671,1072037887,1071022079,1072693247,1069547519,1073741823,1073741823,1073741823:h9
1073741823,1073741823,1073741823,1073741823,1073741823,1073741823,1047166975,1073180671,1072037887,1071022079,1072693247,1073479679,1073741823,1073741823,1073741823:h9
1073741823,1073741823,1073741823,1073741823,1073741823,1073741823,1047166975,1073180671,1072037887,1071022079,1072431103,1073741823,1073741823,1073741823,1073741823:h9
1073741823,1073741823,1073741823,1073741823,1073741823,1072693247,1047166975,1073180671,1072037887,1071022079,1072693247,1073741823,1073741823,1073741823,1073741823:h9
1073741823,1073741823,1073741823,1073741823,1056964607,1073741823,1047166975,1073180671,1072037887,1071022079,1072693247,1073741823,1073741823,1073741823,1073741823:h9
1073741823,1073741823,1073741823,1073741823,1073741823,1073741823,1047166975,1073180671,1072037887,1071022079,1072689151,1073741823,1073741823,1073741823,1073741823:h9
1073741823,1073741823,1073741823,1073741823,1073741823,1073741823,1047166975,1073180671,1072037887,1071022079,1072627711,1073741823,1073741823,1073741823,1073741823:h9
1073741823,1073741823,1073741823,1073741823,1073741823,1073741823,1047166975,1073180671,1055260671,1071022079,1072693247,1073741823,1073741823,1073741823,1073741823:h9
1073741823,1073741823,1073741823,1073741823,1073741823,1073741823,1047166975,1073180671,1067843583,1071022079,1072693247,1073741823,1073741823,1073741823,1073741823:h9
1073741823,1073741823,1073741823,1073741823,1073741823,1073741823,1047166975,1073180671,1072037887,1071022079,1055916031,1073741823,1073741823,1073741823,1073741823:h9
1073741823,1073741823,1073741823,1073741823,1073741823,1069547519,1047166975,1073180671,1072037887,1071022079,1072693247,1073741823,1073741823,1073741823,1073741823:h9
1073741823,1073741823,1073741823,1073741823,1073741823,1073741823,1047166975,1068986367,1072037887,1071022079,1072693247,1073741823,1073741823,1073741823,1073741823:h9
1073741823,1073741823,1073741823,1073741823,1073741823,1073741823,1047166975,1072132095,1072037887,1071022079,1072693247,1073741823,1073741823,1073741823,1073741823:h9
1073741823,1073741823,1073741823,1073741823,1073741823,1073741823,1047166975,1073180671,1072037887,1066827775,1072693247,1073741823,1073741823,1073741823,1073741823:h9
1073741823,1073741823,1073741823,1073741823,1073737727,1073741823,1047166975,1073180671,1072037887,1071022079,1072693247,1073741823,1073741823,1073741823,1073741823:h9
1073741823,1073741823,1073741823,1073741823,1073676287,1073741823,1047166975,1073180671,1072037887,1071022079,1072693247,1073741823,1073741823,1073741823,1073741823:h9
1073741823,1073741823,1073741823,1073741823,1073741823,1073676287,1047166975,1073180671,1072037887,1071022079,1072693247,1073741823,1073741823,1073741823,1073741823:h9
1073741823,1073741823,1073741823,1073741823,1072693247,1073741823,1047166975,1073180671,1072037887,1071022079,1072693247,1073741823,1073741823,1073741823,1073741823:h9
1073741823,1073741823,1073741823,1073741823,1073741823,1073741823,1047166975,1073180671,1072037887,1071021055,1072693247,1073741823,1073741823,1073741823,1073741823:h9
1073741823,1073741823,1073741823,1073741823,1073741823,1073741823,1047166975,1073180671,1072033791,1071022079,1072693247,1073741823,1073741823,1073741823,1073741823:h9
1073741823,1073741823,1073741823,1073741823,1073741823,1073741823,1047166975,1073179647,1072037887,1071022079,1072693247,1073741823,1073741823,1073741823,1073741823:h9
1073741823,1073741823,1073741823,1073741823,1073741823,1073740799,1047166975,1073180671,1072037887,1071022079,1072693247,1073741823,1073741823,1073741823,1073741823:h9
1073741823,1073741823,1073741823,1073741823,1073741823,1073741823,1047162879,1073180671,1072037887,1071022079,1072693247,1073741823,1073741823,1073741823,1073741823:h9
1073741823,1073741823,1073741823,1073741823,1073741823,1073725439,1047166975,1073180671,1072037887,1071022079,1072693247,1073741823,1073741823,1073741823,1073741823:h9
1073741823,1073741823,1073741823,1073741823,1073741823,1073479679,1047166975,1073180671,1072037887,1071022079,1072693247,1073741823,1073741823,1073741823,1073741823:h9
1073741823,1073741823,1073741823,1073741823,1073741823,1073741823,1047166975,1073115135,1072037887,1071022079,1072693247,1073741823,1073741823,1073741823,1073741823:h9
1073741823,1073741823,1073741823,1073741823,1073741823,1073741823,1047166975,1073180671,1072021503,1071022079,1072693247,1073741823,1073741823,1073741823,1073741823:i8
1073741823,1073741823,1073741823,1073741823,1073741823,1073741823,1072332799,1073180671,1055260671,1071022079,1072693247,1073741823,1073741823,1073741823,1073741823:h9
1073741823,1073741823,1073741823,1073741823,1073741823,1073741823,1072332799,1073180671,1067843583,1071022079,1072693247,1073741823,1073741823,1073741823,1073741823:h9
1073741823,1073741823,1073741823,1073741823,1073741823,1073741823,1072332799,1073180671,1072037887,1071022079,1055916031,1073741823,1073741823,1073741823,1073741823:h9
1073741823,1073741823,1073741823,1073741823,1073741823,1069547519,1072332799,1073180671,1072037887,1071022079,1072693247,1073741823,1073741823,1073741823,1073741823:h9
1073741823,1073741823,1073741823,1073741823,1073741823,1073741823,1072332799,1068986367,1072037887,1071022079,1072693247,1073741823,1073741823,1073741823,1073741823:h9
1073741823,1073741823,1073741823,1073741823,1073741823,1073741823,1072332799,1072132095,1072037887,1071022079,1072693247,1073741823,1073741823,1073741823,1073741823:h9
1073741823,1073741823,1073741823,1073741823,1073741823,1073741823,1072332799,1073180671,1072037887,1066827775,1072693247,1073741823,1073741823,1073741823,1073741823:h9
1073741823,1073741823,1073741823,1073741823,1073737727,1073741823,1072332799,1073180671,1072037887,1071022079,1072693247,1073741823,1073741823,1073741823,1073741823:h9
1073741823,1073741823,1073741823,1073741823,1073676287,1073741823,1072332799,1073180671,1072037887,1071022079,1072693247,1073741823,1073741823,1073741823,1073741823:h9
1073741823,1073741823,1073741823,1073741823,1073741823,1073676287,1072332799,1073180671,1072037887,1071022079,1072693247,1073741823,1073741823,1073741823,1073741823:h9
1073741823,1073741823,1073741823,1073741823,1072693247,1073741823,1072332799,1073180671,1072037887,1071022079,1072693247,1073741823,1073741823,1073741823,1073741823:h9
1073741823,1073741823,1073741823,1073741823,1073741823,1073741823,1072332799,1073180671,1072037887,1071021055,1072693247,1073741823,1073741823,1073741823,1073741823:h9
1073741823,1073741823,1073741823,1073741823,1073741823,1073741823,1072332799,1073180671,1072033791,1071022079,1072693247,1073741823,1073741823,1073741823,1073741823:h9
1073741823,1073741823,1073741823,1073741823,1073741823,1073741823,1072332799,1073179647,1072037887,1071022079,1072693247,1073741823,1073741823,1073741823,1073741823:h9
1073741823,1073741823,1073741823,1073741823,1073741823,1073740799,1072332799,1073180671,1072037887,1071022079,1072693247,1073741823,1073741823,1073741823,1073741823:h9
1073741823,1073741823,1073741823,1073741823,1073741823,1073741823,1072328703,1073180671,1072037887,1071022079,1072693247,1073741823,1073741823,1073741823,1073741823:h9
1073741823,1073741823,1073741823,1073741823,1073741823,1073725439,1072332799,1073180671,1072037887,1071022079,1072693247,1073741823,1073741823,1073741823,1073741823:h9
1073741823,1073741823,1073741823,1073741823,1073741823,1073479679,1072332799,1073180671,1072037887,1071022079,1072693247,1073741823,1073741823,1073741823,1073741823:h9
1073741823,1073741823,1073741823,1073741823,1073741823,1073741823,1072332799,1073115135,1072037887,1071022079,1072693247,1073741823,1073741823,1073741823,1073741823:h9
1073741823,1073741823,1073741823,1073741823,1073741823,1073741823,1072332799,1073180671,1072021503,1071022079,1072693247,1073741823,1073741823,1073741823,1073741823:i8
1073741823,1073741823,1073741823,1073741823,1073741823,1073741823,1072627711,1073180671,1072037887,1071021055,1072693247,1073741823,1073741823,1073741823,1073741823:h7
1073741823,1073741823,1073741823,1073741823,1073741823,1073741823,1072627711,1073180671,1072033791,1071022079,1072693247,1073741823,1073741823,1073741823,1073741823:h7
1073741823,1073741823,1073741823,1073741823,1073741823,1073741823,1072627711,1073179647,1072037887,1071022079,1072693247,1073741823,1073741823,1073741823,1073741823:h7
1073741823,1073741823,1073741823,1073741823,1073741823,1073740799,1072627711,1073180671,1072037887,1071022079,1072693247,1073741823,1073741823,1073741823,1073741823:h7
1073741823,1073741823,1073741823,1073741823,1073741823,1073741823,1072623615,1073180671,1072037887,1071022079,1072693247,1073741823,1073741823,1073741823,1073741823:h7
1073741823,1073741823,1073741823,1073741823,1073741823,1073725439,1072627711,1073180671,1072037887,1071022079,1072693247,1073741823,1073741823,1073741823,1073741823:h9
1073741823,1073741823,1073741823,1073741823,1073741823,1073741823,1072611327,1073180671,1072037887,1071022079,1072693247,1073741823,1073741823,1073741823,1073741823:j7
1073741823,1073741823,1073741823,1073741823,1073741823,1073479679,1072627711,1073180671,1072037887,1071022079,1072693247,1073741823,1073741823,1073741823,1073741823:h7
1073741823,1073741823,1073741823,1073741823,1073741823,1073741823,1072627711,1073115135,1072037887,1071022079,1072693247,1073741823,1073741823,1073741823,1073741823:h9
1073741823,1073741823,1073741823,1073741823,1073741823,1073741823,1072627711,1073180671,1072021503,1071022079,1072693247,1073741823,1073741823,1073741823,1073741823:j7
1073741823,1073741823,1073741823,1073741823,1073741823,1073741823,1072627711,1073180671,1072562175,1071087615,1072627711,1073741823,1073741823,1073741823,1073741823:i10
1073741823,1073741823,1073741823,1073741823,1073741823,1073741823,1055850495,1073180671,1072562175,1071087615,1072693247,1073741823,1073741823,1073741823,1073741823:i10
1073741823,1073741823,1073741823,1073741823,1073741823,1073741823,1072627711,1073180671,1055784959,1071087615,1072693247,1073741823,1073741823,1073741823,1073741823:h7
1073741823,1073741823,1073741823,1073741823,1073741823,1073741823,1072627711,1073180671,1068367871,1071087615,1072693247,1073741823,1073741823,1073741823,1073741823:h7
1073741823,1073741823,1073741823,1073741823,1073741823,1073741823,1072627711,1073180671,1072562175,1071087615,1055916031,1073741823,1073741823,1073741823,1073741823:h7
1073741823,1073741823,1073741823,1073741823,1073741823,1069547519,1072627711,1073180671,1072562175,1071087615,1072693247,1073741823,1073741823,1073741823,1073741823:h7
1073741823,1073741823,1073741823,1073741823,1073741823,1073741823,1072627711,1068986367,1072562175,1071087615,1072693247,1073741823,1073741823,1073741823,1073741823:h7
1073741823,1073741823,1073741823,1073741823,1073741823,1073741823,1072627711,1072132095,1072562175,1071087615,1072693247,1073741823,1073741823,1073741823,1073741823:i10
1073741823,1073741823,1073741823,1073741823,1073741823,1073741823,1072627711,1073180671,1072562175,1066893311,1072693247,1073741823,1073741823,1073741823,1073741823:h7
1073741823,1073741823,1073741823,1073741823,1073741823,1073741823,1072627711,1073180671,1072300031,1071087615,1072693247,1073741823,1073741823,1073741823,1073741823:i10
1073741823,1073741823,1073741823,1073741823,1073737727,1073741823,1072627711,1073180671,1072562175,1071087615,1072693247,1073741823,1073741823,1073741823,1073741823:h7
1073741823,1073741823,1073741823,1073741823,1073676287,1073741823,1072627711,1073180671,1072562175,1071087615,1072693247,1073741823,1073741823,1073741823,1073741823:h7
1073741823,1073741823,1073741823,1073741823,1073741823,1073676287,1072627711,1073180671,1072562175,1071087615,1072693247,1073741823,1073741823,1073741823,1073741823:h7
1073741823,1073741823,1073741823,1073741823,1072693247,1073741823,1072627711,1073180671,1072562175,1071087615,1072693247,1073741823,1073741823,1073741823,1073741823:i10
1073741823,1073741823,1073741823,1073741823,1073741823,1073741823,1072365567,1073180671,1072562175,1071087615,1072693247,1073741823,1073741823,1073741823,1073741823:i10
1073741823,1073741823,1073741823,1073741823,1073741823,1073741823,1072627711,1073180671,1072562175,1071086591,1072693247,1073741823,1073741823,1073741823,1073741823:h7
1073741823,1073741823,1073741823,1073741823,1073741823,1073741823,1072627711,1073180671,1072558079,1071087615,1072693247,1073741823,1073741823,1073741823,1073741823:h7
1073741823,1073741823,1073741823,1073741823,1073741823,1073741823,1072627711,1073179647,1072562175,1071087615,1072693247,1073741823,1073741823,1073741823,1073741823:h7
1073741823,1073741823,1073741823,1073741823,1073741823,1073740799,1072627711,1073180671,1072562175,1071087615,1072693247,1073741823,1073741823,1073741823,1073741823:h7
1073741823,1073741823,1073741823,1073741823,1073741823,1073741823,1072623615,1073180671,1072562175,1071087615,1072693247,1073741823,1073741823,1073741823,1073741823:h7
1073741823,1073741823,1073741823,1073741823,1073741823,1073725439,1072627711,1073180671,1072562175,1071087615,1072693247,1073741823,1073741823,1073741823,1073741823:j9
1073741823,1073741823,1073741823,1073741823,1073741823,1073741823,1072611327,1073180671,1072562175,1071087615,1072693247,1073741823,1073741823,1073741823,1073741823:i10
1073741823,1073741823,1073741823,1073741823,1073741823,1073479679,1072627711,1073180671,1072562175,1071087615,1072693247,1073741823,1073741823,1073741823,1073741823:h7
1073741823,1073741823,1073741823,1073741823,1073741823,1073741823,1072627711,1073115135,1072562175,1071087615,1072693247,1073741823,1073741823,1073741823,1073741823:i10
1073741823,1073741823,1073741823,1073741823,1073741823,1073741823,1072627711,1073180671,1072545791,1071087615,1072693247,1073741823,1073741823,1073741823,1073741823:i10
