1073741823,1073741823,1073741823,1073741823,1073741823,1071644671,1073377279,1073119231,1071513599,1073197055,1072693247,1073741823,1073741823,1073741823,1073741823:l8
1073741823,1073741823,1073741823,1073741823,1073741823,1004535807,1073377279,1064730623,1071513599,1073197055,1072693247,1073741823,1073741823,1073741823,1073741823:k7
1073741823,1073741823,1073741823,1073741823,1073741823,1071644671,1073377279,997621759,1071513599,1073197055,1072693247,1073741823,1073741823,1073741823,1073741823:k7
1073741823,1073741823,1073741823,1073741823,1073741823,1071644671,1073377279,1064730623,1071513599,1006088191,1072693247,1073741823,1073741823,1073741823,1073741823:k7
1073741823,1073741823,1073741823,1073741823,1073741823,1071644671,1073377279,1064730623,1071513599,1073197055,1072693247,1073741567,1073741823,1073741823,1073741823:k7
1073741823,1073741823,1073741823,1073741823,1073741823,1071644671,1073377279,1064730623,1071513599,1073197055,1072692223,1073741823,1073741823,1073741823,1073741823:h9
1073741823,1073741823,1073741823,1073741823,1073741823,1071644671,1073377279,1064730623,1071480831,1073197055,1072692223,1073741823,1073741759,1073741823,1073741823:k7
1073741823,1073741823,1073741823,1073741823,1073741823,1071644671,1073377279,1064730623,1071480831,1073197055,1072692159,1073741823,1073741823,1073741823,1073741823:k7
1073741823,1073741823,1073741823,1073741823,1073741823,1071644671,1073377279,1064730623,1071480831,1073197055,1072691967,1073741823,1073741823,1073741823,1073741823:k7
1073741823,1073741823,1073741823,1073741823,1073741823,1071644671,1073377279,1064730623,1071480767,1073197055,1072692223,1073741823,1073741823,1073741823,1073741823:k7
1073741823,1073741823,1073741823,1073741823,1073741823,1071644671,1073377279,1064730623,1071480831,1073197055,1072692223,1073741823,1073725439,1073741823,1073741823:k7
1073741823,1073741823,1073741823,1073741823,1073741823,1071644671,1073377279,1064730623,1071480831,1073197055,1072692223,1073741823,1073740799,1073741823,1073741823:k7
1073741823,1073741823,1073741823,1073741823,1073741823,1004535807,1073377279,1064730623,1071480831,1073197055,1072692223,1073741823,1073741823,1073741823,1073741823:k7
1073741823,1073741823,1073741823,1073741823,1073741823,1071644671,1073377279,997621759,1071480831,1073197055,1072692223,1073741823,1073741823,1073741823,1073741823:k7
1073741823,1073741823,1073741823,1073741823,1073741823,1071644671,1073377279,1064730623,1071480831,1006088191,1072692223,1073741823,1073741823,1073741823,1073741823:k7
1073741823,1073741823,1073741823,1073741823,1073741823,1071644671,1073377279,1064730623,1071480831,1073197055,1072692223,1073741567,1073741823,1073741823,1073741823:k7
1073741823,1073741823,1073741823,1073741823,1073741823,1071644671,1073377279,1064730623,1071480831,1073196799,1072692223,1073741823,1073741823,1073741823,1073741823:m7
1073741823,1073741823,1073741823,1073741823,1073741823,1071644671,1073377279,1064730367,1071480831,1073197055,1072692223,1073741823,1073741823,1073741823,1073741823:k7
1073741823,1073741823,1073741823,1073741823,1073741823,1071644671,1073377279,1064730623,1071480831,1073197055,1072692223,1073676287,1073741823,1073741823,1073741823:k7
1073741823,1073741823,1073741823,1073741823,1073741823,1071644671,1073377279,1064730623,1071480831,1073197055,1072692223,1073737727,1073741823,1073741823,1073741823:k7
1073741823,1073741823,1073741823,1073676287,1073741823,1071644671,1073377279,1064730623,1071480831,1073197055,1072692223,1073741823,1073741823,1073741823,1073741823:m7
1073741823,1073741823,1073741823,1072693247,1073741823,1071644671,1073377279,1064730623,1071480831,1073197055,1072692223,1073741823,1073741823,1073741823,1073741823:k7
1073741823,1073741823,1073741823,1056964607,1073741823,1071644671,1073377279,1064730623,1071480831,1073197055,1072692223,1073741823,1073741823,1073741823,1073741823:k7
1073741823,1073741823,1073741823,1073741823,1073741823,1054867455,1073377279,1064730623,1071480831,1073197055,1072692223,1073741823,1073741823,1073741823,1073741823:k7
1073741823,1073741823,1073741823,1073741823,1073741823,1071644671,1073377279,1047953407,1071480831,1073197055,1072692223,1073741823,1073741823,1073741823,1073741823:k7
1073741823,1073741823,1073741823,1073741823,1073741823,1071644671,1073377279,1064730623,1071480831,1073197055,1072692223,1073741823,1073676287,1073741823,1073741823:k7
1073741823,1073741823,1073741823,1073741823,1073741823,1071644671,1073377279,1064730623,1071480831,1073197055,1068497919,1073741823,1073741823,1073741823,1073741823:k7
1073741823,1073741823,1073741823,1073741823,1073741823,1071644671,1073377279,1064730623,1071480831,1073197055,1072692223,1073741823,1056964607,1073741823,1073741823:k7
1073741823,1073741823,1073741823,1073741823,1073741823,1071644671,1073377279,1064730623,1071480831,1073197055,1072692223,1073741823,1072693247,1073741823,1073741823:k7
1073741823,1073741823,1073741823,1073741823,1073741823,1071644671,1073377279,1064730623,1071480831,1073197055,1072692223,1072693247,1073741823,1073741823,1073741823:k7
1073741823,1073741823,1073741823,1073741823,1073741823,1071644671,1073377279,1064730623,1071479807,1073197055,1072692223,1073741823,1073741823,1073741823,1073741823:k7
1073741823,1073741823,1073741823,1073741823,1073740799,1071644671,1073377279,1064730623,1071480831,1073197055,1072692223,1073741823,1073741823,1073741823,1073741823:k7
1073741823,1073741823,1073741823,1073741823,1073725439,1071644671,1073377279,1064730623,1071480831,1073197055,1072692223,1073741823,1073741823,1073741823,1073741823:k7
1073741823,1073741823,1073741823,1073741823,1073479679,1071644671,1073377279,1064730623,1071480831,1073197055,1072692223,1073741823,1073741823,1073741823,1073741823:k7
1073741823,1073741823,1073741823,1073741823,1069547519,1071644671,1073377279,1064730623,1071480831,1073197055,1072692223,1073741823,1073741823,1073741823,1073741823:k7
1073741823,1073741823,1073741823,1073741823,1073741823,1071644671,1069182975,1064730623,1071480831,1073197055,1072692223,1073741823,1073741823,1073741823,1073741823:k7
1073741823,1073741823,1073741823,1073741823,1073741823,1071644671,1056600063,1064730623,1071480831,1073197055,1072692223,1073741823,1073741823,1073741823,1073741823:k7
1073741823,1073741823,1073741823,1073741823,1073741823,1071644671,1073377279,1064730623,1054703615,1073197055,1072692223,1073741823,1073741823,1073741823,1073741823:k7
1073741823,1073741823,1073741823,1073741823,1073741823,1071644671,1073377279,1064730623,1067286527,1073197055,1072692223,1073741823,1073741823,1073741823,1073741823:k7
1073741823,1073741823,1073741823,1073741823,1073741823,1071644671,1073377279,1064730623,1071480831,1073197055,1055915007,1073741823,1073741823,1073741823,1073741823:k7
1073741823,1073741823,1073741823,1073741823,1073741823,1071644671,1073377279,1064730623,1071480575,1073197055,1072692223,1073741823,1073741823,1073741823,1073741823:k7
1073741823,1073741823,1073741823,1073741823,1073741823,1071644671,1073377023,1064730623,1071480831,1073197055,1072692223,1073741823,1073741823,1073741823,1073741823:k7
1073741823,1073741823,1073741823,1073741823,1073741823,1071644671,1073376255,1064730623,1071480831,1073197055,1072692223,1073741823,1073741823,1073741823,1073741823:k7
1073741823,1073741823,1073741823,1073741823,1073741567,1071644671,1073377279,1064730623,1071480831,1073197055,1072692223,1073741823,1073741823,1073741823,1073741823:k7
1073741823,1073741823,1073741823,1073741823,1073741823,1071644671,1073377279,1064730623,1071480831,1073197055,1072692223,1069547519,1073741823,1073741823,1073741823:k7
1073741823,1073741823,1073741823,1073741823,1073741823,1071644671,1073377279,1064730623,1071480831,1073197055,1072430079,1073741823,1073741823,1073741823,1073741823:k7
1073741823,1073741823,1073741823,1073741823,1073741823,1071644671,1073377279,1064730623,1071480831,1073197055,1072692223,1073740799,1073741823,1073741823,1073741823:k7
1073741823,1073741823,1073741823,1073741823,1073741823,1071644671,1073377279,1064730623,1071480831,1073197055,1072692223,1073479679,1073741823,1073741823,1073741823:k7
1073741823,1073741823,1073741823,1073741823,1073741823,1071644671,1073377279,1064730623,1071480831,1073197055,1072692223,1073725439,1073741823,1073741823,1073741823:k7
1073741823,1073741823,1073741823,1073741823,1073741823,1071644671,1073377279,1064730623,1071480831,1073197055,1072675839,1073741823,1073741823,1073741823,1073741823:k7
1073741823,1073741823,1073741823,1073741823,1073741823,1071644671,1073377279,1064730623,1071480831,1073197055,1072688127,1073741823,1073741823,1073741823,1073741823:m7
1073741823,1073741823,1073741823,1073741823,1073741823,1071644671,1073377279,1064730623,1071480831,1073197055,1072626687,1073741823,1073741823,1073741823,1073741823:k7
1073741823,1073741823,1073741823,1073741823,1073741823,1071640575,1073377279,1064730623,1071480831,1073197055,1072692223,1073741823,1073741823,1073741823,1073741823:m7
1073741823,1073741823,1073741823,1073741823,1073741823,1071644671,1073377279,1064730623,1071480831,1072148479,1072692223,1073741823,1073741823,1073741823,1073741823:m7
1073741823,1073741823,1073741823,1073741823,1073741823,1071644671,1073377279,1064730623,1071480831,1073131519,1072692223,1073741823,1073741823,1073741823,1073741823:m7
1073741823,1073741823,1073741823,1073741823,1073741823,1067450367,1073377279,1064730623,1071480831,1073197055,1072692223,1073741823,1073741823,1073741823,1073741823:k7
1073741823,1073741823,1073741823,1073741823,1073741823,1071644671,1073377279,1063682047,1071480831,1073197055,1072692223,1073741823,1073741823,1073741823,1073741823:m7
1073741823,1073741823,1073741823,1073741823,1073741823,1071644671,1073377279,1064730623,1071480831,1069002751,1072692223,1073741823,1073741823,1073741823,1073741823:k7
1073741823,1073741823,1073741823,1073741823,1073741823,1071644671,1073377279,1064730623,1071218687,1073197055,1072692223,1073741823,1073741823,1073741823,1073741823:k7
1073741823,1073741823,1073741823,1073741823,1073737727,1071644671,1073377279,1064730623,1071480831,1073197055,1072692223,1073741823,1073741823,1073741823,1073741823:k7
1073741823,1073741823,1073741823,1073741823,1073676287,1071644671,1073377279,1064730623,1071480831,1073197055,1072692223,1073741823,1073741823,1073741823,1073741823:k8
1073741823,1073741823,1073741823,1073741823,1073741823,1071579135,1073377279,1064730623,1071480831,1073197055,1072692223,1073741823,1073741823,1073741823,1073741823:m7
1073741823,1073741823,1073741823,1073741823,1072693247,1071644671,1073377279,1064730623,1071480831,1073197055,1072692223,1073741823,1073741823,1073741823,1073741823:m7
1073741823,1073741823,1073741823,1073741823,1073741823,1071644671,1072328703,1064730623,1071480831,1073197055,1072692223,1073741823,1073741823,1073741823,1073741823:m7
1073741823,1073741823,1073741823,1073741823,1073741823,1071644671,1073377279,1064730623,1071480831,1073196031,1072692223,1073741823,1073741823,1073741823,1073741823:m7
1073741823,1073741823,1073741823,1073741823,1073741823,1071644671,1073377279,1064730623,1071476735,1073197055,1072692223,1073741823,1073741823,1073741823,1073741823:m7
1073741823,1073741823,1073741823,1073741823,1073741823,1071644671,1073377279,1064729599,1071480831,1073197055,1072692223,1073741823,1073741823,1073741823,1073741823:k7
1073741823,1073741823,1073741823,1073741823,1073741823,1071644671,1073377279,1064726527,1071480831,1073197055,1072692223,1073741823,1073741823,1073741823,1073741823:m7
1073741823,1073741823,1073741823,1073741823,1073741823,1071643647,1073377279,1064730623,1071480831,1073197055,1072692223,1073741823,1073741823,1073741823,1073741823:k7
1073741823,1073741823,1073741823,1073741823,1073741823,1071628287,1073377279,1064730623,1071480831,1073197055,1072692223,1073741823,1073741823,1073741823,1073741823:k7
1073741823,1073741823,1073741823,1073741823,1073741823,1071382527,1073377279,1064730623,1071480831,1073197055,1072692223,1073741823,1073741823,1073741823,1073741823:k7
1073741823,1073741823,1073741823,1073741823,1073741823,1071644671,1073377279,1064730623,1071513599,1073196799,1072693247,1073741823,1073741823,1073741823,1073741823:m7
1073741823,1073741823,1073741823,1073741823,1073741823,1071644671,1073377279,1064730367,1071513599,1073197055,1072693247,1073741823,1073741823,1073741823,1073741823:k7
1073741823,1073741823,1073741823,1073741823,1073741823,1071644671,1073377279,1064730623,1071513599,1073197055,1072693247,1073676287,1073741823,1073741823,1073741823:k7
1073741823,1073741823,1073741823,1073741823,1073741823,1071644671,1073377279,1064730623,1071513599,1073197055,1072693247,1073737727,1073741823,1073741823,1073741823:m7
1073741823,1073741823,1073741823,1073676287,1073741823,1071644671,1073377279,1064730623,1071513599,1073197055,1072693247,1073741823,1073741823,1073741823,1073741823:m7
1073741823,1073741823,1073741823,1072693247,1073741823,1071644671,1073377279,1064730623,1071513599,1073197055,1072693247,1073741823,1073741823,1073741823,1073741823:k7
1073741823,1073741823,1073741823,1056964607,1073741823,1071644671,1073377279,1064730623,1071513599,1073197055,1072693247,1073741823,1073741823,1073741823,1073741823:k7
1073741823,1073741823,1073741823,1073741823,1073741823,1054867455,1073377279,1064730623,1071513599,1073197055,1072693247,1073741823,1073741823,1073741823,1073741823:k7
1073741823,1073741823,1073741823,1073741823,1073741823,1071644671,1073377279,1047953407,1071513599,1073197055,1072693247,1073741823,1073741823,1073741823,1073741823:k7
1073741823,1073741823,1073741823,1073741823,1073741823,1071644671,1073377279,1064730623,1071513599,1073197055,1072693247,1073741823,1073676287,1073741823,1073741823:k7
1073741823,1073741823,1073741823,1073741823,1073741823,1071644671,1073377279,1064730623,1071513599,1073197055,1068498943,1073741823,1073741823,1073741823,1073741823:k7
1073741823,1073741823,1073741823,1073741823,1073741823,1071644671,1073377279,1064730623,1071513599,1073197055,1072693247,1073741823,1056964607,1073741823,1073741823:k7
1073741823,1073741823,1073741823,1073741823,1073741823,1071644671,1073377279,1064730623,1071513599,1073197055,1072693247,1073741823,1072693247,1073741823,1073741823:k7
1073741823,1073741823,1073741823,1073741823,1073741823,1071644671,1073377279,1064730623,1071513599,1073197055,1072693247,1072693247,1073741823,1073741823,1073741823:m7
1073741823,1073741823,1073741823,1073741823,1073741823,1071644671,1073377279,1064730623,1071512575,1073197055,1072693247,1073741823,1073741823,1073741823,1073741823:m7
1073741823,1073741823,1073741823,1073741823,1073740799,1071644671,1073377279,1064730623,1071513599,1073197055,1072693247,1073741823,1073741823,1073741823,1073741823:k7
1073741823,1073741823,1073741823,1073741823,1073725439,1071644671,1073377279,1064730623,1071513599,1073197055,1072693247,1073741823,1073741823,1073741823,1073741823:k7
1073741823,1073741823,1073741823,1073741823,1073479679,1071644671,1073377279,1064730623,1071513599,1073197055,1072693247,1073741823,1073741823,1073741823,1073741823:k7
1073741823,1073741823,1073741823,1073741823,1069547519,1071644671,1073377279,1064730623,1071513599,1073197055,1072693247,1073741823,1073741823,1073741823,1073741823:k7
1073741823,1073741823,1073741823,1073741823,1073741823,1071644671,1069182975,1064730623,1071513599,1073197055,1072693247,1073741823,1073741823,1073741823,1073741823:k7
1073741823,1073741823,1073741823,1073741823,1073741823,1071644671,1056600063,1064730623,1071513599,1073197055,1072693247,1073741823,1073741823,1073741823,1073741823:k7
1073741823,1073741823,1073741823,1073741823,1073741823,1071644671,1073377279,1064730623,1054736383,1073197055,1072693247,1073741823,1073741823,1073741823,1073741823:k7
1073741823,1073741823,1073741823,1073741823,1073741823,1071644671,1073377279,1064730623,1067319295,1073197055,1072693247,1073741823,1073741823,1073741823,1073741823:k7
1073741823,1073741823,1073741823,1073741823,1073741823,1071644671,1073377279,1064730623,1071513599,1073197055,1055916031,1073741823,1073741823,1073741823,1073741823:k7
1073741823,1073741823,1073741823,1073741823,1073741823,1071644671,1073377279,1064730623,1071513343,1073197055,1072693247,1073741823,1073741823,1073741823,1073741823:k7
1073741823,1073741823,1073741823,1073741823,1073741823,1071644671,1073377023,1064730623,1071513599,1073197055,1072693247,1073741823,1073741823,1073741823,1073741823:k7
1073741823,1073741823,1073741823,1073741823,1073741823,1071644671,1073376255,1064730623,1071513599,1073197055,1072693247,1073741823,1073741823,1073741823,1073741823:m7
1073741823,1073741823,1073741823,1073741823,1073741567,1071644671,1073377279,1064730623,1071513599,1073197055,1072693247,1073741823,1073741823,1073741823,1073741823:k7
1073741823,1073741823,1073741823,1073741823,1073741823,1071644671,1073377279,1064730623,1071513599,1073197055,1072693247,1069547519,1073741823,1073741823,1073741823:k7
1073741823,1073741823,1073741823,1073741823,1073741823,1071644671,1073377279,1064730623,1071513599,1073197055,1072431103,1073741823,1073741823,1073741823,1073741823:m7
1073741823,1073741823,1073741823,1073741823,1073741823,1071644671,1073377279,1064730623,1071513599,1073197055,1072693247,1073740799,1073741823,1073741823,1073741823:m7
1073741823,1073741823,1073741823,1073741823,1073741823,1071644671,1073377279,1064730623,1071513599,1073197055,1072693247,1073479679,1073741823,1073741823,1073741823:k7
1073741823,1073741823,1073741823,1073741823,1073741823,1071644671,1073377279,1064730623,1071513599,1073197055,1072693247,1073725439,1073741823,1073741823,1073741823:m7
1073741823,1073741823,1073741823,1073741823,1073741823,1071644671,1073377279,1064730623,1071513599,1073197055,1072676863,1073741823,1073741823,1073741823,1073741823:m7
1073741823,1073741823,1073741823,1073741823,1073741823,1071644671,1073377279,1064730623,1071513599,1073197055,1072689151,1073741823,1073741823,1073741823,1073741823:m7
1073741823,1073741823,1073741823,1073741823,1073741823,1071644671,1073377279,1064730623,1071513599,1073197055,1072627711,1073741823,1073741823,1073741823,1073741823:k7
1073741823,1073741823,1073741823,1073741823,1056964607,1071644671,1071280127,1064730623,1071513599,1073197055,1072627711,1073741823,1073741823,1073741823,1073741823:k8
1073741823,1073741823,1073741823,1073741823,1073741823,1071644671,1071280127,1064730623,1071513599,1073197055,1072627711,1073741823,1073737727,1073741823,1073741823:k8
1073741823,1073741823,1073741823,1073741823,1073741823,1004535807,1071280127,1064730623,1071513599,1073197055,1072627711,1073741823,1073741823,1073741823,1073741823:k8
1073741823,1073741823,1073741823,1073741823,1073741823,1071644671,1071280127,997621759,1071513599,1073197055,1072627711,1073741823,1073741823,1073741823,1073741823:k8
1073741823,1073741823,1073741823,1073741823,1073741823,1071644671,1071280127,1064730623,1071513599,1006088191,1072627711,1073741823,1073741823,1073741823,1073741823:k8
1073741823,1073741823,1073741823,1073741823,1073741823,1071644671,1071280127,1064730623,1071513599,1073197055,1072627711,1073741567,1073741823,1073741823,1073741823:k8
1073741823,1073741823,1073741823,1073741823,1073741823,1071644671,1071280127,1064730623,1071513599,1073197055,1072626687,1073741823,1073741823,1073741823,1073741823:h9
1073741823,1073741823,1073741823,1073741823,1073741823,1071644671,1071280127,1064730623,1071480831,1073197055,1072626687,1073741823,1073741759,1073741823,1073741823:k8
1073741823,1073741823,1073741823,1073741823,1073741823,1071644671,1071280127,1064730623,1071480831,1073197055,1072626623,1073741823,1073741823,1073741823,1073741823:k8
1073741823,1073741823,1073741823,1073741823,1073741823,1071644671,1071280127,1064730623,1071480831,1073197055,1072626431,1073741823,1073741823,1073741823,1073741823:k8
1073741823,1073741823,1073741823,1073741823,1073741823,1071644671,1071280127,1064730623,1071480767,1073197055,1072626687,1073741823,1073741823,1073741823,1073741823:k8
1073741823,1073741823,1073741823,1073741823,1073741823,1071644671,1071280127,1064730623,1071480831,1073197055,1072626687,1073741823,1073725439,1073741823,1073741823:k8
1073741823,1073741823,1073741823,1073741823,1073741823,1071644671,1071280127,1064730623,1071480831,1073197055,1072626687,1073741823,1073740799,1073741823,1073741823:k8
1073741823,1073741823,1073741823,1073741823,1056964607,1071644671,1071280127,1064730623,1071480831,1073197055,1072626687,1073741823,1073741823,1073741823,1073741823:k8
1073741823,1073741823,1073741823,1073741823,1073741823,1071644671,1071280127,1064730623,1071480831,1073197055,1072626687,1073741823,1073737727,1073741823,1073741823:k8
1073741823,1073741823,1073741823,1073741823,1073741823,1004535807,1071280127,1064730623,1071480831,1073197055,1072626687,1073741823,1073741823,1073741823,1073741823:k8
1073741823,1073741823,1073741823,1073741823,1073741823,1071644671,1071280127,997621759,1071480831,1073197055,1072626687,1073741823,1073741823,1073741823,1073741823:k8
1073741823,1073741823,1073741823,1073741823,1073741823,1071644671,1071280127,1064730623,1071480831,1006088191,1072626687,1073741823,1073741823,1073741823,1073741823:k8
1073741823,1073741823,1073741823,1073741823,1073741823,1071644671,1071280127,1064730623,1071480831,1073197055,1072626687,1073741567,1073741823,1073741823,1073741823:k8
1073741823,1073741823,1073741823,1073741823,1073741823,1071644671,1071280127,1064730623,1071480831,1073196799,1072626687,1073741823,1073741823,1073741823,1073741823:k8
1073741823,1073741823,1073741823,1073741823,1073741823,1071644671,1071280127,1064730367,1071480831,1073197055,1072626687,1073741823,1073741823,1073741823,1073741823:k8
1073741823,1073741823,1073741823,1073741823,1073741823,1071644671,1071280127,1064730623,1071480831,1073197055,1072626687,1073676287,1073741823,1073741823,1073741823:k8
1073741823,1073741823,1073741823,1073741823,1073741823,1071644671,1071280127,1064730623,1071480831,1073197055,1072626687,1073737727,1073741823,1073741823,1073741823:k8
1073741823,1073741823,1073741823,1073676287,1073741823,1071644671,1071280127,1064730623,1071480831,1073197055,1072626687,1073741823,1073741823,1073741823,1073741823:k8
1073741823,1073741823,1073741823,1072693247,1073741823,1071644671,1071280127,1064730623,1071480831,1073197055,1072626687,1073741823,1073741823,1073741823,1073741823:k8
1073741823,1073741823,1073741823,1056964607,1073741823,1071644671,1071280127,1064730623,1071480831,1073197055,1072626687,1073741823,1073741823,1073741823,1073741823:k8
1073741823,1073741823,1073741823,1073741823,1073741823,1054867455,1071280127,1064730623,1071480831,1073197055,1072626687,1073741823,1073741823,1073741823,1073741823:k8
1073741823,1073741823,1073741823,1073741823,1073741823,1071644671,1071280127,1047953407,1071480831,1073197055,1072626687,1073741823,1073741823,1073741823,1073741823:k8
1073741823,1073741823,1073741823,1073741823,1073741823,1071644671,1071280127,1064730623,1071480831,1073197055,1072626687,1073741823,1073676287,1073741823,1073741823:k8
1073741823,1073741823,1073741823,1073741823,1073741823,1071644671,1071280127,1064730623,1071480831,1073197055,1068432383,1073741823,1073741823,1073741823,1073741823:k8
1073741823,1073741823,1073741823,1073741823,1073741823,1071644671,1071280127,1064730623,1071480831,1073197055,1072626687,1073741823,1056964607,1073741823,1073741823:k8
1073741823,1073741823,1073741823,1073741823,1073741823,1071644671,1071280127,1064730623,1071480831,1073197055,1072626687,1073741823,1072693247,1073741823,1073741823:k8
1073741823,1073741823,1073741823,1073741823,1073741823,1071644671,1071280127,1064730623,1071480831,1073197055,1072626687,1072693247,1073741823,1073741823,1073741823:k8
1073741823,1073741823,1073741823,1073741823,1073741823,1071644671,1071280127,1064730623,1071479807,1073197055,1072626687,1073741823,1073741823,1073741823,1073741823:k8
1073741823,1073741823,1073741823,1073741823,1073740799,1071644671,1071280127,1064730623,1071480831,1073197055,1072626687,1073741823,1073741823,1073741823,1073741823:k8
1073741823,1073741823,1073741823,1073741823,1073725439,1071644671,1071280127,1064730623,1071480831,1073197055,1072626687,1073741823,1073741823,1073741823,1073741823:k8
1073741823,1073741823,1073741823,1073741823,1073479679,1071644671,1071280127,1064730623,1071480831,1073197055,1072626687,1073741823,1073741823,1073741823,1073741823:k8
1073741823,1073741823,1073741823,1073741823,1069547519,1071644671,1071280127,1064730623,1071480831,1073197055,1072626687,1073741823,1073741823,1073741823,1073741823:k8
1073741823,1073741823,1073741823,1073741823,1073741823,1071644671,1067085823,1064730623,1071480831,1073197055,1072626687,1073741823,1073741823,1073741823,1073741823:k8
1073741823,1073741823,1073741823,1073741823,1073741823,1071644671,1054502911,1064730623,1071480831,1073197055,1072626687,1073741823,1073741823,1073741823,1073741823:k8
1073741823,1073741823,1073741823,1073741823,1073741823,1071644671,1071280127,1064730623,1054703615,1073197055,1072626687,1073741823,1073741823,1073741823,1073741823:k8
1073741823,1073741823,1073741823,1073741823,1073741823,1071644671,1071280127,1064730623,1067286527,1073197055,1072626687,1073741823,1073741823,1073741823,1073741823:k8
1073741823,1073741823,1073741823,1073741823,1073741823,1071644671,1071280127,1064730623,1071480831,1073197055,1055849471,1073741823,1073741823,1073741823,1073741823:k8
1073741823,1073741823,1073741823,1073741823,1073741823,1071644671,1071280127,1064730623,1071480575,1073197055,1072626687,1073741823,1073741823,1073741823,1073741823:k8
1073741823,1073741823,1073741823,1073741823,1073741823,1071644671,1071279871,1064730623,1071480831,1073197055,1072626687,1073741823,1073741823,1073741823,1073741823:k8
1073741823,1073741823,1073741823,1073741823,1073741823,1071644671,1071279103,1064730623,1071480831,1073197055,1072626687,1073741823,1073741823,1073741823,1073741823:k8
1073741823,1073741823,1073741823,1073741823,1073741567,1071644671,1071280127,1064730623,1071480831,1073197055,1072626687,1073741823,1073741823,1073741823,1073741823:k8
1073741823,1073741823,1073741823,1073741823,1073741823,1071644671,1071280127,1064730623,1071480831,1073197055,1072626687,1069547519,1073741823,1073741823,1073741823:k8
1073741823,1073741823,1073741823,1073741823,1073741823,1071644671,1071280127,1064730623,1071480831,1073197055,1072364543,1073741823,1073741823,1073741823,1073741823:k8
1073741823,1073741823,1073741823,1073741823,1073741823,1071644671,1071280127,1064730623,1071480831,1073197055,1072626687,1073740799,1073741823,1073741823,1073741823:k8
1073741823,1073741823,1073741823,1073741823,1073741823,1071644671,1071280127,1064730623,1071480831,1073197055,1072626687,1073479679,1073741823,1073741823,1073741823:k8
1073741823,1073741823,1073741823,1073741823,1073741823,1071644671,1071280127,1064730623,1071480831,1073197055,1072626687,1073725439,1073741823,1073741823,1073741823:k8
1073741823,1073741823,1073741823,1073741823,1073741823,1071644671,1071280127,1064730623,1071480831,1073197055,1072610303,1073741823,1073741823,1073741823,1073741823:k8
1073741823,1073741823,1073741823,1073741823,1073741823,1071644671,1071280127,1064730623,1071480831,1073197055,1072622591,1073741823,1073741823,1073741823,1073741823:k8
1073741823,1073741823,1073741823,1073741823,1073741823,1071640575,1071280127,1064730623,1071480831,1073197055,1072626687,1073741823,1073741823,1073741823,1073741823:k8
1073741823,1073741823,1073741823,1073741823,1073741823,1071644671,1071280127,1064730623,1071480831,1072148479,1072626687,1073741823,1073741823,1073741823,1073741823:k4
1073741823,1073741823,1073741823,1073741823,1073741823,1071644671,1071280127,1064730623,1071480831,1073131519,1072626687,1073741823,1073741823,1073741823,1073741823:k8
1073741823,1073741823,1073741823,1073741823,1073741823,1067450367,1071280127,1064730623,1071480831,1073197055,1072626687,1073741823,1073741823,1073741823,1073741823:k8
1073741823,1073741823,1073741823,1073741823,1073741823,1071644671,1071280127,1063682047,1071480831,1073197055,1072626687,1073741823,1073741823,1073741823,1073741823:j6
1073741823,1073741823,1073741823,1073741823,1073741823,1071644671,1071280127,1064730623,1071480831,1069002751,1072626687,1073741823,1073741823,1073741823,1073741823:k8
1073741823,1073741823,1073741823,1073741823,1073741823,1071644671,1071280127,1064730623,1071218687,1073197055,1072626687,1073741823,1073741823,1073741823,1073741823:k8
1073741823,1073741823,1073741823,1073741823,1073737727,1071644671,1071280127,1064730623,1071480831,1073197055,1072626687,1073741823,1073741823,1073741823,1073741823:k8
1073741823,1073741823,1073741823,1073741823,1073676287,1071644671,1071280127,1064730623,1071480831,1073197055,1072626687,1073741823,1073741823,1073741823,1073741823:k8
1073741823,1073741823,1073741823,1073741823,1073741823,1071579135,1071280127,1064730623,1071480831,1073197055,1072626687,1073741823,1073741823,1073741823,1073741823:k8
1073741823,1073741823,1073741823,1073741823,1072693247,1071644671,1071280127,1064730623,1071480831,1073197055,1072626687,1073741823,1073741823,1073741823,1073741823:k8
1073741823,1073741823,1073741823,1073741823,1073741823,1071644671,1071280127,1064730623,1071480831,1073196031,1072626687,1073741823,1073741823,1073741823,1073741823:k8
1073741823,1073741823,1073741823,1073741823,1073741823,1071644671,1071280127,1064730623,1071476735,1073197055,1072626687,1073741823,1073741823,1073741823,1073741823:k8
1073741823,1073741823,1073741823,1073741823,1073741823,1071644671,1071280127,1064729599,1071480831,1073197055,1072626687,1073741823,1073741823,1073741823,1073741823:k8
1073741823,1073741823,1073741823,1073741823,1073741823,1071644671,1071280127,1064726527,1071480831,1073197055,1072626687,1073741823,1073741823,1073741823,1073741823:k8
1073741823,1073741823,1073741823,1073741823,1073741823,1071643647,1071280127,1064730623,1071480831,1073197055,1072626687,1073741823,1073741823,1073741823,1073741823:k8
1073741823,1073741823,1073741823,1073741823,1073741823,1071628287,1071280127,1064730623,1071480831,1073197055,1072626687,1073741823,1073741823,1073741823,1073741823:k8
1073741823,1073741823,1073741823,1073741823,1073741823,1071382527,1071280127,1064730623,1071480831,1073197055,1072626687,1073741823,1073741823,1073741823,1073741823:k8
1073741823,1073741823,1073741823,1073741823,1073741823,1071644671,1071280127,1064730623,1071513599,1073196799,1072627711,1073741823,1073741823,1073741823,1073741823:k8
1073741823,1073741823,1073741823,1073741823,1073741823,1071644671,1071280127,1064730367,1071513599,1073197055,1072627711,1073741823,1073741823,1073741823,1073741823:k8
1073741823,1073741823,1073741823,1073741823,1073741823,1071644671,1071280127,1064730623,1071513599,1073197055,1072627711,1073676287,1073741823,1073741823,1073741823:k8
1073741823,1073741823,1073741823,1073741823,1073741823,1071644671,1071280127,1064730623,1071513599,1073197055,1072627711,1073737727,1073741823,1073741823,1073741823:k8
1073741823,1073741823,1073741823,1073676287,1073741823,1071644671,1071280127,1064730623,1071513599,1073197055,1072627711,1073741823,1073741823,1073741823,1073741823:k8
1073741823,1073741823,1073741823,1072693247,1073741823,1071644671,1071280127,1064730623,1071513599,1073197055,1072627711,1073741823,1073741823,1073741823,1073741823:k8
1073741823,1073741823,1073741823,1056964607,1073741823,1071644671,1071280127,1064730623,1071513599,1073197055,1072627711,1073741823,1073741823,1073741823,1073741823:k8
1073741823,1073741823,1073741823,1073741823,1073741823,1054867455,1071280127,1064730623,1071513599,1073197055,1072627711,1073741823,1073741823,1073741823,1073741823:k8
1073741823,1073741823,1073741823,1073741823,1073741823,1071644671,1071280127,1047953407,1071513599,1073197055,1072627711,1073741823,1073741823,1073741823,1073741823:k8
1073741823,1073741823,1073741823,1073741823,1073741823,1071644671,1071280127,1064730623,1071513599,1073197055,1072627711,1073741823,1073676287,1073741823,1073741823:k8
1073741823,1073741823,1073741823,1073741823,1073741823,1071644671,1071280127,1064730623,1071513599,1073197055,1068433407,1073741823,1073741823,1073741823,1073741823:k8
1073741823,1073741823,1073741823,1073741823,1073741823,1071644671,1071280127,1064730623,1071513599,1073197055,1072627711,1073741823,1056964607,1073741823,1073741823:k8
1073741823,1073741823,1073741823,1073741823,1073741823,1071644671,1071280127,1064730623,1071513599,1073197055,1072627711,1073741823,1072693247,1073741823,1073741823:k8
1073741823,1073741823,1073741823,1073741823,1073741823,1071644671,1071280127,1064730623,1071513599,1073197055,1072627711,1072693247,1073741823,1073741823,1073741823:k8
1073741823,1073741823,1073741823,1073741823,1073741823,1071644671,1071280127,1064730623,1071512575,1073197055,1072627711,1073741823,1073741823,1073741823,1073741823:k8
1073741823,1073741823,1073741823,1073741823,1073740799,1071644671,1071280127,1064730623,1071513599,1073197055,1072627711,1073741823,1073741823,1073741823,1073741823:k8
1073741823,1073741823,1073741823,1073741823,1073725439,1071644671,1071280127,1064730623,1071513599,1073197055,1072627711,1073741823,1073741823,1073741823,1073741823:k8
1073741823,1073741823,1073741823,1073741823,1073479679,1071644671,1071280127,1064730623,1071513599,1073197055,1072627711,1073741823,1073741823,1073741823,1073741823:k8
1073741823,1073741823,1073741823,1073741823,1069547519,1071644671,1071280127,1064730623,1071513599,1073197055,1072627711,1073741823,1073741823,1073741823,1073741823:k8
1073741823,1073741823,1073741823,1073741823,1073741823,1071644671,1067085823,1064730623,1071513599,1073197055,1072627711,1073741823,1073741823,1073741823,1073741823:k8
1073741823,1073741823,1073741823,1073741823,1073741823,1071644671,1054502911,1064730623,1071513599,1073197055,1072627711,1073741823,1073741823,1073741823,1073741823:k8
1073741823,1073741823,1073741823,1073741823,1073741823,1071644671,1071280127,1064730623,1054736383,1073197055,1072627711,1073741823,1073741823,1073741823,1073741823:k8
1073741823,1073741823,1073741823,1073741823,1073741823,1071644671,1071280127,1064730623,1067319295,1073197055,1072627711,1073741823,1073741823,1073741823,1073741823:k8
1073741823,1073741823,1073741823,1073741823,1073741823,1071644671,1071280127,1064730623,1071513599,1073197055,1055850495,1073741823,1073741823,1073741823,1073741823:k8
1073741823,1073741823,1073741823,1073741823,1073741823,1071644671,1071280127,1064730623,1071513343,1073197055,1072627711,1073741823,1073741823,1073741823,1073741823:k8
1073741823,1073741823,1073741823,1073741823,1073741823,1071644671,1071279871,1064730623,1071513599,1073197055,1072627711,1073741823,1073741823,1073741823,1073741823:k8
1073741823,1073741823,1073741823,1073741823,1073741823,1071644671,1071279103,1064730623,1071513599,1073197055,1072627711,1073741823,1073741823,1073741823,1073741823:k8
1073741823,1073741823,1073741823,1073741823,1073741567,1071644671,1071280127,1064730623,1071513599,1073197055,1072627711,1073741823,1073741823,1073741823,1073741823:k8
1073741823,1073741823,1073741823,1073741823,1073741823,1071644671,1071280127,1064730623,1071513599,1073197055,1072627711,1069547519,1073741823,1073741823,1073741823:k8
1073741823,1073741823,1073741823,1073741823,1073741823,1071644671,1071280127,1064730623,1071513599,1073197055,1072365567,1073741823,1073741823,1073741823,1073741823:k8
1073741823,1073741823,1073741823,1073741823,1073741823,1071644671,1071280127,1064730623,1071513599,1073197055,1072627711,1073740799,1073741823,1073741823,1073741823:k8
1073741823,1073741823,1073741823,1073741823,1073741823,1071644671,1071280127,1064730623,1071513599,1073197055,1072627711,1073479679,1073741823,1073741823,1073741823:k8
1073741823,1073741823,1073741823,1073741823,1073741823,1071644671,1071280127,1064730623,1071513599,1073197055,1072627711,1073725439,1073741823,1073741823,1073741823:k8
1073741823,1073741823,1073741823,1073741823,1073741823,1071644671,1071280127,1064730623,1071513599,1073197055,1072611327,1073741823,1073741823,1073741823,1073741823:k8
1073741823,1073741823,1073741823,1073741823,1073741823,1071644671,1071280127,1064730623,1071513599,1073197055,1072623615,1073741823,1073741823,1073741823,1073741823:k8
1073741823,1073741823,1073741823,1073741823,1073741823,1071640575,1071280127,1064730623,1071513599,1073197055,1072627711,1073741823,1073741823,1073741823,1073741823:k8
1073741823,1073741823,1073741823,1073741823,1073741823,1071644671,1071280127,1064730623,1071513599,1072148479,1072627711,1073741823,1073741823,1073741823,1073741823:l6
1073741823,1073741823,1073741823,1073741823,1073741823,1071644671,1071280127,1064730623,1071513599,1073131519,1072627711,1073741823,1073741823,1073741823,1073741823:k8
1073741823,1073741823,1073741823,1073741823,1073741823,1067450367,1071280127,1064730623,1071513599,1073197055,1072627711,1073741823,1073741823,1073741823,1073741823:k8
1073741823,1073741823,1073741823,1073741823,1073741823,1071644671,1071280127,1063682047,1071513599,1073197055,1072627711,1073741823,1073741823,1073741823,1073741823:l6
1073741823,1073741823,1073741823,1073741823,1073741823,1071644671,1071280127,1064730623,1071513599,1069002751,1072627711,1073741823,1073741823,1073741823,1073741823:k8
1073741823,1073741823,1073741823,1073741823,1073741823,1071644671,1071280127,1064730623,1071251455,1073197055,1072627711,1073741823,1073741823,1073741823,1073741823:k8
1073741823,1073741823,1073741823,1073741823,1073737727,1071644671,1071280127,1064730623,1071513599,1073197055,1072627711,1073741823,1073741823,1073741823,1073741823:k8
1073741823,1073741823,1073741823,1073741823,1073676287,1071644671,1071280127,1064730623,1071513599,1073197055,1072627711,1073741823,1073741823,1073741823,1073741823:k8
1073741823,1073741823,1073741823,1073741823,1073741823,1071579135,1071280127,1064730623,1071513599,1073197055,1072627711,1073741823,1073741823,1073741823,1073741823:k8
1073741823,1073741823,1073741823,1073741823,1072693247,1071644671,1071280127,1064730623,1071513599,1073197055,1072627711,1073741823,1073741823,1073741823,1073741823:l6
1073741823,1073741823,1073741823,1073741823,1073741823,1071644671,1071280127,1064730623,1071513599,1073196031,1072627711,1073741823,1073741823,1073741823,1073741823:k8
1073741823,1073741823,1073741823,1073741823,1073741823,1071644671,1071280127,1064730623,1071509503,1073197055,1072627711,1073741823,1073741823,1073741823,1073741823:k8
1073741823,1073741823,1073741823,1073741823,1073741823,1071644671,1071280127,1064729599,1071513599,1073197055,1072627711,1073741823,1073741823,1073741823,1073741823:k8
1073741823,1073741823,1073741823,1073741823,1073741823,1071644671,1071280127,1064726527,1071513599,1073197055,1072627711,1073741823,1073741823,1073741823,1073741823:k8
1073741823,1073741823,1073741823,1073741823,1073741823,1071643647,1071280127,1064730623,1071513599,1073197055,1072627711,1073741823,1073741823,1073741823,1073741823:k8
1073741823,1073741823,1073741823,1073741823,1073741823,1071628287,1071280127,1064730623,1071513599,1073197055,1072627711,1073741823,1073741823,1073741823,1073741823:k8
1073741823,1073741823,1073741823,1073741823,1073741823,1071382527,1071280127,1064730623,1071513599,1073197055,1072627711,1073741823,1073741823,1073741823,1073741823:k8
1073741823,1073741823,1073741823,1073741823,1073741823,1071644671,1071280127,1064730623,1071497215,1073197055,1072627711,1073741823,1073741823,1073741823,1073741823:f11
1073741823,1073741823,1073741823,1073741823,1073741823,1071644671,1071280127,1064730623,1071497215,1073197055,1072625663,1073741823,1073741759,1073741823,1073741823:k8
1073741823,1073741823,1073741823,1073741823,1073741823,1071644671,1071280127,1064730623,1071497215,1073197055,1072625599,1073741823,1073741823,1073741823,1073741823:k8
1073741823,1073741823,1073741823,1073741823,1073741823,1071644671,1071280127,1064730623,1071497215,1073197055,1072625407,1073741823,1073741823,1073741823,1073741823:k8
1073741823,1073741823,1073741823,1073741823,1073741823,1071644671,1071280127,1064730623,1071497151,1073197055,1072625663,1073741823,1073741823,1073741823,1073741823:k8
1073741823,1073741823,1073741823,1073741823,1073741823,1071644671,1071280127,1064730623,1071497215,1073197055,1072625663,1073741823,1073725439,1073741823,1073741823:k8
1073741823,1073741823,1073741823,1073741823,1073741823,1071644671,1071280127,1064730623,1071497215,1073197055,1072625663,1073741823,1073740799,1073741823,1073741823:k8
1073741823,1073741823,1073741823,1073741823,1056964607,1071644671,1071280127,1064730623,1071497215,1073197055,1072625663,1073741823,1073741823,1073741823,1073741823:k8
1073741823,1073741823,1073741823,1073741823,1073741823,1071644671,1071280127,1064730623,1071497215,1073197055,1072625663,1073741823,1073737727,1073741823,1073741823:k8
1073741823,1073741823,1073741823,1073741823,1073741823,1004535807,1071280127,1064730623,1071497215,1073197055,1072625663,1073741823,1073741823,1073741823,1073741823:k8
1073741823,1073741823,1073741823,1073741823,1073741823,1071644671,1071280127,997621759,1071497215,1073197055,1072625663,1073741823,1073741823,1073741823,1073741823:k8
1073741823,1073741823,1073741823,1073741823,1073741823,1071644671,1071280127,1064730623,1071497215,1006088191,1072625663,1073741823,1073741823,1073741823,1073741823:k8
1073741823,1073741823,1073741823,1073741823,1073741823,1071644671,1071280127,1064730623,1071497215,1073197055,1072625663,1073741567,1073741823,1073741823,1073741823:k8
1073741823,1073741823,1073741823,1073741823,1073741823,1071644671,1071280127,1064730623,1071497215,1073196799,1072625663,1073741823,1073741823,1073741823,1073741823:k8
1073741823,1073741823,1073741823,1073741823,1073741823,1071644671,1071280127,1064730367,1071497215,1073197055,1072625663,1073741823,1073741823,1073741823,1073741823:k8
1073741823,1073741823,1073741823,1073741823,1073741823,1071644671,1071280127,1064730623,1071497215,1073197055,1072625663,1073676287,1073741823,1073741823,1073741823:k8
1073741823,1073741823,1073741823,1073741823,1073741823,1071644671,1071280127,1064730623,1071497215,1073197055,1072625663,1073737727,1073741823,1073741823,1073741823:k8
1073741823,1073741823,1073741823,1073676287,1073741823,1071644671,1071280127,1064730623,1071497215,1073197055,1072625663,1073741823,1073741823,1073741823,1073741823:k8
1073741823,1073741823,1073741823,1072693247,1073741823,1071644671,1071280127,1064730623,1071497215,1073197055,1072625663,1073741823,1073741823,1073741823,1073741823:k8
1073741823,1073741823,1073741823,1056964607,1073741823,1071644671,1071280127,1064730623,1071497215,1073197055,1072625663,1073741823,1073741823,1073741823,1073741823:k8
1073741823,1073741823,1073741823,1073741823,1073741823,1054867455,1071280127,1064730623,1071497215,1073197055,1072625663,1073741823,1073741823,1073741823,1073741823:k8
1073741823,1073741823,1073741823,1073741823,1073741823,1071644671,1071280127,1047953407,1071497215,1073197055,1072625663,1073741823,1073741823,1073741823,1073741823:k8
1073741823,1073741823,1073741823,1073741823,1073741823,1071644671,1071280127,1064730623,1071497215,1073197055,1072625663,1073741823,1073676287,1073741823,1073741823:k8
1073741823,1073741823,1073741823,1073741823,1073741823,1071644671,1071280127,1064730623,1071497215,1073197055,1068431359,1073741823,1073741823,1073741823,1073741823:k8
1073741823,1073741823,1073741823,1073741823,1073741823,1071644671,1071280127,1064730623,1071497215,1073197055,1072625663,1073741823,1056964607,1073741823,1073741823:k8
1073741823,1073741823,1073741823,1073741823,1073741823,1071644671,1071280127,1064730623,1071497215,1073197055,1072625663,1073741823,1072693247,1073741823,1073741823:k8
1073741823,1073741823,1073741823,1073741823,1073741823,1071644671,1071280127,1064730623,1071497215,1073197055,1072625663,1072693247,1073741823,1073741823,1073741823:k8
1073741823,1073741823,1073741823,1073741823,1073741823,1071644671,1071280127,1064730623,1071496191,1073197055,1072625663,1073741823,1073741823,1073741823,1073741823:k8
1073741823,1073741823,1073741823,1073741823,1073740799,1071644671,1071280127,1064730623,1071497215,1073197055,1072625663,1073741823,1073741823,1073741823,1073741823:k8
1073741823,1073741823,1073741823,1073741823,1073725439,1071644671,1071280127,1064730623,1071497215,1073197055,1072625663,1073741823,1073741823,1073741823,1073741823:k8
1073741823,1073741823,1073741823,1073741823,1073479679,1071644671,1071280127,1064730623,1071497215,1073197055,1072625663,1073741823,1073741823,1073741823,1073741823:k8
1073741823,1073741823,1073741823,1073741823,1069547519,1071644671,1071280127,1064730623,1071497215,1073197055,1072625663,1073741823,1073741823,1073741823,1073741823:k8
1073741823,1073741823,1073741823,1073741823,1073741823,1071644671,1067085823,1064730623,1071497215,1073197055,1072625663,1073741823,1073741823,1073741823,1073741823:k8
1073741823,1073741823,1073741823,1073741823,1073741823,1071644671,1054502911,1064730623,1071497215,1073197055,1072625663,1073741823,1073741823,1073741823,1073741823:k8
1073741823,1073741823,1073741823,1073741823,1073741823,1071644671,1071280127,1064730623,1054719999,1073197055,1072625663,1073741823,1073741823,1073741823,1073741823:k8
1073741823,1073741823,1073741823,1073741823,1073741823,1071644671,1071280127,1064730623,1067302911,1073197055,1072625663,1073741823,1073741823,1073741823,1073741823:k8
1073741823,1073741823,1073741823,1073741823,1073741823,1071644671,1071280127,1064730623,1071497215,1073197055,1055848447,1073741823,1073741823,1073741823,1073741823:k8
1073741823,1073741823,1073741823,1073741823,1073741823,1071644671,1071280127,1064730623,1071496959,1073197055,1072625663,1073741823,1073741823,1073741823,1073741823:k8
1073741823,1073741823,1073741823,1073741823,1073741823,1071644671,1071279871,1064730623,1071497215,1073197055,1072625663,1073741823,1073741823,1073741823,1073741823:k8
1073741823,1073741823,1073741823,1073741823,1073741823,1071644671,1071279103,1064730623,1071497215,1073197055,1072625663,1073741823,1073741823,1073741823,1073741823:k8
1073741823,1073741823,1073741823,1073741823,1073741567,1071644671,1071280127,1064730623,1071497215,1073197055,1072625663,1073741823,1073741823,1073741823,1073741823:k8
1073741823,1073741823,1073741823,1073741823,1073741823,1071644671,1071280127,1064730623,1071497215,1073197055,1072625663,1069547519,1073741823,1073741823,1073741823:k8
1073741823,1073741823,1073741823,1073741823,1073741823,1071644671,1071280127,1064730623,1071497215,1073197055,1072363519,1073741823,1073741823,1073741823,1073741823:k8
1073741823,1073741823,1073741823,1073741823,1073741823,1071644671,1071280127,1064730623,1071497215,1073197055,1072625663,1073740799,1073741823,1073741823,1073741823:k8
1073741823,1073741823,1073741823,1073741823,1073741823,1071644671,1071280127,1064730623,1071497215,1073197055,1072625663,1073479679,1073741823,1073741823,1073741823:k8
1073741823,1073741823,1073741823,1073741823,1073741823,1071644671,1071280127,1064730623,1071497215,1073197055,1072625663,1073725439,1073741823,1073741823,1073741823:k8
1073741823,1073741823,1073741823,1073741823,1073741823,1071644671,1071280127,1064730623,1071497215,1073197055,1072609279,1073741823,1073741823,1073741823,1073741823:k8
1073741823,1073741823,1073741823,1073741823,1073741823,1071644671,1071280127,1064730623,1071497215,1073197055,1072621567,1073741823,1073741823,1073741823,1073741823:k8
1073741823,1073741823,1073741823,1073741823,1073741823,1071640575,1071280127,1064730623,1071497215,1073197055,1072625663,1073741823,1073741823,1073741823,1073741823:k8
1073741823,1073741823,1073741823,1073741823,1073741823,1071644671,1071280127,1064730623,1071497215,1072148479,1072625663,1073741823,1073741823,1073741823,1073741823:k4
1073741823,1073741823,1073741823,1073741823,1073741823,1071644671,1071280127,1064730623,1071497215,1073131519,1072625663,1073741823,1073741823,1073741823,1073741823:k8
1073741823,1073741823,1073741823,1073741823,1073741823,1067450367,1071280127,1064730623,1071497215,1073197055,1072625663,1073741823,1073741823,1073741823,1073741823:k8
1073741823,1073741823,1073741823,1073741823,1073741823,1071644671,1071280127,1063682047,1071497215,1073197055,1072625663,1073741823,1073741823,1073741823,1073741823:j6
1073741823,1073741823,1073741823,1073741823,1073741823,1071644671,1071280127,1064730623,1071497215,1069002751,1072625663,1073741823,1073741823,1073741823,1073741823:k8
1073741823,1073741823,1073741823,1073741823,1073741823,1071644671,1071280127,1064730623,1071235071,1073197055,1072625663,1073741823,1073741823,1073741823,1073741823:k8
1073741823,1073741823,1073741823,1073741823,1073737727,1071644671,1071280127,1064730623,1071497215,1073197055,1072625663,1073741823,1073741823,1073741823,1073741823:k8
1073741823,1073741823,1073741823,1073741823,1073676287,1071644671,1071280127,1064730623,1071497215,1073197055,1072625663,1073741823,1073741823,1073741823,1073741823:k8
1073741823,1073741823,1073741823,1073741823,1073741823,1071579135,1071280127,1064730623,1071497215,1073197055,1072625663,1073741823,1073741823,1073741823,1073741823:k8
1073741823,1073741823,1073741823,1073741823,1072693247,1071644671,1071280127,1064730623,1071497215,1073197055,1072625663,1073741823,1073741823,1073741823,1073741823:k8
1073741823,1073741823,1073741823,1073741823,1073741823,1071644671,1071280127,1064730623,1071497215,1073196031,1072625663,1073741823,1073741823,1073741823,1073741823:k8
1073741823,1073741823,1073741823,1073741823,1073741823,1071644671,1071280127,1064730623,1071493119,1073197055,1072625663,1073741823,1073741823,1073741823,1073741823:k8
1073741823,1073741823,1073741823,1073741823,1073741823,1071644671,1071280127,1064729599,1071497215,1073197055,1072625663,1073741823,1073741823,1073741823,1073741823:k8
1073741823,1073741823,1073741823,1073741823,1073741823,1071644671,1071280127,1064726527,1071497215,1073197055,1072625663,1073741823,1073741823,1073741823,1073741823:k8
1073741823,1073741823,1073741823,1073741823,1073741823,1071643647,1071280127,1064730623,1071497215,1073197055,1072625663,1073741823,1073741823,1073741823,1073741823:k8
1073741823,1073741823,1073741823,1073741823,1073741823,1071628287,1071280127,1064730623,1071497215,1073197055,1072625663,1073741823,1073741823,1073741823,1073741823:k8
1073741823,1073741823,1073741823,1073741823,1073741823,1071382527,1071280127,1064730623,1071497215,1073197055,1072625663,1073741823,1073741823,1073741823,1073741823:k8
1073741823,1073741823,1073741823,1073741823,1073741823,1071640575,1073377279,1064730623,1071513599,1073197055,1072693247,1073741823,1073741823,1073741823,1073741823:m7
1073741823,1073741823,1073741823,1073741823,1073741823,1071644671,1073377279,1064730623,1071513599,1072148479,1072693247,1073741823,1073741823,1073741823,1073741823:m7
1073741823,1073741823,1073741823,1073741823,1073741823,1071644671,1073377279,1064730623,1071513599,1073131519,1072693247,1073741823,1073741823,1073741823,1073741823:m7
1073741823,1073741823,1073741823,1073741823,1073741823,1067450367,1073377279,1064730623,1071513599,1073197055,1072693247,1073741823,1073741823,1073741823,1073741823:m7
1073741823,1073741823,1073741823,1073741823,1073741823,1071644671,1073377279,1063682047,1071513599,1073197055,1072693247,1073741823,1073741823,1073741823,1073741823:m7
1073741823,1073741823,1073741823,1073741823,1073741823,1071644671,1073377279,1064730623,1071513599,1069002751,1072693247,1073741823,1073741823,1073741823,1073741823:k7
1073741823,1073741823,1073741823,1073741823,1073741823,1071644671,1073377279,1064730623,1071251455,1073197055,1072693247,1073741823,1073741823,1073741823,1073741823:k7
1073741823,1073741823,1073741823,1073741823,1073737727,1071644671,1073377279,1064730623,1071513599,1073197055,1072693247,1073741823,1073741823,1073741823,1073741823:k7
1073741823,1073741823,1073741823,1073741823,1073676287,1071644671,1073377279,1064730623,1071513599,1073197055,1072693247,1073741823,1073741823,1073741823,1073741823:m7
1073741823,1073741823,1073741823,1073741823,1073741823,1071579135,1073377279,1064730623,1071513599,1073197055,1072693247,1073741823,1073741823,1073741823,1073741823:m7
1073741823,1073741823,1073741823,1073741823,1072693247,1071644671,1073377279,1064730623,1071513599,1073197055,1072693247,1073741823,1073741823,1073741823,1073741823:m7
1073741823,1073741823,1073741823,1073741823,1073741823,1071644671,1072328703,1064730623,1071513599,1073197055,1072693247,1073741823,1073741823,1073741823,1073741823:m7
1073741823,1073741823,1073741823,1073741823,1073741823,1071644671,1073377279,1064730623,1071513599,1073196031,1072693247,1073741823,1073741823,1073741823,1073741823:m7
1073741823,1073741823,1073741823,1073741823,1073741823,1071644671,1073377279,1064730623,1071509503,1073197055,1072693247,1073741823,1073741823,1073741823,1073741823:m7
1073741823,1073741823,1073741823,1073741823,1073741823,1071644671,1073377279,1064729599,1071513599,1073197055,1072693247,1073741823,1073741823,1073741823,1073741823:m7
1073741823,1073741823,1073741823,1073741823,1073741823,1071644671,1073377279,1064726527,1071513599,1073197055,1072693247,1073741823,1073741823,1073741823,1073741823:m7
1073741823,1073741823,1073741823,1073741823,1073741823,1071643647,1073377279,1064730623,1071513599,1073197055,1072693247,1073741823,1073741823,1073741823,1073741823:k7
1073741823,1073741823,1073741823,1073741823,1073741823,1071628287,1073377279,1064730623,1071513599,1073197055,1072693247,1073741823,1073741823,1073741823,1073741823:k7
1073741823,1073741823,1073741823,1073741823,1073741823,1071382527,1073377279,1064730623,1071513599,1073197055,1072693247,1073741823,1073741823,1073741823,1073741823:m7
1073741823,1073741823,1073741823,1073741823,1073741823,1071644671,1073377279,1064730623,1071497215,1073197055,1072693247,1073741823,1073741823,1073741823,1073741823:f11
1073741823,1073741823,1073741823,1073741823,1073741823,1004535807,1073377279,1064730623,1071497215,1073197055,1072691199,1073741823,1073741823,1073741823,1073741823:k7
1073741823,1073741823,1073741823,1073741823,1073741823,1071644671,1073377279,997621759,1071497215,1073197055,1072691199,1073741823,1073741823,1073741823,1073741823:k7
1073741823,1073741823,1073741823,1073741823,1073741823,1071644671,1073377279,1064730623,1071497215,1006088191,1072691199,1073741823,1073741823,1073741823,1073741823:k7
1073741823,1073741823,1073741823,1073741823,1073741823,1071644671,1073377279,1064730623,1071497215,1073197055,1072691199,1073741823,1073741759,1073741823,1073741823:k7
1073741823,1073741823,1073741823,1073741823,1073741823,1071644671,1073377279,1064730623,1071497215,1073197055,1072691135,1073741823,1073741823,1073741823,1073741823:k7
1073741823,1073741823,1073741823,1073741823,1073741823,1071644671,1073377279,1064730623,1071497215,1073197055,1072690943,1073741823,1073741823,1073741823,1073741823:k7
1073741823,1073741823,1073741823,1073741823,1073741823,1071644671,1073377279,1064730623,1071497151,1073197055,1072691199,1073741823,1073741823,1073741823,1073741823:k7
1073741823,1073741823,1073741823,1073741823,1073741823,1071644671,1073377279,1064730623,1071497215,1073197055,1072691199,1073741823,1073725439,1073741823,1073741823:m7
1073741823,1073741823,1073741823,1073741823,1073741823,1071644671,1073377279,1064730623,1071497215,1073197055,1072691199,1073741823,1073740799,1073741823,1073741823:k7
1073741823,1073741823,1073741823,1073741823,1073741823,1071644671,1073377279,1064730623,1071497215,1073197055,1072691199,1073741567,1073741823,1073741823,1073741823:k7
1073741823,1073741823,1073741823,1073741823,1073741823,1071644671,1073377279,1064730623,1071497215,1073196799,1072691199,1073741823,1073741823,1073741823,1073741823:m7
1073741823,1073741823,1073741823,1073741823,1073741823,1071644671,1073377279,1064730367,1071497215,1073197055,1072691199,1073741823,1073741823,1073741823,1073741823:k7
1073741823,1073741823,1073741823,1073741823,1073741823,1071644671,1073377279,1064730623,1071497215,1073197055,1072691199,1073676287,1073741823,1073741823,1073741823:k7
1073741823,1073741823,1073741823,1073741823,1073741823,1071644671,1073377279,1064730623,1071497215,1073197055,1072691199,1073737727,1073741823,1073741823,1073741823:k7
1073741823,1073741823,1073741823,1073676287,1073741823,1071644671,1073377279,1064730623,1071497215,1073197055,1072691199,1073741823,1073741823,1073741823,1073741823:m7
1073741823,1073741823,1073741823,1072693247,1073741823,1071644671,1073377279,1064730623,1071497215,1073197055,1072691199,1073741823,1073741823,1073741823,1073741823:k7
1073741823,1073741823,1073741823,1056964607,1073741823,1071644671,1073377279,1064730623,1071497215,1073197055,1072691199,1073741823,1073741823,1073741823,1073741823:k7
1073741823,1073741823,1073741823,1073741823,1073741823,1054867455,1073377279,1064730623,1071497215,1073197055,1072691199,1073741823,1073741823,1073741823,1073741823:k7
1073741823,1073741823,1073741823,1073741823,1073741823,1071644671,1073377279,1047953407,1071497215,1073197055,1072691199,1073741823,1073741823,1073741823,1073741823:k7
1073741823,1073741823,1073741823,1073741823,1073741823,1071644671,1073377279,1064730623,1071497215,1073197055,1072691199,1073741823,1073676287,1073741823,1073741823:k7
1073741823,1073741823,1073741823,1073741823,1073741823,1071644671,1073377279,1064730623,1071497215,1073197055,1068496895,1073741823,1073741823,1073741823,1073741823:k7
1073741823,1073741823,1073741823,1073741823,1073741823,1071644671,1073377279,1064730623,1071497215,1073197055,1072691199,1073741823,1056964607,1073741823,1073741823:k7
1073741823,1073741823,1073741823,1073741823,1073741823,1071644671,1073377279,1064730623,1071497215,1073197055,1072691199,1073741823,1072693247,1073741823,1073741823:k7
1073741823,1073741823,1073741823,1073741823,1073741823,1071644671,1073377279,1064730623,1071497215,1073197055,1072691199,1072693247,1073741823,1073741823,1073741823:k7
1073741823,1073741823,1073741823,1073741823,1073741823,1071644671,1073377279,1064730623,1071496191,1073197055,1072691199,1073741823,1073741823,1073741823,1073741823:k7
1073741823,1073741823,1073741823,1073741823,1073740799,1071644671,1073377279,1064730623,1071497215,1073197055,1072691199,1073741823,1073741823,1073741823,1073741823:k7
1073741823,1073741823,1073741823,1073741823,1073725439,1071644671,1073377279,1064730623,1071497215,1073197055,1072691199,1073741823,1073741823,1073741823,1073741823:k7
1073741823,1073741823,1073741823,1073741823,1073479679,1071644671,1073377279,1064730623,1071497215,1073197055,1072691199,1073741823,1073741823,1073741823,1073741823:k7
1073741823,1073741823,1073741823,1073741823,1069547519,1071644671,1073377279,1064730623,1071497215,1073197055,1072691199,1073741823,1073741823,1073741823,1073741823:k7
1073741823,1073741823,1073741823,1073741823,1073741823,1071644671,1069182975,1064730623,1071497215,1073197055,1072691199,1073741823,1073741823,1073741823,1073741823:k7
1073741823,1073741823,1073741823,1073741823,1073741823,1071644671,1056600063,1064730623,1071497215,1073197055,1072691199,1073741823,1073741823,1073741823,1073741823:k7
1073741823,1073741823,1073741823,1073741823,1073741823,1071644671,1073377279,1064730623,1054719999,1073197055,1072691199,1073741823,1073741823,1073741823,1073741823:k7
1073741823,1073741823,1073741823,1073741823,1073741823,1071644671,1073377279,1064730623,1067302911,1073197055,1072691199,1073741823,1073741823,1073741823,1073741823:k7
1073741823,1073741823,1073741823,1073741823,1073741823,1071644671,1073377279,1064730623,1071497215,1073197055,1055913983,1073741823,1073741823,1073741823,1073741823:k7
1073741823,1073741823,1073741823,1073741823,1073741823,1071644671,1073377279,1064730623,1071496959,1073197055,1072691199,1073741823,1073741823,1073741823,1073741823:k7
1073741823,1073741823,1073741823,1073741823,1073741823,1071644671,1073377023,1064730623,1071497215,1073197055,1072691199,1073741823,1073741823,1073741823,1073741823:k7
1073741823,1073741823,1073741823,1073741823,1073741823,1071644671,1073376255,1064730623,1071497215,1073197055,1072691199,1073741823,1073741823,1073741823,1073741823:k7
1073741823,1073741823,1073741823,1073741823,1073741567,1071644671,1073377279,1064730623,1071497215,1073197055,1072691199,1073741823,1073741823,1073741823,1073741823:k7
1073741823,1073741823,1073741823,1073741823,1073741823,1071644671,1073377279,1064730623,1071497215,1073197055,1072691199,1069547519,1073741823,1073741823,1073741823:k7
1073741823,1073741823,1073741823,1073741823,1073741823,1071644671,1073377279,1064730623,1071497215,1073197055,1072429055,1073741823,1073741823,1073741823,1073741823:k7
1073741823,1073741823,1073741823,1073741823,1073741823,1071644671,1073377279,1064730623,1071497215,1073197055,1072691199,1073740799,1073741823,1073741823,1073741823:k7
1073741823,1073741823,1073741823,1073741823,1073741823,1071644671,1073377279,1064730623,1071497215,1073197055,1072691199,1073479679,1073741823,1073741823,1073741823:k7
1073741823,1073741823,1073741823,1073741823,1073741823,1071644671,1073377279,1064730623,1071497215,1073197055,1072691199,1073725439,1073741823,1073741823,1073741823:m7
1073741823,1073741823,1073741823,1073741823,1073741823,1071644671,1073377279,1064730623,1071497215,1073197055,1072674815,1073741823,1073741823,1073741823,1073741823:k7
1073741823,1073741823,1073741823,1073741823,1073741823,1071644671,1073377279,1064730623,1071497215,1073197055,1072687103,1073741823,1073741823,1073741823,1073741823:m7
1073741823,1073741823,1073741823,1073741823,1073741823,1071644671,1073377279,1064730623,1071497215,1073197055,1072625663,1073741823,1073741823,1073741823,1073741823:k7
1073741823,1073741823,1073741823,1073741823,1073741823,1071640575,1073377279,1064730623,1071497215,1073197055,1072691199,1073741823,1073741823,1073741823,1073741823:m7
1073741823,1073741823,1073741823,1073741823,1073741823,1071644671,1073377279,1064730623,1071497215,1072148479,1072691199,1073741823,1073741823,1073741823,1073741823:m7
1073741823,1073741823,1073741823,1073741823,1073741823,1071644671,1073377279,1064730623,1071497215,1073131519,1072691199,1073741823,1073741823,1073741823,1073741823:k7
1073741823,1073741823,1073741823,1073741823,1073741823,1067450367,1073377279,1064730623,1071497215,1073197055,1072691199,1073741823,1073741823,1073741823,1073741823:m7
1073741823,1073741823,1073741823,1073741823,1073741823,1071644671,1073377279,1063682047,1071497215,1073197055,1072691199,1073741823,1073741823,1073741823,1073741823:m7
1073741823,1073741823,1073741823,1073741823,1073741823,1071644671,1073377279,1064730623,1071497215,1069002751,1072691199,1073741823,1073741823,1073741823,1073741823:k7
1073741823,1073741823,1073741823,1073741823,1073741823,1071644671,1073377279,1064730623,1071235071,1073197055,1072691199,1073741823,1073741823,1073741823,1073741823:k7
1073741823,1073741823,1073741823,1073741823,1073737727,1071644671,1073377279,1064730623,1071497215,1073197055,1072691199,1073741823,1073741823,1073741823,1073741823:k7
1073741823,1073741823,1073741823,1073741823,1073676287,1071644671,1073377279,1064730623,1071497215,1073197055,1072691199,1073741823,1073741823,1073741823,1073741823:m7
1073741823,1073741823,1073741823,1073741823,1073741823,1071579135,1073377279,1064730623,1071497215,1073197055,1072691199,1073741823,1073741823,1073741823,1073741823:m7
1073741823,1073741823,1073741823,1073741823,1072693247,1071644671,1073377279,1064730623,1071497215,1073197055,1072691199,1073741823,1073741823,1073741823,1073741823:m7
1073741823,1073741823,1073741823,1073741823,1073741823,1071644671,1072328703,1064730623,1071497215,1073197055,1072691199,1073741823,1073741823,1073741823,1073741823:m7
1073741823,1073741823,1073741823,1073741823,1073741823,1071644671,1073377279,1064730623,1071497215,1073196031,1072691199,1073741823,1073741823,1073741823,1073741823:m7
1073741823,1073741823,1073741823,1073741823,1073741823,1071644671,1073377279,1064730623,1071493119,1073197055,1072691199,1073741823,1073741823,1073741823,1073741823:m7
1073741823,1073741823,1073741823,1073741823,1073741823,1071644671,1073377279,1064729599,1071497215,1073197055,1072691199,1073741823,1073741823,1073741823,1073741823:k7
1073741823,1073741823,1073741823,1073741823,1073741823,1071644671,1073377279,1064726527,1071497215,1073197055,1072691199,1073741823,1073741823,1073741823,1073741823:m7
1073741823,1073741823,1073741823,1073741823,1073741823,1071643647,1073377279,1064730623,1071497215,1073197055,1072691199,1073741823,1073741823,1073741823,1073741823:k7
1073741823,1073741823,1073741823,1073741823,1073741823,1071628287,1073377279,1064730623,1071497215,1073197055,1072691199,1073741823,1073741823,1073741823,1073741823:k7
1073741823,1073741823,1073741823,1073741823,1073741823,1071382527,1073377279,1064730623,1071497215,1073197055,1072691199,1073741823,1073741823,1073741823,1073741823:m7
