1073741823,1073741823,1073741823,1073741823,1073741823,1071644671,1073377279,1073119231,1071513599,1073201151,1005584383,1073741823,1073741823,1073741823,1073741823:l8
1073741823,1073741823,1073741823,1073741823,1073741823,1004535807,1073377279,1064730623,1071513599,1073201151,1005584383,1073741823,1073741823,1073741823,1073741823:k7
1073741823,1073741823,1073741823,1073741823,1073741823,1071644671,1073377279,997621759,1071513599,1073201151,1005584383,1073741823,1073741823,1073741823,1073741823:k7
1073741823,1073741823,1073741823,1073741823,1073741823,1071644671,1073377279,1064730623,1071513599,1073201151,1005584383,1073741823,1069547519,1073741823,1073741823:k7
1073741823,1073741823,1073741823,1073741823,1073741823,1071644671,1073377279,1064730623,1071513599,1073201151,1005584383,1056964607,1073741823,1073741823,1073741823:k7
1073741823,1073741823,1073741823,1073741823,1073741823,1071644671,1073377279,1064730623,1071513599,1056423935,1005584383,1073741823,1073741823,1073741823,1073741823:m7
1073741823,1073741823,1073741823,1073741823,1073741823,1071644671,1073377279,1064730623,1004404735,1073201151,1005584383,1073741823,1073741823,1073741823,1073741823:k7
1073741823,1073741823,1073741823,1073741823,1073741823,1071644671,1073377279,1064730623,1071513599,1006092287,1005584383,1073741823,1073741823,1073741823,1073741823:k7
1073741823,1073741823,1073741823,1073741823,1073741823,1071644671,1073377279,1064730623,1071513599,804765695,1005584383,1073741823,1073741823,1073741823,1073741823:k7
1073741823,1073741823,1073741823,1073741823,1073741823,1071644671,1073377279,1064730623,1071513599,1073201151,737148927,1073741823,1073741823,1073741823,1073741823:k7
1073741823,1073741823,1073741823,1073741823,1073741823,1071644671,1073377279,1064730623,1071513599,1073201151,1005584383,805306367,1073741823,1073741823,1073741823:k7
1073741823,1073741823,1073741823,1073741823,1073741823,1071644671,1073377279,1064730623,1071513599,1073201151,1005584383,1073741823,1006632959,1073741823,1073741823:k7
1073741823,1073741823,1073741823,1073741823,1073741823,1071644671,1073377279,1064730623,1071513599,1073201151,1005584383,1006632959,1073741823,1073741823,1073741823:k7
1073741823,1073741823,1073741823,1073676287,1073741823,1071644671,1073377279,1064730623,1071513599,1073201151,1005584383,1073741823,1073741823,1073741823,1073741823:m7
1073741823,1073741823,1073741823,1072693247,1073741823,1071644671,1073377279,1064730623,1071513599,1073201151,1005584383,1073741823,1073741823,1073741823,1073741823:k7
1073741823,1073741823,1073741823,1056964607,1073741823,1071644671,1073377279,1064730623,1071513599,1073201151,1005584383,1073741823,1073741823,1073741823,1073741823:k7
1073741823,1073741823,1073741823,1073741823,1073741823,1054867455,1073377279,1064730623,1071513599,1073201151,1005584383,1073741823,1073741823,1073741823,1073741823:k7
1073741823,1073741823,1073741823,1073741823,1073741823,1071644671,1073377279,1047953407,1071513599,1073201151,1005584383,1073741823,1073741823,1073741823,1073741823:k7
1073741823,1073741823,1073741823,1073741823,1073741823,1071644671,1073377279,1064730623,1071513599,1073201151,1005584383,1073741823,1073676287,1073741823,1073741823:k7
1073741823,1073741823,1073741823,1073741823,1073741823,1071644671,1073377279,1064730623,1071513599,1073201151,1001390079,1073741823,1073741823,1073741823,1073741823:m7
1073741823,1073741823,1073741823,1073741823,1073741823,1071644671,1073377279,1064730623,1071513599,1073201151,1005584383,1073741823,1056964607,1073741823,1073741823:k7
1073741823,1073741823,1073741823,1073741823,1073741823,1071644671,1073377279,1064730623,1071513599,1073201151,1005584383,1073741823,1072693247,1073741823,1073741823:k7
1073741823,1073741823,1073741823,1073741823,1073741823,1071644671,1073377279,1064730623,1071513599,1073201151,1005584383,1072693247,1073741823,1073741823,1073741823:k7
1073741823,1073741823,1073741823,1073741823,1073741823,1071644671,1073377279,1064730623,1071512575,1073201151,1005584383,1073741823,1073741823,1073741823,1073741823:k7
1073741823,1073741823,1073741823,1073741823,1073740799,1071644671,1073377279,1064730623,1071513599,1073201151,1005584383,1073741823,1073741823,1073741823,1073741823:k7
1073741823,1073741823,1073741823,1073741823,1073725439,1071644671,1073377279,1064730623,1071513599,1073201151,1005584383,1073741823,1073741823,1073741823,1073741823:k7
1073741823,1073741823,1073741823,1073741823,1073479679,1071644671,1073377279,1064730623,1071513599,1073201151,1005584383,1073741823,1073741823,1073741823,1073741823:k7
1073741823,1073741823,1073741823,1073741823,1069547519,1071644671,1073377279,1064730623,1071513599,1073201151,1005584383,1073741823,1073741823,1073741823,1073741823:k7
1073741823,1073741823,1073741823,1073741823,1073741823,1071644671,1069182975,1064730623,1071513599,1073201151,1005584383,1073741823,1073741823,1073741823,1073741823:k7
1073741823,1073741823,1073741823,1073741823,1073741823,1071644671,1056600063,1064730623,1071513599,1073201151,1005584383,1073741823,1073741823,1073741823,1073741823:k7
1073741823,1073741823,1073741823,1073741823,1073741823,1071644671,1073377279,1064730623,1054736383,1073201151,1005584383,1073741823,1073741823,1073741823,1073741823:k7
1073741823,1073741823,1073741823,1073741823,1073741823,1071644671,1073377279,1064730623,1067319295,1073201151,1005584383,1073741823,1073741823,1073741823,1073741823:m7
1073741823,1073741823,1073741823,1073741823,1073741823,1071644671,1073377279,1064730623,1071513599,1073201151,988807167,1073741823,1073741823,1073741823,1073741823:m7
1073741823,1073741823,1073741823,1073741823,1073741823,1071644671,1073377279,1064730623,1071513343,1073201151,1005584383,1073741823,1073741823,1073741823,1073741823:k7
1073741823,1073741823,1073741823,1073741823,1073741823,1071644671,1073377023,1064730623,1071513599,1073201151,1005584383,1073741823,1073741823,1073741823,1073741823:k7
1073741823,1073741823,1073741823,1073741823,1073741823,1071644671,1073376255,1064730623,1071513599,1073201151,1005584383,1073741823,1073741823,1073741823,1073741823:k7
1073741823,1073741823,1073741823,1073741823,1073741567,1071644671,1073377279,1064730623,1071513599,1073201151,1005584383,1073741823,1073741823,1073741823,1073741823:k7
1073741823,1073741823,1073741823,1073741823,1073741823,1071644671,1073377279,1064730623,1071513599,1073201151,1005584383,1069547519,1073741823,1073741823,1073741823:k7
1073741823,1073741823,1073741823,1073741823,1073741823,1071644671,1073377279,1064730623,1071513599,1073201151,1005322239,1073741823,1073741823,1073741823,1073741823:m7
1073741823,1073741823,1073741823,1073741823,1073741823,1071644671,1073377279,1064730623,1071513599,1073201151,1005584383,1073740799,1073741823,1073741823,1073741823:k7
1073741823,1073741823,1073741823,1073741823,1073741823,1071644671,1073377279,1064730623,1071513599,1073201151,1005584383,1073479679,1073741823,1073741823,1073741823:k7
1073741823,1073741823,1073741823,1073741823,1073741823,1071644671,1073377279,1064730623,1071513599,1073201151,1005584383,1073725439,1073741823,1073741823,1073741823:k7
1073741823,1073741823,1073741823,1073741823,1073741823,1071644671,1073377279,1064730623,1071513599,1073201151,1005567999,1073741823,1073741823,1073741823,1073741823:k7
1073741823,1073741823,1073741823,1073741823,1073741823,1071644671,1073377279,1064730623,1071513599,1073201151,1005580287,1073741823,1073741823,1073741823,1073741823:k7
1073741823,1073741823,1073741823,1073741823,1073741823,1071644671,1073377279,1064730623,1071513599,1073201151,1005518847,1073741823,1073741823,1073741823,1073741823:k7
1073741823,1073741823,1073741823,1073741823,1073741823,1071644671,1073377279,1064730623,1071513599,1073197055,1005584383,1073741823,1073741823,1073741823,1073741823:k7
1073741823,1073741823,1073741823,1073741823,1073741823,1071640575,1073377279,1064730623,1071513599,1073201151,1005584383,1073741823,1073741823,1073741823,1073741823:k7
1073741823,1073741823,1073741823,1073741823,1073741823,1071644671,1073377279,1064730623,1071513599,1072152575,1005584383,1073741823,1073741823,1073741823,1073741823:m7
1073741823,1073741823,1073741823,1073741823,1073741823,1071644671,1073377279,1064730623,1071513599,1073135615,1005584383,1073741823,1073741823,1073741823,1073741823:k7
1073741823,1073741823,1073741823,1073741823,1073741823,1067450367,1073377279,1064730623,1071513599,1073201151,1005584383,1073741823,1073741823,1073741823,1073741823:m7
1073741823,1073741823,1073741823,1073741823,1073741823,1071644671,1073377279,1063682047,1071513599,1073201151,1005584383,1073741823,1073741823,1073741823,1073741823:m7
1073741823,1073741823,1073741823,1073741823,1073741823,1071644671,1073377279,1064730623,1071513599,1069006847,1005584383,1073741823,1073741823,1073741823,1073741823:k7
1073741823,1073741823,1073741823,1073741823,1073741823,1071644671,1073377279,1064730623,1071251455,1073201151,1005584383,1073741823,1073741823,1073741823,1073741823:k7
1073741823,1073741823,1073741823,1073741823,1073737727,1071644671,1073377279,1064730623,1071513599,1073201151,1005584383,1073741823,1073741823,1073741823,1073741823:k7
1073741823,1073741823,1073741823,1073741823,1073676287,1071644671,1073377279,1064730623,1071513599,1073201151,1005584383,1073741823,1073741823,1073741823,1073741823:m7
1073741823,1073741823,1073741823,1073741823,1073741823,1071579135,1073377279,1064730623,1071513599,1073201151,1005584383,1073741823,1073741823,1073741823,1073741823:m7
1073741823,1073741823,1073741823,1073741823,1072693247,1071644671,1073377279,1064730623,1071513599,1073201151,1005584383,1073741823,1073741823,1073741823,1073741823:m7
1073741823,1073741823,1073741823,1073741823,1073741823,1071644671,1072328703,1064730623,1071513599,1073201151,1005584383,1073741823,1073741823,1073741823,1073741823:m7
1073741823,1073741823,1073741823,1073741823,1073741823,1071644671,1073377279,1064730623,1071513599,1073200127,1005584383,1073741823,1073741823,1073741823,1073741823:k7
1073741823,1073741823,1073741823,1073741823,1073741823,1071644671,1073377279,1064730623,1071509503,1073201151,1005584383,1073741823,1073741823,1073741823,1073741823:k7
1073741823,1073741823,1073741823,1073741823,1073741823,1071644671,1073377279,1064729599,1071513599,1073201151,1005584383,1073741823,1073741823,1073741823,1073741823:k7
1073741823,1073741823,1073741823,1073741823,1073741823,1071644671,1073377279,1064726527,1071513599,1073201151,1005584383,1073741823,1073741823,1073741823,1073741823:k7
1073741823,1073741823,1073741823,1073741823,1073741823,1071643647,1073377279,1064730623,1071513599,1073201151,1005584383,1073741823,1073741823,1073741823,1073741823:k7
1073741823,1073741823,1073741823,1073741823,1073741823,1071628287,1073377279,1064730623,1071513599,1073201151,1005584383,1073741823,1073741823,1073741823,1073741823:k7
1073741823,1073741823,1073741823,1073741823,1073741823,1071382527,1073377279,1064730623,1071513599,1073201151,1005584383,1073741823,1073741823,1073741823,1073741823:m7
1073741823,1073741823,1073741823,1073741823,1073741823,1071644671,1073377279,1064730623,1071497215,1073201151,1005584383,1073741823,1073741823,1073741823,1073741823:m7
