1073741823,1073741823,1073741823,1073741823,1073741823,1073741823,1071546367,1073184767,1072545791,1073463295,1073741823,1073741823,1073741823,1073741823,1073741823:i8
1073741823,1073741823,1073741823,1073741823,1073741823,1073741823,1071546367,1073053695,1072545791,1073463295,1073741823,1073740799,1073741823,1073741823,1073741823:g8
1073741823,1073741823,1073741823,1073741823,1073741823,1072693247,1071546367,1073053695,1072545791,1073463295,1073741823,1073741823,1073741823,1073741823,1073741823:g8
1073741823,1073741823,1073741823,1073741823,1056964607,1073741823,1071546367,1073053695,1072545791,1073463295,1073741823,1073741823,1073741823,1073741823,1073741823:g8
1073741823,1073741823,1073741823,1073741823,1073741823,1073741823,1067352063,1073053695,1072545791,1073463295,1073741823,1073741823,1073741823,1073741823,1073741823:g8
1073741823,1073741823,1073741823,1073741823,1073741823,1073741823,1071546367,1073053695,1072545791,1073463295,1073740799,1073741823,1073741823,1073741823,1073741823:g8
1073741823,1073741823,1073741823,1073741823,1073741823,1073741823,1071546367,1073053695,1072545791,1073459199,1073741823,1073741823,1073741823,1073741823,1073741823:g8
1073741823,1073741823,1073741823,1073741823,1073741823,1073741823,1071546367,1073053695,1072545791,1073463295,1073725439,1073741823,1073741823,1073741823,1073741823:g8
1073741823,1073741823,1073741823,1073741823,1073741823,1073741823,1071546367,1073053695,1072544767,1073463295,1073741823,1073741823,1073741823,1073741823,1073741823:g8
1073741823,1073741823,1073741823,1073741823,1073741823,1073741823,1071545343,1073053695,1072545791,1073463295,1073741823,1073741823,1073741823,1073741823,1073741823:g8
1073741823,1073741823,1073741823,1073741823,1073740799,1073741823,1071546367,1073053695,1072545791,1073463295,1073741823,1073741823,1073741823,1073741823,1073741823:g8
1073741823,1073741823,1073741823,1073741823,1073741823,1073737727,1071546367,1073053695,1072545791,1073463295,1073741823,1073741823,1073741823,1073741823,1073741823:g8
1073741823,1073741823,1073741823,1073741823,1073725439,1073741823,1071546367,1073053695,1072545791,1073463295,1073741823,1073741823,1073741823,1073741823,1073741823:g8
1073741823,1073741823,1073741823,1073741823,1073479679,1073741823,1071546367,1073053695,1072545791,1073463295,1073741823,1073741823,1073741823,1073741823,1073741823:g8
1073741823,1073741823,1073741823,1073741823,1073741823,1073741823,1071546367,1073053695,1072545791,1073463295,1073741823,1073725439,1073741823,1073741823,1073741823:g8
1073741823,1073741823,1073741823,1073741823,1073741823,1073741823,1071546367,1073053695,1072545791,1073463295,1073741823,1069547519,1073741823,1073741823,1073741823:g8
1073741823,1073741823,1073741823,1073741823,1073741823,1073741823,1071546367,1073053695,1072545791,1073463295,1073741823,1073479679,1073741823,1073741823,1073741823:g8
1073741823,1073741823,1073741823,1073741823,1073741823,1073741823,1071546367,1073053695,1072545791,1073463295,1073479679,1073741823,1073741823,1073741823,1073741823:g8
1073741823,1073741823,1073741823,1073741823,1073741823,1073741823,1071546367,1073053695,1072545791,1073463295,1073737727,1073741823,1073741823,1073741823,1073741823:g8
1073741823,1073741823,1073741823,1073741823,1073741823,1073741823,1071546367,1073053695,1072545791,1073397759,1073741823,1073741823,1073741823,1073741823,1073741823:g8
1073741823,1073741823,1073741823,1073741823,1073741823,1073741823,1071546367,1073053695,1072545791,1073463295,1073676287,1073741823,1073741823,1073741823,1073741823:g8
1073741823,1073741823,1073741823,1073741823,1073741823,1073741823,1054769151,1073053695,1072545791,1073463295,1073741823,1073741823,1073741823,1073741823,1073741823:g8
1073741823,1073741823,1073741823,1073741823,1073741823,1073741823,1071546367,1073053695,1055768575,1073463295,1073741823,1073741823,1073741823,1073741823,1073741823:g8
1073741823,1073741823,1073741823,1073741823,1073741823,1073741823,1071546367,1073053695,1068351487,1073463295,1073741823,1073741823,1073741823,1073741823,1073741823:g8
1073741823,1073741823,1073741823,1073741823,1073741823,1073741823,1071546367,1073053695,1072545791,1073463295,1056964607,1073741823,1073741823,1073741823,1073741823:g8
1073741823,1073741823,1073741823,1073741823,1073741823,1073741823,1071546367,1073053695,1072545791,1073463295,1072693247,1073741823,1073741823,1073741823,1073741823:g8
1073741823,1073741823,1073741823,1073741823,1073741823,1073741823,1071546367,1073053695,1072545791,1072414719,1073741823,1073741823,1073741823,1073741823,1073741823:g8
1073741823,1073741823,1073741823,1073741823,1073741823,1069547519,1071546367,1073053695,1072545791,1073463295,1073741823,1073741823,1073741823,1073741823,1073741823:g8
1073741823,1073741823,1073741823,1073741823,1073741823,1073741823,1071546367,1068859391,1072545791,1073463295,1073741823,1073741823,1073741823,1073741823,1073741823:g8
1073741823,1073741823,1073741823,1073741823,1073741823,1073741823,1071546367,1072005119,1072545791,1073463295,1073741823,1073741823,1073741823,1073741823,1073741823:g6
1073741823,1073741823,1073741823,1073741823,1073741823,1073741823,1071546367,1073053695,1072545791,1069268991,1073741823,1073741823,1073741823,1073741823,1073741823:g8
1073741823,1073741823,1073741823,1073741823,1073741823,1073741823,1071546367,1073053695,1072283647,1073463295,1073741823,1073741823,1073741823,1073741823,1073741823:g8
1073741823,1073741823,1073741823,1073741823,1073737727,1073741823,1071546367,1073053695,1072545791,1073463295,1073741823,1073741823,1073741823,1073741823,1073741823:g8
1073741823,1073741823,1073741823,1073741823,1073676287,1073741823,1071546367,1073053695,1072545791,1073463295,1073741823,1073741823,1073741823,1073741823,1073741823:g8
1073741823,1073741823,1073741823,1073741823,1073741823,1073676287,1071546367,1073053695,1072545791,1073463295,1073741823,1073741823,1073741823,1073741823,1073741823:g8
1073741823,1073741823,1073741823,1073741823,1072693247,1073741823,1071546367,1073053695,1072545791,1073463295,1073741823,1073741823,1073741823,1073741823,1073741823:g8
1073741823,1073741823,1073741823,1073741823,1073741823,1073741823,1071284223,1073053695,1072545791,1073463295,1073741823,1073741823,1073741823,1073741823,1073741823:g8
1073741823,1073741823,1073741823,1073741823,1073741823,1073741823,1071546367,1073053695,1072545791,1073462271,1073741823,1073741823,1073741823,1073741823,1073741823:g8
1073741823,1073741823,1073741823,1073741823,1073741823,1073741823,1071546367,1073053695,1072541695,1073463295,1073741823,1073741823,1073741823,1073741823,1073741823:g8
1073741823,1073741823,1073741823,1073741823,1073741823,1073741823,1071546367,1073052671,1072545791,1073463295,1073741823,1073741823,1073741823,1073741823,1073741823:k8
1073741823,1073741823,1073741823,1073741823,1073741823,1073741823,1071546367,1073049599,1072545791,1073463295,1073741823,1073741823,1073741823,1073741823,1073741823:l8
1073741823,1073741823,1073741823,1073741823,1073741823,1006632959,1071546367,1064660991,1072545791,1073463295,1073741823,1073741823,1073741823,1073741823,1073741823:k8
1073741823,1073741823,1073741823,1073741823,1073741823,1073741823,1071546367,997552127,1072545791,1073463295,1073741823,1073741823,1073741823,1073741823,1073741823:k8
1073741823,1073741823,1073741823,1073741823,1073741823,1073741823,1071546367,1047883775,1072545791,1073463295,1073741823,1073741823,1073741823,1073741823,1073741823:k8
1073741823,1073741823,1073741823,1073741823,1073741823,1073741823,1071546367,1064660991,1072545791,1006354431,1073741823,1073741823,1073741823,1073741823,1073741823:k8
1073741823,1073741823,1073741823,1073741823,1073741823,1073741823,1071546367,1064660991,1072545791,1073463039,1073741823,1073741823,1073741823,1073741823,1073741823:k8
1073741823,1073741823,1073741823,1073741823,1073741823,1073741823,1071546367,1064660735,1072545791,1073463295,1073741823,1073741823,1073741823,1073741823,1073741823:k8
1073741823,1073741823,1073741823,1073741823,1073741823,1073741567,1071546367,1064660991,1072545791,1073463295,1073741823,1073741823,1073741823,1073741823,1073741823:k8
1073741823,1073741823,1073741823,1073741823,1073741823,1073741823,1071546367,1064660991,1072545791,1073463295,1073741823,1073740799,1073741823,1073741823,1073741823:k8
1073741823,1073741823,1073741823,1073741823,1073741823,1072693247,1071546367,1064660991,1072545791,1073463295,1073741823,1073741823,1073741823,1073741823,1073741823:k8
1073741823,1073741823,1073741823,1073741823,1056964607,1073741823,1071546367,1064660991,1072545791,1073463295,1073741823,1073741823,1073741823,1073741823,1073741823:k8
1073741823,1073741823,1073741823,1073741823,1073741823,1073741823,1067352063,1064660991,1072545791,1073463295,1073741823,1073741823,1073741823,1073741823,1073741823:k8
1073741823,1073741823,1073741823,1073741823,1073741823,1073741823,1071546367,1064660991,1072545791,1073463295,1073740799,1073741823,1073741823,1073741823,1073741823:k8
1073741823,1073741823,1073741823,1073741823,1073741823,1073741823,1071546367,1064660991,1072545791,1073459199,1073741823,1073741823,1073741823,1073741823,1073741823:k8
1073741823,1073741823,1073741823,1073741823,1073741823,1073741823,1071546367,1064660991,1072545791,1073463295,1073725439,1073741823,1073741823,1073741823,1073741823:k8
1073741823,1073741823,1073741823,1073741823,1073741823,1073741823,1071546367,1064660991,1072544767,1073463295,1073741823,1073741823,1073741823,1073741823,1073741823:k8
1073741823,1073741823,1073741823,1073741823,1073741823,1073741823,1071545343,1064660991,1072545791,1073463295,1073741823,1073741823,1073741823,1073741823,1073741823:k8
1073741823,1073741823,1073741823,1073741823,1073740799,1073741823,1071546367,1064660991,1072545791,1073463295,1073741823,1073741823,1073741823,1073741823,1073741823:k8
1073741823,1073741823,1073741823,1073741823,1073741823,1073737727,1071546367,1064660991,1072545791,1073463295,1073741823,1073741823,1073741823,1073741823,1073741823:k8
1073741823,1073741823,1073741823,1073741823,1073725439,1073741823,1071546367,1064660991,1072545791,1073463295,1073741823,1073741823,1073741823,1073741823,1073741823:k8
1073741823,1073741823,1073741823,1073741823,1073479679,1073741823,1071546367,1064660991,1072545791,1073463295,1073741823,1073741823,1073741823,1073741823,1073741823:k8
1073741823,1073741823,1073741823,1073741823,1073741823,1073741823,1071546367,1064660991,1072545791,1073463295,1073741823,1073725439,1073741823,1073741823,1073741823:k8
1073741823,1073741823,1073741823,1073741823,1073741823,1073741823,1071546367,1064660991,1072545791,1073463295,1073741823,1069547519,1073741823,1073741823,1073741823:k8
1073741823,1073741823,1073741823,1073741823,1073741823,1073741823,1071546367,1064660991,1072545791,1073463295,1073741823,1073479679,1073741823,1073741823,1073741823:k8
1073741823,1073741823,1073741823,1073741823,1073741823,1073741823,1071546367,1064660991,1072545791,1073463295,1073479679,1073741823,1073741823,1073741823,1073741823:k8
1073741823,1073741823,1073741823,1073741823,1073741823,1073741823,1071546367,1064660991,1072545791,1073463295,1073737727,1073741823,1073741823,1073741823,1073741823:k8
1073741823,1073741823,1073741823,1073741823,1073741823,1073741823,1071546367,1064660991,1072545791,1073397759,1073741823,1073741823,1073741823,1073741823,1073741823:k8
1073741823,1073741823,1073741823,1073741823,1073741823,1073741823,1071546367,1064660991,1072545791,1073463295,1073676287,1073741823,1073741823,1073741823,1073741823:k8
1073741823,1073741823,1073741823,1073741823,1073741823,1073741823,1054769151,1064660991,1072545791,1073463295,1073741823,1073741823,1073741823,1073741823,1073741823:k8
1073741823,1073741823,1073741823,1073741823,1073741823,1073741823,1071546367,1064660991,1055768575,1073463295,1073741823,1073741823,1073741823,1073741823,1073741823:k8
1073741823,1073741823,1073741823,1073741823,1073741823,1073741823,1071546367,1064660991,1068351487,1073463295,1073741823,1073741823,1073741823,1073741823,1073741823:k8
1073741823,1073741823,1073741823,1073741823,1073741823,1073741823,1071546367,1064660991,1072545791,1073463295,1056964607,1073741823,1073741823,1073741823,1073741823:k8
1073741823,1073741823,1073741823,1073741823,1073741823,1073741823,1071546367,1064660991,1072545791,1073463295,1072693247,1073741823,1073741823,1073741823,1073741823:k8
1073741823,1073741823,1073741823,1073741823,1073741823,1073741823,1071546367,1064660991,1072545791,1072414719,1073741823,1073741823,1073741823,1073741823,1073741823:k8
1073741823,1073741823,1073741823,1073741823,1073741823,1069547519,1071546367,1064660991,1072545791,1073463295,1073741823,1073741823,1073741823,1073741823,1073741823:k8
1073741823,1073741823,1073741823,1073741823,1073741823,1073741823,1071546367,1063612415,1072545791,1073463295,1073741823,1073741823,1073741823,1073741823,1073741823:j6
1073741823,1073741823,1073741823,1073725439,1073741823,1073217535,1071546367,1063612415,1072545791,1073463295,1073741823,1073741823,1073741823,1073741823,1073741823:m9
1073741823,1073741823,1073741823,1073479679,1073741823,1073217535,1071546367,1063612415,1072545791,1073463295,1073741823,1073741823,1073741823,1073741823,1073741823:i5
1073741823,1073741823,1073741823,1069547519,1073741823,1073217535,1071546367,1063612415,1072545791,1073463295,1073741823,1073741823,1073741823,1073741823,1073741823:i5
1073741823,1073741823,1073741823,1073741823,1073741823,1056440319,1071546367,1063612415,1072545791,1073463295,1073741823,1073741823,1073741823,1073741823,1073741823:i5
1073741823,1073741823,1073741823,1073741823,1073741823,1073217535,1071546367,1063612415,1072545791,1056686079,1073741823,1073741823,1073741823,1073741823,1073741823:i5
1073741823,1073741823,1073741823,1073741823,1073741823,1006108671,1071546367,1063612415,1072545791,1073463295,1073741823,1073741823,1073741823,1073741823,1073741823:i5
1073741823,1073741823,1073741823,1073741823,1073741823,1073217535,1071546367,996503551,1072545791,1073463295,1073741823,1073741823,1073741823,1073741823,1073741823:i5
1073741823,1073741823,1073741823,1073741823,1073741823,1073217535,1071546367,1046835199,1072545791,1073463295,1073741823,1073741823,1073741823,1073741823,1073741823:i5
1073741823,1073741823,1073741823,1073741823,1073741823,1073217535,1071546367,1063612415,1072545791,1006354431,1073741823,1073741823,1073741823,1073741823,1073741823:i5
1073741823,1073741823,1073741823,1073741823,1073741823,1073217535,1071546367,1063612415,1072545791,1073463039,1073741823,1073741823,1073741823,1073741823,1073741823:i5
1073741823,1073741823,1073741823,1073741823,1073741823,1073217535,1071546367,1063612159,1072545791,1073463295,1073741823,1073741823,1073741823,1073741823,1073741823:i5
1073741823,1073741823,1073741823,1073741823,1073741823,1073217279,1071546367,1063612415,1072545791,1073463295,1073741823,1073741823,1073741823,1073741823,1073741823:i5
1073741823,1073741823,1073741823,1073741823,1073741823,1073217535,1071546367,1063612415,1072545791,1073463295,1073741823,1073740799,1073741823,1073741823,1073741823:i5
1073741823,1073741823,1073741823,1073741823,1073741823,1072168959,1071546367,1063612415,1072545791,1073463295,1073741823,1073741823,1073741823,1073741823,1073741823:i5
1073741823,1073741823,1073741823,1073741823,1056964607,1073217535,1071546367,1063612415,1072545791,1073463295,1073741823,1073741823,1073741823,1073741823,1073741823:i5
1073741823,1073741823,1073741823,1073741823,1073741823,1073217535,1067352063,1063612415,1072545791,1073463295,1073741823,1073741823,1073741823,1073741823,1073741823:i5
1073741823,1073741823,1073741823,1073741823,1073741823,1073217535,1071546367,1063612415,1072545791,1073463295,1073740799,1073741823,1073741823,1073741823,1073741823:i5
1073741823,1073741823,1073741823,1073741823,1073741823,1073217535,1071546367,1063612415,1072545791,1073459199,1073741823,1073741823,1073741823,1073741823,1073741823:i5
1073741823,1073741823,1073741823,1073741823,1073741823,1073217535,1071546367,1063612415,1072545791,1073463295,1073725439,1073741823,1073741823,1073741823,1073741823:i5
1073741823,1073741823,1073741823,1073741823,1073741823,1073217535,1071546367,1063612415,1072544767,1073463295,1073741823,1073741823,1073741823,1073741823,1073741823:i5
1073741823,1073741823,1073741823,1073741823,1073741823,1073217535,1071545343,1063612415,1072545791,1073463295,1073741823,1073741823,1073741823,1073741823,1073741823:i5
1073741823,1073741823,1073741823,1073741823,1073740799,1073217535,1071546367,1063612415,1072545791,1073463295,1073741823,1073741823,1073741823,1073741823,1073741823:i5
1073741823,1073741823,1073741823,1073741823,1073741823,1073213439,1071546367,1063612415,1072545791,1073463295,1073741823,1073741823,1073741823,1073741823,1073741823:i5
1073741823,1073741823,1073741823,1073741823,1073725439,1073217535,1071546367,1063612415,1072545791,1073463295,1073741823,1073741823,1073741823,1073741823,1073741823:i5
1073741823,1073741823,1073741823,1073741823,1073479679,1073217535,1071546367,1063612415,1072545791,1073463295,1073741823,1073741823,1073741823,1073741823,1073741823:i5
1073741823,1073741823,1073741823,1073741823,1073741823,1073217535,1071546367,1063612415,1072545791,1073463295,1073741823,1073725439,1073741823,1073741823,1073741823:i5
1073741823,1073741823,1073741823,1073741823,1073741823,1073217535,1071546367,1063612415,1072545791,1073463295,1073741823,1069547519,1073741823,1073741823,1073741823:i5
1073741823,1073741823,1073741823,1073741823,1073741823,1073217535,1071546367,1063612415,1072545791,1073463295,1073741823,1073479679,1073741823,1073741823,1073741823:i5
1073741823,1073741823,1073741823,1073741823,1073741823,1073217535,1071546367,1063612415,1072545791,1073463295,1073479679,1073741823,1073741823,1073741823,1073741823:i5
1073741823,1073741823,1073741823,1073741823,1073741823,1073217535,1071546367,1063612415,1072545791,1073463295,1073737727,1073741823,1073741823,1073741823,1073741823:i5
1073741823,1073741823,1073741823,1073741823,1073741823,1073217535,1071546367,1063612415,1072545791,1073397759,1073741823,1073741823,1073741823,1073741823,1073741823:i5
1073741823,1073741823,1073741823,1073741823,1073741823,1073217535,1071546367,1063612415,1072545791,1073463295,1073676287,1073741823,1073741823,1073741823,1073741823:i5
1073741823,1073741823,1073741823,1073741823,1073741823,1073217535,1054769151,1063612415,1072545791,1073463295,1073741823,1073741823,1073741823,1073741823,1073741823:i5
1073741823,1073741823,1073741823,1073741823,1073741823,1073217535,1071546367,1063612415,1055768575,1073463295,1073741823,1073741823,1073741823,1073741823,1073741823:h4
1073741823,1073741823,1073741823,1073741823,1073741823,1073217535,1071546367,1063612415,1068351487,1073463295,1073741823,1073741823,1073741823,1073741823,1073741823:i5
1073741823,1073741823,1073741823,1073741823,1073741823,1073217535,1071546367,1063612415,1072545791,1073463295,1056964607,1073741823,1073741823,1073741823,1073741823:i5
1073741823,1073741823,1073741823,1073741823,1073741823,1073217535,1071546367,1063612415,1072545791,1073463295,1072693247,1073741823,1073741823,1073741823,1073741823:i5
1073741823,1073741823,1073741823,1073741823,1073741823,1073217535,1071546367,1063612415,1072545791,1072414719,1073741823,1073741823,1073741823,1073741823,1073741823:i5
1073741823,1073741823,1073741823,1073741823,1073741823,1069023231,1071546367,1063612415,1072545791,1073463295,1073741823,1073741823,1073741823,1073741823,1073741823:i5
1073741823,1073741823,1073741823,1073741823,1073741823,1073217535,1071546367,1063612415,1072545791,1069268991,1073741823,1073741823,1073741823,1073741823,1073741823:i5
1073741823,1073741823,1073741823,1073741823,1073741823,1073217535,1071546367,1063612415,1072283647,1073463295,1073741823,1073741823,1073741823,1073741823,1073741823:i5
1073741823,1073741823,1073741823,1073741823,1073737727,1073217535,1071546367,1063612415,1072545791,1073463295,1073741823,1073741823,1073741823,1073741823,1073741823:i5
1073741823,1073741823,1073741823,1073741823,1073676287,1073217535,1071546367,1063612415,1072545791,1073463295,1073741823,1073741823,1073741823,1073741823,1073741823:j7
1073741823,1073741823,1073741823,1073741823,1073741823,1073151999,1071546367,1063612415,1072545791,1073463295,1073741823,1073741823,1073741823,1073741823,1073741823:i5
1073741823,1073741823,1073741823,1073741823,1072693247,1073217535,1071546367,1063612415,1072545791,1073463295,1073741823,1073741823,1073741823,1073741823,1073741823:i5
1073741823,1073741823,1073741823,1073741823,1073741823,1073217535,1071284223,1063612415,1072545791,1073463295,1073741823,1073741823,1073741823,1073741823,1073741823:i5
1073741823,1073741823,1073741823,1073741823,1073741823,1073217535,1071546367,1063612415,1072545791,1073462271,1073741823,1073741823,1073741823,1073741823,1073741823:i5
1073741823,1073741823,1073741823,1073741823,1073741823,1073217535,1071546367,1063612415,1072541695,1073463295,1073741823,1073741823,1073741823,1073741823,1073741823:i5
1073741823,1073741823,1073741823,1073741823,1073741823,1073217535,1071546367,1063611391,1072545791,1073463295,1073741823,1073741823,1073741823,1073741823,1073741823:i5
1073741823,1073741823,1073741823,1073741823,1073741823,1073216511,1071546367,1063612415,1072545791,1073463295,1073741823,1073741823,1073741823,1073741823,1073741823:i5
1073741823,1073741823,1073741823,1073741823,1073741823,1073217535,1071542271,1063612415,1072545791,1073463295,1073741823,1073741823,1073741823,1073741823,1073741823:i5
1073741823,1073741823,1073741823,1073741823,1073741823,1073201151,1071546367,1063612415,1072545791,1073463295,1073741823,1073741823,1073741823,1073741823,1073741823:i5
1073741823,1073741823,1073741823,1073741823,1073741823,1073741823,1071546367,1064660991,1072545791,1069268991,1073741823,1073741823,1073741823,1073741823,1073741823:k8
1073741823,1073741823,1073741823,1073741823,1073741823,1073741823,1071546367,1064660991,1072283647,1073463295,1073741823,1073741823,1073741823,1073741823,1073741823:k8
1073741823,1073741823,1073741823,1073741823,1073737727,1073741823,1071546367,1064660991,1072545791,1073463295,1073741823,1073741823,1073741823,1073741823,1073741823:k8
1073741823,1073741823,1073741823,1073741823,1073676287,1073741823,1071546367,1064660991,1072545791,1073463295,1073741823,1073741823,1073741823,1073741823,1073741823:k8
1073741823,1073741823,1073741823,1073741823,1073741823,1073676287,1071546367,1064660991,1072545791,1073463295,1073741823,1073741823,1073741823,1073741823,1073741823:k8
1073741823,1073741823,1073741823,1073741823,1072693247,1073741823,1071546367,1064660991,1072545791,1073463295,1073741823,1073741823,1073741823,1073741823,1073741823:k8
1073741823,1073741823,1073741823,1073741823,1073741823,1073741823,1071284223,1064660991,1072545791,1073463295,1073741823,1073741823,1073741823,1073741823,1073741823:k8
1073741823,1073741823,1073741823,1073741823,1073741823,1073741823,1071546367,1064660991,1072545791,1073462271,1073741823,1073741823,1073741823,1073741823,1073741823:k8
1073741823,1073741823,1073741823,1073741823,1073741823,1073741823,1071546367,1064660991,1072541695,1073463295,1073741823,1073741823,1073741823,1073741823,1073741823:k8
1073741823,1073741823,1073741823,1073741823,1073741823,1073741823,1071546367,1064659967,1072545791,1073463295,1073741823,1073741823,1073741823,1073741823,1073741823:k8
1073741823,1073741823,1073741823,1073741823,1073741823,1073740799,1071546367,1064660991,1072545791,1073463295,1073741823,1073741823,1073741823,1073741823,1073741823:k8
1073741823,1073741823,1073741823,1073741823,1073741823,1073741823,1071542271,1064660991,1072545791,1073463295,1073741823,1073741823,1073741823,1073741823,1073741823:k8
1073741823,1073741823,1073741823,1073741823,1073741823,1073725439,1071546367,1064660991,1072545791,1073463295,1073741823,1073741823,1073741823,1073741823,1073741823:k8
1073741823,1073741823,1073741823,1073741823,1073741823,1073479679,1071546367,1064660991,1072545791,1073463295,1073741823,1073741823,1073741823,1073741823,1073741823:k8
1073741823,1073741823,1073741823,1073741823,1073741823,1073740799,1071546367,1073053695,1072545791,1073463295,1073741823,1073741823,1073741823,1073741823,1073741823:g8
1073741823,1073741823,1073741823,1073741823,1073741823,1073741823,1071542271,1073053695,1072545791,1073463295,1073741823,1073741823,1073741823,1073741823,1073741823:g8
1073741823,1073741823,1073741823,1073741823,1073741823,1073725439,1071546367,1073053695,1072545791,1073463295,1073741823,1073741823,1073741823,1073741823,1073741823:g8
1073741823,1073741823,1073741823,1073741823,1073741823,1073479679,1071546367,1073053695,1072545791,1073463295,1073741823,1073741823,1073741823,1073741823,1073741823:g8
