1073741823,1073741823,1073741823,1073741823,1073741823,1073741823,1073377279,1068924927,1071497215,1073192959,1071513599,1068498943,1073741823,1073741823,1073741823:j11
1073741823,1073741823,1073741823,1073741823,1073741823,1073741823,1073377279,1068924927,1071497215,1073192959,1070989311,1068498943,1073725439,1073741823,1073741823:j12
1073741823,1073741823,1073741823,1073741823,1073741823,1006632959,1073377279,1068924927,1071497215,1073192959,1070989311,1068498943,1073741823,1073741823,1073741823:j12
1073741823,1073741823,1073741823,1073741823,1073741823,1073741823,1073377279,1001816063,1071497215,1073192959,1070989311,1068498943,1073741823,1073741823,1073741823:j12
1073741823,1073741823,1073741823,1073741823,1073741823,1073741823,1073377279,1052147711,1071497215,1073192959,1070989311,1068498943,1073741823,1073741823,1073741823:j12
1073741823,1073741823,1073741823,1073741823,1073741823,1073741823,1073377279,1068924927,1071497215,1073192959,1070989311,1068498943,1073737727,1073741823,1073741823:j12
1073741823,1073741823,1073741823,1073741823,1073741823,1073741823,1073377279,1068924927,1071497215,1073192959,1070989311,1068498943,1073741823,1073676287,1073741823:j12
1073741823,1073741823,1073741823,1073741823,1073741823,1073741823,1073377279,1068924927,1071497215,1073192959,1070989311,1068498943,1073479679,1073741823,1073741823:h11
1073741823,1073741823,1073741823,1073741823,1073741823,1073741823,1073377279,1068924927,1071497215,1056415743,1070989311,1068498943,1073741823,1073741823,1073741823:j12
1073741823,1073741823,1073741823,1073741823,1073741823,1073741823,1073377279,1068924927,1071497215,1073192959,1070989311,1068498943,1073741823,1056964607,1073741823:j12
1073741823,1073741823,1073741823,1073741823,1073741823,1073741823,1073377279,1068924927,1071497215,1073192959,1070989311,1068498943,1073741823,1072693247,1073741823:h11
1073741823,1073741823,1073741823,1073741823,1073741823,1073741823,1073377279,1068924927,1071497215,1073192959,1070989311,1068498687,1073741823,1073741823,1073741823:j12
1073741823,1073741823,1073741823,1073741823,1073741823,1073741823,1073377279,1068924927,1071497215,1073192703,1070989311,1068498943,1073741823,1073741823,1073741823:j12
1073741823,1073741823,1073741823,1073741823,1073741823,1073741823,1073377279,1068924671,1071497215,1073192959,1070989311,1068498943,1073741823,1073741823,1073741823:j12
1073741823,1073741823,1073741823,1073741823,1073741823,1073741823,1073377279,1068924927,1071497215,1073192959,1070989311,1068433407,1073741823,1073741823,1073741823:h11
1073741823,1073741823,1073741823,1073741823,1073741823,1073741823,1073377279,1068924927,1071497215,1073192959,1070989311,1068494847,1073741823,1073741823,1073741823:j12
1073741823,1073741823,1073741823,1073741823,1073741823,1073741823,1073377279,1068924927,1071497215,1073192959,1070989311,1068498943,1073741823,1073479679,1073741823:h11
1073741823,1073741823,1073741823,1073741823,1073741823,1073741823,1073377279,1068924927,1071497215,1006084095,1070989311,1068498943,1073741823,1073741823,1073741823:j12
1073741823,1073741823,1073741823,1073741823,1073741823,1073741823,1073377279,1068924927,1071497215,1073192959,1070989311,1001390079,1073741823,1073741823,1073741823:j12
1073741823,1073741823,1073741823,1073741823,1073741823,1073741823,1073377279,1068924927,1071497215,1073192959,1070989311,1051721727,1073741823,1073741823,1073741823:j12
1073741823,1073741823,1073741823,1073741823,1073741823,1073741823,1073377279,1068924927,1071497215,1073192959,1070989311,1068498943,1073741823,1006632959,1073741823:j12
1073741823,1073741823,1073741823,1073741823,1073741823,1073741823,1073377279,1068924927,1071497215,1073192959,1070989311,1068498943,1073741823,1069547519,1073741823:j12
1073741823,1073741823,1073741823,1073741823,1073741823,1073741823,1073377279,1068924927,1071497215,1073192959,1070989311,1068498943,1069547519,1073741823,1073741823:j12
1073741823,1073741823,1073741823,1073741823,1073741823,1073741823,1073377279,1068924927,1071497215,1073192959,1070989311,1068498943,1073676287,1073741823,1073741823:j12
1073741823,1073741823,1073741823,1073741823,1073741823,1073741823,1073377279,1068924927,1071497215,1073192959,1066795007,1068498943,1073741823,1073741823,1073741823:j12
1073741823,1073741823,1073741823,1073741823,1073741823,1073741823,1073377279,1068924927,1071497215,1073192959,1070989311,1068498943,1056964607,1073741823,1073741823:j12
1073741823,1073741823,1073741823,1073741823,1073741823,1073741823,1073377279,1068924927,1071497215,1073192959,1070989311,1068498943,1072693247,1073741823,1073741823:j12
1073741823,1073741823,1073741823,1073741823,1073741823,1073741823,1073377279,1068924927,1071497215,1073192959,1070988287,1068498943,1073741823,1073741823,1073741823:j12
1073741823,1073741823,1073741823,1073741823,1073741823,1073741823,1073377279,1068924927,1071496191,1073192959,1070989311,1068498943,1073741823,1073741823,1073741823:h11
1073741823,1073741823,1073741823,1073741823,1073740799,1073741823,1073377279,1068924927,1071497215,1073192959,1070989311,1068498943,1073741823,1073741823,1073741823:j12
1073741823,1073741823,1073741823,1073741823,1073725439,1073741823,1073377279,1068924927,1071497215,1073192959,1070989311,1068498943,1073741823,1073741823,1073741823:j12
1073741823,1073741823,1073741823,1073741823,1073479679,1073741823,1073377279,1068924927,1071497215,1073192959,1070989311,1068498943,1073741823,1073741823,1073741823:j12
1073741823,1073741823,1073741823,1073741823,1069547519,1073741823,1073377279,1068924927,1071497215,1073192959,1070989311,1068498943,1073741823,1073741823,1073741823:k6
1073741823,1073741823,1073741823,1073676287,1069547519,1071644671,1073377279,1068924927,1071497215,1073192959,1070989311,1068498943,1073741823,1073741823,1073741823:j12
1073741823,1073741823,1073479679,1073741823,1069547519,1071644671,1073377279,1068924927,1071497215,1073192959,1070989311,1068498943,1073741823,1073741823,1073741823:j12
1073741823,1073741823,1073741823,1072693247,1069547519,1071644671,1073377279,1068924927,1071497215,1073192959,1070989311,1068498943,1073741823,1073741823,1073741823:j12
1073741823,1073741823,1069547519,1073741823,1069547519,1071644671,1073377279,1068924927,1071497215,1073192959,1070989311,1068498943,1073741823,1073741823,1073741823:j12
1073741823,1073741823,1073741823,1069547519,1069547519,1071644671,1073377279,1068924927,1071497215,1073192959,1070989311,1068498943,1073741823,1073741823,1073741823:j12
1073741823,1073741823,1006632959,1073741823,1069547519,1071644671,1073377279,1068924927,1071497215,1073192959,1070989311,1068498943,1073741823,1073741823,1073741823:j12
1073741823,1073741823,1073741823,1056964607,1069547519,1071644671,1073377279,1068924927,1071497215,1073192959,1070989311,1068498943,1073741823,1073741823,1073741823:j12
1073741823,1073741823,1073741823,1073741823,1002438655,1071644671,1073377279,1068924927,1071497215,1073192959,1070989311,1068498943,1073741823,1073741823,1073741823:j12
1073741823,1073741823,1073741823,1073741823,1052770303,1071644671,1073377279,1068924927,1071497215,1073192959,1070989311,1068498943,1073741823,1073741823,1073741823:j12
1073741823,1073741823,1073741823,1073741823,1069547519,1071644671,1006268415,1068924927,1071497215,1073192959,1070989311,1068498943,1073741823,1073741823,1073741823:j12
1073741823,1073741823,1073741823,1073741823,1069547519,1054867455,1073377279,1068924927,1071497215,1073192959,1070989311,1068498943,1073741823,1073741823,1073741823:j12
1073741823,1073741823,1073741823,1073741823,1069547519,1071644671,1073377279,1068924927,1071497215,1073192959,1070989311,1068498943,1073725439,1073741823,1073741823:j12
1073741823,1073741823,1073741823,1073741823,1069547519,1004535807,1073377279,1068924927,1071497215,1073192959,1070989311,1068498943,1073741823,1073741823,1073741823:j12
1073741823,1073741823,1073741823,1073741823,1069547519,1071644671,1073377279,1001816063,1071497215,1073192959,1070989311,1068498943,1073741823,1073741823,1073741823:j12
1073741823,1073741823,1073741823,1073741823,1069547519,1071644671,1073377279,1052147711,1071497215,1073192959,1070989311,1068498943,1073741823,1073741823,1073741823:j12
1073741823,1073741823,1073741823,1073741823,1069547519,1071644671,1073377279,1068924927,1071497215,1073192959,1070989311,1068498943,1073737727,1073741823,1073741823:j12
1073741823,1073741823,1073741823,1073741823,1069547519,1071644671,1073377279,1068924927,1071497215,1073192959,1070989311,1068498943,1073741823,1073676287,1073741823:j12
1073741823,1073741823,1073741823,1073741823,1069547519,1071644671,1073377279,1068924927,1071497215,1073192959,1070989311,1068498943,1073479679,1073741823,1073741823:j12
1073741823,1073741823,1073741823,1073741823,1069547519,1071644671,1073377279,1068924927,1071497215,1056415743,1070989311,1068498943,1073741823,1073741823,1073741823:j12
1073741823,1073741823,1073741823,1073741823,1069547519,1071644671,1073377279,1068924927,1071497215,1073192959,1070989311,1068498943,1073741823,1056964607,1073741823:j12
1073741823,1073741823,1073741823,1073741823,1069547519,1071644671,1073377279,1068924927,1071497215,1073192959,1070989311,1068498943,1073741823,1072693247,1073741823:j12
1073741823,1073741823,1073741823,1073741823,1069547519,1071644671,1073377279,1068924927,1071497215,1073192959,1070989311,1068498687,1073741823,1073741823,1073741823:j12
1073741823,1073741823,1073741823,1073741823,1069547519,1071644671,1073377279,1068924927,1071497215,1073192703,1070989311,1068498943,1073741823,1073741823,1073741823:j12
1073741823,1073741823,1073741823,1073741823,1069547519,1071644671,1073377279,1068924671,1071497215,1073192959,1070989311,1068498943,1073741823,1073741823,1073741823:j12
1073741823,1073741823,1073741823,1073741823,1069547519,1071644671,1073377279,1068924927,1071497215,1073192959,1070989311,1068433407,1073741823,1073741823,1073741823:j12
1073741823,1073741823,1073741823,1073741823,1069547519,1071644671,1073377279,1068924927,1071497215,1073192959,1070989311,1068494847,1073741823,1073741823,1073741823:j12
1073741823,1073741823,1073741823,1073741823,1069547519,1071644671,1073377279,1068924927,1071497215,1073192959,1070989311,1068498943,1073741823,1073479679,1073741823:j12
1073741823,1073741823,1073741823,1073741823,1069547519,1071644671,1073377279,1068924927,1071497215,1006084095,1070989311,1068498943,1073741823,1073741823,1073741823:j12
1073741823,1073741823,1073741823,1073741823,1069547519,1071644671,1073377279,1068924927,1071497215,1073192959,1070989311,1001390079,1073741823,1073741823,1073741823:j12
1073741823,1073741823,1073741823,1073741823,1069547519,1071644671,1073377279,1068924927,1071497215,1073192959,1070989311,1051721727,1073741823,1073741823,1073741823:j12
1073741823,1073741823,1073741823,1073741823,1069547519,1071644671,1073377279,1068924927,1071497215,1073192959,1070989311,1068498943,1073741823,1006632959,1073741823:j12
1073741823,1073741823,1073741823,1073741823,1069547519,1071644671,1073377279,1068924927,1071497215,1073192959,1070989311,1068498943,1073741823,1069547519,1073741823:j12
1073741823,1073741823,1073741823,1073741823,1069547519,1071644671,1073377279,1068924927,1071497215,1073192959,1070989311,1068498943,1069547519,1073741823,1073741823:j12
1073741823,1073741823,1073741823,1073741823,1069547519,1071644671,1073377279,1068924927,1071497215,1073192959,1070989311,1068498943,1073676287,1073741823,1073741823:j12
1073741823,1073741823,1073741823,1073741823,1069547519,1071644671,1073377279,1068924927,1071497215,1073192959,1066795007,1068498943,1073741823,1073741823,1073741823:j12
1073741823,1073741823,1073741823,1073741823,1069547519,1071644671,1073377279,1068924927,1071497215,1073192959,1070989311,1068498943,1056964607,1073741823,1073741823:j12
1073741823,1073741823,1073741823,1073741823,1069547519,1071644671,1073377279,1068924927,1071497215,1073192959,1070989311,1068498943,1072693247,1073741823,1073741823:j12
1073741823,1073741823,1073741823,1073741823,1069547519,1071644671,1073377279,1068924927,1071497215,1073192959,1070988287,1068498943,1073741823,1073741823,1073741823:j12
1073741823,1073741823,1073741823,1073741823,1069547519,1071644671,1073377279,1068924927,1071496191,1073192959,1070989311,1068498943,1073741823,1073741823,1073741823:j12
1073741823,1073741823,1073741823,1073741823,1069546495,1071644671,1073377279,1068924927,1071497215,1073192959,1070989311,1068498943,1073741823,1073741823,1073741823:j12
1073741823,1073741823,1073741823,1073741823,1069531135,1071644671,1073377279,1068924927,1071497215,1073192959,1070989311,1068498943,1073741823,1073741823,1073741823:j12
1073741823,1073741823,1073741823,1073741823,1069285375,1071644671,1073377279,1068924927,1071497215,1073192959,1070989311,1068498943,1073741823,1073741823,1073741823:j12
1073741823,1073741823,1073741823,1073741823,1069547519,1071644671,1069182975,1068924927,1071497215,1073192959,1070989311,1068498943,1073741823,1073741823,1073741823:j12
1073741823,1073741823,1073741823,1073741823,1069547519,1071644671,1056600063,1068924927,1071497215,1073192959,1070989311,1068498943,1073741823,1073741823,1073741823:j12
1073741823,1073741823,1073741823,1073741823,1069547519,1071644671,1073377279,1068924927,1054719999,1073192959,1070989311,1068498943,1073741823,1073741823,1073741823:j12
1073741823,1073741823,1073741823,1073741823,1069547519,1071644671,1073377279,1068924927,1067302911,1073192959,1070989311,1068498943,1073741823,1073741823,1073741823:j12
1073741823,1073741823,1073741823,1073741823,1069547519,1071644671,1073377279,1068924927,1071497215,1073192959,1054212095,1068498943,1073741823,1073741823,1073741823:j12
1073741823,1073741823,1073741823,1073741823,1069547519,1071644671,1073377279,1068924927,1071496959,1073192959,1070989311,1068498943,1073741823,1073741823,1073741823:j12
1073741823,1073741823,1073741823,1073741823,1069547519,1071644671,1073377023,1068924927,1071497215,1073192959,1070989311,1068498943,1073741823,1073741823,1073741823:j12
1073741823,1073741823,1073741823,1073741823,1069547519,1071644671,1073376255,1068924927,1071497215,1073192959,1070989311,1068498943,1073741823,1073741823,1073741823:j12
1073741823,1073741823,1073741823,1073741823,1069547263,1071644671,1073377279,1068924927,1071497215,1073192959,1070989311,1068498943,1073741823,1073741823,1073741823:j12
1073741823,1073741823,1073741823,1073741823,1069547519,1071644671,1073377279,1068924927,1071497215,1073192959,1070989311,1068497919,1073741823,1073741823,1073741823:j12
1073741823,1073741823,1073741823,1073741823,1069547519,1071644671,1073377279,1068924927,1071497215,1073192959,1070989311,1068236799,1073741823,1073741823,1073741823:h11
1073741823,1073741823,1073741823,1073741823,1069547519,1071644671,1073377279,1068924927,1071497215,1073192959,1070989311,1068482559,1073741823,1073741823,1073741823:j12
1073741823,1073741823,1073741823,1073741823,1069547519,1071644671,1073377279,1068924927,1071497215,1073192959,1070972927,1068498943,1073741823,1073741823,1073741823:j12
1073741823,1073741823,1073741823,1073741823,1069547519,1071644671,1073377279,1068924927,1071497215,1073192959,1070985215,1068498943,1073741823,1073741823,1073741823:j12
1073741823,1073741823,1073741823,1073741823,1069547519,1071640575,1073377279,1068924927,1071497215,1073192959,1070989311,1068498943,1073741823,1073741823,1073741823:j12
1073741823,1073741823,1073741823,1073741823,1069547519,1071644671,1073377279,1068924927,1071497215,1072144383,1070989311,1068498943,1073741823,1073741823,1073741823:j12
1073741823,1073741823,1073741823,1073741823,1069547519,1071644671,1073377279,1068924927,1071497215,1073127423,1070989311,1068498943,1073741823,1073741823,1073741823:j12
1073741823,1073741823,1073741823,1073741823,1069547519,1067450367,1073377279,1068924927,1071497215,1073192959,1070989311,1068498943,1073741823,1073741823,1073741823:j12
1073741823,1073741823,1073741823,1073741823,1069547519,1071644671,1073377279,1067876351,1071497215,1073192959,1070989311,1068498943,1073741823,1073741823,1073741823:j12
1073741823,1073741823,1073741823,1073741823,1069547519,1071644671,1073377279,1068924927,1071497215,1068998655,1070989311,1068498943,1073741823,1073741823,1073741823:j12
1073741823,1073741823,1073741823,1073741823,1069547519,1071644671,1073377279,1068924927,1071235071,1073192959,1070989311,1068498943,1073741823,1073741823,1073741823:h11
1073741823,1073741823,1073741823,1073741823,1069543423,1071644671,1073377279,1068924927,1071497215,1073192959,1070989311,1068498943,1073741823,1073741823,1073741823:j12
1073741823,1073741823,1073741823,1073741823,1069481983,1071644671,1073377279,1068924927,1071497215,1073192959,1070989311,1068498943,1073741823,1073741823,1073741823:j12
1073741823,1073741823,1073741823,1073741823,1069547519,1071579135,1073377279,1068924927,1071497215,1073192959,1070989311,1068498943,1073741823,1073741823,1073741823:j12
1073741823,1073741823,1073741823,1073741823,1068498943,1071644671,1073377279,1068924927,1071497215,1073192959,1070989311,1068498943,1073741823,1073741823,1073741823:j12
1073741823,1073741823,1073741823,1073741823,1069547519,1071644671,1072328703,1068924927,1071497215,1073192959,1070989311,1068498943,1073741823,1073741823,1073741823:j12
1073741823,1073741823,1073741823,1073741823,1069547519,1071644671,1073377279,1068924927,1071497215,1073191935,1070989311,1068498943,1073741823,1073741823,1073741823:j12
1073741823,1073741823,1073741823,1073741823,1069547519,1071644671,1073377279,1068924927,1071493119,1073192959,1070989311,1068498943,1073741823,1073741823,1073741823:j12
1073741823,1073741823,1073741823,1073741823,1069547519,1071644671,1073377279,1068923903,1071497215,1073192959,1070989311,1068498943,1073741823,1073741823,1073741823:j12
1073741823,1073741823,1073741823,1073741823,1069547519,1071644671,1073377279,1068920831,1071497215,1073192959,1070989311,1068498943,1073741823,1073741823,1073741823:j12
1073741823,1073741823,1073741823,1073741823,1069547519,1071643647,1073377279,1068924927,1071497215,1073192959,1070989311,1068498943,1073741823,1073741823,1073741823:j12
1073741823,1073741823,1073741823,1073741823,1069547519,1071628287,1073377279,1068924927,1071497215,1073192959,1070989311,1068498943,1073741823,1073741823,1073741823:j12
1073741823,1073741823,1073741823,1073741823,1069547519,1071382527,1073377279,1068924927,1071497215,1073192959,1070989311,1068498943,1073741823,1073741823,1073741823:j12
1073741823,1073741823,1073741823,1073741823,1073741823,1073741823,1069182975,1068924927,1071497215,1073192959,1070989311,1068498943,1073741823,1073741823,1073741823:j12
1073741823,1073741823,1073741823,1073741823,1073741823,1073741823,1056600063,1068924927,1071497215,1073192959,1070989311,1068498943,1073741823,1073741823,1073741823:j12
1073741823,1073741823,1073741823,1073741823,1073741823,1073741823,1073377279,1068924927,1054719999,1073192959,1070989311,1068498943,1073741823,1073741823,1073741823:j12
1073741823,1073741823,1073741823,1073741823,1073741823,1073741823,1073377279,1068924927,1067302911,1073192959,1070989311,1068498943,1073741823,1073741823,1073741823:j12
1073741823,1073741823,1073741823,1073741823,1073741823,1073741823,1073377279,1068924927,1071497215,1073192959,1054212095,1068498943,1073741823,1073741823,1073741823:j12
1073741823,1073741823,1073741823,1073741823,1073741823,1073741823,1073377279,1068924927,1071496959,1073192959,1070989311,1068498943,1073741823,1073741823,1073741823:j12
1073741823,1073741823,1073741823,1073741823,1073741823,1073741823,1073377023,1068924927,1071497215,1073192959,1070989311,1068498943,1073741823,1073741823,1073741823:j12
1073741823,1073741823,1073741823,1073741823,1073741823,1073741823,1073376255,1068924927,1071497215,1073192959,1070989311,1068498943,1073741823,1073741823,1073741823:j12
1073741823,1073741823,1073741823,1073741823,1073741567,1073741823,1073377279,1068924927,1071497215,1073192959,1070989311,1068498943,1073741823,1073741823,1073741823:j12
1073741823,1073741823,1073741823,1073741823,1073741823,1073741823,1073377279,1068924927,1071497215,1073192959,1070989311,1068497919,1073741823,1073741823,1073741823:j12
1073741823,1073741823,1073741823,1073741823,1073741823,1073741823,1073377279,1068924927,1071497215,1073192959,1070989311,1068236799,1073741823,1073741823,1073741823:h11
1073741823,1073741823,1073741823,1073741823,1073741823,1073741823,1073377279,1068924927,1071497215,1073192959,1070989311,1068482559,1073741823,1073741823,1073741823:j12
1073741823,1073741823,1073741823,1073741823,1073741823,1073741823,1073377279,1068924927,1071497215,1073192959,1070972927,1068498943,1073741823,1073741823,1073741823:m11
1073741823,1073741823,1073741823,1073741823,1073741823,1073741823,1073377279,1068924927,1071497215,1073192959,1070985215,1068498943,1073741823,1073741823,1073741823:j12
1073741823,1073741823,1073741823,1073741823,1073741823,1073737727,1073377279,1068924927,1071497215,1073192959,1070989311,1068498943,1073741823,1073741823,1073741823:j12
1073741823,1073741823,1073741823,1073741823,1073741823,1072693247,1073377279,1068924927,1071497215,1073192959,1070989311,1068498943,1073741823,1073741823,1073741823:l5
1073741823,1073741823,1073479679,1073741823,1065353215,1072693247,1073377279,1068924927,1071497215,1073192959,1070989311,1068498943,1073741823,1073741823,1073741823:j12
1073741823,1073741823,1069547519,1073741823,1065353215,1072693247,1073377279,1068924927,1071497215,1073192959,1070989311,1068498943,1073741823,1073741823,1073741823:j12
1073741823,1073741823,1073741823,1069547519,1065353215,1072693247,1073377279,1068924927,1071497215,1073192959,1070989311,1068498943,1073741823,1073741823,1073741823:j12
1073741823,1073741823,1006632959,1073741823,1065353215,1072693247,1073377279,1068924927,1071497215,1073192959,1070989311,1068498943,1073741823,1073741823,1073741823:j12
1073741823,1073741823,1073741823,1073741823,998244351,1072693247,1073377279,1068924927,1071497215,1073192959,1070989311,1068498943,1073741823,1073741823,1073741823:j12
1073741823,1073741823,1073741823,1073741823,1048575999,1072693247,1073377279,1068924927,1071497215,1073192959,1070989311,1068498943,1073741823,1073741823,1073741823:j12
1073741823,1073741823,1073741823,1073741823,1065353215,1072693247,1006268415,1068924927,1071497215,1073192959,1070989311,1068498943,1073741823,1073741823,1073741823:j12
1073741823,1073741823,1073741823,1073676287,1065353215,1072693247,1073377279,1068924927,1071497215,1073192959,1070989311,1068498943,1073741823,1073741823,1073741823:j12
1073741823,1073741823,1073741823,1072693247,1065353215,1072693247,1073377279,1068924927,1071497215,1073192959,1070989311,1068498943,1073741823,1073741823,1073741823:j12
1073741823,1073741823,1073741823,1056964607,1065353215,1072693247,1073377279,1068924927,1071497215,1073192959,1070989311,1068498943,1073741823,1073741823,1073741823:j12
1073741823,1073741823,1073741823,1073741823,1065353215,1055916031,1073377279,1068924927,1071497215,1073192959,1070989311,1068498943,1073741823,1073741823,1073741823:j12
1073741823,1073741823,1073741823,1073741823,1065353215,1072693247,1073377279,1068924927,1071497215,1073192959,1070989311,1068498943,1073725439,1073741823,1073741823:j12
1073741823,1073741823,1073741823,1073741823,1065353215,1005584383,1073377279,1068924927,1071497215,1073192959,1070989311,1068498943,1073741823,1073741823,1073741823:j12
1073741823,1073741823,1073741823,1073741823,1065353215,1072693247,1073377279,1001816063,1071497215,1073192959,1070989311,1068498943,1073741823,1073741823,1073741823:j12
1073741823,1073741823,1073741823,1073741823,1065353215,1072693247,1073377279,1052147711,1071497215,1073192959,1070989311,1068498943,1073741823,1073741823,1073741823:j12
1073741823,1073741823,1073741823,1073741823,1065353215,1072693247,1073377279,1068924927,1071497215,1073192959,1070989311,1068498943,1073737727,1073741823,1073741823:j12
1073741823,1073741823,1073741823,1073741823,1065353215,1072693247,1073377279,1068924927,1071497215,1073192959,1070989311,1068498943,1073741823,1073676287,1073741823:j12
1073741823,1073741823,1073741823,1073741823,1065353215,1072693247,1073377279,1068924927,1071497215,1073192959,1070989311,1068498943,1073479679,1073741823,1073741823:j12
1073741823,1073741823,1073741823,1073741823,1065353215,1072693247,1073377279,1068924927,1071497215,1056415743,1070989311,1068498943,1073741823,1073741823,1073741823:j12
1073741823,1073741823,1073741823,1073741823,1065353215,1072693247,1073377279,1068924927,1071497215,1073192959,1070989311,1068498943,1073741823,1056964607,1073741823:j12
1073741823,1073741823,1073741823,1073741823,1065353215,1072693247,1073377279,1068924927,1071497215,1073192959,1070989311,1068498943,1073741823,1072693247,1073741823:j12
1073741823,1073741823,1073741823,1073741823,1065353215,1072693247,1073377279,1068924927,1071497215,1073192959,1070989311,1068498687,1073741823,1073741823,1073741823:j12
1073741823,1073741823,1073741823,1073741823,1065353215,1072693247,1073377279,1068924927,1071497215,1073192703,1070989311,1068498943,1073741823,1073741823,1073741823:j12
1073741823,1073741823,1073741823,1073741823,1065353215,1072693247,1073377279,1068924671,1071497215,1073192959,1070989311,1068498943,1073741823,1073741823,1073741823:j12
1073741823,1073741823,1073741823,1073741823,1065353215,1072693247,1073377279,1068924927,1071497215,1073192959,1070989311,1068433407,1073741823,1073741823,1073741823:j12
1073741823,1073741823,1073741823,1073741823,1065353215,1072693247,1073377279,1068924927,1071497215,1073192959,1070989311,1068494847,1073741823,1073741823,1073741823:j12
1073741823,1073741823,1073741823,1073741823,1065353215,1072693247,1073377279,1068924927,1071497215,1073192959,1070989311,1068498943,1073741823,1073479679,1073741823:j12
1073741823,1073741823,1073741823,1073741823,1065353215,1072693247,1073377279,1068924927,1071497215,1006084095,1070989311,1068498943,1073741823,1073741823,1073741823:j12
1073741823,1073741823,1073741823,1073741823,1065353215,1072693247,1073377279,1068924927,1071497215,1073192959,1070989311,1001390079,1073741823,1073741823,1073741823:j12
1073741823,1073741823,1073741823,1073741823,1065353215,1072693247,1073377279,1068924927,1071497215,1073192959,1070989311,1051721727,1073741823,1073741823,1073741823:j12
1073741823,1073741823,1073741823,1073741823,1065353215,1072693247,1073377279,1068924927,1071497215,1073192959,1070989311,1068498943,1073741823,1006632959,1073741823:j12
1073741823,1073741823,1073741823,1073741823,1065353215,1072693247,1073377279,1068924927,1071497215,1073192959,1070989311,1068498943,1073741823,1069547519,1073741823:j12
1073741823,1073741823,1073741823,1073741823,1065353215,1072693247,1073377279,1068924927,1071497215,1073192959,1070989311,1068498943,1069547519,1073741823,1073741823:j12
1073741823,1073741823,1073741823,1073741823,1065353215,1072693247,1073377279,1068924927,1071497215,1073192959,1070989311,1068498943,1073676287,1073741823,1073741823:j12
1073741823,1073741823,1073741823,1073741823,1065353215,1072693247,1073377279,1068924927,1071497215,1073192959,1066795007,1068498943,1073741823,1073741823,1073741823:j12
1073741823,1073741823,1073741823,1073741823,1065353215,1072693247,1073377279,1068924927,1071497215,1073192959,1070989311,1068498943,1056964607,1073741823,1073741823:j12
1073741823,1073741823,1073741823,1073741823,1065353215,1072693247,1073377279,1068924927,1071497215,1073192959,1070989311,1068498943,1072693247,1073741823,1073741823:j12
1073741823,1073741823,1073741823,1073741823,1065353215,1072693247,1073377279,1068924927,1071497215,1073192959,1070988287,1068498943,1073741823,1073741823,1073741823:j12
1073741823,1073741823,1073741823,1073741823,1065353215,1072693247,1073377279,1068924927,1071496191,1073192959,1070989311,1068498943,1073741823,1073741823,1073741823:j12
1073741823,1073741823,1073741823,1073741823,1065352191,1072693247,1073377279,1068924927,1071497215,1073192959,1070989311,1068498943,1073741823,1073741823,1073741823:j12
1073741823,1073741823,1073741823,1073741823,1065336831,1072693247,1073377279,1068924927,1071497215,1073192959,1070989311,1068498943,1073741823,1073741823,1073741823:j12
1073741823,1073741823,1073741823,1073741823,1065091071,1072693247,1073377279,1068924927,1071497215,1073192959,1070989311,1068498943,1073741823,1073741823,1073741823:j12
1073741823,1073741823,1073741823,1073741823,1065353215,1072693247,1069182975,1068924927,1071497215,1073192959,1070989311,1068498943,1073741823,1073741823,1073741823:j12
1073741823,1073741823,1073741823,1073741823,1065353215,1072693247,1056600063,1068924927,1071497215,1073192959,1070989311,1068498943,1073741823,1073741823,1073741823:j12
1073741823,1073741823,1073741823,1073741823,1065353215,1072693247,1073377279,1068924927,1054719999,1073192959,1070989311,1068498943,1073741823,1073741823,1073741823:j12
1073741823,1073741823,1073741823,1073741823,1065353215,1072693247,1073377279,1068924927,1067302911,1073192959,1070989311,1068498943,1073741823,1073741823,1073741823:j12
1073741823,1073741823,1073741823,1073741823,1065353215,1072693247,1073377279,1068924927,1071497215,1073192959,1054212095,1068498943,1073741823,1073741823,1073741823:j12
1073741823,1073741823,1073741823,1073741823,1065353215,1072693247,1073377279,1068924927,1071496959,1073192959,1070989311,1068498943,1073741823,1073741823,1073741823:j12
1073741823,1073741823,1073741823,1073741823,1065353215,1072693247,1073377023,1068924927,1071497215,1073192959,1070989311,1068498943,1073741823,1073741823,1073741823:j12
1073741823,1073741823,1073741823,1073741823,1065353215,1072693247,1073376255,1068924927,1071497215,1073192959,1070989311,1068498943,1073741823,1073741823,1073741823:j12
1073741823,1073741823,1073741823,1073741823,1065352959,1072693247,1073377279,1068924927,1071497215,1073192959,1070989311,1068498943,1073741823,1073741823,1073741823:j12
1073741823,1073741823,1073741823,1073741823,1065353215,1072693247,1073377279,1068924927,1071497215,1073192959,1070989311,1068497919,1073741823,1073741823,1073741823:j12
1073741823,1073741823,1073741823,1073741823,1065353215,1072693247,1073377279,1068924927,1071497215,1073192959,1070989311,1068236799,1073741823,1073741823,1073741823:h11
1073741823,1073741823,1073741823,1073741823,1065353215,1072693247,1073377279,1068924927,1071497215,1073192959,1070989311,1068482559,1073741823,1073741823,1073741823:j12
1073741823,1073741823,1073741823,1073741823,1065353215,1072693247,1073377279,1068924927,1071497215,1073192959,1070972927,1068498943,1073741823,1073741823,1073741823:j12
1073741823,1073741823,1073741823,1073741823,1065353215,1072693247,1073377279,1068924927,1071497215,1073192959,1070985215,1068498943,1073741823,1073741823,1073741823:j12
1073741823,1073741823,1073741823,1073741823,1065353215,1072689151,1073377279,1068924927,1071497215,1073192959,1070989311,1068498943,1073741823,1073741823,1073741823:j12
1073741823,1073741823,1073741823,1073741823,1065353215,1072693247,1073377279,1068924927,1071497215,1072144383,1070989311,1068498943,1073741823,1073741823,1073741823:j12
1073741823,1073741823,1073741823,1073741823,1065353215,1072693247,1073377279,1068924927,1071497215,1073127423,1070989311,1068498943,1073741823,1073741823,1073741823:j12
1073741823,1073741823,1073741823,1073741823,1065353215,1068498943,1073377279,1068924927,1071497215,1073192959,1070989311,1068498943,1073741823,1073741823,1073741823:j12
1073741823,1073741823,1073741823,1073741823,1065353215,1072693247,1073377279,1067876351,1071497215,1073192959,1070989311,1068498943,1073741823,1073741823,1073741823:j12
1073741823,1073741823,1073741823,1073741823,1065353215,1072693247,1073377279,1068924927,1071497215,1068998655,1070989311,1068498943,1073741823,1073741823,1073741823:j12
1073741823,1073741823,1073741823,1073741823,1065353215,1072693247,1073377279,1068924927,1071235071,1073192959,1070989311,1068498943,1073741823,1073741823,1073741823:h11
1073741823,1073741823,1073741823,1073741823,1065349119,1072693247,1073377279,1068924927,1071497215,1073192959,1070989311,1068498943,1073741823,1073741823,1073741823:j12
1073741823,1073741823,1073741823,1073741823,1065287679,1072693247,1073377279,1068924927,1071497215,1073192959,1070989311,1068498943,1073741823,1073741823,1073741823:j12
1073741823,1073741823,1073741823,1073741823,1065353215,1072627711,1073377279,1068924927,1071497215,1073192959,1070989311,1068498943,1073741823,1073741823,1073741823:j12
1073741823,1073741823,1073741823,1073741823,1064304639,1072693247,1073377279,1068924927,1071497215,1073192959,1070989311,1068498943,1073741823,1073741823,1073741823:j12
1073741823,1073741823,1073741823,1073741823,1065353215,1072693247,1072328703,1068924927,1071497215,1073192959,1070989311,1068498943,1073741823,1073741823,1073741823:j12
1073741823,1073741823,1073741823,1073741823,1065353215,1072693247,1073377279,1068924927,1071497215,1073191935,1070989311,1068498943,1073741823,1073741823,1073741823:j12
1073741823,1073741823,1073741823,1073741823,1065353215,1072693247,1073377279,1068924927,1071493119,1073192959,1070989311,1068498943,1073741823,1073741823,1073741823:j12
1073741823,1073741823,1073741823,1073741823,1065353215,1072693247,1073377279,1068923903,1071497215,1073192959,1070989311,1068498943,1073741823,1073741823,1073741823:j12
1073741823,1073741823,1073741823,1073741823,1065353215,1072693247,1073377279,1068920831,1071497215,1073192959,1070989311,1068498943,1073741823,1073741823,1073741823:j12
1073741823,1073741823,1073741823,1073741823,1065353215,1072692223,1073377279,1068924927,1071497215,1073192959,1070989311,1068498943,1073741823,1073741823,1073741823:j12
1073741823,1073741823,1073741823,1073741823,1065353215,1072676863,1073377279,1068924927,1071497215,1073192959,1070989311,1068498943,1073741823,1073741823,1073741823:j12
1073741823,1073741823,1073741823,1073741823,1065353215,1072431103,1073377279,1068924927,1071497215,1073192959,1070989311,1068498943,1073741823,1073741823,1073741823:j12
1073741823,1073741823,1073741823,1073741823,1073741823,1073741823,1073377279,1068924927,1071497215,1072144383,1070989311,1068498943,1073741823,1073741823,1073741823:j12
1073741823,1073741823,1073741823,1073741823,1073741823,1073741823,1073377279,1068924927,1071497215,1073127423,1070989311,1068498943,1073741823,1073741823,1073741823:j12
1073741823,1073741823,1073741823,1073741823,1073741823,1069547519,1073377279,1068924927,1071497215,1073192959,1070989311,1068498943,1073741823,1073741823,1073741823:j12
1073741823,1073741823,1073741823,1073741823,1073741823,1073741823,1073377279,1067876351,1071497215,1073192959,1070989311,1068498943,1073741823,1073741823,1073741823:j12
1073741823,1073741823,1073741823,1073741823,1073741823,1073741823,1073377279,1068924927,1071497215,1068998655,1070989311,1068498943,1073741823,1073741823,1073741823:j12
1073741823,1073741823,1073741823,1073741823,1073741823,1073741823,1073377279,1068924927,1071235071,1073192959,1070989311,1068498943,1073741823,1073741823,1073741823:h11
1073741823,1073741823,1073741823,1073741823,1073737727,1073741823,1073377279,1068924927,1071497215,1073192959,1070989311,1068498943,1073741823,1073741823,1073741823:j12
1073741823,1073741823,1073741823,1073741823,1073676287,1073741823,1073377279,1068924927,1071497215,1073192959,1070989311,1068498943,1073741823,1073741823,1073741823:j12
1073741823,1073741823,1073741823,1073741823,1073741823,1073676287,1073377279,1068924927,1071497215,1073192959,1070989311,1068498943,1073741823,1073741823,1073741823:j12
1073741823,1073741823,1073741823,1073741823,1072693247,1073741823,1073377279,1068924927,1071497215,1073192959,1070989311,1068498943,1073741823,1073741823,1073741823:j12
1073741823,1073741823,1073741823,1073741823,1073741823,1073741823,1072328703,1068924927,1071497215,1073192959,1070989311,1068498943,1073741823,1073741823,1073741823:j12
1073741823,1073741823,1073741823,1073741823,1073741823,1073741823,1073377279,1068924927,1071497215,1073191935,1070989311,1068498943,1073741823,1073741823,1073741823:j12
1073741823,1073741823,1073741823,1073741823,1073741823,1073741823,1073377279,1068924927,1071493119,1073192959,1070989311,1068498943,1073741823,1073741823,1073741823:j12
1073741823,1073741823,1073741823,1073741823,1073741823,1073741823,1073377279,1068923903,1071497215,1073192959,1070989311,1068498943,1073741823,1073741823,1073741823:j12
1073741823,1073741823,1073741823,1073741823,1073741823,1073741823,1073377279,1068920831,1071497215,1073192959,1070989311,1068498943,1073741823,1073741823,1073741823:j12
1073741823,1073741823,1073741823,1073741823,1073741823,1073740799,1073377279,1068924927,1071497215,1073192959,1070989311,1068498943,1073741823,1073741823,1073741823:j12
1073741823,1073741823,1073741823,1073741823,1073741823,1073725439,1073377279,1068924927,1071497215,1073192959,1070989311,1068498943,1073741823,1073741823,1073741823:j12
1073741823,1073741823,1073741823,1073741823,1073741823,1073479679,1073377279,1068924927,1071497215,1073192959,1070989311,1068498943,1073741823,1073741823,1073741823:j12
