1073741823,1073741823,1073741823,1073737727,1073709055,1073332223,1073119231,1072070655,1073725439,1071497215,1073217535,1006632959,1073741823,1073741823,1073741823:i12
1073741823,1073741823,1073741823,1073737727,1073709055,1073332223,1073119231,1072070655,1073725439,1071497215,1073217535,1006501887,1073741823,1073737727,1073741823:i11
1073741823,1073741823,1073741823,1073737727,1073709055,1073332223,1073119231,1072070655,1073725439,1071497215,1073217535,1006501887,1073741823,1072693247,1073741823:i11
1073741823,1073741823,1073741823,1073737727,1073709055,1073332223,1073119231,1072070655,1073725439,1071497215,1073217535,1006501887,1073741823,1073676287,1073741823:l9
1073741823,1073741823,1073741823,1073737727,1073709055,1073332223,1073119231,1072070655,1073725439,1071497215,1073217535,1006501887,1073676287,1073741823,1073741823:l9
1073741823,1073741823,1073741823,1073737727,1073709055,1073332223,1073119231,1072070655,1073725439,1071497215,1073217535,1006501887,1073741823,1069547519,1073741823:i11
1073741823,1073741823,1073741823,1073737727,1073709055,1073332223,1073119231,1072070655,1073725439,1071497215,1073217535,1006501887,1056964607,1073741823,1073741823:l9
1073741823,1073741823,1073741823,1073737727,1073709055,1073332223,1073119231,1072070655,1073725439,1071497215,1073217535,1002307583,1073741823,1073741823,1073741823:l9
1073741823,1073741823,1073741823,1073737727,1073709055,1073332223,1073119231,1072070655,1073725439,1071497215,1056440319,1006501887,1073741823,1073741823,1073741823:i11
1073741823,1073741823,1073741823,1073737727,1073709055,1073332223,1073119231,1072070655,1073725439,1004388351,1073217535,1006501887,1073741823,1073741823,1073741823:i11
1073741823,1073741823,1073741823,1073737727,1073709055,1073332223,1073119231,1072070655,1073725439,1071497215,1006108671,1006501887,1073741823,1073741823,1073741823:i11
1073741823,1073741823,1073741823,1073737727,1073709055,1073332223,1073119231,1072070655,1073725439,1071497215,804782079,1006501887,1073741823,1073741823,1073741823:i11
1073741823,1073741823,1073741823,1073737727,1073709055,1073332223,1073119231,1072070655,1073725439,1071497215,1073217535,738066431,1073741823,1073741823,1073741823:i11
1073741823,1073741823,1073741823,1073737727,1073709055,1073332223,1073119231,1072070655,1073725439,1071497215,1073217535,1006501887,805306367,1073741823,1073741823:i11
1073741823,1073741823,1073741823,1073737727,1073709055,1073332223,1073119231,1072070655,1073725439,1071497215,1073217535,1006501887,1073741823,1006632959,1073741823:i11
1073741823,1073741823,1073741823,1073737727,1073709055,1073332223,1073119231,1072070655,1073725439,1071497215,1073217535,1006501887,1006632959,1073741823,1073741823:i11
1073741823,1073741823,1073741823,1073737727,1073709055,1073332223,1073119231,1072070655,1073725439,1071497215,1073217535,989724671,1073741823,1073741823,1073741823:i11
1073741823,1073741823,1073741823,1073737727,1073709055,1073332223,1073119231,1072070655,1073725439,1071497215,1073216511,1006501887,1073741823,1073741823,1073741823:l9
1073741823,1073741823,1073741823,1073737727,1073709055,1073332223,1073119231,1072070655,1073725439,1071497215,1073217535,1006497791,1073741823,1073741823,1073741823:l9
1073741823,1073741823,1073741823,1073737727,1073709055,1056555007,1073119231,1072070655,1073725439,1071497215,1073217535,1006501887,1073741823,1073741823,1073741823:i11
1073741823,1073741823,1073741823,1073737727,1073709055,1073332223,1073119231,1055293439,1073725439,1071497215,1073217535,1006501887,1073741823,1073741823,1073741823:i11
1073741823,1073741823,1073741823,1073737727,1073709055,1073332223,1073119231,1072070655,1073725439,1054719999,1073217535,1006501887,1073741823,1073741823,1073741823:i11
1073741823,1073741823,1073741823,1073737727,1073709055,1073332223,1073119231,1072070655,1073725439,1071497215,1073217535,1006501887,1073725439,1073741823,1073741823:i11
1073741823,1073741823,1073741823,1073737727,1073709055,1073332223,1073119231,1072070655,1073725439,1071497215,1073086463,1006501887,1072676863,1073741823,1073741823:j10
1073741823,1073741823,1073741823,1073737727,1073709055,1073332223,1073119231,1072070655,1073725439,1071497215,1073086463,1006501887,1073725439,1073741823,1073740799:j10
1073741823,1073741823,1073741823,1073737727,1073709055,1073332223,1073119231,1072070655,1073725439,1071497215,1073086463,1006501887,1073724415,1073741823,1073741823:j10
1073741823,1073741823,1073741823,1073737727,1073709055,1073332223,1073119231,1072070655,1073725439,1071497215,1073086463,1006501887,1073721343,1073741823,1073741823:j10
1073741823,1073741823,1073741823,1073737727,1073709055,1073332223,1073119231,1072070655,1073725439,1071497215,1073086463,1006501887,1073725439,1073741823,1073479679:j10
1073741823,1073741823,1073741823,1073737727,1073709055,1073332223,1073119231,1072070655,1073725439,1071497215,1073086463,1006501887,1073725439,1073741823,1073725439:j10
1073741823,1073741823,1073741823,1073737727,1073709055,1073332223,1073119231,1072070655,1073725439,1071497215,1073086463,1006501887,1073725439,1073725439,1073741823:j10
1073741823,1073741823,1073741823,1073737727,1073709055,1073332223,1073119231,1072070655,1073725439,1071497215,1073086463,1006501887,1073725439,1073737727,1073741823:j10
1073741823,1073741823,1073741823,1073737727,1073709055,1073332223,1073119231,1072070655,1073725439,1071497215,1073086463,1006501887,1073725439,1072693247,1073741823:j10
1073741823,1073741823,1073741823,1073737727,1073709055,1073332223,1073119231,1072070655,1073725439,1071497215,1073086463,1006501887,1073725439,1073676287,1073741823:j10
1073741823,1073741823,1073741823,1073737727,1073709055,1073332223,1073119231,1072070655,1073725439,1071497215,1073086463,1006501887,1073659903,1073741823,1073741823:h11
1073741823,1073741823,1073741823,1073737727,1073709055,1073332223,1073119231,1072070655,1073725439,1071497215,1073086463,1006501887,1073725439,1069547519,1073741823:j10
1073741823,1073741823,1073741823,1073737727,1073709055,1073332223,1073119231,1072070655,1073725439,1071497215,1073086463,1006501887,1056948223,1073741823,1073741823:j10
1073741823,1073741823,1073741823,1073737727,1073709055,1073332223,1073119231,1072070655,1073725439,1071497215,1073086463,1002307583,1073725439,1073741823,1073741823:j10
1073741823,1073741823,1073741823,1073737727,1073709055,1073332223,1073119231,1072070655,1073725439,1071497215,1056309247,1006501887,1073725439,1073741823,1073741823:j10
1073741823,1073741823,1073741823,1073737727,1073709055,1073332223,1073119231,1072070655,1073725439,1004388351,1073086463,1006501887,1073725439,1073741823,1073741823:j10
1073741823,1073741823,1073741823,1073737727,1073709055,1073332223,1073119231,1072070655,1073725439,1071497215,1005977599,1006501887,1073725439,1073741823,1073741823:j10
1073741823,1073741823,1073741823,1073737727,1073709055,1073332223,1073119231,1072070655,1073725439,1071497215,804651007,1006501887,1073725439,1073741823,1073741823:j10
1073741823,1073741823,1073741823,1073737727,1073709055,1073332223,1073119231,1072070655,1073725439,1071497215,1073086463,738066431,1073725439,1073741823,1073741823:j10
1073741823,1073741823,1073741823,1073737727,1073709055,1073332223,1073119231,1072070655,1073725439,1071497215,1073086463,1006501887,805289983,1073741823,1073741823:j10
1073741823,1073741823,1073741823,1073737727,1073709055,1073332223,1073119231,1072070655,1073725439,1071497215,1073086463,1006501887,1073725439,1006632959,1073741823:j10
1073741823,1073741823,1073741823,1073737727,1073709055,1073332223,1073119231,1072070655,1073725439,1071497215,1073086463,1006501887,1006616575,1073741823,1073741823:j10
1073741823,1073741823,1073741823,1073737727,1073709055,1073332223,1073119231,1072070655,1073725439,1071497215,1073086463,989724671,1073725439,1073741823,1073741823:j10
1073741823,1073741823,1073741823,1073737727,1073709055,1073332223,1073119231,1072070655,1073725439,1071497215,1073085439,1006501887,1073725439,1073741823,1073741823:j10
1073741823,1073741823,1073741823,1073737727,1073709055,1073332223,1073119231,1072070655,1073725439,1071497215,1073086463,1006497791,1073725439,1073741823,1073741823:j10
1073741823,1073741823,1073741823,1073737727,1073709055,1056555007,1073119231,1072070655,1073725439,1071497215,1073086463,1006501887,1073725439,1073741823,1073741823:j10
1073741823,1073741823,1073741823,1073737727,1073709055,1073332223,1073119231,1055293439,1073725439,1071497215,1073086463,1006501887,1073725439,1073741823,1073741823:j10
1073741823,1073741823,1073741823,1073737727,1073709055,1073332223,1073119231,1072070655,1073725439,1054719999,1073086463,1006501887,1073725439,1073741823,1073741823:j10
1073741823,1073741823,1073741823,1073737727,1073709055,1073332223,1073119231,1072070655,1073725439,1071497215,1068892159,1006501887,1073725439,1073741823,1073741823:j10
1073741823,1073741823,1073741823,1073737727,1073709055,1073332223,1073119231,1072070655,1073725439,1071497215,1072037887,1006501887,1073725439,1073741823,1073741823:i13
1073741823,1073741823,1073741823,1073737727,1073709055,1073332223,1073119231,1072070655,1073725439,1071497215,1073086463,1006501887,1069531135,1073741823,1073741823:j10
1073741823,1073741823,1073741823,1073737727,1073709055,1073332223,1073119231,1072070655,1073725439,1071497215,1073086463,1005453311,1073725439,1073741823,1073741823:j10
1073741823,1073741823,1073741823,1073737727,1073709055,1073332223,1073119231,1072070655,1073725439,1071497215,1073086463,1006501887,1073463295,1073741823,1073741823:j10
1073741823,1073741823,1073741823,1073737727,1073709055,1073332223,1073119231,1072070655,1073724415,1071497215,1073086463,1006501887,1073725439,1073741823,1073741823:j10
1073741823,1073741823,1073741823,1073737727,1073709055,1073331967,1073119231,1072070655,1073725439,1071497215,1073086463,1006501887,1073725439,1073741823,1073741823:j10
1073741823,1073741823,1073741823,1073737471,1073709055,1073332223,1073119231,1072070655,1073725439,1071497215,1073086463,1006501887,1073725439,1073741823,1073741823:j10
1073741823,1073741823,1073741823,1073736703,1073709055,1073332223,1073119231,1072070655,1073725439,1071497215,1073086463,1006501887,1073725439,1073741823,1073741823:j10
1073741823,1073741567,1073741823,1073737727,1073709055,1073332223,1073119231,1072070655,1073725439,1071497215,1073086463,1006501887,1073725439,1073741823,1073741823:j10
1073741823,1073737727,1073741823,1073737727,1073709055,1073332223,1073119231,1072070655,1073725439,1071497215,1073086463,1006501887,1073725439,1073741823,1073741823:j10
1073741823,1073741823,1073737727,1073737727,1073709055,1073332223,1073119231,1072070655,1073725439,1071497215,1073086463,1006501887,1073725439,1073741823,1073741823:j10
1073741823,1073676287,1073741823,1073737727,1073709055,1073332223,1073119231,1072070655,1073725439,1071497215,1073086463,1006501887,1073725439,1073741823,1073741823:j10
1073741823,1073741823,1073741823,1073737727,1073709055,1073332223,1073118207,1072070655,1073725439,1071497215,1073086463,1006501887,1073725439,1073741823,1073741823:j10
1073741823,1073741823,1073741823,1073737727,1073708031,1073332223,1073119231,1072070655,1073725439,1071497215,1073086463,1006501887,1073725439,1073741823,1073741823:j10
1073741823,1073741823,1073740799,1073737727,1073709055,1073332223,1073119231,1072070655,1073725439,1071497215,1073086463,1006501887,1073725439,1073741823,1073741823:j10
1073741823,1073741823,1073725439,1073737727,1073709055,1073332223,1073119231,1072070655,1073725439,1071497215,1073086463,1006501887,1073725439,1073741823,1073741823:j10
1073741823,1073741823,1073479679,1073737727,1073709055,1073332223,1073119231,1072070655,1073725439,1071497215,1073086463,1006501887,1073725439,1073741823,1073741823:j10
1073741823,1073741823,1073741823,1073721343,1073709055,1073332223,1073119231,1072070655,1073725439,1071497215,1073086463,1006501887,1073725439,1073741823,1073741823:j10
1073741823,1073741823,1073741823,1073475583,1073709055,1073332223,1073119231,1072070655,1073725439,1071497215,1073086463,1006501887,1073725439,1073741823,1073741823:j10
1073741823,1073741823,1073741823,1069543423,1073709055,1073332223,1073119231,1072070655,1073725439,1071497215,1073086463,1006501887,1073725439,1073741823,1073741823:j10
1073741823,1073741823,1073741823,1073737727,1069514751,1073332223,1073119231,1072070655,1073725439,1071497215,1073086463,1006501887,1073725439,1073741823,1073741823:j10
1073741823,1073741823,1073741823,1073737727,1073709055,1073332223,1068924927,1072070655,1073725439,1071497215,1073086463,1006501887,1073725439,1073741823,1073741823:j10
1073741823,1073741823,1073741823,1073737727,1073709055,1073332223,1073119231,1072070655,1069531135,1071497215,1073086463,1006501887,1073725439,1073741823,1073741823:j10
1073741823,1073741823,1073741823,1073737727,1073709055,1073328127,1073119231,1072070655,1073725439,1071497215,1073086463,1006501887,1073725439,1073741823,1073741823:j10
1073741823,1073741823,1073741823,1073672191,1073709055,1073332223,1073119231,1072070655,1073725439,1071497215,1073086463,1006501887,1073725439,1073741823,1073741823:j10
1073741823,1073741823,1073741823,1072689151,1073709055,1073332223,1073119231,1072070655,1073725439,1071497215,1073086463,1006501887,1073725439,1073741823,1073741823:j10
1073741823,1073741823,1073741823,1073737727,1073446911,1073332223,1073119231,1072070655,1073725439,1071497215,1073086463,1006501887,1073725439,1073741823,1073741823:j10
1073741823,1073741823,1073741823,1073737727,1073709055,1072283647,1073119231,1072070655,1073725439,1071497215,1073086463,1006501887,1073725439,1073741823,1073741823:j10
1073741823,1073741823,1073741823,1073737727,1073709055,1073332223,1073119231,1072070655,1073725439,1071497215,1073086463,1006500863,1073725439,1073741823,1073741823:j10
1073741823,1073741823,1073741823,1073737727,1073709055,1073332223,1073119231,1072070655,1073725439,1071497215,1073082367,1006501887,1073725439,1073741823,1073741823:j10
1073741823,1073741823,1073741823,1073737727,1073709055,1073332223,1073119231,1072070655,1073725439,1071493119,1073086463,1006501887,1073725439,1073741823,1073741823:j10
1073741823,1073741823,1073741823,1073737727,1073709055,1073332223,1073119231,1072070655,1073725439,1071497215,1073086463,1006239743,1073725439,1073741823,1073741823:j10
1073741823,1073741823,1073741823,1073737727,1073709055,1073332223,1073119231,1072070655,1073725439,1071497215,1073086463,1006485503,1073725439,1073741823,1073741823:h11
1073741823,1073741823,1073741823,1073737727,1073709055,1073332223,1073119231,1072070655,1073725439,1071497215,1073070079,1006501887,1073725439,1073741823,1073741823:h12
1073741823,1073741823,1073741823,1073737727,1073709055,1073332223,1073119231,1072070655,1073725439,1071497215,1073070079,1006469119,1073725439,1073740799,1073741823:j10
1073741823,1073741823,1073741823,1073737727,1073709055,1073332223,1073119231,1072070655,1073725439,1071497215,1073070079,1006469119,1073725439,1073479679,1073741823:j10
1073741823,1073741823,1073741823,1073737727,1073709055,1073332223,1073119231,1072070655,1073725439,1071497215,1073070079,1006469119,1072676863,1073741823,1073741823:j10
1073741823,1073741823,1073741823,1073737727,1073709055,1073332223,1073119231,1072070655,1073725439,1071497215,1073070079,1006469119,1073725439,1073741823,1073740799:j10
1073741823,1073741823,1073741823,1073737727,1073709055,1073332223,1073119231,1072070655,1073725439,1071497215,1073070079,1006469119,1073724415,1073741823,1073741823:j10
1073741823,1073741823,1073741823,1073737727,1073709055,1073332223,1073119231,1072070655,1073725439,1071497215,1073070079,1006469119,1073721343,1073741823,1073741823:j10
1073741823,1073741823,1073741823,1073737727,1073709055,1073332223,1073119231,1072070655,1073725439,1071497215,1073070079,1006469119,1073725439,1073741823,1073479679:j10
1073741823,1073741823,1073741823,1073737727,1073709055,1073332223,1073119231,1072070655,1073725439,1071497215,1073070079,1006469119,1073725439,1073741823,1073725439:j10
1073741823,1073741823,1073741823,1073737727,1073709055,1073332223,1073119231,1072070655,1073725439,1071497215,1073070079,1006469119,1073725439,1073725439,1073741823:j10
1073741823,1073741823,1073741823,1073737727,1073709055,1073332223,1073119231,1072070655,1073725439,1071497215,1073070079,1006469119,1073725439,1073737727,1073741823:j10
1073741823,1073741823,1073741823,1073737727,1073709055,1073332223,1073119231,1072070655,1073725439,1071497215,1073070079,1006469119,1073725439,1072693247,1073741823:j10
1073741823,1073741823,1073741823,1073737727,1073709055,1073332223,1073119231,1072070655,1073725439,1071497215,1073070079,1006469119,1073725439,1073676287,1073741823:j10
1073741823,1073741823,1073741823,1073737727,1073709055,1073332223,1073119231,1072070655,1073725439,1071497215,1073070079,1006469119,1073659903,1073741823,1073741823:j10
1073741823,1073741823,1073741823,1073737727,1073709055,1073332223,1073119231,1072070655,1073725439,1071497215,1073070079,1006469119,1073725439,1069547519,1073741823:j10
1073741823,1073741823,1073741823,1073737727,1073709055,1073332223,1073119231,1072070655,1073725439,1071497215,1073070079,1006469119,1056948223,1073741823,1073741823:j10
1073741823,1073741823,1073741823,1073737727,1073709055,1073332223,1073119231,1072070655,1073725439,1071497215,1073070079,1002274815,1073725439,1073741823,1073741823:j10
1073741823,1073741823,1073741823,1073737727,1073709055,1073332223,1073119231,1072070655,1073725439,1071497215,1056292863,1006469119,1073725439,1073741823,1073741823:j10
1073741823,1073741823,1073741823,1073737727,1073709055,1073332223,1073119231,1072070655,1073725439,1004388351,1073070079,1006469119,1073725439,1073741823,1073741823:j10
1073741823,1073741823,1073741823,1073737727,1073709055,1073332223,1073119231,1072070655,1073725439,1071497215,1005961215,1006469119,1073725439,1073741823,1073741823:j10
1073741823,1073741823,1073741823,1073737727,1073709055,1073332223,1073119231,1072070655,1073725439,1071497215,804634623,1006469119,1073725439,1073741823,1073741823:j10
1073741823,1073741823,1073741823,1073737727,1073709055,1073332223,1073119231,1072070655,1073725439,1071497215,1073070079,738033663,1073725439,1073741823,1073741823:j10
1073741823,1073741823,1073741823,1073737727,1073709055,1073332223,1073119231,1072070655,1073725439,1071497215,1073070079,1006469119,805289983,1073741823,1073741823:j10
1073741823,1073741823,1073741823,1073737727,1073709055,1073332223,1073119231,1072070655,1073725439,1071497215,1073070079,1006469119,1073725439,1006632959,1073741823:j10
1073741823,1073741823,1073741823,1073737727,1073709055,1073332223,1073119231,1072070655,1073725439,1071497215,1073070079,1006469119,1006616575,1073741823,1073741823:j10
1073741823,1073741823,1073741823,1073737727,1073709055,1073332223,1073119231,1072070655,1073725439,1071497215,1073070079,989691903,1073725439,1073741823,1073741823:j10
1073741823,1073741823,1073741823,1073737727,1073709055,1073332223,1073119231,1072070655,1073725439,1071497215,1073069055,1006469119,1073725439,1073741823,1073741823:j10
1073741823,1073741823,1073741823,1073737727,1073709055,1073332223,1073119231,1072070655,1073725439,1071497215,1073070079,1006465023,1073725439,1073741823,1073741823:j10
1073741823,1073741823,1073741823,1073737727,1073709055,1056555007,1073119231,1072070655,1073725439,1071497215,1073070079,1006469119,1073725439,1073741823,1073741823:j10
1073741823,1073741823,1073741823,1073737727,1073709055,1073332223,1073119231,1055293439,1073725439,1071497215,1073070079,1006469119,1073725439,1073741823,1073741823:j10
1073741823,1073741823,1073741823,1073737727,1073709055,1073332223,1073119231,1072070655,1073725439,1054719999,1073070079,1006469119,1073725439,1073741823,1073741823:j10
1073741823,1073741823,1073741823,1073737727,1073709055,1073332223,1073119231,1072070655,1073725439,1071497215,1068875775,1006469119,1073725439,1073741823,1073741823:j10
1073741823,1073741823,1073741823,1073737727,1073709055,1073332223,1073119231,1072070655,1073725439,1071497215,1072021503,1006469119,1073725439,1073741823,1073741823:j10
1073741823,1073741823,1073741823,1073737727,1073709055,1073332223,1073119231,1072070655,1073725439,1071497215,1073070079,1006469119,1069531135,1073741823,1073741823:j10
1073741823,1073741823,1073741823,1073737727,1073709055,1073332223,1073119231,1072070655,1073725439,1071497215,1073070079,1005420543,1073725439,1073741823,1073741823:j10
1073741823,1073741823,1073741823,1073737727,1073709055,1073332223,1073119231,1072070655,1073725439,1071497215,1073070079,1006469119,1073463295,1073741823,1073741823:j10
1073741823,1073741823,1073741823,1073737727,1073709055,1073332223,1073119231,1072070655,1073724415,1071497215,1073070079,1006469119,1073725439,1073741823,1073741823:j10
1073741823,1073741823,1073741823,1073737727,1073709055,1073331967,1073119231,1072070655,1073725439,1071497215,1073070079,1006469119,1073725439,1073741823,1073741823:j10
1073741823,1073741823,1073741823,1073737471,1073709055,1073332223,1073119231,1072070655,1073725439,1071497215,1073070079,1006469119,1073725439,1073741823,1073741823:j10
1073741823,1073741823,1073741823,1073736703,1073709055,1073332223,1073119231,1072070655,1073725439,1071497215,1073070079,1006469119,1073725439,1073741823,1073741823:j10
1073741823,1073741567,1073741823,1073737727,1073709055,1073332223,1073119231,1072070655,1073725439,1071497215,1073070079,1006469119,1073725439,1073741823,1073741823:j10
1073741823,1073737727,1073741823,1073737727,1073709055,1073332223,1073119231,1072070655,1073725439,1071497215,1073070079,1006469119,1073725439,1073741823,1073741823:j10
1073741823,1073741823,1073737727,1073737727,1073709055,1073332223,1073119231,1072070655,1073725439,1071497215,1073070079,1006469119,1073725439,1073741823,1073741823:j10
1073741823,1073676287,1073741823,1073737727,1073709055,1073332223,1073119231,1072070655,1073725439,1071497215,1073070079,1006469119,1073725439,1073741823,1073741823:j10
1073741823,1073741823,1073741823,1073737727,1073709055,1073332223,1073118207,1072070655,1073725439,1071497215,1073070079,1006469119,1073725439,1073741823,1073741823:j10
1073741823,1073741823,1073741823,1073737727,1073708031,1073332223,1073119231,1072070655,1073725439,1071497215,1073070079,1006469119,1073725439,1073741823,1073741823:j10
1073741823,1073741823,1073740799,1073737727,1073709055,1073332223,1073119231,1072070655,1073725439,1071497215,1073070079,1006469119,1073725439,1073741823,1073741823:j10
1073741823,1073741823,1073725439,1073737727,1073709055,1073332223,1073119231,1072070655,1073725439,1071497215,1073070079,1006469119,1073725439,1073741823,1073741823:j10
1073741823,1073741823,1073479679,1073737727,1073709055,1073332223,1073119231,1072070655,1073725439,1071497215,1073070079,1006469119,1073725439,1073741823,1073741823:j10
1073741823,1073741823,1073741823,1073721343,1073709055,1073332223,1073119231,1072070655,1073725439,1071497215,1073070079,1006469119,1073725439,1073741823,1073741823:j10
1073741823,1073741823,1073741823,1073475583,1073709055,1073332223,1073119231,1072070655,1073725439,1071497215,1073070079,1006469119,1073725439,1073741823,1073741823:j10
1073741823,1073741823,1073741823,1069543423,1073709055,1073332223,1073119231,1072070655,1073725439,1071497215,1073070079,1006469119,1073725439,1073741823,1073741823:j10
1073741823,1073741823,1073741823,1073737727,1069514751,1073332223,1073119231,1072070655,1073725439,1071497215,1073070079,1006469119,1073725439,1073741823,1073741823:j10
1073741823,1073741823,1073741823,1073737727,1073709055,1073332223,1068924927,1072070655,1073725439,1071497215,1073070079,1006469119,1073725439,1073741823,1073741823:j10
1073741823,1073741823,1073741823,1073737727,1073709055,1073332223,1073119231,1072070655,1069531135,1071497215,1073070079,1006469119,1073725439,1073741823,1073741823:j10
1073741823,1073741823,1073741823,1073737727,1073709055,1073328127,1073119231,1072070655,1073725439,1071497215,1073070079,1006469119,1073725439,1073741823,1073741823:j10
1073741823,1073741823,1073741823,1073672191,1073709055,1073332223,1073119231,1072070655,1073725439,1071497215,1073070079,1006469119,1073725439,1073741823,1073741823:j10
1073741823,1073741823,1073741823,1072689151,1073709055,1073332223,1073119231,1072070655,1073725439,1071497215,1073070079,1006469119,1073725439,1073741823,1073741823:j10
1073741823,1073741823,1073741823,1073737727,1073446911,1073332223,1073119231,1072070655,1073725439,1071497215,1073070079,1006469119,1073725439,1073741823,1073741823:j10
1073741823,1073741823,1073741823,1073737727,1073709055,1072283647,1073119231,1072070655,1073725439,1071497215,1073070079,1006469119,1073725439,1073741823,1073741823:j10
1073741823,1073741823,1073741823,1073737727,1073709055,1073332223,1073119231,1072070655,1073725439,1071497215,1073070079,1006468095,1073725439,1073741823,1073741823:j10
1073741823,1073741823,1073741823,1073737727,1073709055,1073332223,1073119231,1072070655,1073725439,1071497215,1073065983,1006469119,1073725439,1073741823,1073741823:j10
1073741823,1073741823,1073741823,1073737727,1073709055,1073332223,1073119231,1072070655,1073725439,1071493119,1073070079,1006469119,1073725439,1073741823,1073741823:j10
1073741823,1073741823,1073741823,1073737727,1073709055,1073332223,1073119231,1072070655,1073725439,1071497215,1073070079,1006206975,1073725439,1073741823,1073741823:j10
1073741823,1073741823,1073741823,1073737727,1073709055,1069137919,1073119231,1072070655,1073725439,1071497215,1073070079,1006469119,1073725439,1073741823,1073741823:j10
1073741823,1073741823,1073741823,1073737727,1073709055,1073332223,1073119231,1067876351,1073725439,1071497215,1073070079,1006469119,1073725439,1073741823,1073741823:j10
1073741823,1073741823,1073741823,1073737727,1073709055,1073332223,1073119231,1072070655,1073725439,1067302911,1073070079,1006469119,1073725439,1073741823,1073741823:j10
1073741823,1073741823,1073741823,1073737727,1073709055,1073332223,1073119231,1072070655,1073463295,1071497215,1073070079,1006469119,1073725439,1073741823,1073741823:i9
1073741823,1073741823,1073741823,1073737727,1073704959,1073332223,1073119231,1072070655,1073725439,1071497215,1073070079,1006469119,1073725439,1073741823,1073741823:j10
1073741823,1073741823,1073741823,1073737727,1073643519,1073332223,1073119231,1072070655,1073725439,1071497215,1073070079,1006469119,1073725439,1073741823,1073741823:j10
1073741823,1073741823,1073741823,1073737727,1072660479,1073332223,1073119231,1072070655,1073725439,1071497215,1073070079,1006469119,1073725439,1073741823,1073741823:j10
1073741823,1073741823,1073741823,1073737727,1073709055,1073332223,1072070655,1072070655,1073725439,1071497215,1073070079,1006469119,1073725439,1073741823,1073741823:j10
1073741823,1073741823,1073741823,1073737727,1073709055,1073332223,1073119231,1072070655,1072676863,1071497215,1073070079,1006469119,1073725439,1073741823,1073741823:j10
1073741823,1073741823,1073741823,1073737727,1073709055,1073332223,1073119231,1072070655,1073725439,1071496191,1073070079,1006469119,1073725439,1073741823,1073741823:j10
1073741823,1073741823,1073741823,1073737727,1073709055,1073332223,1073119231,1072070655,1073721343,1071497215,1073070079,1006469119,1073725439,1073741823,1073741823:j10
1073741823,1073741823,1073741823,1073737727,1073709055,1073332223,1073119231,1072069631,1073725439,1071497215,1073070079,1006469119,1073725439,1073741823,1073741823:j10
1073741823,1073741823,1073741823,1073737727,1073709055,1073332223,1073119231,1072066559,1073725439,1071497215,1073070079,1006469119,1073725439,1073741823,1073741823:j10
1073741823,1073741823,1073741823,1073737727,1073709055,1073331199,1073119231,1072070655,1073725439,1071497215,1073070079,1006469119,1073725439,1073741823,1073741823:j10
1073741823,1073741823,1073741823,1073737727,1073709055,1073332223,1073115135,1072070655,1073725439,1071497215,1073070079,1006469119,1073725439,1073741823,1073741823:j10
1073741823,1073741823,1073741823,1073737727,1073709055,1073332223,1073119231,1072070655,1073725439,1071235071,1073070079,1006469119,1073725439,1073741823,1073741823:i13
1073741823,1073741823,1073741823,1073737727,1073709055,1073332223,1073119231,1072070655,1073659903,1071497215,1073070079,1006469119,1073725439,1073741823,1073741823:j10
1073741823,1073741823,1073741823,1073737727,1073709055,1069137919,1073119231,1072070655,1073725439,1071497215,1073086463,1006501887,1073725439,1073741823,1073741823:j10
1073741823,1073741823,1073741823,1073737727,1073709055,1073332223,1073119231,1067876351,1073725439,1071497215,1073086463,1006501887,1073725439,1073741823,1073741823:j10
1073741823,1073741823,1073741823,1073737727,1073709055,1073332223,1073119231,1072070655,1073725439,1067302911,1073086463,1006501887,1073725439,1073741823,1073741823:j10
1073741823,1073741823,1073741823,1073737727,1073709055,1073332223,1073119231,1072070655,1073463295,1071497215,1073086463,1006501887,1073725439,1073741823,1073741823:i13
1073741823,1073741823,1073741823,1073737727,1073704959,1073332223,1073119231,1072070655,1073725439,1071497215,1073086463,1006501887,1073725439,1073741823,1073741823:j10
1073741823,1073741823,1073741823,1073737727,1073643519,1073332223,1073119231,1072070655,1073725439,1071497215,1073086463,1006501887,1073725439,1073741823,1073741823:j10
1073741823,1073741823,1073741823,1073737727,1072660479,1073332223,1073119231,1072070655,1073725439,1071497215,1073086463,1006501887,1073725439,1073741823,1073741823:j10
1073741823,1073741823,1073741823,1073737727,1073709055,1073332223,1072070655,1072070655,1073725439,1071497215,1073086463,1006501887,1073725439,1073741823,1073741823:j10
1073741823,1073741823,1073741823,1073737727,1073709055,1073332223,1073119231,1072070655,1072676863,1071497215,1073086463,1006501887,1073725439,1073741823,1073741823:j10
1073741823,1073741823,1073741823,1073737727,1073709055,1073332223,1073119231,1072070655,1073725439,1071496191,1073086463,1006501887,1073725439,1073741823,1073741823:j10
1073741823,1073741823,1073741823,1073737727,1073709055,1073332223,1073119231,1072070655,1073721343,1071497215,1073086463,1006501887,1073725439,1073741823,1073741823:j10
1073741823,1073741823,1073741823,1073737727,1073709055,1073332223,1073119231,1072069631,1073725439,1071497215,1073086463,1006501887,1073725439,1073741823,1073741823:j10
1073741823,1073741823,1073741823,1073737727,1073709055,1073332223,1073119231,1072066559,1073725439,1071497215,1073086463,1006501887,1073725439,1073741823,1073741823:j10
1073741823,1073741823,1073741823,1073737727,1073709055,1073331199,1073119231,1072070655,1073725439,1071497215,1073086463,1006501887,1073725439,1073741823,1073741823:j10
1073741823,1073741823,1073741823,1073737727,1073709055,1073332223,1073115135,1072070655,1073725439,1071497215,1073086463,1006501887,1073725439,1073741823,1073741823:i13
1073741823,1073741823,1073741823,1073737727,1073709055,1073332223,1073119231,1072070655,1073725439,1071235071,1073086463,1006501887,1073725439,1073741823,1073741823:i13
1073741823,1073741823,1073741823,1073737727,1073709055,1073332223,1073119231,1072070655,1073659903,1071497215,1073086463,1006501887,1073725439,1073741823,1073741823:i13
1073741823,1073741823,1073741823,1073737727,1073709055,1073332223,1073119231,1072070655,1073659903,1071497215,1073086463,1006501887,1073594367,1073741823,1073737727:i14
1073741823,1073741823,1073741823,1073737727,1073709055,1073332223,1073119231,1072070655,1073659903,1071497215,1073086463,1006501887,1073594367,1073741823,1072693247:i14
1073741823,1073741823,1073741823,1073737727,1073709055,1073332223,1073119231,1072070655,1073659903,1071497215,1073086463,1006501887,1073594367,1073479679,1073741823:i14
1073741823,1073741823,1073741823,1073737727,1073709055,1073332223,1073119231,1072070655,1073659903,1071497215,1073086463,1006501887,1073594367,1073741823,1073676287:i14
1073741823,1073741823,1073741823,1073737727,1073709055,1073332223,1073119231,1072070655,1073659903,1071497215,1073086463,1006501887,1072545791,1073741823,1073741823:i14
1073741823,1073741823,1073741823,1073737727,1073709055,1073332223,1073119231,1072070655,1073659903,1071497215,1073086463,1006501887,1073594367,1073741823,1073740799:i14
1073741823,1073741823,1073741823,1073737727,1073709055,1073332223,1073119231,1072070655,1073659903,1071497215,1073086463,1006501887,1073593343,1073741823,1073741823:i14
1073741823,1073741823,1073741823,1073737727,1073709055,1073332223,1073119231,1072070655,1073659903,1071497215,1073086463,1006501887,1073590271,1073741823,1073741823:i14
1073741823,1073741823,1073741823,1073737727,1073709055,1073332223,1073119231,1072070655,1073659903,1071497215,1073086463,1006501887,1073594367,1073741823,1073479679:i14
1073741823,1073741823,1073741823,1073737727,1073709055,1073332223,1073119231,1072070655,1073659903,1071497215,1073086463,1006501887,1073594367,1073741823,1073725439:i14
1073741823,1073741823,1073741823,1073737727,1073709055,1073332223,1073119231,1072070655,1073659903,1071497215,1073086463,1006501887,1073594367,1073725439,1073741823:i14
1073741823,1073741823,1073741823,1073737727,1073709055,1073332223,1073119231,1072070655,1073659903,1071497215,1073086463,1006501887,1073594367,1073737727,1073741823:i14
1073741823,1073741823,1073741823,1073737727,1073709055,1073332223,1073119231,1072070655,1073659903,1071497215,1073086463,1006501887,1073594367,1072693247,1073741823:i14
1073741823,1073741823,1073741823,1073737727,1073709055,1073332223,1073119231,1072070655,1073659903,1071497215,1073086463,1006501887,1073594367,1073676287,1073741823:h11
1073741823,1073741823,1073741823,1073737727,1073709055,1073332223,1073119231,1072070655,1073659903,1071497215,1073086463,1006501887,1073594367,1069547519,1073741823:i14
1073741823,1073741823,1073741823,1073737727,1073709055,1073332223,1073119231,1072070655,1073659903,1071497215,1073086463,1006501887,1056817151,1073741823,1073741823:i14
1073741823,1073741823,1073741823,1073737727,1073709055,1073332223,1073119231,1072070655,1073659903,1071497215,1073086463,1002307583,1073594367,1073741823,1073741823:i14
1073741823,1073741823,1073741823,1073737727,1073709055,1073332223,1073119231,1072070655,1073659903,1071497215,1056309247,1006501887,1073594367,1073741823,1073741823:i14
1073741823,1073741823,1073741823,1073737727,1073709055,1073332223,1073119231,1072070655,1073659903,1004388351,1073086463,1006501887,1073594367,1073741823,1073741823:i14
1073741823,1073741823,1073741823,1073737727,1073709055,1073332223,1073119231,1072070655,1073659903,1071497215,1005977599,1006501887,1073594367,1073741823,1073741823:i14
1073741823,1073741823,1073741823,1073737727,1073709055,1073332223,1073119231,1072070655,1073659903,1071497215,804651007,1006501887,1073594367,1073741823,1073741823:i14
1073741823,1073741823,1073741823,1073737727,1073709055,1073332223,1073119231,1072070655,1073659903,1071497215,1073086463,738066431,1073594367,1073741823,1073741823:i14
1073741823,1073741823,1073741823,1073737727,1073709055,1073332223,1073119231,1072070655,1073659903,1071497215,1073086463,1006501887,805158911,1073741823,1073741823:i14
1073741823,1073741823,1073741823,1073737727,1073709055,1073332223,1073119231,1072070655,1073659903,1071497215,1073086463,1006501887,1073594367,1006632959,1073741823:i14
1073741823,1073741823,1073741823,1073737727,1073709055,1073332223,1073119231,1072070655,1073659903,1071497215,1073086463,1006501887,1006485503,1073741823,1073741823:i14
1073741823,1073741823,1073741823,1073737727,1073709055,1073332223,1073119231,1072070655,1073659903,1071497215,1073086463,989724671,1073594367,1073741823,1073741823:i14
1073741823,1073741823,1073741823,1073737727,1073709055,1073332223,1073119231,1072070655,1073659903,1071497215,1073085439,1006501887,1073594367,1073741823,1073741823:i14
1073741823,1073741823,1073741823,1073737727,1073709055,1073332223,1073119231,1072070655,1073659903,1071497215,1073086463,1006497791,1073594367,1073741823,1073741823:i14
1073741823,1073741823,1073741823,1073737727,1073709055,1056555007,1073119231,1072070655,1073659903,1071497215,1073086463,1006501887,1073594367,1073741823,1073741823:i14
1073741823,1073741823,1073741823,1073737727,1073709055,1073332223,1073119231,1055293439,1073659903,1071497215,1073086463,1006501887,1073594367,1073741823,1073741823:i14
1073741823,1073741823,1073741823,1073737727,1073709055,1073332223,1073119231,1072070655,1073659903,1054719999,1073086463,1006501887,1073594367,1073741823,1073741823:i14
1073741823,1073741823,1073741823,1073737727,1073709055,1073332223,1073119231,1072070655,1073659903,1071497215,1068892159,1006501887,1073594367,1073741823,1073741823:i14
1073741823,1073741823,1073741823,1073737727,1073709055,1073332223,1073119231,1072070655,1073659903,1071497215,1072037887,1006501887,1073594367,1073741823,1073741823:i14
1073741823,1073741823,1073741823,1073737727,1073709055,1073332223,1073119231,1072070655,1073659903,1071497215,1073086463,1006501887,1069400063,1073741823,1073741823:i14
1073741823,1073741823,1073741823,1073737727,1073709055,1073332223,1073119231,1072070655,1073659903,1071497215,1073086463,1005453311,1073594367,1073741823,1073741823:i14
1073741823,1073741823,1073741823,1073737727,1073709055,1073332223,1073119231,1072070655,1073659903,1071497215,1073086463,1006501887,1073332223,1073741823,1073741823:i14
1073741823,1073741823,1073741823,1073737727,1073709055,1073332223,1073119231,1072070655,1073658879,1071497215,1073086463,1006501887,1073594367,1073741823,1073741823:i14
1073741823,1073741823,1073741823,1073737727,1073709055,1073331967,1073119231,1072070655,1073659903,1071497215,1073086463,1006501887,1073594367,1073741823,1073741823:i14
1073741823,1073741823,1073741823,1073737471,1073709055,1073332223,1073119231,1072070655,1073659903,1071497215,1073086463,1006501887,1073594367,1073741823,1073741823:i14
1073741823,1073741823,1073741823,1073736703,1073709055,1073332223,1073119231,1072070655,1073659903,1071497215,1073086463,1006501887,1073594367,1073741823,1073741823:i14
1073741823,1073741567,1073741823,1073737727,1073709055,1073332223,1073119231,1072070655,1073659903,1071497215,1073086463,1006501887,1073594367,1073741823,1073741823:i14
1073741823,1073737727,1073741823,1073737727,1073709055,1073332223,1073119231,1072070655,1073659903,1071497215,1073086463,1006501887,1073594367,1073741823,1073741823:i14
1073741823,1073741823,1073737727,1073737727,1073709055,1073332223,1073119231,1072070655,1073659903,1071497215,1073086463,1006501887,1073594367,1073741823,1073741823:i14
1073741823,1073676287,1073741823,1073737727,1073709055,1073332223,1073119231,1072070655,1073659903,1071497215,1073086463,1006501887,1073594367,1073741823,1073741823:i14
1073741823,1073741823,1073741823,1073737727,1073709055,1073332223,1073118207,1072070655,1073659903,1071497215,1073086463,1006501887,1073594367,1073741823,1073741823:i14
1073741823,1073741823,1073741823,1073737727,1073708031,1073332223,1073119231,1072070655,1073659903,1071497215,1073086463,1006501887,1073594367,1073741823,1073741823:i14
1073741823,1073741823,1073740799,1073737727,1073709055,1073332223,1073119231,1072070655,1073659903,1071497215,1073086463,1006501887,1073594367,1073741823,1073741823:i14
1073741823,1073741823,1073725439,1073737727,1073709055,1073332223,1073119231,1072070655,1073659903,1071497215,1073086463,1006501887,1073594367,1073741823,1073741823:i14
1073741823,1073741823,1073479679,1073737727,1073709055,1073332223,1073119231,1072070655,1073659903,1071497215,1073086463,1006501887,1073594367,1073741823,1073741823:i14
1073741823,1073741823,1073741823,1073721343,1073709055,1073332223,1073119231,1072070655,1073659903,1071497215,1073086463,1006501887,1073594367,1073741823,1073741823:i14
1073741823,1073741823,1073741823,1073475583,1073709055,1073332223,1073119231,1072070655,1073659903,1071497215,1073086463,1006501887,1073594367,1073741823,1073741823:i14
1073741823,1073741823,1073741823,1069543423,1073709055,1073332223,1073119231,1072070655,1073659903,1071497215,1073086463,1006501887,1073594367,1073741823,1073741823:i14
1073741823,1073741823,1073741823,1073737727,1069514751,1073332223,1073119231,1072070655,1073659903,1071497215,1073086463,1006501887,1073594367,1073741823,1073741823:i14
1073741823,1073741823,1073741823,1073737727,1073709055,1073332223,1068924927,1072070655,1073659903,1071497215,1073086463,1006501887,1073594367,1073741823,1073741823:i14
1073741823,1073741823,1073741823,1073737727,1073709055,1073332223,1073119231,1072070655,1069465599,1071497215,1073086463,1006501887,1073594367,1073741823,1073741823:i14
1073741823,1073741823,1073741823,1073737727,1073709055,1073328127,1073119231,1072070655,1073659903,1071497215,1073086463,1006501887,1073594367,1073741823,1073741823:i14
1073741823,1073741823,1073741823,1073672191,1073709055,1073332223,1073119231,1072070655,1073659903,1071497215,1073086463,1006501887,1073594367,1073741823,1073741823:i14
1073741823,1073741823,1073741823,1072689151,1073709055,1073332223,1073119231,1072070655,1073659903,1071497215,1073086463,1006501887,1073594367,1073741823,1073741823:i14
1073741823,1073741823,1073741823,1073737727,1073446911,1073332223,1073119231,1072070655,1073659903,1071497215,1073086463,1006501887,1073594367,1073741823,1073741823:i14
1073741823,1073741823,1073741823,1073737727,1073709055,1072283647,1073119231,1072070655,1073659903,1071497215,1073086463,1006501887,1073594367,1073741823,1073741823:i14
1073741823,1073741823,1073741823,1073737727,1073709055,1073332223,1073119231,1072070655,1073659903,1071497215,1073086463,1006500863,1073594367,1073741823,1073741823:i14
1073741823,1073741823,1073741823,1073737727,1073709055,1073332223,1073119231,1072070655,1073659903,1071497215,1073082367,1006501887,1073594367,1073741823,1073741823:i14
1073741823,1073741823,1073741823,1073737727,1073709055,1073332223,1073119231,1072070655,1073659903,1071493119,1073086463,1006501887,1073594367,1073741823,1073741823:i14
1073741823,1073741823,1073741823,1073737727,1073709055,1073332223,1073119231,1072070655,1073659903,1071497215,1073086463,1006239743,1073594367,1073741823,1073741823:i14
1073741823,1073741823,1073741823,1073737727,1073709055,1073332223,1073119231,1072070655,1073659903,1071497215,1073086463,1006485503,1073594367,1073741823,1073741823:i14
1073741823,1073741823,1073741823,1073737727,1073709055,1073332223,1073119231,1072070655,1073659903,1071497215,1073070079,1006501887,1073594367,1073741823,1073741823:i14
1073741823,1073741823,1073741823,1073737727,1073709055,1069137919,1073119231,1072070655,1073659903,1071497215,1073086463,1006501887,1073594367,1073741823,1073741823:i14
1073741823,1073741823,1073741823,1073737727,1073709055,1073332223,1073119231,1067876351,1073659903,1071497215,1073086463,1006501887,1073594367,1073741823,1073741823:i14
1073741823,1073741823,1073741823,1073737727,1073709055,1073332223,1073119231,1072070655,1073659903,1067302911,1073086463,1006501887,1073594367,1073741823,1073741823:i14
1073741823,1073741823,1073741823,1073737727,1073709055,1073332223,1073119231,1072070655,1073397759,1071497215,1073086463,1006501887,1073594367,1073741823,1073741823:i14
1073741823,1073741823,1073741823,1073737727,1073704959,1073332223,1073119231,1072070655,1073659903,1071497215,1073086463,1006501887,1073594367,1073741823,1073741823:i14
1073741823,1073741823,1073741823,1073737727,1073643519,1073332223,1073119231,1072070655,1073659903,1071497215,1073086463,1006501887,1073594367,1073741823,1073741823:i14
1073741823,1073741823,1073741823,1073737727,1072660479,1073332223,1073119231,1072070655,1073659903,1071497215,1073086463,1006501887,1073594367,1073741823,1073741823:i14
1073741823,1073741823,1073741823,1073737727,1073709055,1073332223,1072070655,1072070655,1073659903,1071497215,1073086463,1006501887,1073594367,1073741823,1073741823:i14
1073741823,1073741823,1073741823,1073737727,1073709055,1073332223,1073119231,1072070655,1072611327,1071497215,1073086463,1006501887,1073594367,1073741823,1073741823:i14
1073741823,1073741823,1073741823,1073737727,1073709055,1073332223,1073119231,1072070655,1073659903,1071496191,1073086463,1006501887,1073594367,1073741823,1073741823:i14
1073741823,1073741823,1073741823,1073737727,1073709055,1073332223,1073119231,1072070655,1073655807,1071497215,1073086463,1006501887,1073594367,1073741823,1073741823:i14
1073741823,1073741823,1073741823,1073737727,1073709055,1073332223,1073119231,1072069631,1073659903,1071497215,1073086463,1006501887,1073594367,1073741823,1073741823:i14
1073741823,1073741823,1073741823,1073737727,1073709055,1073332223,1073119231,1072066559,1073659903,1071497215,1073086463,1006501887,1073594367,1073741823,1073741823:i14
1073741823,1073741823,1073741823,1073737727,1073709055,1073331199,1073119231,1072070655,1073659903,1071497215,1073086463,1006501887,1073594367,1073741823,1073741823:i14
1073741823,1073741823,1073741823,1073737727,1073709055,1073332223,1073115135,1072070655,1073659903,1071497215,1073086463,1006501887,1073594367,1073741823,1073741823:i14
1073741823,1073741823,1073741823,1073737727,1073709055,1073332223,1073119231,1072070655,1073659903,1071235071,1073086463,1006501887,1073594367,1073741823,1073741823:i14
1073741823,1073741823,1073741823,1073737727,1073709055,1073332223,1073119231,1072070655,1073725439,1071497215,1069023231,1006501887,1073741823,1073741823,1073741823:l9
1073741823,1073741823,1073741823,1073737727,1073709055,1073332223,1073119231,1072070655,1073725439,1071497215,1072168959,1006501887,1073741823,1073741823,1073741823:l9
1073741823,1073741823,1073741823,1073737727,1073709055,1073332223,1073119231,1072070655,1073725439,1071497215,1073217535,1006501887,1069547519,1073741823,1073741823:i11
1073741823,1073741823,1073741823,1073737727,1073709055,1073332223,1073119231,1072070655,1073725439,1071497215,1073217535,1005453311,1073741823,1073741823,1073741823:i11
1073741823,1073741823,1073741823,1073737727,1073709055,1073332223,1073119231,1072070655,1073725439,1071497215,1073217535,1006501887,1073479679,1073741823,1073741823:l9
1073741823,1073741823,1073741823,1073737727,1073709055,1073332223,1073119231,1072070655,1073724415,1071497215,1073217535,1006501887,1073741823,1073741823,1073741823:l9
1073741823,1073741823,1073741823,1073737727,1073709055,1073331967,1073119231,1072070655,1073725439,1071497215,1073217535,1006501887,1073741823,1073741823,1073741823:i11
1073741823,1073741823,1073741823,1073737471,1073709055,1073332223,1073119231,1072070655,1073725439,1071497215,1073217535,1006501887,1073741823,1073741823,1073741823:i11
1073741823,1073741823,1073741823,1073736703,1073709055,1073332223,1073119231,1072070655,1073725439,1071497215,1073217535,1006501887,1073741823,1073741823,1073741823:l9
1073741823,1073741567,1073741823,1073737727,1073709055,1073332223,1073119231,1072070655,1073725439,1071497215,1073217535,1006501887,1073741823,1073741823,1073741823:i11
1073741823,1073737727,1073741823,1073737727,1073709055,1073332223,1073119231,1072070655,1073725439,1071497215,1073217535,1006501887,1073741823,1073741823,1073741823:i11
1073741823,1073741823,1073737727,1073737727,1073709055,1073332223,1073119231,1072070655,1073725439,1071497215,1073217535,1006501887,1073741823,1073741823,1073741823:i11
1073741823,1073676287,1073741823,1073737727,1073709055,1073332223,1073119231,1072070655,1073725439,1071497215,1073217535,1006501887,1073741823,1073741823,1073741823:i11
1073741823,1073741823,1073741823,1073737727,1073709055,1073332223,1073118207,1072070655,1073725439,1071497215,1073217535,1006501887,1073741823,1073741823,1073741823:i11
1073741823,1073741823,1073741823,1073737727,1073708031,1073332223,1073119231,1072070655,1073725439,1071497215,1073217535,1006501887,1073741823,1073741823,1073741823:i11
1073741823,1073741823,1073740799,1073737727,1073709055,1073332223,1073119231,1072070655,1073725439,1071497215,1073217535,1006501887,1073741823,1073741823,1073741823:i11
1073741823,1073741823,1073725439,1073737727,1073709055,1073332223,1073119231,1072070655,1073725439,1071497215,1073217535,1006501887,1073741823,1073741823,1073741823:i11
1073741823,1073741823,1073479679,1073737727,1073709055,1073332223,1073119231,1072070655,1073725439,1071497215,1073217535,1006501887,1073741823,1073741823,1073741823:i11
1073741823,1073741823,1073741823,1073721343,1073709055,1073332223,1073119231,1072070655,1073725439,1071497215,1073217535,1006501887,1073741823,1073741823,1073741823:i11
1073741823,1073741823,1073741823,1073475583,1073709055,1073332223,1073119231,1072070655,1073725439,1071497215,1073217535,1006501887,1073741823,1073741823,1073741823:i11
1073741823,1073741823,1073741823,1069543423,1073709055,1073332223,1073119231,1072070655,1073725439,1071497215,1073217535,1006501887,1073741823,1073741823,1073741823:l9
1073741823,1073741823,1073741823,1073737727,1069514751,1073332223,1073119231,1072070655,1073725439,1071497215,1073217535,1006501887,1073741823,1073741823,1073741823:i11
1073741823,1073741823,1073741823,1073737727,1073709055,1073332223,1068924927,1072070655,1073725439,1071497215,1073217535,1006501887,1073741823,1073741823,1073741823:i11
1073741823,1073741823,1073741823,1073737727,1073709055,1073332223,1073119231,1072070655,1069531135,1071497215,1073217535,1006501887,1073741823,1073741823,1073741823:i9
1073741823,1073741823,1073741823,1073737727,1073709055,1073332223,1006010367,1072070655,1069400063,1071497215,1073217535,1006501887,1073741823,1073741823,1073741823:f9
1073741823,1073741823,1073741823,1073737727,1073709055,1073332223,1073119231,1072070655,1002291199,1071497215,1073217535,1006501887,1073741823,1073741823,1073741823:f9
1073741823,1073741823,1073741823,1073737727,1073709055,1073332223,1073119231,1072070655,1052622847,1071497215,1073217535,1006501887,1073741823,1073741823,1073741823:f9
1073741823,1073741823,1073741823,1073737727,1073709055,1073332223,1073119231,1072070655,1069400063,1071497215,1073217535,1006501887,1073741823,1073737727,1073741823:f9
1073741823,1073741823,1073741823,1073737727,1073709055,1073332223,1073119231,1072070655,1069400063,1071497215,1073217535,1006501887,1073741823,1072693247,1073741823:f9
1073741823,1073741823,1073741823,1073737727,1073709055,1073332223,1073119231,1072070655,1069400063,1071497215,1073217535,1006501887,1073741823,1073676287,1073741823:f9
1073741823,1073741823,1073741823,1073737727,1073709055,1073332223,1073119231,1072070655,1069400063,1071497215,1073217535,1006501887,1073676287,1073741823,1073741823:j10
1073741823,1073741823,1073741823,1073737727,1073709055,1073332223,1073119231,1072070655,1069400063,1071497215,1073217535,1006501887,1073741823,1069547519,1073741823:f9
1073741823,1073741823,1073741823,1073737727,1073709055,1073332223,1073119231,1072070655,1069400063,1071497215,1073217535,1006501887,1056964607,1073741823,1073741823:f9
1073741823,1073741823,1073741823,1073737727,1073709055,1073332223,1073119231,1072070655,1069400063,1071497215,1073217535,1002307583,1073741823,1073741823,1073741823:f9
1073741823,1073741823,1073741823,1073737727,1073709055,1073332223,1073119231,1072070655,1069400063,1071497215,1056440319,1006501887,1073741823,1073741823,1073741823:f9
1073741823,1073741823,1073741823,1073737727,1073709055,1073332223,1073119231,1072070655,1069400063,1004388351,1073217535,1006501887,1073741823,1073741823,1073741823:f9
1073741823,1073741823,1073741823,1073737727,1073709055,1073332223,1073119231,1072070655,1069400063,1071497215,1006108671,1006501887,1073741823,1073741823,1073741823:f9
1073741823,1073741823,1073741823,1073737727,1073709055,1073332223,1073119231,1072070655,1069400063,1071497215,804782079,1006501887,1073741823,1073741823,1073741823:f9
1073741823,1073741823,1073741823,1073737727,1073709055,1073332223,1073119231,1072070655,1069400063,1071497215,1073217535,738066431,1073741823,1073741823,1073741823:f9
1073741823,1073741823,1073741823,1073737727,1073709055,1073332223,1073119231,1072070655,1069400063,1071497215,1073217535,1006501887,805306367,1073741823,1073741823:f9
1073741823,1073741823,1073741823,1073737727,1073709055,1073332223,1073119231,1072070655,1069400063,1071497215,1073217535,1006501887,1073741823,1006632959,1073741823:f9
1073741823,1073741823,1073741823,1073737727,1073709055,1073332223,1073119231,1072070655,1069400063,1071497215,1073217535,1006501887,1006632959,1073741823,1073741823:f9
1073741823,1073741823,1073741823,1073737727,1073709055,1073332223,1073119231,1072070655,1069400063,1071497215,1073217535,989724671,1073741823,1073741823,1073741823:f9
1073741823,1073741823,1073741823,1073737727,1073709055,1073332223,1073119231,1072070655,1069400063,1071497215,1073216511,1006501887,1073741823,1073741823,1073741823:j10
1073741823,1073741823,1073741823,1073737727,1073709055,1073332223,1073119231,1072070655,1069400063,1071497215,1073217535,1006497791,1073741823,1073741823,1073741823:f9
1073741823,1073741823,1073741823,1073737727,1073709055,1056555007,1073119231,1072070655,1069400063,1071497215,1073217535,1006501887,1073741823,1073741823,1073741823:f9
1073741823,1073741823,1073741823,1073737727,1073709055,1073332223,1073119231,1055293439,1069400063,1071497215,1073217535,1006501887,1073741823,1073741823,1073741823:f9
1073741823,1073741823,1073741823,1073737727,1073709055,1073332223,1073119231,1072070655,1069400063,1054719999,1073217535,1006501887,1073741823,1073741823,1073741823:j10
1073741823,1073741823,1073741823,1073737727,1073709055,1073332223,1073119231,1072070655,1069400063,1071497215,1073217535,1006501887,1073725439,1073741823,1073741823:j10
1073741823,1073741823,1073741823,1073737727,1073709055,1073332223,1073119231,1072070655,1069400063,1071497215,1069023231,1006501887,1073741823,1073741823,1073741823:f9
1073741823,1073741823,1073741823,1073737727,1073709055,1073332223,1073119231,1072070655,1069400063,1071497215,1072168959,1006501887,1073741823,1073741823,1073741823:i13
1073741823,1073741823,1073741823,1073737727,1073709055,1073332223,1073119231,1072070655,1069400063,1071497215,1073217535,1006501887,1069547519,1073741823,1073741823:f9
1073741823,1073741823,1073741823,1073737727,1073709055,1073332223,1073119231,1072070655,1069400063,1071497215,1073217535,1005453311,1073741823,1073741823,1073741823:f9
1073741823,1073741823,1073741823,1073737727,1073709055,1073332223,1073119231,1072070655,1069400063,1071497215,1073217535,1006501887,1073479679,1073741823,1073741823:j10
1073741823,1073741823,1073741823,1073737727,1073709055,1073332223,1073119231,1072070655,1069399039,1071497215,1073217535,1006501887,1073741823,1073741823,1073741823:j10
1073741823,1073741823,1073741823,1073737727,1073709055,1073331967,1073119231,1072070655,1069400063,1071497215,1073217535,1006501887,1073741823,1073741823,1073741823:f9
1073741823,1073741823,1073741823,1073737471,1073709055,1073332223,1073119231,1072070655,1069400063,1071497215,1073217535,1006501887,1073741823,1073741823,1073741823:f9
1073741823,1073741823,1073741823,1073736703,1073709055,1073332223,1073119231,1072070655,1069400063,1071497215,1073217535,1006501887,1073741823,1073741823,1073741823:j10
1073741823,1073741567,1073741823,1073737727,1073709055,1073332223,1073119231,1072070655,1069400063,1071497215,1073217535,1006501887,1073741823,1073741823,1073741823:f9
1073741823,1073737727,1073741823,1073737727,1073709055,1073332223,1073119231,1072070655,1069400063,1071497215,1073217535,1006501887,1073741823,1073741823,1073741823:f9
1073741823,1073741823,1073737727,1073737727,1073709055,1073332223,1073119231,1072070655,1069400063,1071497215,1073217535,1006501887,1073741823,1073741823,1073741823:f9
1073741823,1073676287,1073741823,1073737727,1073709055,1073332223,1073119231,1072070655,1069400063,1071497215,1073217535,1006501887,1073741823,1073741823,1073741823:f9
1073741823,1073741823,1073741823,1073737727,1073709055,1073332223,1073118207,1072070655,1069400063,1071497215,1073217535,1006501887,1073741823,1073741823,1073741823:j10
1073741823,1073741823,1073741823,1073737727,1073708031,1073332223,1073119231,1072070655,1069400063,1071497215,1073217535,1006501887,1073741823,1073741823,1073741823:f9
1073741823,1073741823,1073740799,1073737727,1073709055,1073332223,1073119231,1072070655,1069400063,1071497215,1073217535,1006501887,1073741823,1073741823,1073741823:f9
1073741823,1073741823,1073725439,1073737727,1073709055,1073332223,1073119231,1072070655,1069400063,1071497215,1073217535,1006501887,1073741823,1073741823,1073741823:f9
1073741823,1073741823,1073479679,1073737727,1073709055,1073332223,1073119231,1072070655,1069400063,1071497215,1073217535,1006501887,1073741823,1073741823,1073741823:j10
1073741823,1073741823,1073741823,1073721343,1073709055,1073332223,1073119231,1072070655,1069400063,1071497215,1073217535,1006501887,1073741823,1073741823,1073741823:f9
1073741823,1073741823,1073741823,1073475583,1073709055,1073332223,1073119231,1072070655,1069400063,1071497215,1073217535,1006501887,1073741823,1073741823,1073741823:f9
1073741823,1073741823,1073741823,1069543423,1073709055,1073332223,1073119231,1072070655,1069400063,1071497215,1073217535,1006501887,1073741823,1073741823,1073741823:j10
1073741823,1073741823,1073741823,1073737727,1069514751,1073332223,1073119231,1072070655,1069400063,1071497215,1073217535,1006501887,1073741823,1073741823,1073741823:f9
1073741823,1073741823,1073741823,1073737727,1073709055,1073332223,1068924927,1072070655,1069400063,1071497215,1073217535,1006501887,1073741823,1073741823,1073741823:f9
1073741823,1073741823,1073741823,1073737727,1073709055,1073328127,1073119231,1072070655,1069400063,1071497215,1073217535,1006501887,1073741823,1073741823,1073741823:j10
1073741823,1073741823,1073741823,1073672191,1073709055,1073332223,1073119231,1072070655,1069400063,1071497215,1073217535,1006501887,1073741823,1073741823,1073741823:f9
1073741823,1073741823,1073741823,1072689151,1073709055,1073332223,1073119231,1072070655,1069400063,1071497215,1073217535,1006501887,1073741823,1073741823,1073741823:f9
1073741823,1073741823,1073741823,1073737727,1073446911,1073332223,1073119231,1072070655,1069400063,1071497215,1073217535,1006501887,1073741823,1073741823,1073741823:j10
1073741823,1073741823,1073741823,1073737727,1073709055,1072283647,1073119231,1072070655,1069400063,1071497215,1073217535,1006501887,1073741823,1073741823,1073741823:f9
1073741823,1073741823,1073741823,1073737727,1073709055,1073332223,1073119231,1072070655,1069400063,1071497215,1073217535,1006500863,1073741823,1073741823,1073741823:f9
1073741823,1073741823,1073741823,1073737727,1073709055,1073332223,1073119231,1072070655,1069400063,1071497215,1073213439,1006501887,1073741823,1073741823,1073741823:j10
1073741823,1073741823,1073741823,1073737727,1073709055,1073332223,1073119231,1072070655,1069400063,1071493119,1073217535,1006501887,1073741823,1073741823,1073741823:j10
1073741823,1073741823,1073741823,1073737727,1073709055,1073332223,1073119231,1072070655,1069400063,1071497215,1073217535,1006239743,1073741823,1073741823,1073741823:f9
1073741823,1073741823,1073741823,1073737727,1073709055,1073332223,1073119231,1072070655,1069400063,1071497215,1073151999,1006501887,1073741823,1073741823,1073741823:j10
1073741823,1073741823,1073741823,1073737727,1073709055,1073332223,1073119231,1072070655,1069400063,1071497215,1073217535,1006485503,1073741823,1073741823,1073741823:j10
1073741823,1073741823,1073741823,1073737727,1073709055,1073332223,1073119231,1072070655,1069400063,1071497215,1073201151,1006501887,1073741823,1073741823,1073741823:j10
1073741823,1073741823,1073741823,1073737727,1073709055,1069137919,1073119231,1072070655,1069400063,1071497215,1073217535,1006501887,1073741823,1073741823,1073741823:f9
1073741823,1073741823,1073741823,1073737727,1073709055,1073332223,1073119231,1067876351,1069400063,1071497215,1073217535,1006501887,1073741823,1073741823,1073741823:f9
1073741823,1073741823,1073741823,1073737727,1073709055,1073332223,1073119231,1072070655,1069400063,1067302911,1073217535,1006501887,1073741823,1073741823,1073741823:f9
1073741823,1073741823,1073741823,1073737727,1073709055,1073332223,1073119231,1072070655,1069137919,1071497215,1073217535,1006501887,1073741823,1073741823,1073741823:f9
1073741823,1073741823,1073741823,1073737727,1073704959,1073332223,1073119231,1072070655,1069400063,1071497215,1073217535,1006501887,1073741823,1073741823,1073741823:j10
1073741823,1073741823,1073741823,1073737727,1073643519,1073332223,1073119231,1072070655,1069400063,1071497215,1073217535,1006501887,1073741823,1073741823,1073741823:f9
1073741823,1073741823,1073741823,1073737727,1072660479,1073332223,1073119231,1072070655,1069400063,1071497215,1073217535,1006501887,1073741823,1073741823,1073741823:f9
1073741823,1073741823,1073741823,1073737727,1073709055,1073332223,1072070655,1072070655,1069400063,1071497215,1073217535,1006501887,1073741823,1073741823,1073741823:f9
1073741823,1073741823,1073741823,1073737727,1073709055,1073332223,1073119231,1072070655,1068351487,1071497215,1073217535,1006501887,1073741823,1073741823,1073741823:f9
1073741823,1073741823,1073741823,1073737727,1073709055,1073332223,1073119231,1072070655,1069400063,1071496191,1073217535,1006501887,1073741823,1073741823,1073741823:j10
1073741823,1073741823,1073741823,1073737727,1073709055,1073332223,1073119231,1072070655,1069395967,1071497215,1073217535,1006501887,1073741823,1073741823,1073741823:f9
1073741823,1073741823,1073741823,1073737727,1073709055,1073332223,1073119231,1072069631,1069400063,1071497215,1073217535,1006501887,1073741823,1073741823,1073741823:f9
1073741823,1073741823,1073741823,1073737727,1073709055,1073332223,1073119231,1072066559,1069400063,1071497215,1073217535,1006501887,1073741823,1073741823,1073741823:j10
1073741823,1073741823,1073741823,1073737727,1073709055,1073331199,1073119231,1072070655,1069400063,1071497215,1073217535,1006501887,1073741823,1073741823,1073741823:f9
1073741823,1073741823,1073741823,1073737727,1073709055,1073332223,1073115135,1072070655,1069400063,1071497215,1073217535,1006501887,1073741823,1073741823,1073741823:j10
1073741823,1073741823,1073741823,1073737727,1073709055,1073332223,1073119231,1072070655,1069400063,1071235071,1073217535,1006501887,1073741823,1073741823,1073741823:f9
1073741823,1073741823,1073741823,1073737727,1073709055,1073328127,1073119231,1072070655,1073725439,1071497215,1073217535,1006501887,1073741823,1073741823,1073741823:i11
1073741823,1073741823,1073741823,1073672191,1073709055,1073332223,1073119231,1072070655,1073725439,1071497215,1073217535,1006501887,1073741823,1073741823,1073741823:i11
1073741823,1073741823,1073741823,1072689151,1073709055,1073332223,1073119231,1072070655,1073725439,1071497215,1073217535,1006501887,1073741823,1073741823,1073741823:i11
1073741823,1073741823,1073741823,1073737727,1073446911,1073332223,1073119231,1072070655,1073725439,1071497215,1073217535,1006501887,1073741823,1073741823,1073741823:l9
1073741823,1073741823,1073741823,1073737727,1073709055,1072283647,1073119231,1072070655,1073725439,1071497215,1073217535,1006501887,1073741823,1073741823,1073741823:i11
1073741823,1073741823,1073741823,1073737727,1073709055,1073332223,1073119231,1072070655,1073725439,1071497215,1073217535,1006500863,1073741823,1073741823,1073741823:l9
1073741823,1073741823,1073741823,1073737727,1073709055,1073332223,1073119231,1072070655,1073725439,1071497215,1073213439,1006501887,1073741823,1073741823,1073741823:l9
1073741823,1073741823,1073741823,1073737727,1073709055,1073332223,1073119231,1072070655,1073725439,1071493119,1073217535,1006501887,1073741823,1073741823,1073741823:l9
1073741823,1073741823,1073741823,1073737727,1073709055,1073332223,1073119231,1072070655,1073725439,1071497215,1073217535,1006239743,1073741823,1073741823,1073741823:l9
1073741823,1073741823,1073741823,1073737727,1073709055,1073332223,1073119231,1072070655,1073725439,1071497215,1073151999,1006501887,1073741823,1073741823,1073741823:l9
1073741823,1073741823,1073741823,1073737727,1073709055,1073332223,1073119231,1072070655,1073725439,1071497215,1073217535,1006485503,1073741823,1073741823,1073741823:l9
1073741823,1073741823,1073741823,1073737727,1073709055,1073332223,1073119231,1072070655,1073725439,1071497215,1073201151,1006501887,1073741823,1073741823,1073741823:l9
1073741823,1073741823,1073741823,1073737727,1073709055,1069137919,1073119231,1072070655,1073725439,1071497215,1073217535,1006501887,1073741823,1073741823,1073741823:i11
1073741823,1073741823,1073741823,1073737727,1073709055,1073332223,1073119231,1067876351,1073725439,1071497215,1073217535,1006501887,1073741823,1073741823,1073741823:i11
1073741823,1073741823,1073741823,1073737727,1073709055,1073332223,1073119231,1072070655,1073725439,1067302911,1073217535,1006501887,1073741823,1073741823,1073741823:l9
1073741823,1073741823,1073741823,1073737727,1073709055,1073332223,1073119231,1072070655,1073463295,1071497215,1073217535,1006501887,1073741823,1073741823,1073741823:l9
1073741823,1073741823,1073741823,1073737727,1073704959,1073332223,1073119231,1072070655,1073725439,1071497215,1073217535,1006501887,1073741823,1073741823,1073741823:l9
1073741823,1073741823,1073741823,1073737727,1073643519,1073332223,1073119231,1072070655,1073725439,1071497215,1073217535,1006501887,1073741823,1073741823,1073741823:i11
1073741823,1073741823,1073741823,1073737727,1072660479,1073332223,1073119231,1072070655,1073725439,1071497215,1073217535,1006501887,1073741823,1073741823,1073741823:i11
1073741823,1073741823,1073741823,1073737727,1073709055,1073332223,1072070655,1072070655,1073725439,1071497215,1073217535,1006501887,1073741823,1073741823,1073741823:i11
1073741823,1073741823,1073741823,1073737727,1073709055,1073332223,1073119231,1072070655,1072676863,1071497215,1073217535,1006501887,1073741823,1073741823,1073741823:l9
1073741823,1073741823,1073741823,1073737727,1073709055,1073332223,1073119231,1072070655,1073725439,1071496191,1073217535,1006501887,1073741823,1073741823,1073741823:l9
1073741823,1073741823,1073741823,1073737727,1073709055,1073332223,1073119231,1072070655,1073721343,1071497215,1073217535,1006501887,1073741823,1073741823,1073741823:l9
1073741823,1073741823,1073741823,1073737727,1073709055,1073332223,1073119231,1072069631,1073725439,1071497215,1073217535,1006501887,1073741823,1073741823,1073741823:i11
1073741823,1073741823,1073741823,1073737727,1073709055,1073332223,1073119231,1072066559,1073725439,1071497215,1073217535,1006501887,1073741823,1073741823,1073741823:l9
1073741823,1073741823,1073741823,1073737727,1073709055,1073331199,1073119231,1072070655,1073725439,1071497215,1073217535,1006501887,1073741823,1073741823,1073741823:i11
1073741823,1073741823,1073741823,1073737727,1073709055,1073332223,1073115135,1072070655,1073725439,1071497215,1073217535,1006501887,1073741823,1073741823,1073741823:i11
1073741823,1073741823,1073741823,1073737727,1073709055,1073332223,1073119231,1072070655,1073725439,1071235071,1073217535,1006501887,1073741823,1073741823,1073741823:l9
1073741823,1073741823,1073741823,1073737727,1073709055,1073332223,1073119231,1072070655,1073659903,1071497215,1073217535,1006501887,1073741823,1073741823,1073741823:l9
