1073741823,1073741823,1073741823,1073741823,1073741823,1073610751,1073651711,1073115135,1071995903,1073446911,1073590271,1073479679,1073741823,1073741823,1073741823:h6
1073741823,1073741823,1073741823,1073740799,1073741823,1073577983,1073651711,1073115135,1071995903,1073446911,1073590271,1073479679,1073741823,1073741823,1073741823:f8
1073741823,1073741823,1073741823,1073725439,1073741823,1073577983,1073651711,1073115135,1071995903,1073446911,1073590271,1073479679,1073741823,1073741823,1073741823:f8
1073741823,1073741823,1073741823,1073479679,1073741823,1073577983,1073651711,1073115135,1071995903,1073446911,1073590271,1073479679,1073741823,1073741823,1073741823:f8
1073741823,1073741823,1073741823,1073741823,1073741823,1073577983,1073651711,1073115135,1071995903,1073446911,1073590271,1073479679,1073740799,1073741823,1073741823:f6
1073741823,1073741823,1073741823,1073741823,1073741823,1073577983,1073651711,1073115135,1071995903,1073446911,1073590271,1073479679,1073725439,1073741823,1073741823:f6
1073741823,1073741823,1073741823,1073737727,1073741823,1073577983,1073651711,1073115135,1071995903,1073446911,1073590271,1073479679,1073741823,1073741823,1073741823:f8
1073741823,1073741823,1073741823,1073676287,1073741823,1073577983,1073651711,1073115135,1071995903,1073446911,1073590271,1073479679,1073741823,1073741823,1073741823:f8
1073741823,1073741823,1073741823,1072693247,1073741823,1073577983,1073651711,1073115135,1071995903,1073446911,1073590271,1073479679,1073741823,1073741823,1073741823:f8
1073741823,1073741823,1073741823,1073741823,1073741823,1073577727,1073651711,1073115135,1071995903,1073446911,1073590271,1073479679,1073741823,1073741823,1073741823:f8
1073741823,1073741823,1073741823,1073741823,1073741567,1073577983,1073651711,1073115135,1071995903,1073446911,1073590271,1073479679,1073741823,1073741823,1073741823:f8
1073741823,1073741823,1073741823,1073741823,1073741823,1073577983,1073651711,1073115135,1071995903,1073446911,1073590271,1073479679,1073741823,1073725439,1073741823:f6
1073741823,1073741823,1073741823,1073741823,1073741823,1073577983,1073651711,1073115135,1071995903,1073446911,1073590271,1072431103,1073741823,1073741823,1073741823:f8
1073741823,1073741823,1073741823,1073741823,1073741823,1073577983,1073651711,1073115135,1071995903,1073446911,1073590271,1073479679,1073741823,1069547519,1073741823:f8
1073741823,1073741823,1073741823,1073741823,1073741823,1073577983,1073651711,1073115135,1071995903,1073446911,1073590271,1073479679,1073741823,1073479679,1073741823:f6
1073741823,1073741823,1073741823,1073741823,1073741823,1073577983,1073651711,1073115135,1071995903,1073446911,1073590271,1073479679,1073479679,1073741823,1073741823:f6
1073741823,1073741823,1073741823,1073741823,1073741823,1073577983,1073651711,1073115135,1071995903,1073446911,1073590271,1073479679,1072693247,1073741823,1073741823:f8
1073741823,1073741823,1073741823,1073741823,1073741823,1073577983,1073651711,1073115135,1071995903,1073446911,1073590271,1073414143,1073741823,1073741823,1073741823:f6
1073741823,1073741823,1073741823,1073741823,1073741823,1073577983,1073651711,1073115135,1071995903,1073446911,1073590207,1073479679,1073741823,1073741823,1073741823:e10
1073741823,1073741823,1073741823,1073741823,1073741823,1073577983,1073651711,1073115119,1071995903,1073446399,1073590207,1073479679,1073741823,1073741823,1073741823:f8
1073741823,1073741823,1073741823,1073741823,1073741823,1073577983,1073651711,1073115135,1071995903,1073446399,1073590207,1073479679,1073741819,1073741823,1073741823:f8
1073741823,1073741823,1073741823,1073741823,1073741823,1073577983,1073651711,1073115135,1071995903,1073446399,1073590207,1073479663,1073741823,1073741823,1073741823:f8
1073741823,1073741823,1073741823,1073741823,1073741823,1073577983,1073651711,1073115135,1071995903,1073446399,1073590203,1073479679,1073741823,1073741823,1073741823:f8
1073741823,1073741823,1073741823,1073741823,1073741823,1073577983,1073651711,1073115135,1071995903,1073446399,1073590191,1073479679,1073741823,1073741823,1073741823:f8
1073741823,1073741823,1073741823,1073741823,1073741823,1073577983,1073651711,1073115135,1071995899,1073446399,1073590207,1073479679,1073741823,1073741823,1073741823:f8
1073741823,1073741823,1073741823,1073741823,1073741823,1073577983,1073651711,1073115135,1071995903,1073446383,1073590207,1073479679,1073741823,1073741823,1073741823:f8
1073741823,1073741823,1073741823,1073741823,1073741823,1073577983,1073651711,1073115135,1071995903,1073446335,1073590207,1073479679,1073741823,1073741823,1073741823:f6
1073741823,1073741823,1073741823,1073741823,1073741823,1073577983,1073651711,1073115135,1071995903,1073446399,1073590207,1073479423,1073741823,1073741823,1073741823:f6
1073741823,1073741823,1073741823,1073741823,1073741823,1073577983,1073651711,1073115135,1071995903,1073446399,1073590207,1073479679,1073741759,1073741823,1073741823:f6
1073741823,1073741823,1073741823,1073741823,1073741823,1073577983,1073651711,1073115135,1071995903,1073446399,1073590207,1073479615,1073741823,1073741823,1073741823:f8
1073741823,1073741823,1073741823,1073740799,1073741823,1073577983,1073651711,1073115135,1071995903,1073446399,1073590207,1073479679,1073741823,1073741823,1073741823:f8
1073741823,1073741823,1073741823,1073725439,1073741823,1073577983,1073651711,1073115135,1071995903,1073446399,1073590207,1073479679,1073741823,1073741823,1073741823:f8
1073741823,1073741823,1073741823,1073479679,1073741823,1073577983,1073651711,1073115135,1071995903,1073446399,1073590207,1073479679,1073741823,1073741823,1073741823:f8
1073741823,1073741823,1073741823,1073741823,1073741823,1073577983,1073651711,1073115135,1071995903,1073446399,1073590207,1073479679,1073740799,1073741823,1073741823:f6
1073741823,1073741823,1073741823,1073741823,1073741823,1073577983,1073651711,1073115135,1071995903,1073446399,1073590207,1073479679,1073725439,1073741823,1073741823:f8
1073741823,1073741823,1073741823,1073737727,1073741823,1073577983,1073651711,1073115135,1071995903,1073446399,1073590207,1073479679,1073741823,1073741823,1073741823:f8
1073741823,1073741823,1073741823,1073676287,1073741823,1073577983,1073651711,1073115135,1071995903,1073446399,1073590207,1073479679,1073741823,1073741823,1073741823:f8
1073741823,1073741823,1073741823,1072693247,1073741823,1073577983,1073651711,1073115135,1071995903,1073446399,1073590207,1073479679,1073741823,1073741823,1073741823:f8
1073741823,1073741823,1073741823,1073741823,1073741823,1073577727,1073651711,1073115135,1071995903,1073446399,1073590207,1073479679,1073741823,1073741823,1073741823:f8
1073741823,1073741823,1073741823,1073741823,1073741567,1073577983,1073651711,1073115135,1071995903,1073446399,1073590207,1073479679,1073741823,1073741823,1073741823:f8
1073741823,1073741823,1073741823,1073741823,1073741823,1073577983,1073651711,1073115135,1071995903,1073446399,1073590207,1073479679,1073741823,1073725439,1073741823:f6
1073741823,1073741823,1073741823,1073741823,1073741823,1073577983,1073651711,1073115135,1071995903,1073446399,1073590207,1072431103,1073741823,1073741823,1073741823:f8
1073741823,1073741823,1073741823,1073741823,1073741823,1073577983,1073651711,1073115135,1071995903,1073446399,1073590207,1073479679,1073741823,1069547519,1073741823:f8
1073741823,1073741823,1073741823,1073741823,1073741823,1073577983,1073651711,1073115135,1071995903,1073446399,1073590207,1073479679,1073741823,1073479679,1073741823:f6
1073741823,1073741823,1073741823,1073741823,1073741823,1073577983,1073651711,1073115135,1071995903,1073446399,1073590207,1073479679,1073479679,1073741823,1073741823:f6
1073741823,1073741823,1073741823,1073741823,1073741823,1073577983,1073651711,1073115135,1071995903,1073446399,1073590207,1073479679,1072693247,1073741823,1073741823:f8
1073741823,1073741823,1073741823,1073741823,1073741823,1073577983,1073651711,1073115135,1071995903,1073446399,1073590207,1073414143,1073741823,1073741823,1073741823:f6
1073741823,1073741823,1073741823,1073741823,1073741823,1073577983,1073651711,1073115135,1071995839,1073446399,1073590207,1073479679,1073741823,1073741823,1073741823:f8
1073741823,1073741823,1073741823,1073741823,1073741823,1073577983,1073651647,1073115135,1071995903,1073446399,1073590207,1073479679,1073741823,1073741823,1073741823:f6
1073741823,1073741823,1073741823,1073741823,1073741823,1073577983,1073651711,1073114879,1071995903,1073446399,1073590207,1073479679,1073741823,1073741823,1073741823:f6
1073741823,1073741823,1073741823,1073741823,1073741823,1073577983,1073651455,1073115135,1071995903,1073446399,1073590207,1073479679,1073741823,1073741823,1073741823:f6
1073741823,1073741823,1073741823,1073741823,1073741823,1073577983,1056874495,1073115135,1071995903,1073446399,1073590207,1073479679,1073741823,1073741823,1073741823:f8
1073741823,1073741823,1073741823,1073741823,1073741823,1073577983,1073651711,1073115135,1055218687,1073446399,1073590207,1073479679,1073741823,1073741823,1073741823:f8
1073741823,1073741823,1073741823,1073741823,1073741823,1073577983,1073651711,1073115135,1071995903,1073446399,1056812991,1073479679,1073741823,1073741823,1073741823:f8
1073741823,1073741823,1073741823,1073741823,1073741823,1073577983,1069457407,1073115135,1071995903,1073446399,1073590207,1073479679,1073741823,1073741823,1073741823:f6
1073741823,1073741823,1073741823,1073741823,1073741823,1073577983,1073651711,1073115135,1067801599,1073446399,1073590207,1073479679,1073741823,1073741823,1073741823:f8
1073741823,1073741823,1073741823,1073741823,1073741823,1073577983,1073651711,1073115135,1071995903,1073446399,1069395903,1073479679,1073741823,1073741823,1073741823:f8
1073741823,1073741823,1073741823,1073741823,1073740799,1073577983,1073651711,1073115135,1071995903,1073446399,1073590207,1073479679,1073741823,1073741823,1073741823:f8
1073741823,1073741823,1073741823,1073741823,1073725439,1073577983,1073651711,1073115135,1071995903,1073446399,1073590207,1073479679,1073741823,1073741823,1073741823:f8
1073741823,1073741823,1073741823,1073741823,1073479679,1073577983,1073651711,1073115135,1071995903,1073446399,1073590207,1073479679,1073741823,1073741823,1073741823:f8
1073741823,1073741823,1073741823,1073741823,1073741823,1073577983,1073650687,1073115135,1071995903,1073446399,1073590207,1073479679,1073741823,1073741823,1073741823:f8
1073741823,1073741823,1073741823,1073741823,1073741823,1073577983,1073651711,1073115135,1071995903,1073446399,1073590207,1073479679,1073741567,1073741823,1073741823:f8
1073741823,1073741823,1073741823,1073741823,1073741823,1073577983,1073651711,1073115135,1071995903,1073446399,1073589951,1073479679,1073741823,1073741823,1073741823:f11
1073741823,1073741823,1073741823,1073741823,1073741823,1073577983,1073651711,1073115135,1071995903,1073446399,1073587903,1073479679,1073741807,1073741823,1073741823:f6
1073741823,1073741823,1073741823,1073741823,1073741823,1073577983,1073651711,1073115135,1071995887,1073446399,1073587903,1073479679,1073741823,1073741823,1073741823:f6
1073741823,1073741823,1073741823,1073741823,1073741823,1073577983,1073651711,1073115119,1071995903,1073446399,1073587903,1073479679,1073741823,1073741823,1073741823:f6
1073741823,1073741823,1073741823,1073741823,1073741823,1073577983,1073651711,1073115135,1071995903,1073446399,1073587903,1073479679,1073741819,1073741823,1073741823:f6
1073741823,1073741823,1073741823,1073741823,1073741823,1073577983,1073651711,1073115135,1071995903,1073446399,1073587903,1073479663,1073741823,1073741823,1073741823:f6
1073741823,1073741823,1073741823,1073741823,1073741823,1073577983,1073651711,1073115135,1071995903,1073446399,1073587899,1073479679,1073741823,1073741823,1073741823:f6
1073741823,1073741823,1073741823,1073741823,1073741823,1073577983,1073651711,1073115135,1071995903,1073446399,1073587887,1073479679,1073741823,1073741823,1073741823:f6
1073741823,1073741823,1073741823,1073741823,1073741823,1073577983,1073651711,1073115135,1071995899,1073446399,1073587903,1073479679,1073741823,1073741823,1073741823:f6
1073741823,1073741823,1073741823,1073741823,1073741823,1073577983,1073651711,1073115135,1071995903,1073446383,1073587903,1073479679,1073741823,1073741823,1073741823:f6
1073741823,1073741823,1073741823,1073741823,1073741823,1073577983,1073651711,1073115135,1071995903,1073446335,1073587903,1073479679,1073741823,1073741823,1073741823:f6
1073741823,1073741823,1073741823,1073741823,1073741823,1073577983,1073651711,1073115135,1071995903,1073446399,1073587903,1073479423,1073741823,1073741823,1073741823:f6
1073741823,1073741823,1073741823,1073741823,1073741823,1073577983,1073651711,1073115135,1071995903,1073446399,1073587903,1073479679,1073741759,1073741823,1073741823:f6
1073741823,1073741823,1073741823,1073741823,1073741823,1073577983,1073651711,1073115135,1071995903,1073446399,1073587903,1073479615,1073741823,1073741823,1073741823:f6
1073741823,1073741823,1073741823,1073740799,1073741823,1073577983,1073651711,1073115135,1071995903,1073446399,1073587903,1073479679,1073741823,1073741823,1073741823:f6
1073741823,1073741823,1073741823,1073725439,1073741823,1073577983,1073651711,1073115135,1071995903,1073446399,1073587903,1073479679,1073741823,1073741823,1073741823:f6
1073741823,1073741823,1073741823,1073479679,1073741823,1073577983,1073651711,1073115135,1071995903,1073446399,1073587903,1073479679,1073741823,1073741823,1073741823:f6
1073741823,1073741823,1073741823,1073741823,1073741823,1073577983,1073651711,1073115135,1071995903,1073446399,1073587903,1073479679,1073740799,1073741823,1073741823:f6
1073741823,1073741823,1073741823,1073741823,1073741823,1073577983,1073651711,1073115135,1071995903,1073446399,1073587903,1073479679,1073725439,1073741823,1073741823:f6
1073741823,1073741823,1073741823,1073737727,1073741823,1073577983,1073651711,1073115135,1071995903,1073446399,1073587903,1073479679,1073741823,1073741823,1073741823:f6
1073741823,1073741823,1073741823,1073676287,1073741823,1073577983,1073651711,1073115135,1071995903,1073446399,1073587903,1073479679,1073741823,1073741823,1073741823:f6
1073741823,1073741823,1073741823,1072693247,1073741823,1073577983,1073651711,1073115135,1071995903,1073446399,1073587903,1073479679,1073741823,1073741823,1073741823:f6
1073741823,1073741823,1073741823,1073741823,1073741823,1073577727,1073651711,1073115135,1071995903,1073446399,1073587903,1073479679,1073741823,1073741823,1073741823:f8
1073741823,1073741823,1073741823,1073741823,1073741567,1073577983,1073651711,1073115135,1071995903,1073446399,1073587903,1073479679,1073741823,1073741823,1073741823:f8
1073741823,1073741823,1073741823,1073741823,1073741823,1073577983,1073651711,1073115135,1071995903,1073446399,1073587903,1073479679,1073741823,1073725439,1073741823:f6
1073741823,1073741823,1073741823,1073741823,1073741823,1073577983,1073651711,1073115135,1071995903,1073446399,1073587903,1072431103,1073741823,1073741823,1073741823:f6
1073741823,1073741823,1073741823,1073741823,1073741823,1073577983,1073651711,1073115135,1071995903,1073446399,1073587903,1073479679,1073741823,1069547519,1073741823:f6
1073741823,1073741823,1073741823,1073741823,1073741823,1073577983,1073651711,1073115135,1071995903,1073446399,1073587903,1073479679,1073741823,1073479679,1073741823:f6
1073741823,1073741823,1073741823,1073741823,1073741823,1073577983,1073651711,1073115135,1071995903,1073446399,1073587903,1073479679,1073479679,1073741823,1073741823:f6
1073741823,1073741823,1073741823,1073741823,1073741823,1073577983,1073651711,1073115135,1071995903,1073446399,1073587903,1073479679,1072693247,1073741823,1073741823:f6
1073741823,1073741823,1073741823,1073741823,1073741823,1073577983,1073651711,1073115135,1071995903,1073446399,1073587903,1073414143,1073741823,1073741823,1073741823:f6
1073741823,1073741823,1073741823,1073741823,1073741823,1073577983,1073651711,1073115135,1071995839,1073446399,1073587903,1073479679,1073741823,1073741823,1073741823:f6
1073741823,1073741823,1073741823,1073741823,1073741823,1073577983,1073651647,1073115135,1071995903,1073446399,1073587903,1073479679,1073741823,1073741823,1073741823:f6
1073741823,1073741823,1073741823,1073741823,1073741823,1073577983,1073651711,1073114879,1071995903,1073446399,1073587903,1073479679,1073741823,1073741823,1073741823:f6
1073741823,1073741823,1073741823,1073741823,1073741823,1073577983,1073651455,1073115135,1071995903,1073446399,1073587903,1073479679,1073741823,1073741823,1073741823:f6
1073741823,1073741823,1073741823,1073741823,1073741823,1073577983,1056874495,1073115135,1071995903,1073446399,1073587903,1073479679,1073741823,1073741823,1073741823:f6
1073741823,1073741823,1073741823,1073741823,1073741823,1073577983,1073651711,1073115135,1055218687,1073446399,1073587903,1073479679,1073741823,1073741823,1073741823:f6
1073741823,1073741823,1073741823,1073741823,1073741823,1073577983,1073651711,1073115135,1071995903,1073446399,1056810687,1073479679,1073741823,1073741823,1073741823:f6
1073741823,1073741823,1073741823,1073741823,1073741823,1073577983,1069457407,1073115135,1071995903,1073446399,1073587903,1073479679,1073741823,1073741823,1073741823:f6
1073741823,1073741823,1073741823,1073741823,1073741823,1073577983,1073651711,1073115135,1067801599,1073446399,1073587903,1073479679,1073741823,1073741823,1073741823:f6
1073741823,1073741823,1073741823,1073741823,1073741823,1073577983,1073651711,1073115135,1071995903,1073446399,1069393599,1073479679,1073741823,1073741823,1073741823:f6
1073741823,1073741823,1073741823,1073741823,1073740799,1073577983,1073651711,1073115135,1071995903,1073446399,1073587903,1073479679,1073741823,1073741823,1073741823:f8
1073741823,1073741823,1073741823,1073741823,1073725439,1073577983,1073651711,1073115135,1071995903,1073446399,1073587903,1073479679,1073741823,1073741823,1073741823:f6
1073741823,1073741823,1073741823,1073741823,1073479679,1073577983,1073651711,1073115135,1071995903,1073446399,1073587903,1073479679,1073741823,1073741823,1073741823:f6
1073741823,1073741823,1073741823,1073741823,1073741823,1073577983,1073650687,1073115135,1071995903,1073446399,1073587903,1073479679,1073741823,1073741823,1073741823:f6
1073741823,1073741823,1073741823,1073741823,1073741823,1073577983,1073651711,1073115135,1071995903,1073446399,1073587903,1073479679,1073741567,1073741823,1073741823:f6
1073741823,1073741823,1073741823,1073741823,1073741823,1073577983,1073651711,1073115135,1071995647,1073446399,1073587903,1073479679,1073741823,1073741823,1073741823:f6
1073741823,1073741823,1073741823,1073741823,1073741823,1073577983,1073651711,1073115135,1071995903,1073446399,1073587903,1073479679,1073676287,1073741823,1073741823:f6
1073741823,1073741823,1073741823,1073741823,1073741823,1073577983,1073651711,1073115135,1071995903,1073446399,1073587903,1073479679,1073737727,1073741823,1073741823:f6
1073741823,1073741823,1073741823,1073741823,1073741823,1073577983,1073651711,1073115135,1071995903,1073446399,1073587903,1073475583,1073741823,1073741823,1073741823:f6
1073741823,1073741823,1073741823,1073741823,1073741823,1073577983,1073651711,1073115135,1071995903,1073446399,1073587903,1073478655,1073741823,1073741823,1073741823:f6
1073741823,1073741823,1073741823,1073741823,1073741823,1073577983,1073651711,1073115135,1071995903,1073446399,1073587903,1073463295,1073741823,1073741823,1073741823:f6
1073741823,1073741823,1073741823,1073741823,1073741823,1073577983,1073651711,1073115135,1071995903,1073446399,1073587903,1069285375,1073741823,1073741823,1073741823:f6
1073741823,1073741823,1073741823,1073741823,1073741823,1073577983,1073651711,1073115135,1071995903,1073446399,1073325759,1073479679,1073741823,1073741823,1073741823:f6
1073741823,1073741823,1073741823,1073741823,1073741823,1073577983,1073651711,1073115135,1071995903,1073446399,1072539327,1073479679,1073741823,1073741823,1073741823:f6
1073741823,1073741823,1073741823,1073741823,1073741823,1073577983,1073651711,1073115135,1071995903,1073442303,1073587903,1073479679,1073741823,1073741823,1073741823:f6
1073741823,1073741823,1073741823,1073741823,1073741823,1073573887,1073651711,1073115135,1071995903,1073446399,1073587903,1073479679,1073741823,1073741823,1073741823:f8
1073741823,1073741823,1073741823,1073741823,1073741823,1072529407,1073651711,1073115135,1071995903,1073446399,1073587903,1073479679,1073741823,1073741823,1073741823:f6
1073741823,1073741823,1073741823,1073741823,1073741823,1073577983,1073651711,1073115135,1071995903,1072397823,1073587903,1073479679,1073741823,1073741823,1073741823:f6
1073741823,1073741823,1073741823,1073741823,1073741823,1073577983,1073651711,1073115135,1071995903,1073380863,1073587903,1073479679,1073741823,1073741823,1073741823:f6
1073741823,1073741823,1073741823,1073741823,1073741823,1069383679,1073651711,1073115135,1071995903,1073446399,1073587903,1073479679,1073741823,1073741823,1073741823:f6
1073741823,1073741823,1073741823,1073741823,1073741823,1073577983,1073651711,1068920831,1071995903,1073446399,1073587903,1073479679,1073741823,1073741823,1073741823:f6
1073741823,1073741823,1073741823,1073741823,1073741823,1073577983,1073651711,1072066559,1071995903,1073446399,1073587903,1073479679,1073741823,1073741823,1073741823:f6
1073741823,1073741823,1073741823,1073741823,1073741823,1073577983,1073651711,1073115135,1071995903,1069252095,1073587903,1073479679,1073741823,1073741823,1073741823:f6
1073741823,1073741823,1073741823,1073741823,1073737727,1073577983,1073651711,1073115135,1071995903,1073446399,1073587903,1073479679,1073741823,1073741823,1073741823:f6
1073741823,1073741823,1073741823,1073741823,1073676287,1073577983,1073651711,1073115135,1071995903,1073446399,1073587903,1073479679,1073741823,1073741823,1073741823:f6
1073741823,1073741823,1073741823,1073741823,1072693247,1073577983,1073651711,1073115135,1071995903,1073446399,1073587903,1073479679,1073741823,1073741823,1073741823:f6
1073741823,1073741823,1073741823,1073741823,1073741823,1073577983,1072603135,1073115135,1071995903,1073446399,1073587903,1073479679,1073741823,1073741823,1073741823:f6
1073741823,1073741823,1073741823,1073741823,1073741823,1073577983,1073389567,1073115135,1071995903,1073446399,1073587903,1073479679,1073741823,1073741823,1073741823:f6
1073741823,1073741823,1073741823,1073741823,1073741823,1073577983,1073651711,1073115135,1071995903,1073445375,1073587903,1073479679,1073741823,1073741823,1073741823:f6
1073741823,1073741823,1073741823,1073741823,1073741823,1073577983,1073651711,1073114111,1071995903,1073446399,1073587903,1073479679,1073741823,1073741823,1073741823:f6
1073741823,1073741823,1073741823,1073741823,1073741823,1073576959,1073651711,1073115135,1071995903,1073446399,1073587903,1073479679,1073741823,1073741823,1073741823:f8
1073741823,1073741823,1073741823,1073741823,1073741823,1073315839,1073651711,1073115135,1071995903,1073446399,1073587903,1073479679,1073741823,1073741823,1073741823:f8
1073741823,1073741823,1073741823,1073741823,1073741823,1073577983,1073651711,1073115135,1071995903,1073446399,1073589183,1073479679,1073741823,1073741823,1073741823:e11
1073741823,1073741823,1073741823,1073741823,1073741823,1073577983,1073651711,1073115135,1071995903,1073446399,1073588671,1073479679,1073741807,1073741823,1073741823:f6
1073741823,1073741823,1073741823,1073741823,1073741823,1073577983,1073651711,1073115135,1071995887,1073446399,1073588671,1073479679,1073741823,1073741823,1073741823:f6
1073741823,1073741823,1073741823,1073741823,1073741823,1073577983,1073651711,1073115119,1071995903,1073446399,1073588671,1073479679,1073741823,1073741823,1073741823:f6
1073741823,1073741823,1073741823,1073741823,1073741823,1073577983,1073651711,1073115135,1071995903,1073446399,1073588671,1073479679,1073741819,1073741823,1073741823:f6
1073741823,1073741823,1073741823,1073741823,1073741823,1073577983,1073651711,1073115135,1071995903,1073446399,1073588671,1073479663,1073741823,1073741823,1073741823:f6
1073741823,1073741823,1073741823,1073741823,1073741823,1073577983,1073651711,1073115135,1071995903,1073446399,1073588667,1073479679,1073741823,1073741823,1073741823:f6
1073741823,1073741823,1073741823,1073741823,1073741823,1073577983,1073651711,1073115135,1071995903,1073446399,1073588655,1073479679,1073741823,1073741823,1073741823:f6
1073741823,1073741823,1073741823,1073741823,1073741823,1073577983,1073651711,1073115135,1071995899,1073446399,1073588671,1073479679,1073741823,1073741823,1073741823:f6
1073741823,1073741823,1073741823,1073741823,1073741823,1073577983,1073651711,1073115135,1071995903,1073446383,1073588671,1073479679,1073741823,1073741823,1073741823:f6
1073741823,1073741823,1073741823,1073741823,1073741823,1073577983,1073651711,1073115135,1071995903,1073446335,1073588671,1073479679,1073741823,1073741823,1073741823:f6
1073741823,1073741823,1073741823,1073741823,1073741823,1073577983,1073651711,1073115135,1071995903,1073446399,1073588671,1073479423,1073741823,1073741823,1073741823:f6
1073741823,1073741823,1073741823,1073741823,1073741823,1073577983,1073651711,1073115135,1071995903,1073446399,1073588671,1073479679,1073741759,1073741823,1073741823:f6
1073741823,1073741823,1073741823,1073741823,1073741823,1073577983,1073651711,1073115135,1071995903,1073446399,1073588671,1073479615,1073741823,1073741823,1073741823:f6
1073741823,1073741823,1073741823,1073740799,1073741823,1073577983,1073651711,1073115135,1071995903,1073446399,1073588671,1073479679,1073741823,1073741823,1073741823:f6
1073741823,1073741823,1073741823,1073725439,1073741823,1073577983,1073651711,1073115135,1071995903,1073446399,1073588671,1073479679,1073741823,1073741823,1073741823:f6
1073741823,1073741823,1073741823,1073479679,1073741823,1073577983,1073651711,1073115135,1071995903,1073446399,1073588671,1073479679,1073741823,1073741823,1073741823:f6
1073741823,1073741823,1073741823,1073741823,1073741823,1073577983,1073651711,1073115135,1071995903,1073446399,1073588671,1073479679,1073740799,1073741823,1073741823:f6
1073741823,1073741823,1073741823,1073741823,1073741823,1073577983,1073651711,1073115135,1071995903,1073446399,1073588671,1073479679,1073725439,1073741823,1073741823:f6
1073741823,1073741823,1073741823,1073737727,1073741823,1073577983,1073651711,1073115135,1071995903,1073446399,1073588671,1073479679,1073741823,1073741823,1073741823:f6
1073741823,1073741823,1073741823,1073676287,1073741823,1073577983,1073651711,1073115135,1071995903,1073446399,1073588671,1073479679,1073741823,1073741823,1073741823:f6
1073741823,1073741823,1073741823,1072693247,1073741823,1073577983,1073651711,1073115135,1071995903,1073446399,1073588671,1073479679,1073741823,1073741823,1073741823:f6
1073741823,1073741823,1073741823,1073741823,1073741823,1073577727,1073651711,1073115135,1071995903,1073446399,1073588671,1073479679,1073741823,1073741823,1073741823:f8
1073741823,1073741823,1073741823,1073741823,1073741567,1073577983,1073651711,1073115135,1071995903,1073446399,1073588671,1073479679,1073741823,1073741823,1073741823:f8
1073741823,1073741823,1073741823,1073741823,1073741823,1073577983,1073651711,1073115135,1071995903,1073446399,1073588671,1073479679,1073741823,1073725439,1073741823:f6
1073741823,1073741823,1073741823,1073741823,1073741823,1073577983,1073651711,1073115135,1071995903,1073446399,1073588671,1072431103,1073741823,1073741823,1073741823:f6
1073741823,1073741823,1073741823,1073741823,1073741823,1073577983,1073651711,1073115135,1071995903,1073446399,1073588671,1073479679,1073741823,1069547519,1073741823:f6
1073741823,1073741823,1073741823,1073741823,1073741823,1073577983,1073651711,1073115135,1071995903,1073446399,1073588671,1073479679,1073741823,1073479679,1073741823:f6
1073741823,1073741823,1073741823,1073741823,1073741823,1073577983,1073651711,1073115135,1071995903,1073446399,1073588671,1073479679,1073479679,1073741823,1073741823:f6
1073741823,1073741823,1073741823,1073741823,1073741823,1073577983,1073651711,1073115135,1071995903,1073446399,1073588671,1073479679,1072693247,1073741823,1073741823:f6
1073741823,1073741823,1073741823,1073741823,1073741823,1073577983,1073651711,1073115135,1071995903,1073446399,1073588671,1073414143,1073741823,1073741823,1073741823:f6
1073741823,1073741823,1073741823,1073741823,1073741823,1073577983,1073651711,1073115135,1071995839,1073446399,1073588671,1073479679,1073741823,1073741823,1073741823:f6
1073741823,1073741823,1073741823,1073741823,1073741823,1073577983,1073651647,1073115135,1071995903,1073446399,1073588671,1073479679,1073741823,1073741823,1073741823:f6
1073741823,1073741823,1073741823,1073741823,1073741823,1073577983,1073651711,1073114879,1071995903,1073446399,1073588671,1073479679,1073741823,1073741823,1073741823:f6
1073741823,1073741823,1073741823,1073741823,1073741823,1073577983,1073651455,1073115135,1071995903,1073446399,1073588671,1073479679,1073741823,1073741823,1073741823:f6
1073741823,1073741823,1073741823,1073741823,1073741823,1073577983,1056874495,1073115135,1071995903,1073446399,1073588671,1073479679,1073741823,1073741823,1073741823:f6
1073741823,1073741823,1073741823,1073741823,1073741823,1073577983,1073651711,1073115135,1055218687,1073446399,1073588671,1073479679,1073741823,1073741823,1073741823:f6
1073741823,1073741823,1073741823,1073741823,1073741823,1073577983,1073651711,1073115135,1071995903,1073446399,1056811455,1073479679,1073741823,1073741823,1073741823:f6
1073741823,1073741823,1073741823,1073741823,1073741823,1073577983,1069457407,1073115135,1071995903,1073446399,1073588671,1073479679,1073741823,1073741823,1073741823:f6
1073741823,1073741823,1073741823,1073741823,1073741823,1073577983,1073651711,1073115135,1067801599,1073446399,1073588671,1073479679,1073741823,1073741823,1073741823:f6
1073741823,1073741823,1073741823,1073741823,1073741823,1073577983,1073651711,1073115135,1071995903,1073446399,1069394367,1073479679,1073741823,1073741823,1073741823:f6
1073741823,1073741823,1073741823,1073741823,1073740799,1073577983,1073651711,1073115135,1071995903,1073446399,1073588671,1073479679,1073741823,1073741823,1073741823:f8
1073741823,1073741823,1073741823,1073741823,1073725439,1073577983,1073651711,1073115135,1071995903,1073446399,1073588671,1073479679,1073741823,1073741823,1073741823:f6
1073741823,1073741823,1073741823,1073741823,1073479679,1073577983,1073651711,1073115135,1071995903,1073446399,1073588671,1073479679,1073741823,1073741823,1073741823:f6
1073741823,1073741823,1073741823,1073741823,1073741823,1073577983,1073650687,1073115135,1071995903,1073446399,1073588671,1073479679,1073741823,1073741823,1073741823:f8
1073741823,1073741823,1073741823,1073741823,1073741823,1073577983,1073651711,1073115135,1071995903,1073446399,1073588671,1073479679,1073741567,1073741823,1073741823:f6
1073741823,1073741823,1073741823,1073741823,1073741823,1073577983,1073651711,1073115135,1071995647,1073446399,1073588671,1073479679,1073741823,1073741823,1073741823:f6
1073741823,1073741823,1073741823,1073741823,1073741823,1073577983,1073651711,1073115135,1071995903,1073446399,1073588671,1073479679,1073676287,1073741823,1073741823:f6
1073741823,1073741823,1073741823,1073741823,1073741823,1073577983,1073651711,1073115135,1071995903,1073446399,1073588671,1073479679,1073737727,1073741823,1073741823:f6
1073741823,1073741823,1073741823,1073741823,1073741823,1073577983,1073651711,1073115135,1071995903,1073446399,1073588671,1073475583,1073741823,1073741823,1073741823:f6
1073741823,1073741823,1073741823,1073741823,1073741823,1073577983,1073651711,1073115135,1071995903,1073446399,1073588671,1073478655,1073741823,1073741823,1073741823:f6
1073741823,1073741823,1073741823,1073741823,1073741823,1073577983,1073651711,1073115135,1071995903,1073446399,1073588671,1073463295,1073741823,1073741823,1073741823:f6
1073741823,1073741823,1073741823,1073741823,1073741823,1073577983,1073651711,1073115135,1071995903,1073446399,1073588671,1069285375,1073741823,1073741823,1073741823:f6
1073741823,1073741823,1073741823,1073741823,1073741823,1073577983,1073651711,1073115135,1071995903,1073446399,1073326527,1073479679,1073741823,1073741823,1073741823:f6
1073741823,1073741823,1073741823,1073741823,1073741823,1073577983,1073651711,1073115135,1071995903,1073446399,1072540095,1073479679,1073741823,1073741823,1073741823:f6
1073741823,1073741823,1073741823,1073741823,1073741823,1073577983,1073651711,1073115135,1071995903,1073442303,1073588671,1073479679,1073741823,1073741823,1073741823:f6
1073741823,1073741823,1073741823,1073741823,1073741823,1073573887,1073651711,1073115135,1071995903,1073446399,1073588671,1073479679,1073741823,1073741823,1073741823:f8
1073741823,1073741823,1073741823,1073741823,1073741823,1072529407,1073651711,1073115135,1071995903,1073446399,1073588671,1073479679,1073741823,1073741823,1073741823:f6
1073741823,1073741823,1073741823,1073741823,1073741823,1073577983,1073651711,1073115135,1071995903,1072397823,1073588671,1073479679,1073741823,1073741823,1073741823:f6
1073741823,1073741823,1073741823,1073741823,1073741823,1073577983,1073651711,1073115135,1071995903,1073380863,1073588671,1073479679,1073741823,1073741823,1073741823:f6
1073741823,1073741823,1073741823,1073741823,1073741823,1069383679,1073651711,1073115135,1071995903,1073446399,1073588671,1073479679,1073741823,1073741823,1073741823:f6
1073741823,1073741823,1073741823,1073741823,1073741823,1073577983,1073651711,1068920831,1071995903,1073446399,1073588671,1073479679,1073741823,1073741823,1073741823:f6
1073741823,1073741823,1073741823,1073741823,1073741823,1073577983,1073651711,1072066559,1071995903,1073446399,1073588671,1073479679,1073741823,1073741823,1073741823:f6
1073741823,1073741823,1073741823,1073741823,1073741823,1073577983,1073651711,1073115135,1071995903,1069252095,1073588671,1073479679,1073741823,1073741823,1073741823:f6
1073741823,1073741823,1073741823,1073741823,1073737727,1073577983,1073651711,1073115135,1071995903,1073446399,1073588671,1073479679,1073741823,1073741823,1073741823:f6
1073741823,1073741823,1073741823,1073741823,1073676287,1073577983,1073651711,1073115135,1071995903,1073446399,1073588671,1073479679,1073741823,1073741823,1073741823:f6
1073741823,1073741823,1073741823,1073741823,1072693247,1073577983,1073651711,1073115135,1071995903,1073446399,1073588671,1073479679,1073741823,1073741823,1073741823:f6
1073741823,1073741823,1073741823,1073741823,1073741823,1073577983,1072603135,1073115135,1071995903,1073446399,1073588671,1073479679,1073741823,1073741823,1073741823:f6
1073741823,1073741823,1073741823,1073741823,1073741823,1073577983,1073389567,1073115135,1071995903,1073446399,1073588671,1073479679,1073741823,1073741823,1073741823:f6
1073741823,1073741823,1073741823,1073741823,1073741823,1073577983,1073651711,1073115135,1071995903,1073445375,1073588671,1073479679,1073741823,1073741823,1073741823:f6
1073741823,1073741823,1073741823,1073741823,1073741823,1073577983,1073651711,1073114111,1071995903,1073446399,1073588671,1073479679,1073741823,1073741823,1073741823:f6
1073741823,1073741823,1073741823,1073741823,1073741823,1073576959,1073651711,1073115135,1071995903,1073446399,1073588671,1073479679,1073741823,1073741823,1073741823:f8
1073741823,1073741823,1073741823,1073741823,1073741823,1073315839,1073651711,1073115135,1071995903,1073446399,1073588671,1073479679,1073741823,1073741823,1073741823:f8
1073741823,1073741823,1073741823,1073741823,1073741823,1073577983,1073651711,1073115135,1071995647,1073446399,1073590207,1073479679,1073741823,1073741823,1073741823:f6
1073741823,1073741823,1073741823,1073741823,1073741823,1073577983,1073651711,1073115135,1071995903,1073446399,1073590207,1073479679,1073676287,1073741823,1073741823:f8
1073741823,1073741823,1073741823,1073741823,1073741823,1073577983,1073651711,1073115135,1071995903,1073446399,1073590207,1073479679,1073737727,1073741823,1073741823:f6
1073741823,1073741823,1073741823,1073741823,1073741823,1073577983,1073651711,1073115135,1071995903,1073446399,1073590207,1073475583,1073741823,1073741823,1073741823:f8
1073741823,1073741823,1073741823,1073741823,1073741823,1073577983,1073651711,1073115135,1071995903,1073446399,1073590207,1073478655,1073741823,1073741823,1073741823:f6
1073741823,1073741823,1073741823,1073741823,1073741823,1073577983,1073651711,1073115135,1071995903,1073446399,1073590207,1073463295,1073741823,1073741823,1073741823:f8
1073741823,1073741823,1073741823,1073741823,1073741823,1073577983,1073651711,1073115135,1071995903,1073446399,1073590207,1069285375,1073741823,1073741823,1073741823:f8
1073741823,1073741823,1073741823,1073741823,1073741823,1073577983,1073651711,1073115135,1071995903,1073446399,1073328063,1073479679,1073741823,1073741823,1073741823:f6
1073741823,1073741823,1073741823,1073741823,1073741823,1073577983,1073651711,1073115135,1071995903,1073446399,1072541631,1073479679,1073741823,1073741823,1073741823:f8
1073741823,1073741823,1073741823,1073741823,1073741823,1073577983,1073651711,1073115135,1071995903,1073442303,1073590207,1073479679,1073741823,1073741823,1073741823:f6
1073741823,1073741823,1073741823,1073741823,1073741823,1073573887,1073651711,1073115135,1071995903,1073446399,1073590207,1073479679,1073741823,1073741823,1073741823:f8
1073741823,1073741823,1073741823,1073741823,1073741823,1072529407,1073651711,1073115135,1071995903,1073446399,1073590207,1073479679,1073741823,1073741823,1073741823:f8
1073741823,1073741823,1073741823,1073741823,1073741823,1073577983,1073651711,1073115135,1071995903,1072397823,1073590207,1073479679,1073741823,1073741823,1073741823:f8
1073741823,1073741823,1073741823,1073741823,1073741823,1073577983,1073651711,1073115135,1071995903,1073380863,1073590207,1073479679,1073741823,1073741823,1073741823:f8
1073741823,1073741823,1073741823,1073741823,1073741823,1069383679,1073651711,1073115135,1071995903,1073446399,1073590207,1073479679,1073741823,1073741823,1073741823:f8
1073741823,1073741823,1073741823,1073741823,1073741823,1073577983,1073651711,1068920831,1071995903,1073446399,1073590207,1073479679,1073741823,1073741823,1073741823:f8
1073741823,1073741823,1073741823,1073741823,1073741823,1073577983,1073651711,1072066559,1071995903,1073446399,1073590207,1073479679,1073741823,1073741823,1073741823:f8
1073741823,1073741823,1073741823,1073741823,1073741823,1073577983,1073651711,1073115135,1071995903,1069252095,1073590207,1073479679,1073741823,1073741823,1073741823:f8
1073741823,1073741823,1073741823,1073741823,1073737727,1073577983,1073651711,1073115135,1071995903,1073446399,1073590207,1073479679,1073741823,1073741823,1073741823:f8
1073741823,1073741823,1073741823,1073741823,1073676287,1073577983,1073651711,1073115135,1071995903,1073446399,1073590207,1073479679,1073741823,1073741823,1073741823:f6
1073741823,1073741823,1073741823,1073741823,1072693247,1073577983,1073651711,1073115135,1071995903,1073446399,1073590207,1073479679,1073741823,1073741823,1073741823:f8
1073741823,1073741823,1073741823,1073741823,1073741823,1073577983,1072603135,1073115135,1071995903,1073446399,1073590207,1073479679,1073741823,1073741823,1073741823:f8
1073741823,1073741823,1073741823,1073741823,1073741823,1073577983,1073389567,1073115135,1071995903,1073446399,1073590207,1073479679,1073741823,1073741823,1073741823:f8
1073741823,1073741823,1073741823,1073741823,1073741823,1073577983,1073651711,1073115135,1071995903,1073445375,1073590207,1073479679,1073741823,1073741823,1073741823:f6
1073741823,1073741823,1073741823,1073741823,1073741823,1073577983,1073651711,1073114111,1071995903,1073446399,1073590207,1073479679,1073741823,1073741823,1073741823:f6
1073741823,1073741823,1073741823,1073741823,1073741823,1073576959,1073651711,1073115135,1071995903,1073446399,1073590207,1073479679,1073741823,1073741823,1073741823:f8
1073741823,1073741823,1073741823,1073741823,1073741823,1073315839,1073651711,1073115135,1071995903,1073446399,1073590207,1073479679,1073741823,1073741823,1073741823:f8
1073741823,1073741823,1073741823,1073741823,1073741823,1073577983,1073651711,1073115135,1071995903,1073446655,1073590271,1073479679,1073741823,1073741823,1073741823:d11
1073741823,1073741823,1073741823,1073741823,1073741823,1073577983,1073651711,1073115135,1071995903,1073446655,1073590143,1073479679,1073741819,1073741823,1073741823:f6
1073741823,1073741823,1073741823,1073741823,1073741823,1073577983,1073651711,1073115135,1071995903,1073446655,1073590139,1073479679,1073741823,1073741823,1073741823:f6
1073741823,1073741823,1073741823,1073741823,1073741823,1073577983,1073651711,1073115135,1071995903,1073446655,1073590127,1073479679,1073741823,1073741823,1073741823:f6
1073741823,1073741823,1073741823,1073741823,1073741823,1073577983,1073651711,1073115135,1071995899,1073446655,1073590143,1073479679,1073741823,1073741823,1073741823:f6
1073741823,1073741823,1073741823,1073741823,1073741823,1073577983,1073651711,1073115135,1071995903,1073446655,1073590143,1073479679,1073741759,1073741823,1073741823:f6
1073741823,1073741823,1073741823,1073741823,1073741823,1073577983,1073651711,1073115135,1071995903,1073446655,1073590143,1073479615,1073741823,1073741823,1073741823:f6
1073741823,1073741823,1073741823,1073741823,1073741823,1073577983,1073651711,1073115135,1071995903,1073446655,1073590143,1073479663,1073741823,1073741823,1073741823:f6
1073741823,1073741823,1073741823,1073741823,1073741823,1073577983,1073651711,1073115135,1071995903,1073446639,1073590143,1073479679,1073741823,1073741823,1073741823:f6
1073741823,1073741823,1073741823,1073741823,1073741823,1073577983,1073651711,1073115135,1071995903,1073446591,1073590143,1073479679,1073741823,1073741823,1073741823:f6
1073741823,1073741823,1073741823,1073741823,1073741823,1073577983,1073651711,1073115119,1071995903,1073446655,1073590143,1073479679,1073741823,1073741823,1073741823:f6
1073741823,1073741823,1073741823,1073741823,1073741823,1073577983,1073651711,1073115135,1071995903,1073446655,1073590143,1073479423,1073741823,1073741823,1073741823:f6
1073741823,1073741823,1073741823,1073740799,1073741823,1073577983,1073651711,1073115135,1071995903,1073446655,1073590143,1073479679,1073741823,1073741823,1073741823:f6
1073741823,1073741823,1073741823,1073725439,1073741823,1073577983,1073651711,1073115135,1071995903,1073446655,1073590143,1073479679,1073741823,1073741823,1073741823:f6
1073741823,1073741823,1073741823,1073479679,1073741823,1073577983,1073651711,1073115135,1071995903,1073446655,1073590143,1073479679,1073741823,1073741823,1073741823:f6
1073741823,1073741823,1073741823,1073741823,1073741823,1073577983,1073651711,1073115135,1071995903,1073446655,1073590143,1073479679,1073740799,1073741823,1073741823:f6
1073741823,1073741823,1073741823,1073741823,1073741823,1073577983,1073651711,1073115135,1071995903,1073446655,1073590143,1073479679,1073725439,1073741823,1073741823:f6
1073741823,1073741823,1073741823,1073737727,1073741823,1073577983,1073651711,1073115135,1071995903,1073446655,1073590143,1073479679,1073741823,1073741823,1073741823:f6
1073741823,1073741823,1073741823,1073676287,1073741823,1073577983,1073651711,1073115135,1071995903,1073446655,1073590143,1073479679,1073741823,1073741823,1073741823:f6
1073741823,1073741823,1073741823,1072693247,1073741823,1073577983,1073651711,1073115135,1071995903,1073446655,1073590143,1073479679,1073741823,1073741823,1073741823:f6
1073741823,1073741823,1073741823,1073741823,1073741823,1073577727,1073651711,1073115135,1071995903,1073446655,1073590143,1073479679,1073741823,1073741823,1073741823:f8
1073741823,1073741823,1073741823,1073741823,1073741567,1073577983,1073651711,1073115135,1071995903,1073446655,1073590143,1073479679,1073741823,1073741823,1073741823:f8
1073741823,1073741823,1073741823,1073741823,1073741823,1073577983,1073651711,1073115135,1071995903,1073446655,1073590143,1073479679,1073741823,1073725439,1073741823:f6
1073741823,1073741823,1073741823,1073741823,1073741823,1073577983,1073651711,1073115135,1071995903,1073446655,1073590143,1072431103,1073741823,1073741823,1073741823:f6
1073741823,1073741823,1073741823,1073741823,1073741823,1073577983,1073651711,1073115135,1071995903,1073446655,1073590143,1073479679,1073741823,1069547519,1073741823:f6
1073741823,1073741823,1073741823,1073741823,1073741823,1073577983,1073651711,1073115135,1071995903,1073446655,1073590143,1073479679,1073741823,1073479679,1073741823:f6
1073741823,1073741823,1073741823,1073741823,1073741823,1073577983,1073651711,1073115135,1071995903,1073446655,1073590143,1073479679,1073479679,1073741823,1073741823:f6
1073741823,1073741823,1073741823,1073741823,1073741823,1073577983,1073651711,1073115135,1071995903,1073446655,1073590143,1073479679,1072693247,1073741823,1073741823:f6
1073741823,1073741823,1073741823,1073741823,1073741823,1073577983,1073651711,1073115135,1071995903,1073446655,1073590143,1073414143,1073741823,1073741823,1073741823:f6
1073741823,1073741823,1073741823,1073741823,1073741823,1073577983,1073651711,1073115135,1071995839,1073446655,1073590143,1073479679,1073741823,1073741823,1073741823:f6
1073741823,1073741823,1073741823,1073741823,1073741823,1073577983,1073651647,1073115135,1071995903,1073446655,1073590143,1073479679,1073741823,1073741823,1073741823:f6
1073741823,1073741823,1073741823,1073741823,1073741823,1073577983,1073651711,1073114879,1071995903,1073446655,1073590143,1073479679,1073741823,1073741823,1073741823:f6
1073741823,1073741823,1073741823,1073741823,1073741823,1073577983,1073651455,1073115135,1071995903,1073446655,1073590143,1073479679,1073741823,1073741823,1073741823:f6
1073741823,1073741823,1073741823,1073741823,1073741823,1073577983,1056874495,1073115135,1071995903,1073446655,1073590143,1073479679,1073741823,1073741823,1073741823:f6
1073741823,1073741823,1073741823,1073741823,1073741823,1073577983,1073651711,1073115135,1055218687,1073446655,1073590143,1073479679,1073741823,1073741823,1073741823:f6
1073741823,1073741823,1073741823,1073741823,1073741823,1073577983,1073651711,1073115135,1071995903,1073446655,1056812927,1073479679,1073741823,1073741823,1073741823:f6
1073741823,1073741823,1073741823,1073741823,1073741823,1073577983,1069457407,1073115135,1071995903,1073446655,1073590143,1073479679,1073741823,1073741823,1073741823:f6
1073741823,1073741823,1073741823,1073741823,1073741823,1073577983,1073651711,1073115135,1067801599,1073446655,1073590143,1073479679,1073741823,1073741823,1073741823:f6
1073741823,1073741823,1073741823,1073741823,1073741823,1073577983,1073651711,1073115135,1071995903,1073446655,1069395839,1073479679,1073741823,1073741823,1073741823:f6
1073741823,1073741823,1073741823,1073741823,1073740799,1073577983,1073651711,1073115135,1071995903,1073446655,1073590143,1073479679,1073741823,1073741823,1073741823:f8
1073741823,1073741823,1073741823,1073741823,1073725439,1073577983,1073651711,1073115135,1071995903,1073446655,1073590143,1073479679,1073741823,1073741823,1073741823:f6
1073741823,1073741823,1073741823,1073741823,1073479679,1073577983,1073651711,1073115135,1071995903,1073446655,1073590143,1073479679,1073741823,1073741823,1073741823:f6
1073741823,1073741823,1073741823,1073741823,1073741823,1073577983,1073650687,1073115135,1071995903,1073446655,1073590143,1073479679,1073741823,1073741823,1073741823:f6
1073741823,1073741823,1073741823,1073741823,1073741823,1073577983,1073651711,1073115135,1071995903,1073446655,1073590143,1073479679,1073741567,1073741823,1073741823:f6
1073741823,1073741823,1073741823,1073741823,1073741823,1073577983,1073651711,1073115135,1071995903,1073446655,1073589887,1073479679,1073741823,1073741823,1073741823:f6
1073741823,1073741823,1073741823,1073741823,1073741823,1073577983,1073651711,1073115135,1071995903,1073446655,1073589119,1073479679,1073741823,1073741823,1073741823:f6
1073741823,1073741823,1073741823,1073741823,1073741823,1073577983,1073651711,1073115135,1071995647,1073446655,1073590143,1073479679,1073741823,1073741823,1073741823:f6
1073741823,1073741823,1073741823,1073741823,1073741823,1073577983,1073651711,1073115135,1071995903,1073446655,1073590143,1073479679,1073676287,1073741823,1073741823:f6
1073741823,1073741823,1073741823,1073741823,1073741823,1073577983,1073651711,1073115135,1071995903,1073446655,1073590143,1073479679,1073737727,1073741823,1073741823:f6
1073741823,1073741823,1073741823,1073741823,1073741823,1073577983,1073651711,1073115135,1071995903,1073446655,1073590143,1073475583,1073741823,1073741823,1073741823:f6
1073741823,1073741823,1073741823,1073741823,1073741823,1073577983,1073651711,1073115135,1071995903,1073446655,1073590143,1073478655,1073741823,1073741823,1073741823:f6
1073741823,1073741823,1073741823,1073741823,1073741823,1073577983,1073651711,1073115135,1071995903,1073446655,1073590143,1073463295,1073741823,1073741823,1073741823:f6
1073741823,1073741823,1073741823,1073741823,1073741823,1073577983,1073651711,1073115135,1071995903,1073446655,1073590143,1069285375,1073741823,1073741823,1073741823:f6
1073741823,1073741823,1073741823,1073741823,1073741823,1073577983,1073651711,1073115135,1071995903,1073446655,1073327999,1073479679,1073741823,1073741823,1073741823:f6
1073741823,1073741823,1073741823,1073741823,1073741823,1073577983,1073651711,1073115135,1071995903,1073446655,1072541567,1073479679,1073741823,1073741823,1073741823:f6
1073741823,1073741823,1073741823,1073741823,1073741823,1073577983,1073651711,1073115135,1071995903,1073442559,1073590143,1073479679,1073741823,1073741823,1073741823:f6
1073741823,1073741823,1073741823,1073741823,1073741823,1073573887,1073651711,1073115135,1071995903,1073446655,1073590143,1073479679,1073741823,1073741823,1073741823:f8
1073741823,1073741823,1073741823,1073741823,1073741823,1072529407,1073651711,1073115135,1071995903,1073446655,1073590143,1073479679,1073741823,1073741823,1073741823:f6
1073741823,1073741823,1073741823,1073741823,1073741823,1073577983,1073651711,1073115135,1071995903,1072398079,1073590143,1073479679,1073741823,1073741823,1073741823:f6
1073741823,1073741823,1073741823,1073741823,1073741823,1073577983,1073651711,1073115135,1071995903,1073381119,1073590143,1073479679,1073741823,1073741823,1073741823:f6
1073741823,1073741823,1073741823,1073741823,1073741823,1069383679,1073651711,1073115135,1071995903,1073446655,1073590143,1073479679,1073741823,1073741823,1073741823:f6
1073741823,1073741823,1073741823,1073741823,1073741823,1073577983,1073651711,1068920831,1071995903,1073446655,1073590143,1073479679,1073741823,1073741823,1073741823:f6
1073741823,1073741823,1073741823,1073741823,1073741823,1073577983,1073651711,1072066559,1071995903,1073446655,1073590143,1073479679,1073741823,1073741823,1073741823:f6
1073741823,1073741823,1073741823,1073741823,1073741823,1073577983,1073651711,1073115135,1071995903,1069252351,1073590143,1073479679,1073741823,1073741823,1073741823:f6
1073741823,1073741823,1073741823,1073741823,1073737727,1073577983,1073651711,1073115135,1071995903,1073446655,1073590143,1073479679,1073741823,1073741823,1073741823:f6
1073741823,1073741823,1073741823,1073741823,1073676287,1073577983,1073651711,1073115135,1071995903,1073446655,1073590143,1073479679,1073741823,1073741823,1073741823:f6
1073741823,1073741823,1073741823,1073741823,1072693247,1073577983,1073651711,1073115135,1071995903,1073446655,1073590143,1073479679,1073741823,1073741823,1073741823:f6
1073741823,1073741823,1073741823,1073741823,1073741823,1073577983,1072603135,1073115135,1071995903,1073446655,1073590143,1073479679,1073741823,1073741823,1073741823:f6
1073741823,1073741823,1073741823,1073741823,1073741823,1073577983,1073389567,1073115135,1071995903,1073446655,1073590143,1073479679,1073741823,1073741823,1073741823:f6
1073741823,1073741823,1073741823,1073741823,1073741823,1073577983,1073651711,1073115135,1071995903,1073445631,1073590143,1073479679,1073741823,1073741823,1073741823:f6
1073741823,1073741823,1073741823,1073741823,1073741823,1073577983,1073651711,1073114111,1071995903,1073446655,1073590143,1073479679,1073741823,1073741823,1073741823:f6
1073741823,1073741823,1073741823,1073741823,1073741823,1073576959,1073651711,1073115135,1071995903,1073446655,1073590143,1073479679,1073741823,1073741823,1073741823:f8
1073741823,1073741823,1073741823,1073741823,1073741823,1073315839,1073651711,1073115135,1071995903,1073446655,1073590143,1073479679,1073741823,1073741823,1073741823:f8
1073741823,1073741823,1073741823,1073741823,1073741823,1073577983,1073651711,1073115135,1071995839,1073446911,1073590271,1073479679,1073741823,1073741823,1073741823:f6
1073741823,1073741823,1073741823,1073741823,1073741823,1073577983,1073651647,1073115135,1071995903,1073446911,1073590271,1073479679,1073741823,1073741823,1073741823:f6
1073741823,1073741823,1073741823,1073741823,1073741823,1073577983,1073651711,1073114879,1071995903,1073446911,1073590271,1073479679,1073741823,1073741823,1073741823:f6
1073741823,1073741823,1073741823,1073741823,1073741823,1073577983,1073651455,1073115135,1071995903,1073446911,1073590271,1073479679,1073741823,1073741823,1073741823:f6
1073741823,1073741823,1073741823,1073741823,1073741823,1073577983,1056874495,1073115135,1071995903,1073446911,1073590271,1073479679,1073741823,1073741823,1073741823:f8
1073741823,1073741823,1073741823,1073741823,1073741823,1073577983,1073651711,1073115135,1055218687,1073446911,1073590271,1073479679,1073741823,1073741823,1073741823:f8
1073741823,1073741823,1073741823,1073741823,1073741823,1073577983,1073651711,1073115135,1071995903,1073446911,1056813055,1073479679,1073741823,1073741823,1073741823:f8
1073741823,1073741823,1073741823,1073741823,1073741823,1073577983,1069457407,1073115135,1071995903,1073446911,1073590271,1073479679,1073741823,1073741823,1073741823:f6
1073741823,1073741823,1073741823,1073741823,1073741823,1073577983,1073651711,1073115135,1067801599,1073446911,1073590271,1073479679,1073741823,1073741823,1073741823:f8
1073741823,1073741823,1073741823,1073741823,1073741823,1073577983,1073651711,1073115135,1071995903,1073446911,1069395967,1073479679,1073741823,1073741823,1073741823:f8
1073741823,1073741823,1073741823,1073741823,1073740799,1073577983,1073651711,1073115135,1071995903,1073446911,1073590271,1073479679,1073741823,1073741823,1073741823:f8
1073741823,1073741823,1073741823,1073741823,1073725439,1073577983,1073651711,1073115135,1071995903,1073446911,1073590271,1073479679,1073741823,1073741823,1073741823:f8
1073741823,1073741823,1073741823,1073741823,1073479679,1073577983,1073651711,1073115135,1071995903,1073446911,1073590271,1073479679,1073741823,1073741823,1073741823:f8
1073741823,1073741823,1073741823,1073741823,1073741823,1073577983,1073650687,1073115135,1071995903,1073446911,1073590271,1073479679,1073741823,1073741823,1073741823:f8
1073741823,1073741823,1073741823,1073741823,1073741823,1073577983,1073651711,1073115135,1071995903,1073446911,1073590271,1073479679,1073741567,1073741823,1073741823:f8
1073741823,1073741823,1073741823,1073741823,1073741823,1073577983,1073651711,1073115135,1071995903,1073446911,1073590015,1073479679,1073741823,1073741823,1073741823:f6
1073741823,1073741823,1073741823,1073741823,1073741823,1073577983,1073651711,1073115135,1071995903,1073446911,1073589247,1073479679,1073741823,1073741823,1073741823:f6
1073741823,1073741823,1073741823,1073741823,1073741823,1073577983,1073651711,1073115135,1071995647,1073446911,1073590271,1073479679,1073741823,1073741823,1073741823:f6
1073741823,1073741823,1073741823,1073741823,1073741823,1073577983,1073651711,1073115135,1071995903,1073446911,1073590271,1073479679,1073676287,1073741823,1073741823:f8
1073741823,1073741823,1073741823,1073741823,1073741823,1073577983,1073651711,1073115135,1071995903,1073446911,1073590271,1073479679,1073737727,1073741823,1073741823:f6
1073741823,1073741823,1073741823,1073741823,1073741823,1073577983,1073651711,1073115135,1071995903,1073446911,1073590271,1073475583,1073741823,1073741823,1073741823:f8
1073741823,1073741823,1073741823,1073741823,1073741823,1073577983,1073651711,1073115135,1071995903,1073446911,1073590271,1073478655,1073741823,1073741823,1073741823:f6
1073741823,1073741823,1073741823,1073741823,1073741823,1073577983,1073651711,1073115135,1071995903,1073446911,1073590271,1073463295,1073741823,1073741823,1073741823:f8
1073741823,1073741823,1073741823,1073741823,1073741823,1073577983,1073651711,1073115135,1071995903,1073446911,1073590271,1069285375,1073741823,1073741823,1073741823:f8
1073741823,1073741823,1073741823,1073741823,1073741823,1073577983,1073651711,1073115135,1071995903,1073446911,1073328127,1073479679,1073741823,1073741823,1073741823:f6
1073741823,1073741823,1073741823,1073741823,1073741823,1073577983,1073651711,1073115135,1071995903,1073446911,1072541695,1073479679,1073741823,1073741823,1073741823:f8
1073741823,1073741823,1073741823,1073741823,1073741823,1073577983,1073651711,1073115135,1071995903,1073442815,1073590271,1073479679,1073741823,1073741823,1073741823:f6
1073741823,1073741823,1073741823,1073741823,1073741823,1073573887,1073651711,1073115135,1071995903,1073446911,1073590271,1073479679,1073741823,1073741823,1073741823:f8
1073741823,1073741823,1073741823,1073741823,1073741823,1072529407,1073651711,1073115135,1071995903,1073446911,1073590271,1073479679,1073741823,1073741823,1073741823:f8
1073741823,1073741823,1073741823,1073741823,1073741823,1073577983,1073651711,1073115135,1071995903,1072398335,1073590271,1073479679,1073741823,1073741823,1073741823:f8
1073741823,1073741823,1073741823,1073741823,1073741823,1073577983,1073651711,1073115135,1071995903,1073381375,1073590271,1073479679,1073741823,1073741823,1073741823:f8
1073741823,1073741823,1073741823,1073741823,1073741823,1069383679,1073651711,1073115135,1071995903,1073446911,1073590271,1073479679,1073741823,1073741823,1073741823:f8
1073741823,1073741823,1073741823,1073741823,1073741823,1073577983,1073651711,1068920831,1071995903,1073446911,1073590271,1073479679,1073741823,1073741823,1073741823:f8
1073741823,1073741823,1073741823,1073741823,1073741823,1073577983,1073651711,1072066559,1071995903,1073446911,1073590271,1073479679,1073741823,1073741823,1073741823:f8
1073741823,1073741823,1073741823,1073741823,1073741823,1073577983,1073651711,1073115135,1071995903,1069252607,1073590271,1073479679,1073741823,1073741823,1073741823:f8
1073741823,1073741823,1073741823,1073741823,1073737727,1073577983,1073651711,1073115135,1071995903,1073446911,1073590271,1073479679,1073741823,1073741823,1073741823:f8
1073741823,1073741823,1073741823,1073741823,1073676287,1073577983,1073651711,1073115135,1071995903,1073446911,1073590271,1073479679,1073741823,1073741823,1073741823:f6
1073741823,1073741823,1073741823,1073741823,1072693247,1073577983,1073651711,1073115135,1071995903,1073446911,1073590271,1073479679,1073741823,1073741823,1073741823:f8
1073741823,1073741823,1073741823,1073741823,1073741823,1073577983,1072603135,1073115135,1071995903,1073446911,1073590271,1073479679,1073741823,1073741823,1073741823:f8
1073741823,1073741823,1073741823,1073741823,1073741823,1073577983,1073389567,1073115135,1071995903,1073446911,1073590271,1073479679,1073741823,1073741823,1073741823:f8
1073741823,1073741823,1073741823,1073741823,1073741823,1073577983,1073651711,1073115135,1071995903,1073445887,1073590271,1073479679,1073741823,1073741823,1073741823:f6
1073741823,1073741823,1073741823,1073741823,1073741823,1073577983,1073651711,1073114111,1071995903,1073446911,1073590271,1073479679,1073741823,1073741823,1073741823:f6
1073741823,1073741823,1073741823,1073741823,1073741823,1073576959,1073651711,1073115135,1071995903,1073446911,1073590271,1073479679,1073741823,1073741823,1073741823:f8
1073741823,1073741823,1073741823,1073741823,1073741823,1073315839,1073651711,1073115135,1071995903,1073446911,1073590271,1073479679,1073741823,1073741823,1073741823:f8
