1073741823,1073741823,1073741823,1073741823,1073741823,1073610751,1073651711,1073115071,1071995903,1073446911,1073606655,1073479679,1073741823,1073741823,1073741823:h6
1073741823,1073741823,1073741823,1073740799,1073741823,1073577983,1073651711,1073115071,1071995903,1073446911,1073606655,1073479679,1073741823,1073741823,1073741823:f8
1073741823,1073741823,1073741823,1073725439,1073741823,1073577983,1073651711,1073115071,1071995903,1073446911,1073606655,1073479679,1073741823,1073741823,1073741823:f8
1073741823,1073741823,1073741823,1073479679,1073741823,1073577983,1073651711,1073115071,1071995903,1073446911,1073606655,1073479679,1073741823,1073741823,1073741823:f6
1073741823,1073741823,1073741823,1073741823,1073741823,1073577983,1073651711,1073115071,1071995903,1073446907,1073606655,1073479679,1073741823,1073741823,1073741823:f8
1073741823,1073741823,1073741823,1073741823,1073741823,1073577983,1073651711,1073115071,1071995887,1073446911,1073606655,1073479679,1073741823,1073741823,1073741823:f6
1073741823,1073741823,1073741823,1073741823,1073741823,1073577983,1073651711,1073115067,1071995903,1073446911,1073606655,1073479679,1073741823,1073741823,1073741823:f6
1073741823,1073741823,1073741823,1073741823,1073741823,1073577983,1073651711,1073115055,1071995903,1073446911,1073606655,1073479679,1073741823,1073741823,1073741823:f6
1073741823,1073741823,1073741823,1073741823,1073741823,1073577979,1073651711,1073115071,1071995903,1073446911,1073606655,1073479679,1073741823,1073741823,1073741823:f8
1073741823,1073741823,1073741823,1073741823,1073741823,1073577983,1073651695,1073115071,1071995903,1073446911,1073606655,1073479679,1073741823,1073741823,1073741823:f6
1073741823,1073741823,1073741823,1073741823,1073741823,1073577919,1073651711,1073115071,1071995903,1073446911,1073606655,1073479679,1073741823,1073741823,1073741823:f8
1073741823,1073741823,1073741823,1073741823,1073741823,1073577983,1073651711,1073115071,1071995903,1073446847,1073606655,1073479679,1073741823,1073741823,1073741823:f6
1073741823,1073741823,1073741823,1073737727,1073741823,1073577983,1073651711,1073115071,1071995903,1073446911,1073606655,1073479679,1073741823,1073741823,1073741823:f8
1073741823,1073741823,1073741823,1073676287,1073741823,1073577983,1073651711,1073115071,1071995903,1073446911,1073606655,1073479679,1073741823,1073741823,1073741823:f8
1073741823,1073741823,1073741823,1072693247,1073741823,1073577983,1073651711,1073115071,1071995903,1073446911,1073606655,1073479679,1073741823,1073741823,1073741823:f8
1073741823,1073741823,1073741823,1073741823,1073741823,1073577727,1073651711,1073115071,1071995903,1073446911,1073606655,1073479679,1073741823,1073741823,1073741823:f8
1073741823,1073741823,1073741823,1073741823,1073741567,1073577983,1073651711,1073115071,1071995903,1073446911,1073606655,1073479679,1073741823,1073741823,1073741823:f8
1073741823,1073741823,1073741823,1073741823,1073741823,1073577983,1073651711,1073115071,1071995903,1073446911,1073606655,1073479679,1073741823,1073725439,1073741823:f6
1073741823,1073741823,1073741823,1073741823,1073741823,1073577983,1073651711,1073115071,1071995903,1073446911,1073606655,1072431103,1073741823,1073741823,1073741823:f8
1073741823,1073741823,1073741823,1073741823,1073741823,1073577983,1073651711,1073115071,1071995903,1073446911,1073606655,1073479679,1073741823,1069547519,1073741823:f8
1073741823,1073741823,1073741823,1073741823,1073741823,1073577983,1073651711,1073115071,1071995903,1073446911,1073606655,1073479679,1073741823,1073479679,1073741823:f8
1073741823,1073741823,1073741823,1073741823,1073741823,1073577983,1073651711,1073115071,1071995903,1073446911,1073606655,1073479679,1073479679,1073741823,1073741823:f6
1073741823,1073741823,1073741823,1073741823,1073741823,1073577983,1073651711,1073115071,1071995903,1073446911,1073606655,1073479679,1072693247,1073741823,1073741823:f8
1073741823,1073741823,1073741823,1073741823,1073741823,1073577983,1073651711,1073115071,1071995903,1073446911,1073606655,1073414143,1073741823,1073741823,1073741823:f8
1073741823,1073741823,1073741823,1073741823,1073741823,1073577983,1073651711,1073115071,1071995903,1073446911,1073606591,1073479679,1073741823,1073741823,1073741823:e10
1073741823,1073741823,1073741823,1073741823,1073741823,1073577983,1073651711,1073115071,1071995903,1073446399,1073606591,1073479679,1073741819,1073741823,1073741823:f6
1073741823,1073741823,1073741823,1073741823,1073741823,1073577983,1073651711,1073115071,1071995903,1073446399,1073606591,1073479663,1073741823,1073741823,1073741823:f6
1073741823,1073741823,1073741823,1073741823,1073741823,1073577983,1073651711,1073115071,1071995903,1073446399,1073606587,1073479679,1073741823,1073741823,1073741823:f6
1073741823,1073741823,1073741823,1073741823,1073741823,1073577983,1073651711,1073115071,1071995903,1073446399,1073606575,1073479679,1073741823,1073741823,1073741823:f8
1073741823,1073741823,1073741823,1073741823,1073741823,1073577983,1073651711,1073115071,1071995899,1073446399,1073606591,1073479679,1073741823,1073741823,1073741823:f6
1073741823,1073741823,1073741823,1073741823,1073741823,1073577983,1073651711,1073115071,1071995903,1073446383,1073606591,1073479679,1073741823,1073741823,1073741823:f6
1073741823,1073741823,1073741823,1073741823,1073741823,1073577983,1073651711,1073115071,1071995903,1073446399,1073606591,1073479679,1073740799,1073741823,1073741823:f6
1073741823,1073741823,1073741823,1073741823,1073741823,1073577983,1073651711,1073115071,1071995903,1073446399,1073606591,1073479423,1073741823,1073741823,1073741823:f6
1073741823,1073741823,1073741823,1073741823,1073741823,1073577983,1073651711,1073115071,1071995903,1073446399,1073606591,1073479679,1073741759,1073741823,1073741823:f6
1073741823,1073741823,1073741823,1073741823,1073741823,1073577983,1073651711,1073115071,1071995903,1073446399,1073606591,1073479615,1073741823,1073741823,1073741823:f6
1073741823,1073741823,1073741823,1073740799,1073741823,1073577983,1073651711,1073115071,1071995903,1073446399,1073606591,1073479679,1073741823,1073741823,1073741823:f6
1073741823,1073741823,1073741823,1073725439,1073741823,1073577983,1073651711,1073115071,1071995903,1073446399,1073606591,1073479679,1073741823,1073741823,1073741823:f6
1073741823,1073741823,1073741823,1073479679,1073741823,1073577983,1073651711,1073115071,1071995903,1073446399,1073606591,1073479679,1073741823,1073741823,1073741823:f6
1073741823,1073741823,1073741823,1073741823,1073741823,1073577983,1073651711,1073115071,1071995903,1073446395,1073606591,1073479679,1073741823,1073741823,1073741823:f6
1073741823,1073741823,1073741823,1073741823,1073741823,1073577983,1073651711,1073115071,1071995887,1073446399,1073606591,1073479679,1073741823,1073741823,1073741823:f6
1073741823,1073741823,1073741823,1073741823,1073741823,1073577983,1073651711,1073115067,1071995903,1073446399,1073606591,1073479679,1073741823,1073741823,1073741823:f6
1073741823,1073741823,1073741823,1073741823,1073741823,1073577983,1073651711,1073115055,1071995903,1073446399,1073606591,1073479679,1073741823,1073741823,1073741823:f8
1073741823,1073741823,1073741823,1073741823,1073741823,1073577979,1073651711,1073115071,1071995903,1073446399,1073606591,1073479679,1073741823,1073741823,1073741823:f6
1073741823,1073741823,1073741823,1073741823,1073741823,1073577983,1073651695,1073115071,1071995903,1073446399,1073606591,1073479679,1073741823,1073741823,1073741823:f6
1073741823,1073741823,1073741823,1073741823,1073741823,1073577919,1073651711,1073115071,1071995903,1073446399,1073606591,1073479679,1073741823,1073741823,1073741823:f6
1073741823,1073741823,1073741823,1073741823,1073741823,1073577983,1073651711,1073115071,1071995903,1073446335,1073606591,1073479679,1073741823,1073741823,1073741823:f6
1073741823,1073741823,1073741823,1073737727,1073741823,1073577983,1073651711,1073115071,1071995903,1073446399,1073606591,1073479679,1073741823,1073741823,1073741823:f6
1073741823,1073741823,1073741823,1073676287,1073741823,1073577983,1073651711,1073115071,1071995903,1073446399,1073606591,1073479679,1073741823,1073741823,1073741823:f6
1073741823,1073741823,1073741823,1072693247,1073741823,1073577983,1073651711,1073115071,1071995903,1073446399,1073606591,1073479679,1073741823,1073741823,1073741823:f6
1073741823,1073741823,1073741823,1073741823,1073741823,1073577727,1073651711,1073115071,1071995903,1073446399,1073606591,1073479679,1073741823,1073741823,1073741823:f8
1073741823,1073741823,1073741823,1073741823,1073741567,1073577983,1073651711,1073115071,1071995903,1073446399,1073606591,1073479679,1073741823,1073741823,1073741823:f8
1073741823,1073741823,1073741823,1073741823,1073741823,1073577983,1073651711,1073115071,1071995903,1073446399,1073606591,1073479679,1073741823,1073725439,1073741823:f6
1073741823,1073741823,1073741823,1073741823,1073741823,1073577983,1073651711,1073115071,1071995903,1073446399,1073606591,1072431103,1073741823,1073741823,1073741823:f6
1073741823,1073741823,1073741823,1073741823,1073741823,1073577983,1073651711,1073115071,1071995903,1073446399,1073606591,1073479679,1073741823,1069547519,1073741823:f6
1073741823,1073741823,1073741823,1073741823,1073741823,1073577983,1073651711,1073115071,1071995903,1073446399,1073606591,1073479679,1073741823,1073479679,1073741823:f6
1073741823,1073741823,1073741823,1073741823,1073741823,1073577983,1073651711,1073115071,1071995903,1073446399,1073606591,1073479679,1073479679,1073741823,1073741823:f6
1073741823,1073741823,1073741823,1073741823,1073741823,1073577983,1073651711,1073115071,1071995903,1073446399,1073606591,1073479679,1072693247,1073741823,1073741823:f6
1073741823,1073741823,1073741823,1073741823,1073741823,1073577983,1073651711,1073115071,1071995903,1073446399,1073606591,1073414143,1073741823,1073741823,1073741823:f6
1073741823,1073741823,1073741823,1073741823,1073741823,1073577983,1073651711,1073115071,1071995839,1073446399,1073606591,1073479679,1073741823,1073741823,1073741823:f6
1073741823,1073741823,1073741823,1073741823,1073741823,1073577983,1073651647,1073115071,1071995903,1073446399,1073606591,1073479679,1073741823,1073741823,1073741823:f6
1073741823,1073741823,1073741823,1073741823,1073741823,1073577983,1073651711,1073114815,1071995903,1073446399,1073606591,1073479679,1073741823,1073741823,1073741823:f8
1073741823,1073741823,1073741823,1073741823,1073741823,1073577983,1073651455,1073115071,1071995903,1073446399,1073606591,1073479679,1073741823,1073741823,1073741823:f6
1073741823,1073741823,1073741823,1073741823,1073741823,1073577983,1056874495,1073115071,1071995903,1073446399,1073606591,1073479679,1073741823,1073741823,1073741823:f6
1073741823,1073741823,1073741823,1073741823,1073741823,1073577983,1073651711,1073115071,1055218687,1073446399,1073606591,1073479679,1073741823,1073741823,1073741823:f6
1073741823,1073741823,1073741823,1073741823,1073741823,1073577983,1073651711,1073115071,1071995903,1073446399,1056829375,1073479679,1073741823,1073741823,1073741823:f6
1073741823,1073741823,1073741823,1073741823,1073741823,1073577983,1069457407,1073115071,1071995903,1073446399,1073606591,1073479679,1073741823,1073741823,1073741823:f6
1073741823,1073741823,1073741823,1073741823,1073741823,1073577983,1073651711,1073115071,1067801599,1073446399,1073606591,1073479679,1073741823,1073741823,1073741823:f6
1073741823,1073741823,1073741823,1073741823,1073741823,1073577983,1073651711,1073115071,1071995903,1073446399,1069412287,1073479679,1073741823,1073741823,1073741823:f6
1073741823,1073741823,1073741823,1073741823,1073740799,1073577983,1073651711,1073115071,1071995903,1073446399,1073606591,1073479679,1073741823,1073741823,1073741823:f8
1073741823,1073741823,1073741823,1073741823,1073725439,1073577983,1073651711,1073115071,1071995903,1073446399,1073606591,1073479679,1073741823,1073741823,1073741823:f6
1073741823,1073741823,1073741823,1073741823,1073479679,1073577983,1073651711,1073115071,1071995903,1073446399,1073606591,1073479679,1073741823,1073741823,1073741823:f6
1073741823,1073741823,1073741823,1073741823,1073741823,1073577983,1073650687,1073115071,1071995903,1073446399,1073606591,1073479679,1073741823,1073741823,1073741823:f6
1073741823,1073741823,1073741823,1073741823,1073741823,1073577983,1073651711,1073115071,1071995903,1073446399,1073606591,1073479679,1073741567,1073741823,1073741823:f6
1073741823,1073741823,1073741823,1073741823,1073741823,1073577983,1073651711,1073115071,1071995903,1073446399,1073606335,1073479679,1073741823,1073741823,1073741823:f6
1073741823,1073741823,1073741823,1073741823,1073741823,1073577983,1073651711,1073115071,1071995903,1073446399,1073605567,1073479679,1073741823,1073741823,1073741823:f6
1073741823,1073741823,1073741823,1073741823,1073741823,1073577983,1073651711,1073115071,1071995647,1073446399,1073606591,1073479679,1073741823,1073741823,1073741823:f6
1073741823,1073741823,1073741823,1073741823,1073741823,1073577983,1073651711,1073115071,1071995903,1073446399,1073606591,1073479679,1073676287,1073741823,1073741823:f6
1073741823,1073741823,1073741823,1073741823,1073741823,1073577983,1073651711,1073115071,1071995903,1073446399,1073606591,1073479679,1073737727,1073741823,1073741823:f6
1073741823,1073741823,1073741823,1073741823,1073741823,1073577983,1073651711,1073115071,1071995903,1073446399,1073606591,1073475583,1073741823,1073741823,1073741823:f6
1073741823,1073741823,1073741823,1073741823,1073741823,1073577983,1073651711,1073115071,1071995903,1073446399,1073606591,1073478655,1073741823,1073741823,1073741823:f6
1073741823,1073741823,1073741823,1073741823,1073741823,1073577983,1073651711,1073115071,1071995903,1073446399,1073590207,1073479679,1073741823,1073741823,1073741823:f8
1073741823,1073741823,1073741823,1073741823,1073741823,1073577983,1073651711,1073115071,1071995903,1073446399,1073606591,1073463295,1073741823,1073741823,1073741823:f6
1073741823,1073741823,1073741823,1073741823,1073741823,1073577983,1073651711,1073115071,1071995903,1073446399,1073606591,1069285375,1073741823,1073741823,1073741823:f6
1073741823,1073741823,1073741823,1073741823,1073741823,1073577983,1073651711,1073115071,1071995903,1073446399,1073344447,1073479679,1073741823,1073741823,1073741823:f6
1073741823,1073741823,1073741823,1073741823,1073741823,1073577983,1073651711,1073115071,1071995903,1073446399,1072558015,1073479679,1073741823,1073741823,1073741823:f6
1073741823,1073741823,1073741823,1073741823,1073741823,1073577983,1073651711,1073115071,1071995903,1073442303,1073606591,1073479679,1073741823,1073741823,1073741823:f6
1073741823,1073741823,1073741823,1073741823,1073741823,1073573887,1073651711,1073115071,1071995903,1073446399,1073606591,1073479679,1073741823,1073741823,1073741823:f8
1073741823,1073741823,1073741823,1073741823,1073741823,1072529407,1073651711,1073115071,1071995903,1073446399,1073606591,1073479679,1073741823,1073741823,1073741823:f6
1073741823,1073741823,1073741823,1073741823,1073741823,1073577983,1073651711,1073115071,1071995903,1072397823,1073606591,1073479679,1073741823,1073741823,1073741823:f6
1073741823,1073741823,1073741823,1073741823,1073741823,1073577983,1073651711,1073115071,1071995903,1073380863,1073606591,1073479679,1073741823,1073741823,1073741823:f6
1073741823,1073741823,1073741823,1073741823,1073741823,1069383679,1073651711,1073115071,1071995903,1073446399,1073606591,1073479679,1073741823,1073741823,1073741823:f6
1073741823,1073741823,1073741823,1073741823,1073741823,1073577983,1073651711,1068920767,1071995903,1073446399,1073606591,1073479679,1073741823,1073741823,1073741823:f6
1073741823,1073741823,1073741823,1073741823,1073741823,1073577983,1073651711,1072066495,1071995903,1073446399,1073606591,1073479679,1073741823,1073741823,1073741823:f6
1073741823,1073741823,1073741823,1073741823,1073741823,1073577983,1073651711,1073115071,1071995903,1069252095,1073606591,1073479679,1073741823,1073741823,1073741823:f6
1073741823,1073741823,1073741823,1073741823,1073737727,1073577983,1073651711,1073115071,1071995903,1073446399,1073606591,1073479679,1073741823,1073741823,1073741823:f6
1073741823,1073741823,1073741823,1073741823,1073676287,1073577983,1073651711,1073115071,1071995903,1073446399,1073606591,1073479679,1073741823,1073741823,1073741823:f6
1073741823,1073741823,1073741823,1073741823,1072693247,1073577983,1073651711,1073115071,1071995903,1073446399,1073606591,1073479679,1073741823,1073741823,1073741823:f6
1073741823,1073741823,1073741823,1073741823,1073741823,1073577983,1072603135,1073115071,1071995903,1073446399,1073606591,1073479679,1073741823,1073741823,1073741823:f6
1073741823,1073741823,1073741823,1073741823,1073741823,1073577983,1073389567,1073115071,1071995903,1073446399,1073606591,1073479679,1073741823,1073741823,1073741823:f6
1073741823,1073741823,1073741823,1073741823,1073741823,1073577983,1073651711,1073115071,1071995903,1073445375,1073606591,1073479679,1073741823,1073741823,1073741823:f6
1073741823,1073741823,1073741823,1073741823,1073741823,1073577983,1073651711,1073114047,1071995903,1073446399,1073606591,1073479679,1073741823,1073741823,1073741823:f6
1073741823,1073741823,1073741823,1073741823,1073741823,1073576959,1073651711,1073115071,1071995903,1073446399,1073606591,1073479679,1073741823,1073741823,1073741823:f8
1073741823,1073741823,1073741823,1073741823,1073741823,1073315839,1073651711,1073115071,1071995903,1073446399,1073606591,1073479679,1073741823,1073741823,1073741823:f8
1073741823,1073741823,1073741823,1073741823,1073741823,1073577983,1073651711,1073115071,1071995903,1073446655,1073606655,1073479679,1073741823,1073741823,1073741823:d11
1073741823,1073741823,1073741823,1073741823,1073741823,1073577983,1073651711,1073115071,1071995903,1073446655,1073606527,1073479679,1073741819,1073741823,1073741823:f6
1073741823,1073741823,1073741823,1073741823,1073741823,1073577983,1073651711,1073115071,1071995903,1073446655,1073606523,1073479679,1073741823,1073741823,1073741823:f6
1073741823,1073741823,1073741823,1073741823,1073741823,1073577983,1073651711,1073115071,1071995903,1073446655,1073606511,1073479679,1073741823,1073741823,1073741823:f6
1073741823,1073741823,1073741823,1073741823,1073741823,1073577983,1073651711,1073115071,1071995899,1073446655,1073606527,1073479679,1073741823,1073741823,1073741823:f6
1073741823,1073741823,1073741823,1073741823,1073741823,1073577983,1073651711,1073115071,1071995903,1073446655,1073606527,1073479679,1073740799,1073741823,1073741823:f6
1073741823,1073741823,1073741823,1073741823,1073741823,1073577983,1073651711,1073115071,1071995903,1073446655,1073606527,1073479679,1073741759,1073741823,1073741823:f6
1073741823,1073741823,1073741823,1073741823,1073741823,1073577983,1073651711,1073115071,1071995903,1073446655,1073606527,1073479615,1073741823,1073741823,1073741823:f6
1073741823,1073741823,1073741823,1073741823,1073741823,1073577983,1073651711,1073115071,1071995903,1073446655,1073606527,1073479663,1073741823,1073741823,1073741823:f6
1073741823,1073741823,1073741823,1073741823,1073741823,1073577983,1073651711,1073115071,1071995903,1073446639,1073606527,1073479679,1073741823,1073741823,1073741823:f6
1073741823,1073741823,1073741823,1073741823,1073741823,1073577983,1073651711,1073115071,1071995903,1073446655,1073606527,1073479423,1073741823,1073741823,1073741823:f6
1073741823,1073741823,1073741823,1073740799,1073741823,1073577983,1073651711,1073115071,1071995903,1073446655,1073606527,1073479679,1073741823,1073741823,1073741823:f6
1073741823,1073741823,1073741823,1073725439,1073741823,1073577983,1073651711,1073115071,1071995903,1073446655,1073606527,1073479679,1073741823,1073741823,1073741823:f6
1073741823,1073741823,1073741823,1073479679,1073741823,1073577983,1073651711,1073115071,1071995903,1073446655,1073606527,1073479679,1073741823,1073741823,1073741823:f6
1073741823,1073741823,1073741823,1073741823,1073741823,1073577983,1073651711,1073115071,1071995903,1073446651,1073606527,1073479679,1073741823,1073741823,1073741823:f6
1073741823,1073741823,1073741823,1073741823,1073741823,1073577983,1073651711,1073115071,1071995887,1073446655,1073606527,1073479679,1073741823,1073741823,1073741823:f6
1073741823,1073741823,1073741823,1073741823,1073741823,1073577983,1073651711,1073115067,1071995903,1073446655,1073606527,1073479679,1073741823,1073741823,1073741823:f6
1073741823,1073741823,1073741823,1073741823,1073741823,1073577983,1073651711,1073115055,1071995903,1073446655,1073606527,1073479679,1073741823,1073741823,1073741823:f8
1073741823,1073741823,1073741823,1073741823,1073741823,1073577979,1073651711,1073115071,1071995903,1073446655,1073606527,1073479679,1073741823,1073741823,1073741823:f6
1073741823,1073741823,1073741823,1073741823,1073741823,1073577983,1073651695,1073115071,1071995903,1073446655,1073606527,1073479679,1073741823,1073741823,1073741823:f6
1073741823,1073741823,1073741823,1073741823,1073741823,1073577919,1073651711,1073115071,1071995903,1073446655,1073606527,1073479679,1073741823,1073741823,1073741823:f6
1073741823,1073741823,1073741823,1073741823,1073741823,1073577983,1073651711,1073115071,1071995903,1073446591,1073606527,1073479679,1073741823,1073741823,1073741823:f6
1073741823,1073741823,1073741823,1073737727,1073741823,1073577983,1073651711,1073115071,1071995903,1073446655,1073606527,1073479679,1073741823,1073741823,1073741823:f6
1073741823,1073741823,1073741823,1073676287,1073741823,1073577983,1073651711,1073115071,1071995903,1073446655,1073606527,1073479679,1073741823,1073741823,1073741823:f6
1073741823,1073741823,1073741823,1072693247,1073741823,1073577983,1073651711,1073115071,1071995903,1073446655,1073606527,1073479679,1073741823,1073741823,1073741823:f6
1073741823,1073741823,1073741823,1073741823,1073741823,1073577727,1073651711,1073115071,1071995903,1073446655,1073606527,1073479679,1073741823,1073741823,1073741823:f8
1073741823,1073741823,1073741823,1073741823,1073741567,1073577983,1073651711,1073115071,1071995903,1073446655,1073606527,1073479679,1073741823,1073741823,1073741823:f8
1073741823,1073741823,1073741823,1073741823,1073741823,1073577983,1073651711,1073115071,1071995903,1073446655,1073606527,1073479679,1073741823,1073725439,1073741823:f6
1073741823,1073741823,1073741823,1073741823,1073741823,1073577983,1073651711,1073115071,1071995903,1073446655,1073606527,1072431103,1073741823,1073741823,1073741823:f6
1073741823,1073741823,1073741823,1073741823,1073741823,1073577983,1073651711,1073115071,1071995903,1073446655,1073606527,1073479679,1073741823,1069547519,1073741823:f6
1073741823,1073741823,1073741823,1073741823,1073741823,1073577983,1073651711,1073115071,1071995903,1073446655,1073606527,1073479679,1073741823,1073479679,1073741823:f6
1073741823,1073741823,1073741823,1073741823,1073741823,1073577983,1073651711,1073115071,1071995903,1073446655,1073606527,1073479679,1073479679,1073741823,1073741823:f6
1073741823,1073741823,1073741823,1073741823,1073741823,1073577983,1073651711,1073115071,1071995903,1073446655,1073606527,1073479679,1072693247,1073741823,1073741823:f6
1073741823,1073741823,1073741823,1073741823,1073741823,1073577983,1073651711,1073115071,1071995903,1073446655,1073606527,1073414143,1073741823,1073741823,1073741823:f6
1073741823,1073741823,1073741823,1073741823,1073741823,1073577983,1073651711,1073115071,1071995839,1073446655,1073606527,1073479679,1073741823,1073741823,1073741823:f6
1073741823,1073741823,1073741823,1073741823,1073741823,1073577983,1073651647,1073115071,1071995903,1073446655,1073606527,1073479679,1073741823,1073741823,1073741823:f6
1073741823,1073741823,1073741823,1073741823,1073741823,1073577983,1073651711,1073114815,1071995903,1073446655,1073606527,1073479679,1073741823,1073741823,1073741823:f8
1073741823,1073741823,1073741823,1073741823,1073741823,1073577983,1073651455,1073115071,1071995903,1073446655,1073606527,1073479679,1073741823,1073741823,1073741823:f6
1073741823,1073741823,1073741823,1073741823,1073741823,1073577983,1056874495,1073115071,1071995903,1073446655,1073606527,1073479679,1073741823,1073741823,1073741823:f6
1073741823,1073741823,1073741823,1073741823,1073741823,1073577983,1073651711,1073115071,1055218687,1073446655,1073606527,1073479679,1073741823,1073741823,1073741823:f6
1073741823,1073741823,1073741823,1073741823,1073741823,1073577983,1073651711,1073115071,1071995903,1073446655,1056829311,1073479679,1073741823,1073741823,1073741823:f6
1073741823,1073741823,1073741823,1073741823,1073741823,1073577983,1069457407,1073115071,1071995903,1073446655,1073606527,1073479679,1073741823,1073741823,1073741823:f6
1073741823,1073741823,1073741823,1073741823,1073741823,1073577983,1073651711,1073115071,1067801599,1073446655,1073606527,1073479679,1073741823,1073741823,1073741823:f6
1073741823,1073741823,1073741823,1073741823,1073741823,1073577983,1073651711,1073115071,1071995903,1073446655,1069412223,1073479679,1073741823,1073741823,1073741823:f6
1073741823,1073741823,1073741823,1073741823,1073740799,1073577983,1073651711,1073115071,1071995903,1073446655,1073606527,1073479679,1073741823,1073741823,1073741823:f8
1073741823,1073741823,1073741823,1073741823,1073725439,1073577983,1073651711,1073115071,1071995903,1073446655,1073606527,1073479679,1073741823,1073741823,1073741823:f6
1073741823,1073741823,1073741823,1073741823,1073479679,1073577983,1073651711,1073115071,1071995903,1073446655,1073606527,1073479679,1073741823,1073741823,1073741823:f6
1073741823,1073741823,1073741823,1073741823,1073741823,1073577983,1073650687,1073115071,1071995903,1073446655,1073606527,1073479679,1073741823,1073741823,1073741823:f6
1073741823,1073741823,1073741823,1073741823,1073741823,1073577983,1073651711,1073115071,1071995903,1073446655,1073606527,1073479679,1073741567,1073741823,1073741823:f6
1073741823,1073741823,1073741823,1073741823,1073741823,1073577983,1073651711,1073115071,1071995903,1073446655,1073606271,1073479679,1073741823,1073741823,1073741823:f6
1073741823,1073741823,1073741823,1073741823,1073741823,1073577983,1073651711,1073115071,1071995903,1073446655,1073605503,1073479679,1073741823,1073741823,1073741823:f6
1073741823,1073741823,1073741823,1073741823,1073741823,1073577983,1073651711,1073115071,1071995647,1073446655,1073606527,1073479679,1073741823,1073741823,1073741823:f6
1073741823,1073741823,1073741823,1073741823,1073741823,1073577983,1073651711,1073115071,1071995903,1073446655,1073606527,1073479679,1073676287,1073741823,1073741823:f6
1073741823,1073741823,1073741823,1073741823,1073741823,1073577983,1073651711,1073115071,1071995903,1073446655,1073606527,1073479679,1073737727,1073741823,1073741823:f6
1073741823,1073741823,1073741823,1073741823,1073741823,1073577983,1073651711,1073115071,1071995903,1073446655,1073606527,1073475583,1073741823,1073741823,1073741823:f6
1073741823,1073741823,1073741823,1073741823,1073741823,1073577983,1073651711,1073115071,1071995903,1073446655,1073606527,1073478655,1073741823,1073741823,1073741823:f6
1073741823,1073741823,1073741823,1073741823,1073741823,1073577983,1073651711,1073115071,1071995903,1073446655,1073590143,1073479679,1073741823,1073741823,1073741823:f6
1073741823,1073741823,1073741823,1073741823,1073741823,1073577983,1073651711,1073115071,1071995903,1073446655,1073606527,1073463295,1073741823,1073741823,1073741823:f6
1073741823,1073741823,1073741823,1073741823,1073741823,1073577983,1073651711,1073115071,1071995903,1073446655,1073606527,1069285375,1073741823,1073741823,1073741823:f6
1073741823,1073741823,1073741823,1073741823,1073741823,1073577983,1073651711,1073115071,1071995903,1073446655,1073344383,1073479679,1073741823,1073741823,1073741823:f6
1073741823,1073741823,1073741823,1073741823,1073741823,1073577983,1073651711,1073115071,1071995903,1073446655,1072557951,1073479679,1073741823,1073741823,1073741823:f6
1073741823,1073741823,1073741823,1073741823,1073741823,1073577983,1073651711,1073115071,1071995903,1073442559,1073606527,1073479679,1073741823,1073741823,1073741823:f6
1073741823,1073741823,1073741823,1073741823,1073741823,1073573887,1073651711,1073115071,1071995903,1073446655,1073606527,1073479679,1073741823,1073741823,1073741823:f8
1073741823,1073741823,1073741823,1073741823,1073741823,1072529407,1073651711,1073115071,1071995903,1073446655,1073606527,1073479679,1073741823,1073741823,1073741823:f6
1073741823,1073741823,1073741823,1073741823,1073741823,1073577983,1073651711,1073115071,1071995903,1072398079,1073606527,1073479679,1073741823,1073741823,1073741823:f6
1073741823,1073741823,1073741823,1073741823,1073741823,1073577983,1073651711,1073115071,1071995903,1073381119,1073606527,1073479679,1073741823,1073741823,1073741823:f6
1073741823,1073741823,1073741823,1073741823,1073741823,1069383679,1073651711,1073115071,1071995903,1073446655,1073606527,1073479679,1073741823,1073741823,1073741823:f6
1073741823,1073741823,1073741823,1073741823,1073741823,1073577983,1073651711,1068920767,1071995903,1073446655,1073606527,1073479679,1073741823,1073741823,1073741823:f6
1073741823,1073741823,1073741823,1073741823,1073741823,1073577983,1073651711,1072066495,1071995903,1073446655,1073606527,1073479679,1073741823,1073741823,1073741823:f6
1073741823,1073741823,1073741823,1073741823,1073741823,1073577983,1073651711,1073115071,1071995903,1069252351,1073606527,1073479679,1073741823,1073741823,1073741823:f6
1073741823,1073741823,1073741823,1073741823,1073737727,1073577983,1073651711,1073115071,1071995903,1073446655,1073606527,1073479679,1073741823,1073741823,1073741823:f6
1073741823,1073741823,1073741823,1073741823,1073676287,1073577983,1073651711,1073115071,1071995903,1073446655,1073606527,1073479679,1073741823,1073741823,1073741823:f6
1073741823,1073741823,1073741823,1073741823,1072693247,1073577983,1073651711,1073115071,1071995903,1073446655,1073606527,1073479679,1073741823,1073741823,1073741823:f6
1073741823,1073741823,1073741823,1073741823,1073741823,1073577983,1072603135,1073115071,1071995903,1073446655,1073606527,1073479679,1073741823,1073741823,1073741823:f6
1073741823,1073741823,1073741823,1073741823,1073741823,1073577983,1073389567,1073115071,1071995903,1073446655,1073606527,1073479679,1073741823,1073741823,1073741823:f6
1073741823,1073741823,1073741823,1073741823,1073741823,1073577983,1073651711,1073115071,1071995903,1073445631,1073606527,1073479679,1073741823,1073741823,1073741823:f6
1073741823,1073741823,1073741823,1073741823,1073741823,1073577983,1073651711,1073114047,1071995903,1073446655,1073606527,1073479679,1073741823,1073741823,1073741823:f6
1073741823,1073741823,1073741823,1073741823,1073741823,1073576959,1073651711,1073115071,1071995903,1073446655,1073606527,1073479679,1073741823,1073741823,1073741823:f8
1073741823,1073741823,1073741823,1073741823,1073741823,1073315839,1073651711,1073115071,1071995903,1073446655,1073606527,1073479679,1073741823,1073741823,1073741823:f8
1073741823,1073741823,1073741823,1073741823,1073741823,1073577983,1073651711,1073115071,1071995839,1073446911,1073606655,1073479679,1073741823,1073741823,1073741823:f6
1073741823,1073741823,1073741823,1073741823,1073741823,1073577983,1073651647,1073115071,1071995903,1073446911,1073606655,1073479679,1073741823,1073741823,1073741823:f8
1073741823,1073741823,1073741823,1073741823,1073741823,1073577983,1073651711,1073114815,1071995903,1073446911,1073606655,1073479679,1073741823,1073741823,1073741823:f6
1073741823,1073741823,1073741823,1073741823,1073741823,1073577983,1073651455,1073115071,1071995903,1073446911,1073606655,1073479679,1073741823,1073741823,1073741823:f6
1073741823,1073741823,1073741823,1073741823,1073741823,1073577983,1056874495,1073115071,1071995903,1073446911,1073606655,1073479679,1073741823,1073741823,1073741823:f8
1073741823,1073741823,1073741823,1073741823,1073741823,1073577983,1073651711,1073115071,1055218687,1073446911,1073606655,1073479679,1073741823,1073741823,1073741823:f8
1073741823,1073741823,1073741823,1073741823,1073741823,1073577983,1073651711,1073115071,1071995903,1073446911,1056829439,1073479679,1073741823,1073741823,1073741823:f8
1073741823,1073741823,1073741823,1073741823,1073741823,1073577983,1069457407,1073115071,1071995903,1073446911,1073606655,1073479679,1073741823,1073741823,1073741823:f6
1073741823,1073741823,1073741823,1073741823,1073741823,1073577983,1073651711,1073115071,1067801599,1073446911,1073606655,1073479679,1073741823,1073741823,1073741823:f8
1073741823,1073741823,1073741823,1073741823,1073741823,1073577983,1073651711,1073115071,1071995903,1073446911,1069412351,1073479679,1073741823,1073741823,1073741823:f8
1073741823,1073741823,1073741823,1073741823,1073740799,1073577983,1073651711,1073115071,1071995903,1073446911,1073606655,1073479679,1073741823,1073741823,1073741823:f8
1073741823,1073741823,1073741823,1073741823,1073725439,1073577983,1073651711,1073115071,1071995903,1073446911,1073606655,1073479679,1073741823,1073741823,1073741823:f8
1073741823,1073741823,1073741823,1073741823,1073479679,1073577983,1073651711,1073115071,1071995903,1073446911,1073606655,1073479679,1073741823,1073741823,1073741823:f8
1073741823,1073741823,1073741823,1073741823,1073741823,1073577983,1073650687,1073115071,1071995903,1073446911,1073606655,1073479679,1073741823,1073741823,1073741823:f6
1073741823,1073741823,1073741823,1073741823,1073741823,1073577983,1073651711,1073115071,1071995903,1073446911,1073606655,1073479679,1073741567,1073741823,1073741823:f8
1073741823,1073741823,1073741823,1073741823,1073741823,1073577983,1073651711,1073115071,1071995903,1073446911,1073606399,1073479679,1073741823,1073741823,1073741823:f6
1073741823,1073741823,1073741823,1073741823,1073741823,1073577983,1073651711,1073115071,1071995903,1073446911,1073605631,1073479679,1073741823,1073741823,1073741823:f6
1073741823,1073741823,1073741823,1073741823,1073741823,1073577983,1073651711,1073115071,1071995647,1073446911,1073606655,1073479679,1073741823,1073741823,1073741823:f6
1073741823,1073741823,1073741823,1073741823,1073741823,1073577983,1073651711,1073115071,1071995903,1073446911,1073606655,1073479679,1073676287,1073741823,1073741823:f8
1073741823,1073741823,1073741823,1073741823,1073741823,1073577983,1073651711,1073115071,1071995903,1073446911,1073606655,1073479679,1073737727,1073741823,1073741823:f6
1073741823,1073741823,1073741823,1073741823,1073741823,1073577983,1073651711,1073115071,1071995903,1073446911,1073606655,1073475583,1073741823,1073741823,1073741823:f6
1073741823,1073741823,1073741823,1073741823,1073741823,1073577983,1073651711,1073115071,1071995903,1073446911,1073606655,1073478655,1073741823,1073741823,1073741823:f6
1073741823,1073741823,1073741823,1073741823,1073741823,1073577983,1073651711,1073115071,1071995903,1073446911,1073590271,1073479679,1073741823,1073741823,1073741823:f8
1073741823,1073741823,1073741823,1073741823,1073741823,1073577983,1073651711,1073115071,1071995903,1073446911,1073606655,1073463295,1073741823,1073741823,1073741823:f6
1073741823,1073741823,1073741823,1073741823,1073741823,1073577983,1073651711,1073115071,1071995903,1073446911,1073606655,1069285375,1073741823,1073741823,1073741823:f8
1073741823,1073741823,1073741823,1073741823,1073741823,1073577983,1073651711,1073115071,1071995903,1073446911,1073344511,1073479679,1073741823,1073741823,1073741823:f6
1073741823,1073741823,1073741823,1073741823,1073741823,1073577983,1073651711,1073115071,1071995903,1073446911,1072558079,1073479679,1073741823,1073741823,1073741823:f8
1073741823,1073741823,1073741823,1073741823,1073741823,1073577983,1073651711,1073115071,1071995903,1073442815,1073606655,1073479679,1073741823,1073741823,1073741823:f8
1073741823,1073741823,1073741823,1073741823,1073741823,1073573887,1073651711,1073115071,1071995903,1073446911,1073606655,1073479679,1073741823,1073741823,1073741823:f8
1073741823,1073741823,1073741823,1073741823,1073741823,1072529407,1073651711,1073115071,1071995903,1073446911,1073606655,1073479679,1073741823,1073741823,1073741823:f8
1073741823,1073741823,1073741823,1073741823,1073741823,1073577983,1073651711,1073115071,1071995903,1072398335,1073606655,1073479679,1073741823,1073741823,1073741823:f8
1073741823,1073741823,1073741823,1073741823,1073741823,1073577983,1073651711,1073115071,1071995903,1073381375,1073606655,1073479679,1073741823,1073741823,1073741823:f8
1073741823,1073741823,1073741823,1073741823,1073741823,1069383679,1073651711,1073115071,1071995903,1073446911,1073606655,1073479679,1073741823,1073741823,1073741823:f8
1073741823,1073741823,1073741823,1073741823,1073741823,1073577983,1073651711,1068920767,1071995903,1073446911,1073606655,1073479679,1073741823,1073741823,1073741823:f8
1073741823,1073741823,1073741823,1073741823,1073741823,1073577983,1073651711,1072066495,1071995903,1073446911,1073606655,1073479679,1073741823,1073741823,1073741823:f8
1073741823,1073741823,1073741823,1073741823,1073741823,1073577983,1073651711,1073115071,1071995903,1069252607,1073606655,1073479679,1073741823,1073741823,1073741823:f8
1073741823,1073741823,1073741823,1073741823,1073737727,1073577983,1073651711,1073115071,1071995903,1073446911,1073606655,1073479679,1073741823,1073741823,1073741823:f8
1073741823,1073741823,1073741823,1073741823,1073676287,1073577983,1073651711,1073115071,1071995903,1073446911,1073606655,1073479679,1073741823,1073741823,1073741823:f6
1073741823,1073741823,1073741823,1073741823,1072693247,1073577983,1073651711,1073115071,1071995903,1073446911,1073606655,1073479679,1073741823,1073741823,1073741823:f8
1073741823,1073741823,1073741823,1073741823,1073741823,1073577983,1072603135,1073115071,1071995903,1073446911,1073606655,1073479679,1073741823,1073741823,1073741823:f8
1073741823,1073741823,1073741823,1073741823,1073741823,1073577983,1073389567,1073115071,1071995903,1073446911,1073606655,1073479679,1073741823,1073741823,1073741823:f8
1073741823,1073741823,1073741823,1073741823,1073741823,1073577983,1073651711,1073115071,1071995903,1073445887,1073606655,1073479679,1073741823,1073741823,1073741823:f6
1073741823,1073741823,1073741823,1073741823,1073741823,1073577983,1073651711,1073114047,1071995903,1073446911,1073606655,1073479679,1073741823,1073741823,1073741823:f6
1073741823,1073741823,1073741823,1073741823,1073741823,1073576959,1073651711,1073115071,1071995903,1073446911,1073606655,1073479679,1073741823,1073741823,1073741823:f8
1073741823,1073741823,1073741823,1073741823,1073741823,1073315839,1073651711,1073115071,1071995903,1073446911,1073606655,1073479679,1073741823,1073741823,1073741823:f8
