1073741823,1073741823,1073736703,1073741823,1073741823,1073741823,1073676287,1073184767,1073610751,1073741823,1073741823,1073741823,1073741823,1073741823,1073741823:i8
1073741823,1073741823,1073740543,1073741823,1073741823,1073741823,1073676287,1073184767,1073610751,1073741823,1073741823,1073741823,1073741823,1073741823,1073741823:i8
1073741823,1073741823,1073740799,1073740799,1073741823,1073741823,1073676287,1073184767,1073610751,1073741823,1073741823,1073741823,1073741823,1073741823,1073741823:i8
1073741823,1073741823,1073740799,1073741567,1073741823,1073741823,1073676287,1073184767,1073610751,1073741823,1073741823,1073741823,1073741823,1073741823,1073741823:i8
1073741823,1073741823,1073740799,1073741823,1073725439,1073741823,1073676287,1073184767,1073610751,1073741823,1073741823,1073741823,1073741823,1073741823,1073741823:i8
1073741823,1073741823,1073740799,1073741823,1073740799,1073741823,1073676287,1073184767,1073610751,1073741823,1073741823,1073741823,1073741823,1073741823,1073741823:i8
1073741823,1073741823,1073740799,1073741823,1073741759,1073741823,1073676287,1073184767,1073610751,1073741823,1073741823,1073741823,1073741823,1073741823,1073741823:j10
1073741823,1073741823,1073740799,1073741823,1073741823,1069547519,1073676287,1073184767,1073610751,1073741823,1073741823,1073741823,1073741823,1073741823,1073741823:j7
1073741823,1073741823,1073740799,1073741823,1073741823,1073725439,1072627711,1073184767,1073610751,1073709055,1073741823,1073741823,1073741823,1073741823,1073741823:i8
1073741823,1073741823,1073740799,1073741823,1073741823,1073725439,1073676287,1073184767,1073610751,1073741823,1073741823,1073741823,1073741823,1073741823,1073741823:h10
1073741823,1073741823,1073740799,1073741823,1073741823,1073740799,1073676287,1073184767,1073610751,1073741823,1073741823,1073741823,1073741823,1073741823,1073741823:i8
1073741823,1073741823,1073740799,1073741823,1073741823,1073741823,1073676287,1068990463,1073610751,1073741823,1073741823,1073741823,1073741823,1073741823,1073741823:j7
1073741823,1073741823,1073740799,1073741823,1073741823,1073741823,1073676287,1073184767,1073594367,1073741823,1073741823,1073741823,1073741823,1073741823,1073741823:k7
