1073741823,1073741823,1056964607,1069547519,1073741823,1073479679,1071575039,1073184767,1073610751,1073217535,1073741823,1073741823,1073741823,1073741823,1073741823:k5
1073741823,1073741823,1056964607,1069547519,1073741823,1073479679,1073676287,1073184767,1073610751,1073217535,1073741823,1073741823,1073741823,1073741823,1073741823:k5
1073741823,1073741823,1073741823,1069547519,1072693247,1073479679,1071575039,1073184767,1073610751,1073217535,1073741823,1073741823,1073741823,1073741823,1073741823:m3
1073741823,1073741823,1073741823,1069547519,1072693247,1073479679,1073672191,1073053695,1073610751,1073217535,1073741823,1073741823,1073741823,1073741823,1073741823:m3
1073741823,1073741823,1073741823,1069547519,1072693247,1073479679,1073676287,1073184767,1073610751,1073217535,1073741823,1073741823,1073741823,1073741823,1073741823:m3
1073741823,1073741823,1073741823,1069547519,1073741823,1073479679,1073672191,1073184767,1073610751,1073217535,1073741823,1073741823,1073741823,1073741823,1073741823:k7
1073741823,1073741823,1073741823,1069547519,1073741823,1073479679,1073676287,1073184767,1073610751,1073741823,1073741823,1073741823,1073741823,1073741823,1073741823:j10
1073741823,1073741823,1073741823,1069547519,1073741823,1073676287,1073668095,1073184767,1073741823,1073741823,1073741823,1073741823,1073741823,1073741823,1073741823:i9
1073741823,1073741823,1073741823,1069547519,1073741823,1073709055,1073414143,1073184767,1073610751,1073479679,1073741823,1073741823,1073741823,1073741823,1073741823:h7
1073741823,1073741823,1073741823,1069547519,1073741823,1073725439,1072627711,1073184767,1073610751,1073709055,1073741823,1073741823,1073741823,1073741823,1073741823:i8
1073741823,1073741823,1073741823,1069547519,1073741823,1073725439,1073676287,1073184767,1073610751,1073741823,1073741823,1073741823,1073741823,1073741823,1073741823:h10
1073741823,1073741823,1073741823,1069547519,1073741823,1073741823,1073676287,1072005119,1073594367,1073741823,1073741823,1073741823,1073741823,1073741823,1073741823:h10
1073741823,1073741823,1073741823,1069547519,1073741823,1073741823,1073676287,1073049599,1073594367,1073741823,1073741823,1073741823,1073741823,1073741823,1073741823:j10
