1073741823,1073741823,1073741823,1073741823,1073741823,1073732607,1056888831,1073111039,1073344511,1073725439,1073741823,1073741823,1073741823,1073741823,1073741823:h9
1073741823,1073741823,1073741823,1073741823,1073741823,1073732607,1056888831,1073111039,1073311743,1073725439,1073740799,1073741823,1073741823,1073741823,1073741823:h5
1073741823,1073741823,1073741823,1073741823,1056964607,1073732607,1056888831,1073111039,1073311743,1073725439,1073741823,1073741823,1073741823,1073741823,1073741823:h5
1073741823,1073741823,1073741823,1073741823,1073741823,1056955391,1056888831,1073111039,1073311743,1073725439,1073741823,1073741823,1073741823,1073741823,1073741823:h5
1073741823,1073741823,1073741823,1073741823,805306367,1073732607,1056888831,1073111039,1073311743,1073725439,1073741823,1073741823,1073741823,1073741823,1073741823:h5
1073741823,1073741823,1073741823,1073741823,1073741823,1006623743,1056888831,1073111039,1073311743,1073725439,1073741823,1073741823,1073741823,1073741823,1073741823:h5
1073741823,1073741823,1073741823,1073741823,1073741823,1073732607,788453375,1073111039,1073311743,1073725439,1073741823,1073741823,1073741823,1073741823,1073741823:h5
1073741823,1073741823,1073741823,1073741823,1073741823,1073732607,989779967,1073111039,1073311743,1073725439,1073741823,1073741823,1073741823,1073741823,1073741823:h5
1073741823,1073741823,1073741823,1073741823,1073741823,1073732607,1056888831,1073111039,804876287,1073725439,1073741823,1073741823,1073741823,1073741823,1073741823:h5
1073741823,1073741823,1073741823,1073741823,1073741823,1073732607,1056888831,1006002175,1073311743,1073725439,1073741823,1073741823,1073741823,1073741823,1073741823:h5
1073741823,1073741823,1073741823,1073741823,1073741823,1073732607,1056888831,1073111039,1056534527,1073725439,1073741823,1073741823,1073741823,1073741823,1073741823:h5
1073741823,1073741823,1073741823,1073741823,1073741823,1073732607,1056888831,1056333823,1073311743,1073725439,1073741823,1073741823,1073741823,1073741823,1073741823:h5
1073741823,1073741823,1073741823,1073741823,1073741823,1073732607,1056888831,1073111039,1073311679,1073725439,1073741823,1073741823,1073741823,1073741823,1073741823:h5
1073741823,1073741823,1073741823,1073741823,1073741823,1073732607,1056888767,1073111039,1073311743,1073725439,1073741823,1073741823,1073741823,1073741823,1073741823:h5
1073741823,1073741823,1073741823,1073741823,1073741759,1073732607,1056888831,1073111039,1073311743,1073725439,1073741823,1073741823,1073741823,1073741823,1073741823:h5
1073741823,1073741823,1073741823,1073741823,1073741823,1073732607,1056888831,1073111039,1073311743,1073725439,1073741567,1073741823,1073741823,1073741823,1073741823:h5
1073741823,1073741823,1073741823,1073741567,1073741823,1073732607,1056888831,1073111039,1073311743,1073725439,1073741823,1073741823,1073741823,1073741823,1073741823:h5
1073741823,1073741823,1073741823,1073737727,1073741823,1073732607,1056888831,1073111039,1073311743,1073725439,1073741823,1073741823,1073741823,1073741823,1073741823:e8
1073741823,1073741823,1073741823,1073676287,1073741823,1073732607,1056888831,1073111039,1073311743,1073725439,1073741823,1073741823,1073741823,1073741823,1073741823:e6
1073741823,1073741823,1073741823,1073741823,1073725439,1073732607,1056888831,1073111039,1073311743,1073725439,1073741823,1073741823,1073741823,1073741823,1073741823:e6
1073741823,1073741823,1073741823,1073741823,1073741823,1073732607,1056888831,1073110975,1073311743,1073725439,1073741823,1073741823,1073741823,1073741823,1073741823:h5
1073741823,1073741823,1073741823,1073741823,1073741823,1073732543,1056888831,1073111039,1073311743,1073725439,1073741823,1073741823,1073741823,1073741823,1073741823:e6
1073741823,1073741823,1073741823,1073741759,1073741823,1073732607,1056888831,1073111039,1073311743,1073725439,1073741823,1073741823,1073741823,1073741823,1073741823:h5
1073741823,1073741823,1073741823,1073740799,1073741823,1073732607,1056888831,1073111039,1073311743,1073725439,1073741823,1073741823,1073741823,1073741823,1073741823:e8
1073741823,1073741823,1073741823,1073741823,1073740799,1073732607,1056888831,1073111039,1073311743,1073725439,1073741823,1073741823,1073741823,1073741823,1073741823:h5
1073741823,1073741823,1073741823,1073725439,1073741823,1073732607,1056888831,1073111039,1073311743,1073725439,1073741823,1073741823,1073741823,1073741823,1073741823:h5
1073741823,1073741823,1073741823,1073741823,1073741823,1073732607,1056888831,1073111039,1073311487,1073725439,1073741823,1073741823,1073741823,1073741823,1073741823:h5
1073741823,1073741823,1073741823,1073741823,1073741823,1073732607,1056888575,1073111039,1073311743,1073725439,1073741823,1073741823,1073741823,1073741823,1073741823:e6
1073741823,1073741823,1073741823,1073741823,1073741567,1073732607,1056888831,1073111039,1073311743,1073725439,1073741823,1073741823,1073741823,1073741823,1073741823:h5
1073741823,1073741823,1073741823,1073741823,1073741823,1072684031,1056888831,1073111039,1073311743,1073725439,1073741823,1073741823,1073741823,1073741823,1073741823:h5
1073741823,1073741823,1073741823,1073741823,1073741823,1073732607,1056888831,1073111039,1073311743,1073725183,1073741823,1073741823,1073741823,1073741823,1073741823:h5
1073741823,1073741823,1073741823,1073741823,1073741823,1073732607,1056888831,1073111039,1073310719,1073725439,1073741823,1073741823,1073741823,1073741823,1073741823:e8
1073741823,1073741823,1073741823,1073741823,1073741823,1073732607,1056888831,1073110783,1073311743,1073725439,1073741823,1073741823,1073741823,1073741823,1073741823:e6
1073741823,1073741823,1073741823,1073741823,1073741823,1073732351,1056888831,1073111039,1073311743,1073725439,1073741823,1073741823,1073741823,1073741823,1073741823:h5
1073741823,1073741823,1073741823,1073741823,1073741823,1073732607,1056888831,1073111039,1073311743,1073725439,1073741823,1073740799,1073741823,1073741823,1073741823:h5
1073741823,1073741823,1073741823,1073741823,1073741823,1073732607,1056888831,1073111039,1073311743,1073721343,1073741823,1073741823,1073741823,1073741823,1073741823:h5
1073741823,1073741823,1073741823,1073741823,1073741823,1073732607,1056888831,1073111039,1073311743,1073725439,1073741823,1073479679,1073741823,1073741823,1073741823:e6
1073741823,1073741823,1073741823,1073741823,1073741823,1073732607,1056888831,1073111039,1073311743,1073725439,1073741823,1073725439,1073741823,1073741823,1073741823:h5
1073741823,1073741823,1073741823,1073741823,1073741823,1073732607,1056888831,1073111039,1073311743,1073725439,1073737727,1073741823,1073741823,1073741823,1073741823:h5
1073741823,1073741823,1073741823,1073741823,1073741823,1073732607,1056888831,1073111039,1073311743,1073725439,1072693247,1073741823,1073741823,1073741823,1073741823:h5
1073741823,1073741823,1073741823,1073741823,1073741823,1073732607,1056888831,1073111039,1073311743,1073725439,1073676287,1073741823,1073741823,1073741823,1073741823:e6
1073741823,1073741823,1073741823,1073741823,1073741823,1073732607,1056888831,1073111039,1073311743,1073725439,1073725439,1073741823,1073741823,1073741823,1073741823:h5
1073741823,1073741823,1073741823,1073741823,1073741823,1073732607,1056888831,1073111039,1073311743,1073659903,1073741823,1073741823,1073741823,1073741823,1073741823:h5
1073741823,1073741823,1073741823,1073741823,1073741823,1073732607,1052694527,1073111039,1073311743,1073725439,1073741823,1073741823,1073741823,1073741823,1073741823:e6
1073741823,1073741823,1073741823,1073741823,1073741823,1073732607,1056888831,1073111039,1069117439,1073725439,1073741823,1073741823,1073741823,1073741823,1073741823:h5
1073741823,1073741823,1073741823,1073741823,1073741823,1073732607,1056888831,1073111039,1073311743,1073725439,1069547519,1073741823,1073741823,1073741823,1073741823:e6
1073741823,1073741823,1073741823,1073741823,1073741823,1073732607,1056888831,1073111039,1073311743,1072676863,1073741823,1073741823,1073741823,1073741823,1073741823:e6
1073741823,1073741823,1073741823,1073741823,1073741823,1073732607,1056888831,1073111039,1073311743,1073725439,1073479679,1073741823,1073741823,1073741823,1073741823:h5
1073741823,1073741823,1073741823,1073741823,1073741823,1069538303,1056888831,1073111039,1073311743,1073725439,1073741823,1073741823,1073741823,1073741823,1073741823:h5
1073741823,1073741823,1073741823,1073741823,1073741823,1073732607,1056888831,1068916735,1073311743,1073725439,1073741823,1073741823,1073741823,1073741823,1073741823:h5
1073741823,1073741823,1073741823,1073741823,1073741823,1073732607,1056888831,1072062463,1073311743,1073725439,1073741823,1073741823,1073741823,1073741823,1073741823:h5
1073741823,1073741823,1073741823,1073741823,1073741823,1073732607,1056888831,1073111039,1073311743,1069531135,1073741823,1073741823,1073741823,1073741823,1073741823:h5
1073741823,1073741823,1073741823,1073741823,1073737727,1073732607,1056888831,1073111039,1073311743,1073725439,1073741823,1073741823,1073741823,1073741823,1073741823:e6
1073741823,1073741823,1073741823,1073741823,1073676287,1073732607,1056888831,1073111039,1073311743,1073725439,1073741823,1073741823,1073741823,1073741823,1073741823:e6
1073741823,1073741823,1073741823,1073741823,1073741823,1073667071,1056888831,1073111039,1073311743,1073725439,1073741823,1073741823,1073741823,1073741823,1073741823:e6
1073741823,1073741823,1073741823,1073741823,1072693247,1073732607,1056888831,1073111039,1073311743,1073725439,1073741823,1073741823,1073741823,1073741823,1073741823:h5
1073741823,1073741823,1073741823,1073741823,1073741823,1073732607,1055840255,1073111039,1073311743,1073725439,1073741823,1073741823,1073741823,1073741823,1073741823:e6
1073741823,1073741823,1073741823,1073741823,1073741823,1073732607,1056626687,1073111039,1073311743,1073725439,1073741823,1073741823,1073741823,1073741823,1073741823:e6
1073741823,1073741823,1073741823,1073741823,1073741823,1073732607,1056888831,1073111039,1072263167,1073725439,1073741823,1073741823,1073741823,1073741823,1073741823:h5
1073741823,1073741823,1073741823,1073741823,1073741823,1073732607,1056888831,1073111039,1073311743,1073724415,1073741823,1073741823,1073741823,1073741823,1073741823:h5
1073741823,1073741823,1073741823,1073741823,1073741823,1073732607,1056888831,1073110015,1073311743,1073725439,1073741823,1073741823,1073741823,1073741823,1073741823:e6
1073741823,1073741823,1073741823,1073741823,1073741823,1073716223,1056888831,1073111039,1073311743,1073725439,1073741823,1073741823,1073741823,1073741823,1073741823:e6
1073741823,1073741823,1073741823,1073741823,1073741823,1073732607,1056872447,1073111039,1073311743,1073725439,1073741823,1073741823,1073741823,1073741823,1073741823:e6
1073741823,1073741823,1073741823,1073741823,1073741823,1073470463,1056888831,1073111039,1073311743,1073725439,1073741823,1073741823,1073741823,1073741823,1073741823:h5
1073741823,1073741823,1073741823,1073741823,1073741823,1073732607,1056888831,1073111039,1073311743,1073463295,1073741823,1073741823,1073741823,1073741823,1073741823:h5
