1073741823,1073741823,1073741823,1073741823,1073741823,1073725439,1073674239,1073111039,1073348607,1073741823,1073737727,1073741823,1073741823,1073741823,1073741823:g7
1073741823,1073741823,1073741823,1073741823,1073741567,1073725439,1073666047,1073111039,1073348607,1073741823,1073737727,1073741823,1073741823,1073741823,1073741823:f6
1073741823,1073741823,1073741823,1073740799,1073741823,1073725439,1073666047,1073111039,1073348607,1073741823,1073737727,1073741823,1073741823,1073741823,1073741823:f6
1073741823,1073741823,1073741823,1073725439,1073741823,1073725439,1073666047,1073111039,1073348607,1073741823,1073737727,1073741823,1073741823,1073741823,1073741823:f6
1073741823,1073741823,1073741823,1073479679,1073741823,1073725439,1073666047,1073111039,1073348607,1073741823,1073737727,1073741823,1073741823,1073741823,1073741823:g6
1073741823,1073741823,1073741823,1073741823,1073741823,1073725439,1073666047,1073111039,1073348543,1073741823,1073737727,1073741823,1073741823,1073741823,1073741823:f6
1073741823,1073741823,1073741823,1073741823,1073741823,1073725439,1073665983,1073111039,1073348607,1073741823,1073737727,1073741823,1073741823,1073741823,1073741823:g6
1073741823,1073741823,1073741823,1073741823,1073741823,1073725439,1073665791,1073111039,1073348607,1073741823,1073737727,1073741823,1073741823,1073741823,1073741823:g6
1073741823,1073741823,1073741823,1073741823,1073741759,1073725439,1073666047,1073111039,1073348607,1073741823,1073737727,1073741823,1073741823,1073741823,1073741823:g6
1073741823,1073741823,1073741823,1073741823,1073740799,1073725439,1073666047,1073111039,1073348607,1073741823,1073737727,1073741823,1073741823,1073741823,1073741823:f6
1073741823,1073741823,1073741823,1073741823,1073725439,1073725439,1073666047,1073111039,1073348607,1073741823,1073737727,1073741823,1073741823,1073741823,1073741823:f6
1073741823,1073741823,1073741823,1073741823,1073741823,1072676863,1073666047,1073111039,1073348607,1073741823,1073737727,1073741823,1073741823,1073741823,1073741823:g6
1073741823,1073741823,1073741823,1073741823,1073741823,1073725439,1073666047,1073111039,1073348607,1073741567,1073737727,1073741823,1073741823,1073741823,1073741823:g6
1073741823,1073741823,1073741823,1073741823,1073741823,1073725439,1073666047,1073111039,1073347583,1073741823,1073737727,1073741823,1073741823,1073741823,1073741823:f6
1073741823,1073741823,1073741823,1073741823,1073741823,1073725439,1073666047,1073110783,1073348607,1073741823,1073737727,1073741823,1073741823,1073741823,1073741823:f6
1073741823,1073741823,1073741823,1073741823,1073741823,1073725183,1073666047,1073111039,1073348607,1073741823,1073737727,1073741823,1073741823,1073741823,1073741823:f6
1073741823,1073741823,1073741823,1073741823,1073741823,1073721343,1073666047,1073111039,1073348607,1073741823,1073737727,1073741823,1073741823,1073741823,1073741823:f6
1073741823,1073741823,1073741823,1073741823,1073741823,1073725439,1073666047,1073111039,1073348607,1073741823,1073737727,1073741823,1073741567,1073741823,1073741823:g6
1073741823,1073741823,1073741823,1073741823,1073741823,1073725439,1073666047,1073111039,1073348607,1073741823,1073737727,1073740799,1073741823,1073741823,1073741823:g6
1073741823,1073741823,1073741823,1073741823,1073741823,1073725439,1073666047,1073111039,1073348607,1073741823,1073737471,1073741823,1073741823,1073741823,1073741823:g6
1073741823,1073741823,1073741823,1073741823,1073741823,1073725439,1073666047,1073111039,1073348607,1073741823,1073736703,1073741823,1073741823,1073741823,1073741823:g6
1073741823,1073741823,1073741823,1073741823,1073741823,1073725439,1073666047,1073111039,1073348351,1073741823,1073737727,1073741823,1073741823,1073741823,1073741823:g6
1073741823,1073741823,1073741823,1073741823,1073741823,1073725439,1073666047,1073111039,1073348607,1073737727,1073737727,1073741823,1073741823,1073741823,1073741823:f6
1073741823,1073741823,1073741823,1073741823,1073741823,1073725439,1073666047,1073111039,1073348607,1073741823,1073737727,1073741823,1073676287,1073741823,1073741823:g6
1073741823,1073741823,1073741823,1073741823,1073741823,1073725439,1073666047,1073111039,1073348607,1073741823,1073737727,1073725439,1073741823,1073741823,1073741823:g6
1073741823,1073741823,1073741823,1073741823,1073741823,1073725439,1073666047,1073111039,1073348607,1073741823,1073737727,1073741823,1073737727,1073741823,1073741823:f6
1073741823,1073741823,1073741823,1073741823,1073741823,1073725439,1073666047,1073111039,1073348607,1073741823,1073737727,1073737727,1073741823,1073741823,1073741823:f6
1073741823,1073741823,1073741823,1073741823,1073741823,1073725439,1073666047,1073111039,1073348607,1073741823,1072689151,1073741823,1073741823,1073741823,1073741823:g6
1073741823,1073741823,1073741823,1073741823,1073741823,1073725439,1073666047,1073111039,1073348607,1073741823,1073672191,1073741823,1073741823,1073741823,1073741823:g6
1073741823,1073741823,1073741823,1073741823,1073741823,1073725439,1073666047,1073111039,1073348607,1073741823,1073721343,1073741823,1073741823,1073741823,1073741823:g6
1073741823,1073741823,1073741823,1073741823,1073741823,1073725439,1073666047,1073111039,1073348607,1073676287,1073737727,1073741823,1073741823,1073741823,1073741823:g6
1073741823,1073741823,1073741823,1073741823,1073741823,1073725439,1069471743,1073111039,1073348607,1073741823,1073737727,1073741823,1073741823,1073741823,1073741823:g6
1073741823,1073741823,1073741823,1073741823,1073741823,1073725439,1073666047,1073111039,1069154303,1073741823,1073737727,1073741823,1073741823,1073741823,1073741823:g6
1073741823,1073741823,1073741823,1073741823,1073741823,1073725439,1073666047,1073111039,1073348607,1073741823,1069543423,1073741823,1073741823,1073741823,1073741823:f6
1073741823,1073741823,1073741823,1073741823,1073741823,1073725439,1073666047,1073111039,1073348607,1072693247,1073737727,1073741823,1073741823,1073741823,1073741823:f6
1073741823,1073741823,1073741823,1073741823,1073741823,1073725439,1073666047,1073111039,1073348607,1073741823,1073475583,1073741823,1073741823,1073741823,1073741823:g6
1073741823,1073741823,1073741823,1073741823,1073741823,1069531135,1073666047,1073111039,1073348607,1073741823,1073737727,1073741823,1073741823,1073741823,1073741823:g6
1073741823,1073741823,1073741823,1073741823,1073741823,1073725439,1073666047,1068916735,1073348607,1073741823,1073737727,1073741823,1073741823,1073741823,1073741823:g6
1073741823,1073741823,1073741823,1073741823,1073741823,1073725439,1073666047,1072062463,1073348607,1073741823,1073737727,1073741823,1073741823,1073741823,1073741823:g6
1073741823,1073741823,1073741823,1073741823,1073741823,1073725439,1073666047,1073111039,1073348607,1069547519,1073737727,1073741823,1073741823,1073741823,1073741823:g6
1073741823,1073741823,1073741823,1073741823,1073737727,1073725439,1073666047,1073111039,1073348607,1073741823,1073737727,1073741823,1073741823,1073741823,1073741823:f6
1073741823,1073741823,1073741823,1073741823,1073676287,1073725439,1073666047,1073111039,1073348607,1073741823,1073737727,1073741823,1073741823,1073741823,1073741823:f6
1073741823,1073741823,1073741823,1073741823,1073741823,1073659903,1073666047,1073111039,1073348607,1073741823,1073737727,1073741823,1073741823,1073741823,1073741823:f6
1073741823,1073741823,1073741823,1073741823,1072693247,1073725439,1073666047,1073111039,1073348607,1073741823,1073737727,1073741823,1073741823,1073741823,1073741823:g6
1073741823,1073741823,1073741823,1073741823,1073741823,1073725439,1072617471,1073111039,1073348607,1073741823,1073737727,1073741823,1073741823,1073741823,1073741823:g6
1073741823,1073741823,1073741823,1073741823,1073741823,1073725439,1073403903,1073111039,1073348607,1073741823,1073737727,1073741823,1073741823,1073741823,1073741823:g6
1073741823,1073741823,1073741823,1073741823,1073741823,1073725439,1073666047,1073111039,1072300031,1073741823,1073737727,1073741823,1073741823,1073741823,1073741823:g6
1073741823,1073741823,1073741823,1073741823,1073741823,1073725439,1073666047,1073111039,1073348607,1073740799,1073737727,1073741823,1073741823,1073741823,1073741823:g6
1073741823,1073741823,1073741823,1073741823,1073741823,1073725439,1073666047,1073111039,1073344511,1073741823,1073737727,1073741823,1073741823,1073741823,1073741823:f6
1073741823,1073741823,1073741823,1073741823,1073741823,1073725439,1073666047,1073110015,1073348607,1073741823,1073737727,1073741823,1073741823,1073741823,1073741823:f6
1073741823,1073741823,1073741823,1073741823,1073741823,1073724415,1073666047,1073111039,1073348607,1073741823,1073737727,1073741823,1073741823,1073741823,1073741823:g6
1073741823,1073741823,1073741823,1073741567,1073741823,1073716223,1073666047,1073111039,1073348607,1073741823,1073737727,1073741823,1073741823,1073741823,1073741823:g5
1073741823,1073741823,1073741823,1073737727,1073741823,1073716223,1073666047,1073111039,1073348607,1073741823,1073737727,1073741823,1073741823,1073741823,1073741823:g9
1073741823,1073741823,1073741823,1073676287,1073741823,1073716223,1073666047,1073111039,1073348607,1073741823,1073737727,1073741823,1073741823,1073741823,1073741823:g5
1073741823,1073741823,1073741823,1073741823,1073741823,1073716223,1073666047,1073110975,1073348607,1073741823,1073737727,1073741823,1073741823,1073741823,1073741823:g5
1073741823,1073741823,1073741823,1073741823,1073741823,1073716159,1073666047,1073111039,1073348607,1073741823,1073737727,1073741823,1073741823,1073741823,1073741823:g5
1073741823,1073741823,1073741823,1073741759,1073741823,1073716223,1073666047,1073111039,1073348607,1073741823,1073737727,1073741823,1073741823,1073741823,1073741823:g5
1073741823,1073741823,1073741823,1073741823,1073741567,1073716223,1073666047,1073111039,1073348607,1073741823,1073737727,1073741823,1073741823,1073741823,1073741823:g5
1073741823,1073741823,1073741823,1073740799,1073741823,1073716223,1073666047,1073111039,1073348607,1073741823,1073737727,1073741823,1073741823,1073741823,1073741823:g5
1073741823,1073741823,1073741823,1073725439,1073741823,1073716223,1073666047,1073111039,1073348607,1073741823,1073737727,1073741823,1073741823,1073741823,1073741823:g5
1073741823,1073741823,1073741823,1073479679,1073741823,1073716223,1073666047,1073111039,1073348607,1073741823,1073737727,1073741823,1073741823,1073741823,1073741823:g5
1073741823,1073741823,1073741823,1073741823,1073741823,1073716223,1073666047,1073111039,1073348543,1073741823,1073737727,1073741823,1073741823,1073741823,1073741823:g5
1073741823,1073741823,1073741823,1073741823,1073741823,1073716223,1073665983,1073111039,1073348607,1073741823,1073737727,1073741823,1073741823,1073741823,1073741823:g5
1073741823,1073741823,1073741823,1073741823,1073741823,1073716223,1073665791,1073111039,1073348607,1073741823,1073737727,1073741823,1073741823,1073741823,1073741823:g5
1073741823,1073741823,1073741823,1073741823,1073741759,1073716223,1073666047,1073111039,1073348607,1073741823,1073737727,1073741823,1073741823,1073741823,1073741823:g5
1073741823,1073741823,1073741823,1073741823,1073740799,1073716223,1073666047,1073111039,1073348607,1073741823,1073737727,1073741823,1073741823,1073741823,1073741823:g5
1073741823,1073741823,1073741823,1073741823,1073725439,1073716223,1073666047,1073111039,1073348607,1073741823,1073737727,1073741823,1073741823,1073741823,1073741823:g5
1073741823,1073741823,1073741823,1073741823,1073741823,1072667647,1073666047,1073111039,1073348607,1073741823,1073737727,1073741823,1073741823,1073741823,1073741823:g5
1073741823,1073741823,1073741823,1073741823,1073741823,1073716223,1073666047,1073111039,1073348607,1073741567,1073737727,1073741823,1073741823,1073741823,1073741823:g5
1073741823,1073741823,1073741823,1073741823,1073741823,1073716223,1073666047,1073111039,1073347583,1073741823,1073737727,1073741823,1073741823,1073741823,1073741823:g5
1073741823,1073741823,1073741823,1073741823,1073741823,1073716223,1073666047,1073110783,1073348607,1073741823,1073737727,1073741823,1073741823,1073741823,1073741823:g5
1073741823,1073741823,1073741823,1073741823,1073741823,1073715967,1073666047,1073111039,1073348607,1073741823,1073737727,1073741823,1073741823,1073741823,1073741823:g5
1073741823,1073741823,1073741823,1073741823,1073741823,1073716223,1073666047,1073111039,1073348607,1073741823,1073737727,1073741823,1073741567,1073741823,1073741823:g5
1073741823,1073741823,1073741823,1073741823,1073741823,1073716223,1073666047,1073111039,1073348607,1073741823,1073737727,1073740799,1073741823,1073741823,1073741823:g5
1073741823,1073741823,1073741823,1073741823,1073741823,1073716223,1073666047,1073111039,1073348607,1073741823,1073737471,1073741823,1073741823,1073741823,1073741823:g5
1073741823,1073741823,1073741823,1073741823,1073741823,1073716223,1073666047,1073111039,1073348607,1073741823,1073736703,1073741823,1073741823,1073741823,1073741823:g5
1073741823,1073741823,1073741823,1073741823,1073741823,1073716223,1073666047,1073111039,1073348351,1073741823,1073737727,1073741823,1073741823,1073741823,1073741823:g5
1073741823,1073741823,1073741823,1073741823,1073741823,1073716223,1073666047,1073111039,1073348607,1073737727,1073737727,1073741823,1073741823,1073741823,1073741823:g5
1073741823,1073741823,1073741823,1073741823,1073741823,1073716223,1073666047,1073111039,1073348607,1073741823,1073737727,1073741823,1073676287,1073741823,1073741823:g5
1073741823,1073741823,1073741823,1073741823,1073741823,1073716223,1073666047,1073111039,1073348607,1073741823,1073737727,1073725439,1073741823,1073741823,1073741823:g5
1073741823,1073741823,1073741823,1073741823,1073741823,1073716223,1073666047,1073111039,1073348607,1073741823,1073737727,1073741823,1073737727,1073741823,1073741823:g5
1073741823,1073741823,1073741823,1073741823,1073741823,1073716223,1073666047,1073111039,1073348607,1073741823,1073737727,1073737727,1073741823,1073741823,1073741823:g5
1073741823,1073741823,1073741823,1073741823,1073741823,1073716223,1073666047,1073111039,1073348607,1073741823,1072689151,1073741823,1073741823,1073741823,1073741823:g5
1073741823,1073741823,1073741823,1073741823,1073741823,1073716223,1073666047,1073111039,1073348607,1073741823,1073672191,1073741823,1073741823,1073741823,1073741823:g5
1073741823,1073741823,1073741823,1073741823,1073741823,1073716223,1073666047,1073111039,1073348607,1073741823,1073721343,1073741823,1073741823,1073741823,1073741823:g5
1073741823,1073741823,1073741823,1073741823,1073741823,1073716223,1073666047,1073111039,1073348607,1073676287,1073737727,1073741823,1073741823,1073741823,1073741823:g5
1073741823,1073741823,1073741823,1073741823,1073741823,1073716223,1069471743,1073111039,1073348607,1073741823,1073737727,1073741823,1073741823,1073741823,1073741823:g5
1073741823,1073741823,1073741823,1073741823,1073741823,1073716223,1073666047,1073111039,1069154303,1073741823,1073737727,1073741823,1073741823,1073741823,1073741823:g5
1073741823,1073741823,1073741823,1073741823,1073741823,1073716223,1073666047,1073111039,1073348607,1073741823,1069543423,1073741823,1073741823,1073741823,1073741823:g5
1073741823,1073741823,1073741823,1073741823,1073741823,1073716223,1073666047,1073111039,1073348607,1072693247,1073737727,1073741823,1073741823,1073741823,1073741823:g5
1073741823,1073741823,1073741823,1073741823,1073741823,1073716223,1073666047,1073111039,1073348607,1073741823,1073475583,1073741823,1073741823,1073741823,1073741823:g5
1073741823,1073741823,1073741823,1073741823,1073741823,1069521919,1073666047,1073111039,1073348607,1073741823,1073737727,1073741823,1073741823,1073741823,1073741823:g5
1073741823,1073741823,1073741823,1073741823,1073741823,1073716223,1073666047,1068916735,1073348607,1073741823,1073737727,1073741823,1073741823,1073741823,1073741823:g5
1073741823,1073741823,1073741823,1073741823,1073741823,1073716223,1073666047,1072062463,1073348607,1073741823,1073737727,1073741823,1073741823,1073741823,1073741823:g5
1073741823,1073741823,1073741823,1073741823,1073741823,1073716223,1073666047,1073111039,1073348607,1069547519,1073737727,1073741823,1073741823,1073741823,1073741823:g5
1073741823,1073741823,1073741823,1073741823,1073737727,1073716223,1073666047,1073111039,1073348607,1073741823,1073737727,1073741823,1073741823,1073741823,1073741823:g9
1073741823,1073741823,1073741823,1073741823,1073676287,1073716223,1073666047,1073111039,1073348607,1073741823,1073737727,1073741823,1073741823,1073741823,1073741823:g5
1073741823,1073741823,1073741823,1073741823,1073741823,1073650687,1073666047,1073111039,1073348607,1073741823,1073737727,1073741823,1073741823,1073741823,1073741823:g5
1073741823,1073741823,1073741823,1073741823,1072693247,1073716223,1073666047,1073111039,1073348607,1073741823,1073737727,1073741823,1073741823,1073741823,1073741823:g5
1073741823,1073741823,1073741823,1073741823,1073741823,1073716223,1072617471,1073111039,1073348607,1073741823,1073737727,1073741823,1073741823,1073741823,1073741823:g5
1073741823,1073741823,1073741823,1073741823,1073741823,1073716223,1073403903,1073111039,1073348607,1073741823,1073737727,1073741823,1073741823,1073741823,1073741823:g5
1073741823,1073741823,1073741823,1073741823,1073741823,1073716223,1073666047,1073111039,1072300031,1073741823,1073737727,1073741823,1073741823,1073741823,1073741823:g5
1073741823,1073741823,1073741823,1073741823,1073741823,1073716223,1073666047,1073111039,1073348607,1073740799,1073737727,1073741823,1073741823,1073741823,1073741823:g5
1073741823,1073741823,1073741823,1073741823,1073741823,1073716223,1073666047,1073111039,1073344511,1073741823,1073737727,1073741823,1073741823,1073741823,1073741823:g4
1073741823,1073741823,1073741823,1073741823,1073741823,1073716223,1073666047,1073110015,1073348607,1073741823,1073737727,1073741823,1073741823,1073741823,1073741823:g5
1073741823,1073741823,1073741823,1073741823,1073741823,1073716223,1073649663,1073111039,1073348607,1073741823,1073737727,1073741823,1073741823,1073741823,1073741823:g5
1073741823,1073741823,1073741823,1073741823,1073741823,1073454079,1073666047,1073111039,1073348607,1073741823,1073737727,1073741823,1073741823,1073741823,1073741823:g5
1073741823,1073741823,1073741823,1073741823,1073741823,1073716223,1073666047,1073111039,1073348607,1073479679,1073737727,1073741823,1073741823,1073741823,1073741823:g5
1073741823,1073741823,1073741823,1073741823,1073741823,1073716223,1073666047,1073111039,1073348607,1073725439,1073737727,1073741823,1073741823,1073741823,1073741823:g5
1073741823,1073741823,1073741823,1073741823,1073741823,1073716223,1073666047,1073111039,1073332223,1073741823,1073737727,1073741823,1073741823,1073741823,1073741823:g5
1073741823,1073741823,1073741823,1073741823,1073741823,1073725439,1073649663,1073111039,1073348607,1073741823,1073737727,1073741823,1073741823,1073741823,1073741823:f6
1073741823,1073741823,1073741823,1073741823,1073741823,1073463295,1073666047,1073111039,1073348607,1073741823,1073737727,1073741823,1073741823,1073741823,1073741823:g6
1073741823,1073741823,1073741823,1073741823,1073741823,1073725439,1073666047,1073111039,1073348607,1073479679,1073737727,1073741823,1073741823,1073741823,1073741823:g6
1073741823,1073741823,1073741823,1073741823,1073741823,1073725439,1073666047,1073111039,1073348607,1073725439,1073737727,1073741823,1073741823,1073741823,1073741823:g6
1073741823,1073741823,1073741823,1073741823,1073741823,1073725439,1073666047,1073111039,1073332223,1073741823,1073737727,1073741823,1073741823,1073741823,1073741823:g6
