1073741823,1073741823,1073741823,1073741823,1073741823,1073741823,1073674239,1073111039,1073344511,1073741823,1073737727,1073741823,1073741823,1073741823,1073741823:f6
1073741823,1073741823,1073741823,1073741823,1073741823,1073739775,1073674239,1073110975,1073344511,1073741823,1073737727,1073741823,1073741823,1073741823,1073741823:g7
1073741823,1073741823,1073741823,1073741823,1073741823,1073739711,1073674239,1073111039,1073344511,1073741823,1073737727,1073741823,1073741823,1073741823,1073741823:g7
1073741823,1073741823,1073741823,1073741759,1073741823,1073739775,1073674239,1073111039,1073344511,1073741823,1073737727,1073741823,1073741823,1073741823,1073741823:g7
1073741823,1073741823,1073741823,1073741823,1073741567,1073739775,1073674239,1073111039,1073344511,1073741823,1073737727,1073741823,1073741823,1073741823,1073741823:h9
1073741823,1073741823,1073741823,1073740799,1073741823,1073739775,1073674239,1073111039,1073344511,1073741823,1073737727,1073741823,1073741823,1073741823,1073741823:g7
1073741823,1073741823,1073741823,1073725439,1073741823,1073739775,1073674239,1073111039,1073344511,1073741823,1073737727,1073741823,1073741823,1073741823,1073741823:g7
1073741823,1073741823,1073741823,1073741823,1073741823,1073739775,1073674239,1073111039,1073344447,1073741823,1073737727,1073741823,1073741823,1073741823,1073741823:g7
1073741823,1073741823,1073741823,1073741823,1073741823,1073739775,1073674175,1073111039,1073344511,1073741823,1073737727,1073741823,1073741823,1073741823,1073741823:g7
1073741823,1073741823,1073741823,1073741823,1073741823,1073739775,1073673983,1073111039,1073344511,1073741823,1073737727,1073741823,1073741823,1073741823,1073741823:g7
1073741823,1073741823,1073741823,1073741823,1073741759,1073739775,1073674239,1073111039,1073344511,1073741823,1073737727,1073741823,1073741823,1073741823,1073741823:g7
1073741823,1073741823,1073741823,1073741823,1073740799,1073739775,1073674239,1073111039,1073344511,1073741823,1073737727,1073741823,1073741823,1073741823,1073741823:g7
1073741823,1073741823,1073741823,1073741823,1073725439,1073739775,1073674239,1073111039,1073344511,1073741823,1073737727,1073741823,1073741823,1073741823,1073741823:g7
1073741823,1073741823,1073741823,1073741823,1073741823,1072691199,1073674239,1073111039,1073344511,1073741823,1073737727,1073741823,1073741823,1073741823,1073741823:g7
1073741823,1073741823,1073741823,1073741823,1073741823,1073739775,1073674239,1073111039,1073344511,1073741567,1073737727,1073741823,1073741823,1073741823,1073741823:g7
1073741823,1073741823,1073741823,1073741823,1073741823,1073739775,1073674239,1073111039,1073343487,1073741823,1073737727,1073741823,1073741823,1073741823,1073741823:g7
1073741823,1073741823,1073741823,1073741823,1073741823,1073739775,1073674239,1073110783,1073344511,1073741823,1073737727,1073741823,1073741823,1073741823,1073741823:g7
1073741823,1073741823,1073741823,1073741823,1073741823,1073739519,1073674239,1073111039,1073344511,1073741823,1073737727,1073741823,1073741823,1073741823,1073741823:g7
1073741823,1073741823,1073741823,1073741823,1073741823,1073735679,1073674239,1073111039,1073344511,1073741823,1073737727,1073741823,1073741823,1073741823,1073741823:g7
1073741823,1073741823,1073741823,1073741823,1073741823,1073739775,1073674239,1073111039,1073344511,1073741823,1073737727,1073741823,1073741567,1073741823,1073741823:g7
1073741823,1073741823,1073741823,1073741823,1073741823,1073739775,1073674239,1073111039,1073344511,1073741823,1073737727,1073740799,1073741823,1073741823,1073741823:g7
1073741823,1073741823,1073741823,1073741823,1073741823,1073739775,1073674239,1073111039,1073344511,1073741823,1073737471,1073741823,1073741823,1073741823,1073741823:g7
1073741823,1073741823,1073741823,1073741823,1073741823,1073739775,1073674239,1073111039,1073344511,1073741823,1073736703,1073741823,1073741823,1073741823,1073741823:g7
1073741823,1073741823,1073741823,1073741823,1073741823,1073739775,1073674239,1073111039,1073344255,1073741823,1073737727,1073741823,1073741823,1073741823,1073741823:g7
1073741823,1073741823,1073741823,1073741823,1073741823,1073739775,1073674239,1073111039,1073344511,1073737727,1073737727,1073741823,1073741823,1073741823,1073741823:g7
1073741823,1073741823,1073741823,1073741823,1073741823,1073739775,1073674239,1073111039,1073344511,1073741823,1073737727,1073741823,1073676287,1073741823,1073741823:g7
1073741823,1073741823,1073741823,1073741823,1073741823,1073739775,1073674239,1073111039,1073344511,1073741823,1073737727,1073725439,1073741823,1073741823,1073741823:g7
1073741823,1073741823,1073741823,1073741823,1073741823,1073739775,1073674239,1073111039,1073344511,1073741823,1073737727,1073741823,1073737727,1073741823,1073741823:g7
1073741823,1073741823,1073741823,1073741823,1073741823,1073739775,1073674239,1073111039,1073344511,1073741823,1073737727,1073737727,1073741823,1073741823,1073741823:g7
1073741823,1073741823,1073741823,1073741823,1073741823,1073739775,1073674239,1073111039,1073344511,1073741823,1072689151,1073741823,1073741823,1073741823,1073741823:g7
1073741823,1073741823,1073741823,1073741823,1073741823,1073739775,1073674239,1073111039,1073344511,1073741823,1073672191,1073741823,1073741823,1073741823,1073741823:g7
1073741823,1073741823,1073741823,1073741823,1073741823,1073739775,1073674239,1073111039,1073344511,1073741823,1073721343,1073741823,1073741823,1073741823,1073741823:g7
1073741823,1073741823,1073741823,1073741823,1073741823,1073739775,1073674239,1073111039,1073344511,1073676287,1073737727,1073741823,1073741823,1073741823,1073741823:g7
1073741823,1073741823,1073741823,1073741823,1073741823,1073739775,1069479935,1073111039,1073344511,1073741823,1073737727,1073741823,1073741823,1073741823,1073741823:g7
1073741823,1073741823,1073741823,1073741823,1073741823,1073739775,1073674239,1073111039,1069150207,1073741823,1073737727,1073741823,1073741823,1073741823,1073741823:g7
1073741823,1073741823,1073741823,1073741823,1073741823,1073739775,1073674239,1073111039,1073344511,1073741823,1069543423,1073741823,1073741823,1073741823,1073741823:g7
1073741823,1073741823,1073741823,1073741823,1073741823,1073739775,1073674239,1073111039,1073344511,1072693247,1073737727,1073741823,1073741823,1073741823,1073741823:g7
1073741823,1073741823,1073741823,1073741823,1073741823,1073739775,1073674239,1073111039,1073344511,1073741823,1073475583,1073741823,1073741823,1073741823,1073741823:g7
1073741823,1073741823,1073741823,1073741823,1073741823,1069545471,1073674239,1073111039,1073344511,1073741823,1073737727,1073741823,1073741823,1073741823,1073741823:g7
1073741823,1073741823,1073741823,1073741823,1073741823,1073739775,1073674239,1068916735,1073344511,1073741823,1073737727,1073741823,1073741823,1073741823,1073741823:g7
1073741823,1073741823,1073741823,1073741823,1073741823,1073739775,1073674239,1072062463,1073344511,1073741823,1073737727,1073741823,1073741823,1073741823,1073741823:g7
1073741823,1073741823,1073741823,1073741823,1073741823,1073739775,1073674239,1073111039,1073344511,1069547519,1073737727,1073741823,1073741823,1073741823,1073741823:g7
1073741823,1073741823,1073741823,1073741823,1073737727,1073739775,1073674239,1073111039,1073344511,1073741823,1073737727,1073741823,1073741823,1073741823,1073741823:g7
1073741823,1073741823,1073741823,1073741823,1073676287,1073739775,1073674239,1073111039,1073344511,1073741823,1073737727,1073741823,1073741823,1073741823,1073741823:g7
1073741823,1073741823,1073741823,1073741823,1073741823,1073674239,1073674239,1073111039,1073344511,1073741823,1073737727,1073741823,1073741823,1073741823,1073741823:g7
1073741823,1073741823,1073741823,1073741823,1072693247,1073739775,1073674239,1073111039,1073344511,1073741823,1073737727,1073741823,1073741823,1073741823,1073741823:g7
1073741823,1073741823,1073741823,1073741823,1073741823,1073739775,1072625663,1073111039,1073344511,1073741823,1073737727,1073741823,1073741823,1073741823,1073741823:g7
1073741823,1073741823,1073741823,1073741823,1073741823,1073739775,1073412095,1073111039,1073344511,1073741823,1073737727,1073741823,1073741823,1073741823,1073741823:g7
1073741823,1073741823,1073741823,1073741823,1073741823,1073739775,1073674239,1073111039,1072295935,1073741823,1073737727,1073741823,1073741823,1073741823,1073741823:g7
1073741823,1073741823,1073741823,1073741823,1073741823,1073739775,1073674239,1073111039,1073344511,1073740799,1073737727,1073741823,1073741823,1073741823,1073741823:g7
1073741823,1073741823,1073741823,1073741823,1073741823,1073739775,1073674239,1073110015,1073344511,1073741823,1073737727,1073741823,1073741823,1073741823,1073741823:g7
1073741823,1073741823,1073741823,1073741823,1073741823,1073739775,1073670143,1073111039,1073344511,1073741823,1073737727,1073741823,1073741823,1073741823,1073741823:h9
1073741823,1073741823,1073741823,1073741823,1073741823,1073723391,1073674239,1073111039,1073344511,1073741823,1073737727,1073741823,1073741823,1073741823,1073741823:g7
1073741823,1073741823,1073741823,1073741823,1073741823,1073739775,1073657855,1073111039,1073344511,1073741823,1073737727,1073741823,1073741823,1073741823,1073741823:g7
1073741823,1073741823,1073741823,1073741823,1073741823,1073477631,1073674239,1073111039,1073344511,1073741823,1073737727,1073741823,1073741823,1073741823,1073741823:g7
1073741823,1073741823,1073741823,1073741823,1073741823,1073739775,1073674239,1073111039,1073344511,1073479679,1073737727,1073741823,1073741823,1073741823,1073741823:e6
1073741823,1073741823,1073741823,1073741823,1073741823,1073739775,1073674239,1073111039,1073344511,1073725439,1073737727,1073741823,1073741823,1073741823,1073741823:g7
1073741823,1073741823,1073741823,1073741823,1073741823,1073739775,1073674239,1073111039,1073328127,1073741823,1073737727,1073741823,1073741823,1073741823,1073741823:g7
