1073741823,1073741823,1073741823,1069547519,1073741823,1073414143,1073733631,1073111039,1073741823,1073741823,1073741823,1073741823,1073741823,1073741823,1073741823:g6
1073741823,1073741823,1073741823,1072693247,1073741823,1073676287,1073717247,1073111039,1073610751,1073479679,1073741823,1073741823,1073741823,1073741823,1073741823:g9
1073741823,1073741823,1073741823,1073676287,1073610751,1073676287,1072082943,1073119231,1073577983,1073709055,1073741823,1073741823,1073741823,1073741823,1073741823:j9
1073741823,1073741823,1073741823,1073676287,1073741823,1073676287,1073147903,1073119231,1073086463,1073741823,1073741823,1073741823,1073741823,1073741823,1073741823:i5
1073741823,1073741823,1073741823,1073725439,1073741823,1073414143,1073733631,1073111039,1073741823,1073741823,1073741823,1073741823,1073741823,1073741823,1073741823:i9
1073741823,1073741823,1073741823,1073737727,1073741823,1073676287,1071382527,1071022079,1073610751,1073725439,1073741823,1073741823,1073741823,1073741823,1073741823:k9
1073741823,1073741823,1073741823,1073741823,1073414143,1073676287,1073676287,1073119231,1073086463,1073217535,1073741823,1073741823,1073741823,1073741823,1073741823:i4
1073741823,1073741823,1073741823,1073741823,1073479679,1073151999,1073070079,1073111039,1073672191,1073741823,1073741823,1073741823,1073741823,1073741823,1073741823:k9
1073741823,1073741823,1073741823,1073741823,1073659903,1073676287,1073151999,1073119231,1073086463,1073741823,1073741823,1073741823,1073741823,1073741823,1073741823:i4
1073741823,1073741823,1073741823,1073741823,1073676287,1072627711,1073676287,1073119231,1073086463,1073217535,1073741823,1073741823,1073741823,1073741823,1073741823:i4
1073741823,1073741823,1073741823,1073741823,1073676287,1073414143,1073676287,1073119231,1073086463,1073217535,1073741823,1073741823,1073741823,1073741823,1073741823:i4
1073741823,1073741823,1073741823,1073741823,1073676287,1073659903,1073676287,1073119231,1073086463,1073217535,1073741823,1073741823,1073741823,1073741823,1073741823:i4
1073741823,1073741823,1073741823,1073741823,1073676287,1073672191,1073676287,1073119231,1073086463,1073217535,1073741823,1073741823,1073741823,1073741823,1073741823:i4
1073741823,1073741823,1073741823,1073741823,1073676287,1073676287,1073147903,1073119231,1073086463,1073741823,1073741823,1073741823,1073741823,1073741823,1073741823:i4
1073741823,1073741823,1073741823,1073741823,1073676287,1073676287,1073201151,1073119231,1071120383,1073479679,1073741823,1073741823,1073741823,1073741823,1073741823:i7
1073741823,1073741823,1073741823,1073741823,1073676287,1073676287,1073414143,1073119231,1073053695,1073741823,1073741823,1073741823,1073741823,1073741823,1073741823:i4
1073741823,1073741823,1073741823,1073741823,1073676287,1073676287,1073676287,1073119231,1073086463,1073741823,1073741823,1073741823,1073741823,1073741823,1073741823:i4
1073741823,1073741823,1073741823,1073741823,1073676287,1073676287,1073741823,1073119231,1073610751,1073741823,1073741823,1073741823,1073741823,1073741823,1073741823:i7
1073741823,1073741823,1073741823,1073741823,1073725439,1073676287,1073733631,1073111039,1073740799,1073741823,1073741823,1073741823,1073741823,1073741823,1073741823:g9
1073741823,1073741823,1073741823,1073741823,1073737727,1073676287,1073672191,1073111039,1073577983,1073741823,1073741823,1073741823,1073741823,1073741823,1073741823:h10
1073741823,1073741823,1073741823,1073741823,1073737727,1073676287,1073676287,1073119231,1073086463,1073741823,1073741823,1073741823,1073741823,1073741823,1073741823:i5
1073741823,1073741823,1073741823,1073741823,1073741567,1073676287,1073340415,1073119231,1073741823,1073741823,1073741823,1073741823,1073741823,1073741823,1073741823:h6
1073741823,1073741823,1073741823,1073741823,1073741567,1073676287,1073717247,1073111039,1073610751,1073479679,1073741823,1073741823,1073741823,1073741823,1073741823:g9
1073741823,1073741823,1073741823,1073741823,1073741567,1073676287,1073733631,1073119231,1073741823,1073741823,1073741823,1073741823,1073741823,1073741823,1073741823:i7
1073741823,1073741823,1073741823,1073741823,1073741823,1069481983,1071116287,1073119231,1073332223,1073217535,1073741823,1073741823,1073741823,1073741823,1073741823:k10
1073741823,1073741823,1073741823,1073741823,1073741823,1069481983,1071120383,1073119231,1073332223,1073217535,1072693247,1073741823,1073741823,1073741823,1073741823:k10
1073741823,1073741823,1073741823,1073741823,1073741823,1069481983,1071120383,1073119231,1073332223,1073741823,1073741823,1073741823,1073741823,1073741823,1073741823:j10
1073741823,1073741823,1073741823,1073741823,1073741823,1069481983,1071644671,1073119231,1073594367,1073741823,1073741823,1073741823,1073741823,1073741823,1073741823:j10
1073741823,1073741823,1073741823,1073741823,1073741823,1073151999,1072037887,1073119231,1073475583,1073741823,1073741823,1073741823,1073741823,1073741823,1073741823:h6
1073741823,1073741823,1073741823,1073741823,1073741823,1073388543,1073733631,1073119231,1073610751,1073741823,1073741823,1073741823,1073741823,1073741823,1073741823:l6
1073741823,1073741823,1073741823,1073741823,1073741823,1073410047,1073049599,1073111039,1073737727,1073741823,1073741823,1073741823,1073741823,1073741823,1073741823:h6
1073741823,1073741823,1073741823,1073741823,1073741823,1073414143,1073147903,1073119231,1073086463,1073741823,1073741823,1073741823,1073741823,1073741823,1073741823:h9
1073741823,1073741823,1073741823,1073741823,1073741823,1073638399,1073668095,1073119231,1073610751,1073741823,1073741823,1073741823,1073741823,1073741823,1073741823:i5
1073741823,1073741823,1073741823,1073741823,1073741823,1073651711,1073577983,1073119231,1073737727,1073676287,1073741823,1073741823,1073741823,1073741823,1073741823:g7
1073741823,1073741823,1073741823,1073741823,1073741823,1073655807,1073049599,1073111039,1073737727,1073741823,1073741823,1073741823,1073741823,1073741823,1073741823:j6
1073741823,1073741823,1073741823,1073741823,1073741823,1073659903,1073332223,1073111039,1071119359,1073741823,1073741823,1073741823,1073741823,1073741823,1073741823:h9
1073741823,1073741823,1073741823,1073741823,1073741823,1073659903,1073676287,1073119231,1073577983,1073741823,1073741823,1073741823,1073741823,1073741823,1073741823:h10
1073741823,1073741823,1073741823,1073741823,1073741823,1073671167,1073049599,1073111039,1073737727,1073741823,1073741823,1073741823,1073741823,1073741823,1073741823:h6
1073741823,1073741823,1073741823,1073741823,1073741823,1073672191,1071382527,1071022079,1073610751,1073725439,1073741823,1073741823,1073741823,1073741823,1073741823:k6
1073741823,1073741823,1073741823,1073741823,1073741823,1073672191,1073049599,1073111039,1073721343,1073741823,1073741823,1073741823,1073741823,1073741823,1073741823:k7
1073741823,1073741823,1073741823,1073741823,1073741823,1073675263,1071382527,1071022079,1073610751,1073725439,1073741823,1073741823,1073741823,1073741823,1073741823:k9
1073741823,1073741823,1073741823,1073741823,1073741823,1073675263,1073594367,1073111039,1073733631,1073740799,1073741823,1073741823,1073741823,1073741823,1073741823:g11
1073741823,1073741823,1073741823,1073741823,1073741823,1073675263,1073668095,1073111039,1073610751,1073479679,1073741823,1073741823,1073741823,1073741823,1073741823:g9
1073741823,1073741823,1073741823,1073741823,1073741823,1073675263,1073733631,1073119231,1073606655,1073217535,1072693247,1073741823,1073741823,1073741823,1073741823:j7
1073741823,1073741823,1073741823,1073741823,1073741823,1073675263,1073733631,1073119231,1073606655,1073741823,1073741823,1073741823,1073741823,1073741823,1073741823:j10
1073741823,1073741823,1073741823,1073741823,1073741823,1073676287,1066790911,1073119231,1073737727,1073741823,1073741823,1073741823,1073741823,1073741823,1073741823:j6
1073741823,1073741823,1073741823,1073741823,1073741823,1073676287,1071116287,1073119231,1073332223,1073201151,1073741823,1073741823,1073741823,1073741823,1073741823:l7
1073741823,1073741823,1073741823,1073741823,1073741823,1073676287,1071120383,1073119231,1073332223,1073725439,1073741823,1073741823,1073741823,1073741823,1073741823:m7
1073741823,1073741823,1073741823,1073741823,1073741823,1073676287,1071382527,1071021055,1073610751,1073725439,1073741823,1073741823,1073741823,1073741823,1073741823:k9
1073741823,1073741823,1073741823,1073741823,1073741823,1073676287,1071382527,1071022079,1056833535,1073725439,1073741823,1073741823,1073741823,1073741823,1073741823:k9
1073741823,1073741823,1073741823,1073741823,1073741823,1073676287,1071382527,1071022079,1069416447,1073725439,1073741823,1073741823,1073741823,1073741823,1073741823:k9
1073741823,1073741823,1073741823,1073741823,1073741823,1073676287,1071382527,1071022079,1073610751,1056948223,1073741823,1073741823,1073741823,1073741823,1073741823:k9
1073741823,1073741823,1073741823,1073741823,1073741823,1073676287,1071382527,1071022079,1073610751,1073659903,1073741823,1073741823,1073741823,1073741823,1073741823:k9
1073741823,1073741823,1073741823,1073741823,1073741823,1073676287,1071382527,1071022079,1073610751,1073724415,1073741823,1073741823,1073741823,1073741823,1073741823:k6
1073741823,1073741823,1073741823,1073741823,1073741823,1073676287,1071382527,1071022079,1073610751,1073725439,1073676287,1073741823,1073741823,1073741823,1073741823:k6
1073741823,1073741823,1073741823,1073741823,1073741823,1073676287,1071644671,1073119231,1073594367,1073725439,1073741823,1073741823,1073741823,1073741823,1073741823:j7
1073741823,1073741823,1073741823,1073741823,1073741823,1073676287,1072082943,1073119231,1073577983,1073709055,1073741823,1073741823,1073741823,1073741823,1073741823:j9
1073741823,1073741823,1073741823,1073741823,1073741823,1073676287,1072099327,1073119231,1073610751,1073709055,1073741823,1073741823,1073741823,1073741823,1073741823:h9
1073741823,1073741823,1073741823,1073741823,1073741823,1073676287,1072300031,1071022079,1073217535,1073676287,1073741823,1073741823,1073741823,1073741823,1073741823:h9
1073741823,1073741823,1073741823,1073741823,1073741823,1073676287,1072562175,1071022079,1072562175,1073725439,1073741823,1073741823,1073741823,1073741823,1073741823:j10
1073741823,1073741823,1073741823,1073741823,1073741823,1073676287,1072627711,1073119231,1072005119,1073709055,1073725439,1073741823,1073741823,1073741823,1073741823:j10
1073741823,1073741823,1073741823,1073741823,1073741823,1073676287,1072627711,1073119231,1073049599,1073709055,1073725439,1073741823,1073741823,1073741823,1073741823:j10
1073741823,1073741823,1073741823,1073741823,1073741823,1073676287,1072627711,1073119231,1073577983,1073709055,1073725439,1073741823,1073741823,1073741823,1073741823:j9
1073741823,1073741823,1073741823,1073741823,1073741823,1073676287,1072693247,1073119231,1071497215,1073217535,1072693247,1073741823,1073741823,1073741823,1073741823:i7
1073741823,1073741823,1073741823,1073741823,1073741823,1073676287,1072693247,1073119231,1073594367,1073184767,1072693247,1073741823,1073741823,1073741823,1073741823:g10
1073741823,1073741823,1073741823,1073741823,1073741823,1073676287,1073082367,1073119231,1073737727,1073741823,1073741823,1073741823,1073741823,1073741823,1073741823:k7
1073741823,1073741823,1073741823,1073741823,1073741823,1073676287,1073147903,1073119231,1073086463,1073479679,1073741823,1073741823,1073741823,1073741823,1073741823:h10
1073741823,1073741823,1073741823,1073741823,1073741823,1073676287,1073348607,1071021055,1071644671,1069547519,1073741823,1073741823,1073741823,1073741823,1073741823:g9
1073741823,1073741823,1073741823,1073741823,1073741823,1073676287,1073348607,1071022079,1071644671,1069531135,1073741823,1073741823,1073741823,1073741823,1073741823:k11
1073741823,1073741823,1073741823,1073741823,1073741823,1073676287,1073475583,1073119231,1073082367,1073217535,1073741823,1073741823,1073741823,1073741823,1073741823:i11
1073741823,1073741823,1073741823,1073741823,1073741823,1073676287,1073590271,1073111039,1073709055,1073676287,1073741823,1073741823,1073741823,1073741823,1073741823:j9
1073741823,1073741823,1073741823,1073741823,1073741823,1073676287,1073594367,1073111039,1073733631,1073478655,1073741823,1073741823,1073741823,1073741823,1073741823:g11
1073741823,1073741823,1073741823,1073741823,1073741823,1073676287,1073594367,1073111039,1073733631,1073675263,1073741823,1073741823,1073741823,1073741823,1073741823:g10
1073741823,1073741823,1073741823,1073741823,1073741823,1073676287,1073594367,1073111039,1073733631,1073740799,1073741823,1073725439,1073741823,1073741823,1073741823:k9
1073741823,1073741823,1073741823,1073741823,1073741823,1073676287,1073594367,1073115135,1073217535,1073741823,1073741823,1073741823,1073741823,1073741823,1073741823:f9
1073741823,1073741823,1073741823,1073741823,1073741823,1073676287,1073594367,1073119231,1073216511,1073741823,1073741823,1073741823,1073741823,1073741823,1073741823:g8
1073741823,1073741823,1073741823,1073741823,1073741823,1073676287,1073606655,1073110783,1073606655,1073741823,1073741823,1073741823,1073741823,1073741823,1073741823:h9
1073741823,1073741823,1073741823,1073741823,1073741823,1073676287,1073606655,1073119231,1073471487,1073708031,1073741823,1073741823,1073741823,1073741823,1073741823:i9
1073741823,1073741823,1073741823,1073741823,1073741823,1073676287,1073606655,1073119231,1073733631,1073740799,1073741823,1073741823,1073741823,1073741823,1073741823:h9
1073741823,1073741823,1073741823,1073741823,1073741823,1073676287,1073609727,1073111039,1073717247,1073740799,1073741823,1073741823,1073741823,1073741823,1073741823:g7
1073741823,1073741823,1073741823,1073741823,1073741823,1073676287,1073676287,1068924927,1073086463,1073741823,1073741823,1073741823,1073741823,1073741823,1073741823:i5
1073741823,1073741823,1073741823,1073741823,1073741823,1073676287,1073676287,1073118207,1073577983,1073741823,1073741823,1073741823,1073741823,1073741823,1073741823:i5
1073741823,1073741823,1073741823,1073741823,1073741823,1073676287,1073716223,1073111039,1073610751,1073479679,1073741823,1073741823,1073741823,1073741823,1073741823:g9
1073741823,1073741823,1073741823,1073741823,1073741823,1073676287,1073716991,1073111039,1073610751,1073479679,1073741823,1073741823,1073741823,1073741823,1073741823:g9
1073741823,1073741823,1073741823,1073741823,1073741823,1073676287,1073717247,1073110783,1073610751,1073479679,1073741823,1073741823,1073741823,1073741823,1073741823:g9
1073741823,1073741823,1073741823,1073741823,1073741823,1073676287,1073717247,1073111039,1073609727,1073479679,1073741823,1073741823,1073741823,1073741823,1073741823:g9
1073741823,1073741823,1073741823,1073741823,1073741823,1073676287,1073717247,1073111039,1073610495,1073479679,1073741823,1073741823,1073741823,1073741823,1073741823:g9
1073741823,1073741823,1073741823,1073741823,1073741823,1073676287,1073717247,1073111039,1073610751,1069285375,1073741823,1073741823,1073741823,1073741823,1073741823:g9
1073741823,1073741823,1073741823,1073741823,1073741823,1073676287,1073717247,1073111039,1073610751,1073478655,1073741823,1073741823,1073741823,1073741823,1073741823:g9
1073741823,1073741823,1073741823,1073741823,1073741823,1073676287,1073717247,1073111039,1073610751,1073479679,1073676287,1073741823,1073741823,1073741823,1073741823:g9
1073741823,1073741823,1073741823,1073741823,1073741823,1073676287,1073733631,1056333823,1073741823,1072693247,1073741823,1073741823,1073741823,1073741823,1073741823:g9
1073741823,1073741823,1073741823,1073741823,1073741823,1073676287,1073733631,1073111039,1073594367,1073414143,1073741823,1073741823,1073741823,1073741823,1073741823:g5
1073741823,1073741823,1073741823,1073741823,1073741823,1073676287,1073737727,1073119231,1073082367,1073217535,1073479679,1073741823,1073741823,1073741823,1073741823:j7
1073741823,1073741823,1073741823,1073741823,1073741823,1073676287,1073737727,1073119231,1073082367,1073741823,1073741823,1073741823,1073741823,1073741823,1073741823:j10
1073741823,1073741823,1073741823,1073741823,1073741823,1073676287,1073737727,1073119231,1073594367,1073217535,1073741823,1073741823,1073741823,1073741823,1073741823:k7
1073741823,1073741823,1073741823,1073741823,1073741823,1073676287,1073741823,1071022079,1073610751,1073724415,1073741823,1073741823,1073741823,1073741823,1073741823:j10
1073741823,1073741823,1073741823,1073741823,1073741823,1073676287,1073741823,1073119231,1073594367,1073217535,1072693247,1073741823,1073741823,1073741823,1073741823:h10
1073741823,1073741823,1073741823,1073741823,1073741823,1073676287,1073741823,1073119231,1073594367,1073741823,1073741823,1073741823,1073741823,1073741823,1073741823:k7
1073741823,1073741823,1073741823,1073741823,1073741823,1073676287,1073741823,1073119231,1073610751,1073593343,1073741823,1073741823,1073741823,1073741823,1073741823:j10
1073741823,1073741823,1073741823,1073741823,1073741823,1073676287,1073741823,1073119231,1073610751,1073741823,1073676287,1073741823,1073741823,1073741823,1073741823:i7
