1073741823,1073741823,1073741823,1073741823,1073741823,1072693247,1073147903,1066758143,1073741823,1073741823,1073741823,1073741823,1073741823,1073741823,1073741823:j9
1073741823,1073741823,1073741823,1073741823,1073741823,1072693247,1073147903,1066758143,1073217535,1073741823,1073725439,1073741823,1073741823,1073741823,1073741823:j6
1073741823,1073741823,1073741823,1073741823,1073741823,1072693247,1073147903,1066758143,1073217535,1073741823,1069547519,1073741823,1073741823,1073741823,1073741823:j6
1073741823,1073741823,1073741823,1073741823,1073741823,1072693247,1073147903,1066758143,1073217535,1073741823,1073479679,1073741823,1073741823,1073741823,1073741823:j6
1073741823,1073741823,1073741823,1073676287,1073741823,1072693247,1073147903,1066758143,1073217535,1073741823,1073741823,1073741823,1073741823,1073741823,1073741823:j6
1073741823,1073741823,1073741823,1072693247,1073741823,1072693247,1073147903,1066758143,1073217535,1073741823,1073741823,1073741823,1073741823,1073741823,1073741823:j6
1073741823,1073741823,1073741823,1056964607,1073741823,1072693247,1073147903,1066758143,1073217535,1073741823,1073741823,1073741823,1073741823,1073741823,1073741823:j6
1073741823,1073741823,1073741823,1073741823,1073725439,1072693247,1073147903,1066758143,1073217535,1073741823,1073741823,1073741823,1073741823,1073741823,1073741823:j6
1073741823,1073741823,1073741823,1073741823,1073479679,1072693247,1073147903,1066758143,1073217535,1073741823,1073741823,1073741823,1073741823,1073741823,1073741823:j10
1073741823,1073741823,1073741823,1073741823,1069547519,1072693247,1073147903,1066758143,1073217535,1073741823,1073741823,1073741823,1073741823,1073741823,1073741823:j6
1073741823,1073741823,1073741823,1073741823,1073741823,1005584383,1073147903,1066758143,1073217535,1073741823,1073741823,1073741823,1073741823,1073741823,1073741823:j6
1073741823,1073741823,1073741823,1073741823,1073741823,1072693247,1056370687,1066758143,1073217535,1073741823,1073741823,1073741823,1073741823,1073741823,1073741823:j6
1073741823,1073741823,1073741823,1073741823,1073741823,1072693247,1073147903,999649279,1073217535,1073741823,1073741823,1073741823,1073741823,1073741823,1073741823:j6
1073741823,1073741823,1073741823,1073741823,1073741823,1072693247,1073147903,1066758143,1073217535,1006632959,1073741823,1073741823,1073741823,1073741823,1073741823:j6
1073741823,1073741823,1073741823,1073741823,1073741823,1072693247,1073147903,1066758143,1056440319,1073741823,1073741823,1073741823,1073741823,1073741823,1073741823:j6
1073741823,1073741823,1073741823,1073741823,1073741823,1072693247,1073147903,1066758143,1073217535,1073741567,1073741823,1073741823,1073741823,1073741823,1073741823:j6
1073741823,1073741823,1073741823,1073741823,1073741823,1072693247,1073147903,1066758143,1073216511,1073741823,1073741823,1073741823,1073741823,1073741823,1073741823:j6
1073741823,1073741823,1073741823,1073741823,1073741823,1072693247,1073147903,1066757887,1073217535,1073741823,1073741823,1073741823,1073741823,1073741823,1073741823:j6
1073741823,1073741823,1073741823,1073741823,1073741823,1072692991,1073147903,1066758143,1073217535,1073741823,1073741823,1073741823,1073741823,1073741823,1073741823:j6
1073741823,1073741823,1073741823,1073741823,1073741823,1072693247,1073147903,1066758143,1073217535,1073737727,1073741823,1073741823,1073741823,1073741823,1073741823:j6
1073741823,1073741823,1073741823,1073741823,1073741823,1072693247,1073147903,1066758143,1073217535,1073676287,1073741823,1073741823,1073741823,1073741823,1073741823:j6
1073741823,1073741823,1073741823,1073741823,1073741823,1055916031,1073147903,1066758143,1073217535,1073741823,1073741823,1073741823,1073741823,1073741823,1073741823:j6
1073741823,1073741823,1073741823,1073741823,1073741823,1072693247,1068953599,1066758143,1073217535,1073741823,1073741823,1073741823,1073741823,1073741823,1073741823:j6
1073741823,1073741823,1073741823,1073741823,1073741823,1072693247,1073147903,1049980927,1073217535,1073741823,1073741823,1073741823,1073741823,1073741823,1073741823:j6
1073741823,1073741823,1073741823,1073741823,1073741823,1072693247,1073147903,1066758143,1073217535,1056964607,1073741823,1073741823,1073741823,1073741823,1073741823:j6
1073741823,1073741823,1073741823,1073741823,1073741823,1072693247,1073147903,1066758143,1069023231,1073741823,1073741823,1073741823,1073741823,1073741823,1073741823:j6
1073741823,1073741823,1073741823,1073741823,1073741823,1072693247,1073147903,1066758143,1073217535,1072693247,1073741823,1073741823,1073741823,1073741823,1073741823:j6
1073741823,1073741823,1073741823,1073741823,1073741823,1072693247,1073147903,1066758143,1073217279,1073741823,1073741823,1073741823,1073741823,1073741823,1073741823:j6
1073741823,1073741823,1073741823,1073741823,1073741823,1072693247,1073147647,1066758143,1073217535,1073741823,1073741823,1073741823,1073741823,1073741823,1073741823:j6
1073741823,1073741823,1073741823,1073741823,1073741823,1072693247,1073146879,1066758143,1073217535,1073741823,1073741823,1073741823,1073741823,1073741823,1073741823:j6
1073741823,1073741823,1073741823,1073741823,1073741567,1072693247,1073147903,1066758143,1073217535,1073741823,1073741823,1073741823,1073741823,1073741823,1073741823:j6
1073741823,1073741823,1073741823,1073741823,1073741823,1072689151,1073147903,1066758143,1073217535,1073741823,1073741823,1073741823,1073741823,1073741823,1073741823:j6
1073741823,1073741823,1073741823,1073741823,1073741823,1068498943,1073147903,1066758143,1073217535,1073741823,1073741823,1073741823,1073741823,1073741823,1073741823:j6
1073741823,1073741823,1073741823,1073741823,1073741823,1072693247,1073147903,1066758143,1073217535,1069547519,1073741823,1073741823,1073741823,1073741823,1073741823:j6
1073741823,1073741823,1073741823,1073741823,1073737727,1072693247,1073147903,1066758143,1073217535,1073741823,1073741823,1073741823,1073741823,1073741823,1073741823:j6
1073741823,1073741823,1073741823,1073741823,1073676287,1072693247,1073147903,1066758143,1073217535,1073741823,1073741823,1073741823,1073741823,1073741823,1073741823:j6
1073741823,1073741823,1073741823,1073741823,1073741823,1072627711,1073147903,1066758143,1073217535,1073741823,1073741823,1073741823,1073741823,1073741823,1073741823:j6
1073741823,1073741823,1073741823,1073741823,1072693247,1072693247,1073147903,1066758143,1073217535,1073741823,1073741823,1073741823,1073741823,1073741823,1073741823:j6
1073741823,1073741823,1073741823,1073741823,1073741823,1072693247,1072099327,1066758143,1073217535,1073741823,1073741823,1073741823,1073741823,1073741823,1073741823:j6
1073741823,1073741823,1073741823,1073741823,1073741823,1072693247,1073147903,1066758143,1072168959,1073741823,1073741823,1073741823,1073741823,1073741823,1073741823:j6
1073741823,1073741823,1073741823,1073741823,1073741823,1072693247,1073147903,1066758143,1073217535,1073740799,1073741823,1073741823,1073741823,1073741823,1073741823:j6
1073741823,1073741823,1073741823,1073741823,1073741823,1072693247,1073147903,1066758143,1073213439,1073741823,1073741823,1073741823,1073741823,1073741823,1073741823:j6
1073741823,1073741823,1073741823,1073741823,1073741823,1072693247,1073147903,1066757119,1073217535,1073741823,1073741823,1073741823,1073741823,1073741823,1073741823:j6
1073741823,1073741823,1073741823,1073741823,1073741823,1072692223,1073147903,1066758143,1073217535,1073741823,1073741823,1073741823,1073741823,1073741823,1073741823:j6
1073741823,1073741823,1073741823,1073741823,1073741823,1072676863,1073147903,1066758143,1073217535,1073741823,1073741823,1073741823,1073741823,1073741823,1073741823:j6
1073741823,1073741823,1073741823,1073741823,1073741823,1072693247,1073131519,1066758143,1073217535,1073741823,1073741823,1073741823,1073741823,1073741823,1073741823:j6
1073741823,1073741823,1073741823,1073741823,1073741823,1072431103,1073147903,1066758143,1073217535,1073741823,1073741823,1073741823,1073741823,1073741823,1073741823:k10
1073741823,1073741823,1073741823,1073741823,1073741823,1072431103,1073147903,1066758143,1073217535,1071644671,1073741823,1073676287,1073741823,1073741823,1073741823:j10
1073741823,1073741823,1073741823,1073741823,1073741823,1072431103,1073147903,1066758143,1073217535,1071644671,1073741823,1056964607,1073741823,1073741823,1073741823:j10
1073741823,1073741823,1073741823,1073741823,1073741823,1072431103,1073147903,1066758143,1073217535,1071644671,1073741823,1072693247,1073741823,1073741823,1073741823:j10
1073741823,1073741823,1073741823,1073741823,1073741823,1072431103,1073147903,1066758143,1073217535,1071644671,1072693247,1073741823,1073741823,1073741823,1073741823:j10
1073741823,1073741823,1073741823,1073725439,1073741823,1072431103,1073147903,1066758143,1073217535,1071644671,1073741823,1073741823,1073741823,1073741823,1073741823:h7
1073741823,1073741823,1073741823,1073479679,1073741823,1072431103,1073147903,1066758143,1073217535,1071644671,1073741823,1073741823,1073741823,1073741823,1073741823:j10
1073741823,1073741823,1073741823,1069547519,1073741823,1072431103,1073147903,1066758143,1073217535,1071644671,1073741823,1073741823,1073741823,1073741823,1073741823:h7
1073741823,1073741823,1073741823,1073741823,1073741823,1072431103,1073147903,1066758143,1073217535,1071644671,1073725439,1073741823,1073741823,1073741823,1073741823:j10
1073741823,1073741823,1073741823,1073741823,1073741823,1072431103,1073147903,1066758143,1073217535,1071644671,1069547519,1073741823,1073741823,1073741823,1073741823:j10
1073741823,1073741823,1073741823,1073741823,1073741823,1072431103,1073147903,1066758143,1073217535,1071644671,1073479679,1073741823,1073741823,1073741823,1073741823:h5
1073741823,1073741823,1073741823,1073676287,1073741823,1072431103,1073147903,1066758143,1073217535,1071644671,1073741823,1073741823,1073741823,1073741823,1073741823:j10
1073741823,1073741823,1073741823,1072693247,1073741823,1072431103,1073147903,1066758143,1073217535,1071644671,1073741823,1073741823,1073741823,1073741823,1073741823:j10
1073741823,1073741823,1073741823,1056964607,1073741823,1072431103,1073147903,1066758143,1073217535,1071644671,1073741823,1073741823,1073741823,1073741823,1073741823:j10
1073741823,1073741823,1073741823,1073741823,1073725439,1072431103,1073147903,1066758143,1073217535,1071644671,1073741823,1073741823,1073741823,1073741823,1073741823:j10
1073741823,1073741823,1073741823,1073741823,1073479679,1072431103,1073147903,1066758143,1073217535,1071644671,1073741823,1073741823,1073741823,1073741823,1073741823:j10
1073741823,1073741823,1073741823,1073741823,1069547519,1072431103,1073147903,1066758143,1073217535,1071644671,1073741823,1073741823,1073741823,1073741823,1073741823:j10
1073741823,1073741823,1073741823,1073741823,1073741823,1005322239,1073147903,1066758143,1073217535,1071644671,1073741823,1073741823,1073741823,1073741823,1073741823:h7
1073741823,1073741823,1073741823,1073741823,1073741823,1072431103,1056370687,1066758143,1073217535,1071644671,1073741823,1073741823,1073741823,1073741823,1073741823:j10
1073741823,1073741823,1073741823,1073741823,1073741823,1072431103,1073147903,999649279,1073217535,1071644671,1073741823,1073741823,1073741823,1073741823,1073741823:j10
1073741823,1073741823,1073741823,1073741823,1073741823,1072431103,1073147903,1066758143,1073217535,1004535807,1073741823,1073741823,1073741823,1073741823,1073741823:h7
1073741823,1073741823,1073741823,1073741823,1073741823,1072431103,1073147903,1066758143,1056440319,1071644671,1073741823,1073741823,1073741823,1073741823,1073741823:h7
1073741823,1073741823,1073741823,1073741823,1073741823,1072431103,1073147903,1066758143,1073217535,1071644415,1073741823,1073741823,1073741823,1073741823,1073741823:j10
1073741823,1073741823,1073741823,1073741823,1073741823,1072431103,1073147903,1066758143,1073216511,1071644671,1073741823,1073741823,1073741823,1073741823,1073741823:j10
1073741823,1073741823,1073741823,1073741823,1073741823,1072431103,1073147903,1066757887,1073217535,1071644671,1073741823,1073741823,1073741823,1073741823,1073741823:j10
1073741823,1073741823,1073741823,1073741823,1073741823,1072430847,1073147903,1066758143,1073217535,1071644671,1073741823,1073741823,1073741823,1073741823,1073741823:j10
1073741823,1073741823,1073741823,1073741823,1073741823,1072431103,1073147903,1066758143,1073217535,1071640575,1073741823,1073741823,1073741823,1073741823,1073741823:h7
1073741823,1073741823,1073741823,1073741823,1073741823,1072431103,1073147903,1066758143,1073217535,1071579135,1073741823,1073741823,1073741823,1073741823,1073741823:j11
1073741823,1073741823,1073741823,1073741823,1073741823,1055653887,1073147903,1066758143,1073217535,1071644671,1073741823,1073741823,1073741823,1073741823,1073741823:h7
1073741823,1073741823,1073741823,1073741823,1073741823,1072431103,1068953599,1066758143,1073217535,1071644671,1073741823,1073741823,1073741823,1073741823,1073741823:j10
1073741823,1073741823,1073741823,1073741823,1073741823,1072431103,1073147903,1049980927,1073217535,1071644671,1073741823,1073741823,1073741823,1073741823,1073741823:j10
1073741823,1073741823,1073741823,1073741823,1073741823,1072431103,1073147903,1066758143,1073217535,1054867455,1073741823,1073741823,1073741823,1073741823,1073741823:j10
1073741823,1073741823,1073741823,1073741823,1073741823,1072431103,1073147903,1066758143,1069023231,1071644671,1073741823,1073741823,1073741823,1073741823,1073741823:j10
1073741823,1073741823,1073741823,1073741823,1073741823,1072431103,1073147903,1066758143,1073217279,1071644671,1073741823,1073741823,1073741823,1073741823,1073741823:j10
1073741823,1073741823,1073741823,1073741823,1073741823,1072431103,1073147647,1066758143,1073217535,1071644671,1073741823,1073741823,1073741823,1073741823,1073741823:h7
1073741823,1073741823,1073741823,1073741823,1073741823,1072431103,1073146879,1066758143,1073217535,1071644671,1073741823,1073741823,1073741823,1073741823,1073741823:h7
1073741823,1073741823,1073741823,1073741823,1073741567,1072431103,1073147903,1066758143,1073217535,1071644671,1073741823,1073741823,1073741823,1073741823,1073741823:j10
1073741823,1073741823,1073741823,1073741823,1073741823,1072427007,1073147903,1066758143,1073217535,1071644671,1073741823,1073741823,1073741823,1073741823,1073741823:l11
1073741823,1073741823,1073741823,1073741823,1073741823,1068236799,1073147903,1066758143,1073217535,1071644671,1073741823,1073741823,1073741823,1073741823,1073741823:h7
1073741823,1073741823,1073741823,1073741823,1073741823,1072431103,1073147903,1066758143,1073217535,1067450367,1073741823,1073741823,1073741823,1073741823,1073741823:j11
1073741823,1073741823,1073741823,1073741823,1073737727,1072431103,1073147903,1066758143,1073217535,1071644671,1073741823,1073741823,1073741823,1073741823,1073741823:h7
1073741823,1073741823,1073741823,1073741823,1073676287,1072431103,1073147903,1066758143,1073217535,1071644671,1073741823,1073741823,1073741823,1073741823,1073741823:h7
1073741823,1073741823,1073741823,1073741823,1073741823,1072365567,1073147903,1066758143,1073217535,1071644671,1073741823,1073741823,1073741823,1073741823,1073741823:h7
1073741823,1073741823,1073741823,1073741823,1072693247,1072431103,1073147903,1066758143,1073217535,1071644671,1073741823,1073741823,1073741823,1073741823,1073741823:j10
1073741823,1073741823,1073741823,1073741823,1073741823,1072431103,1072099327,1066758143,1073217535,1071644671,1073741823,1073741823,1073741823,1073741823,1073741823:h7
1073741823,1073741823,1073741823,1073741823,1073741823,1072431103,1073147903,1066758143,1072168959,1071644671,1073741823,1073741823,1073741823,1073741823,1073741823:j10
1073741823,1073741823,1073741823,1073741823,1073741823,1072431103,1073147903,1066758143,1073217535,1071643647,1073741823,1073741823,1073741823,1073741823,1073741823:j10
1073741823,1073741823,1073741823,1073741823,1073741823,1072431103,1073147903,1066758143,1073213439,1071644671,1073741823,1073741823,1073741823,1073741823,1073741823:h7
1073741823,1073741823,1073741823,1073741823,1073741823,1072431103,1073147903,1066757119,1073217535,1071644671,1073741823,1073741823,1073741823,1073741823,1073741823:j10
1073741823,1073741823,1073741823,1073741823,1073741823,1072430079,1073147903,1066758143,1073217535,1071644671,1073741823,1073741823,1073741823,1073741823,1073741823:j10
1073741823,1073741823,1073741823,1073741823,1073741823,1072414719,1073147903,1066758143,1073217535,1071644671,1073741823,1073741823,1073741823,1073741823,1073741823:h7
1073741823,1073741823,1073741823,1073741823,1073741823,1072431103,1073131519,1066758143,1073217535,1071644671,1073741823,1073741823,1073741823,1073741823,1073741823:j10
1073741823,1073741823,1073741823,1073741823,1073741823,1072431103,1073147903,1066758143,1073217535,1071382527,1073741823,1073741823,1073741823,1073741823,1073741823:h5
1073741823,1073741823,1073741823,1073741823,1073741823,1072431103,1073147903,1066758143,1073151999,1071644671,1073741823,1073741823,1073741823,1073741823,1073741823:j10
1073741823,1073741823,1073741823,1073741823,1073741823,1072431103,1073147903,1066758143,1073217535,1071628287,1073741823,1073741823,1073741823,1073741823,1073741823:j10
1073741823,1073741823,1073741823,1073741823,1073741823,1072431103,1073147903,1066758143,1073201151,1071644671,1073741823,1073741823,1073741823,1073741823,1073741823:j10
1073741823,1073741823,1073741823,1073741823,1073741823,1072693247,1073147903,1066758143,1073217535,1073479679,1073741823,1073741823,1073741823,1073741823,1073741823:l9
1073741823,1073741823,1073741823,1073741823,1073741823,1072693247,1073147903,1066758143,1073151999,1073741823,1073741823,1073741823,1073741823,1073741823,1073741823:j6
1073741823,1073741823,1073741823,1073741823,1073741823,1072693247,1073147903,1066758143,1073217535,1073725439,1073741823,1073741823,1073741823,1073741823,1073741823:j6
1073741823,1073741823,1073741823,1073741823,1073741823,1072693247,1073147903,1066758143,1073201151,1073741823,1073741823,1073741823,1073741823,1073741823,1073741823:j6
