1073741823,1073741823,1073741823,1073741823,1073741823,1073741823,1073147903,1066758143,1073741823,1069547519,1073741823,1073741823,1073741823,1073741823,1073741823:j6
1073741823,1073741823,1073741823,1073725439,1073741823,1073217535,1073147903,1066758143,1073741823,1069547519,1073741823,1073741823,1073741823,1073741823,1073741823:j5
1073741823,1073741823,1073741823,1073479679,1073741823,1073217535,1073147903,1066758143,1073741823,1069547519,1073741823,1073741823,1073741823,1073741823,1073741823:j9
1073741823,1073741823,1073741823,1069547519,1073741823,1073217535,1073147903,1066758143,1073741823,1069547519,1073741823,1073741823,1073741823,1073741823,1073741823:j5
1073741823,1073741823,1073741823,1073741823,1073741823,1073217535,1073147903,1066758143,1073741823,1069547519,1073741823,1073479679,1073741823,1073741823,1073741823:j5
1073741823,1073741823,1073741823,1073741823,1073741823,1073217535,1073147903,1066758143,1073741823,1069547519,1072693247,1073741823,1073741823,1073741823,1073741823:j5
1073741823,1073741823,1073741823,1073741823,1073741823,1073217535,1073147903,1066758143,1073741823,1069547519,1073741823,1006632959,1073741823,1073741823,1073741823:j5
1073741823,1073741823,1073741823,1073741823,1073741823,1073217535,1073147903,1066758143,1073741823,1069547519,1056964607,1073741823,1073741823,1073741823,1073741823:j5
1073741823,1073741823,1073741823,1073741823,1073741823,1073217535,1073147903,1066758143,1073741823,1069547519,1073741823,1069547519,1073741823,1073741823,1073741823:j5
1073741823,1073741823,1073741823,1073741823,1073741823,1073217535,1073147903,1066758143,1073741823,1069547519,1069547519,1073741823,1073741823,1073741823,1073741823:j5
1073741823,1073741823,1073741823,1073741823,1073725439,1073217535,1073147903,1066758143,1073741823,1069547519,1073741823,1073741823,1073741823,1073741823,1073741823:j5
1073741823,1073741823,1073741823,1073741823,1073479679,1073217535,1073147903,1066758143,1073741823,1069547519,1073741823,1073741823,1073741823,1073741823,1073741823:k6
1073741823,1073741823,1073741823,1073741823,1069547519,1073217535,1073147903,1066758143,1073741823,1069547519,1073741823,1073741823,1073741823,1073741823,1073741823:j5
1073741823,1073741823,1073741823,1073741823,1073741823,1006108671,1073147903,1066758143,1073741823,1069547519,1073741823,1073741823,1073741823,1073741823,1073741823:j5
1073741823,1073741823,1073741823,1073741823,1073741823,1073217535,1056370687,1066758143,1073741823,1069547519,1073741823,1073741823,1073741823,1073741823,1073741823:j5
1073741823,1073741823,1073741823,1073741823,1073741823,1073217535,1073147903,999649279,1073741823,1069547519,1073741823,1073741823,1073741823,1073741823,1073741823:j5
1073741823,1073741823,1073741823,1073741823,1073741823,1073217535,1073147903,1066758143,1073741823,1002438655,1073741823,1073741823,1073741823,1073741823,1073741823:j5
1073741823,1073741823,1073741823,1073741823,1073741823,1073217535,1073147903,1066758143,1056964607,1069547519,1073741823,1073741823,1073741823,1073741823,1073741823:j5
1073741823,1073741823,1073741823,1073741823,1073741823,1073217535,1073147903,1066758143,1073741823,1069547263,1073741823,1073741823,1073741823,1073741823,1073741823:j5
1073741823,1073741823,1073741823,1073741823,1073741823,1073217535,1073147903,1066758143,1073740799,1069547519,1073741823,1073741823,1073741823,1073741823,1073741823:j5
1073741823,1073741823,1073741823,1073741823,1073741823,1073217535,1073147903,1066757887,1073741823,1069547519,1073741823,1073741823,1073741823,1073741823,1073741823:j5
1073741823,1073741823,1073741823,1073741823,1073741823,1073217279,1073147903,1066758143,1073741823,1069547519,1073741823,1073741823,1073741823,1073741823,1073741823:j5
1073741823,1073741823,1073741823,1073741823,1073741823,1073217535,1073147903,1066758143,1073741823,1069543423,1073741823,1073741823,1073741823,1073741823,1073741823:j5
1073741823,1073741823,1073741823,1073741823,1073741823,1073217535,1073147903,1066758143,1073741823,1069481983,1073741823,1073741823,1073741823,1073741823,1073741823:j5
1073741823,1073741823,1073741823,1073741823,1073741823,1072168959,1073147903,1066758143,1073741823,1069547519,1073741823,1073741823,1073741823,1073741823,1073741823:j5
1073741823,1073741823,1073741823,1073741823,1073741823,1056440319,1073147903,1066758143,1073741823,1069547519,1073741823,1073741823,1073741823,1073741823,1073741823:j5
1073741823,1073741823,1073741823,1073741823,1073741823,1073217535,1068953599,1066758143,1073741823,1069547519,1073741823,1073741823,1073741823,1073741823,1073741823:j5
1073741823,1073741823,1073741823,1073741823,1073741823,1073217535,1073147903,1049980927,1073741823,1069547519,1073741823,1073741823,1073741823,1073741823,1073741823:j5
1073741823,1073741823,1073741823,1073741823,1073741823,1073217535,1073147903,1066758143,1073741823,1052770303,1073741823,1073741823,1073741823,1073741823,1073741823:j5
1073741823,1073741823,1073741823,1073741823,1073741823,1073217535,1073147903,1066758143,1069547519,1069547519,1073741823,1073741823,1073741823,1073741823,1073741823:j5
1073741823,1073741823,1073741823,1073741823,1073741823,1073217535,1073147903,1066758143,1073741823,1068498943,1073741823,1073741823,1073741823,1073741823,1073741823:j5
1073741823,1073741823,1073741823,1073741823,1073741823,1073217535,1073147903,1066758143,1073741567,1069547519,1073741823,1073741823,1073741823,1073741823,1073741823:j5
1073741823,1073741823,1073741823,1073741823,1073741823,1073217535,1073147647,1066758143,1073741823,1069547519,1073741823,1073741823,1073741823,1073741823,1073741823:j5
1073741823,1073741823,1073741823,1073741823,1073741823,1073217535,1073146879,1066758143,1073741823,1069547519,1073741823,1073741823,1073741823,1073741823,1073741823:j5
1073741823,1073741823,1073741823,1073741823,1073741567,1073217535,1073147903,1066758143,1073741823,1069547519,1073741823,1073741823,1073741823,1073741823,1073741823:j5
1073741823,1073741823,1073741823,1073741823,1073741823,1073213439,1073147903,1066758143,1073741823,1069547519,1073741823,1073741823,1073741823,1073741823,1073741823:j5
1073741823,1073741823,1073741823,1073741823,1073741823,1069023231,1073147903,1066758143,1073741823,1069547519,1073741823,1073741823,1073741823,1073741823,1073741823:j5
1073741823,1073741823,1073741823,1073741823,1073741823,1073217535,1073147903,1066758143,1073479679,1069547519,1073741823,1073741823,1073741823,1073741823,1073741823:k6
1073741823,1073741823,1073741823,1073741823,1073737727,1073217535,1073147903,1066758143,1073741823,1069547519,1073741823,1073741823,1073741823,1073741823,1073741823:j5
1073741823,1073741823,1073741823,1073741823,1073676287,1073217535,1073147903,1066758143,1073741823,1069547519,1073741823,1073741823,1073741823,1073741823,1073741823:j5
1073741823,1073741823,1073741823,1073741823,1073741823,1073151999,1073147903,1066758143,1073741823,1069547519,1073741823,1073741823,1073741823,1073741823,1073741823:j5
1073741823,1073741823,1073741823,1073741823,1072693247,1073217535,1073147903,1066758143,1073741823,1069547519,1073741823,1073741823,1073741823,1073741823,1073741823:j5
1073741823,1073741823,1073741823,1073741823,1073741823,1073217535,1072099327,1066758143,1073741823,1069547519,1073741823,1073741823,1073741823,1073741823,1073741823:j5
1073741823,1073741823,1073741823,1073741823,1073741823,1073217535,1073147903,1066758143,1072693247,1069547519,1073741823,1073741823,1073741823,1073741823,1073741823:j5
1073741823,1073741823,1073741823,1073741823,1073741823,1073217535,1073147903,1066758143,1073741823,1069546495,1073741823,1073741823,1073741823,1073741823,1073741823:j5
1073741823,1073741823,1073741823,1073741823,1073741823,1073217535,1073147903,1066758143,1073737727,1069547519,1073741823,1073741823,1073741823,1073741823,1073741823:j5
1073741823,1073741823,1073741823,1073741823,1073741823,1073217535,1073147903,1066757119,1073741823,1069547519,1073741823,1073741823,1073741823,1073741823,1073741823:j5
1073741823,1073741823,1073741823,1073741823,1073741823,1073216511,1073147903,1066758143,1073741823,1069547519,1073741823,1073741823,1073741823,1073741823,1073741823:j5
1073741823,1073741823,1073741823,1073741823,1073741823,1073201151,1073147903,1066758143,1073741823,1069547519,1073741823,1073741823,1073741823,1073741823,1073741823:j5
1073741823,1073741823,1073741823,1073741823,1073741823,1073217535,1073131519,1066758143,1073741823,1069547519,1073741823,1073741823,1073741823,1073741823,1073741823:j5
1073741823,1073741823,1073741823,1073741823,1073741823,1073217535,1073147903,1066758143,1073741823,1069285375,1073741823,1073741823,1073741823,1073741823,1073741823:j5
1073741823,1073741823,1073741823,1073741823,1073741823,1073217535,1073147903,1066758143,1073676287,1069547519,1073741823,1073741823,1073741823,1073741823,1073741823:j5
1073741823,1073741823,1073741823,1073741823,1073741823,1073217535,1073147903,1066758143,1073741823,1069531135,1073741823,1073741823,1073741823,1073741823,1073741823:j5
1073741823,1073741823,1073741823,1073741823,1073741823,1073217535,1073147903,1066758143,1073725439,1069547519,1073741823,1073741823,1073741823,1073741823,1073741823:j5
