1073741823,1073741823,1073741823,1073741823,1073741823,1073741823,1073147903,1066758143,1073725439,1073741823,1073741823,1073741823,1073741823,1073741823,1073741823:j9
1073741823,1073741823,1073741823,1073741823,1073741823,1073741823,1073147903,1066758143,1073201151,1073741823,1069547519,1073741823,1073741823,1073741823,1073741823:j6
1073741823,1073741823,1073741823,1073741823,1073741823,1073741823,1073147903,1066758143,1073201151,1073741823,1073740799,1073741823,1073741823,1073741823,1073741823:j6
1073741823,1073741823,1073741823,1073741823,1073741823,1073741823,1073147903,1066758143,1073201151,1073741823,1073479679,1073741823,1073741823,1073741823,1073741823:j6
1073741823,1073741823,1073741823,1073741823,1073741823,1073741823,1073147903,1066758143,1073201151,1073741823,1073725439,1073741823,1073741823,1073741823,1073741823:j6
1073741823,1073741823,1073741823,1073741823,1073725439,1073741823,1073147903,1066758143,1073201151,1073741823,1073741823,1073741823,1073741823,1073741823,1073741823:j6
1073741823,1073741823,1073741823,1073741823,1073479679,1073741823,1073147903,1066758143,1073201151,1073741823,1073741823,1073741823,1073741823,1073741823,1073741823:j10
1073741823,1073741823,1073741823,1073741823,1069547519,1073741823,1073147903,1066758143,1073201151,1073741823,1073741823,1073741823,1073741823,1073741823,1073741823:j6
1073741823,1073741823,1073741823,1073741823,1073741823,1006632959,1073147903,1066758143,1073201151,1073741823,1073741823,1073741823,1073741823,1073741823,1073741823:j6
1073741823,1073741823,1073741823,1073741823,1073741823,1073741823,1056370687,1066758143,1073201151,1073741823,1073741823,1073741823,1073741823,1073741823,1073741823:j6
1073741823,1073741823,1073741823,1073741823,1073741823,1073741823,1073147903,999649279,1073201151,1073741823,1073741823,1073741823,1073741823,1073741823,1073741823:j6
1073741823,1073741823,1073741823,1073741823,1073741823,1073741823,1073147903,1066758143,1073201151,1006632959,1073741823,1073741823,1073741823,1073741823,1073741823:j6
1073741823,1073741823,1073741823,1073741823,1073741823,1073741823,1073147903,1066758143,1056423935,1073741823,1073741823,1073741823,1073741823,1073741823,1073741823:j6
1073741823,1073741823,1073741823,1073741823,1073741823,1073741823,1073147903,1066758143,1073201151,1073741567,1073741823,1073741823,1073741823,1073741823,1073741823:j6
1073741823,1073741823,1073741823,1073741823,1073741823,1073741823,1073147903,1066758143,1073200127,1073741823,1073741823,1073741823,1073741823,1073741823,1073741823:j6
1073741823,1073741823,1073741823,1073741823,1073741823,1073741823,1073147903,1066757887,1073201151,1073741823,1073741823,1073741823,1073741823,1073741823,1073741823:j6
1073741823,1073741823,1073741823,1073741823,1073741823,1073741567,1073147903,1066758143,1073201151,1073741823,1073741823,1073741823,1073741823,1073741823,1073741823:j6
1073741823,1073741823,1073741823,1073741823,1073741823,1073741823,1073147903,1066758143,1073201151,1073737727,1073741823,1073741823,1073741823,1073741823,1073741823:j6
1073741823,1073741823,1073741823,1073741823,1073741823,1073741823,1073147903,1066758143,1073201151,1073676287,1073741823,1073741823,1073741823,1073741823,1073741823:j6
1073741823,1073741823,1073741823,1073741823,1073741823,1072693247,1073147903,1066758143,1073201151,1073741823,1073741823,1073741823,1073741823,1073741823,1073741823:j6
1073741823,1073741823,1073741823,1073741823,1073741823,1056964607,1073147903,1066758143,1073201151,1073741823,1073741823,1073741823,1073741823,1073741823,1073741823:j6
1073741823,1073741823,1073741823,1073741823,1073741823,1073741823,1068953599,1066758143,1073201151,1073741823,1073741823,1073741823,1073741823,1073741823,1073741823:j6
1073741823,1073741823,1073741823,1073741823,1073741823,1073741823,1073147903,1049980927,1073201151,1073741823,1073741823,1073741823,1073741823,1073741823,1073741823:j6
1073741823,1073741823,1073741823,1073741823,1073741823,1073741823,1073147903,1066758143,1073201151,1056964607,1073741823,1073741823,1073741823,1073741823,1073741823:j6
1073741823,1073741823,1073741823,1073741823,1073741823,1073741823,1073147903,1066758143,1069006847,1073741823,1073741823,1073741823,1073741823,1073741823,1073741823:j6
1073741823,1073741823,1073741823,1073741823,1073741823,1073741823,1073147903,1066758143,1073201151,1072693247,1073741823,1073741823,1073741823,1073741823,1073741823:j6
1073741823,1073741823,1073741823,1073741823,1073741823,1073741823,1073147903,1066758143,1073200895,1073741823,1073741823,1073741823,1073741823,1073741823,1073741823:j6
1073741823,1073741823,1073741823,1073741823,1073741823,1073741823,1073147647,1066758143,1073201151,1073741823,1073741823,1073741823,1073741823,1073741823,1073741823:j6
1073741823,1073741823,1073741823,1073741823,1073741823,1073741823,1073146879,1066758143,1073201151,1073741823,1073741823,1073741823,1073741823,1073741823,1073741823:j6
1073741823,1073741823,1073741823,1073741823,1073741567,1073741823,1073147903,1066758143,1073201151,1073741823,1073741823,1073741823,1073741823,1073741823,1073741823:j6
1073741823,1073741823,1073741823,1073741823,1073741823,1073737727,1073147903,1066758143,1073201151,1073741823,1073741823,1073741823,1073741823,1073741823,1073741823:j6
1073741823,1073741823,1073741823,1073741823,1073741823,1069547519,1073147903,1066758143,1073201151,1073741823,1073741823,1073741823,1073741823,1073741823,1073741823:j6
1073741823,1073741823,1073741823,1073741823,1073741823,1073741823,1073147903,1066758143,1073201151,1069547519,1073741823,1073741823,1073741823,1073741823,1073741823:j6
1073741823,1073741823,1073741823,1073741823,1073737727,1073741823,1073147903,1066758143,1073201151,1073741823,1073741823,1073741823,1073741823,1073741823,1073741823:j6
1073741823,1073741823,1073741823,1073741823,1073676287,1073741823,1073147903,1066758143,1073201151,1073741823,1073741823,1073741823,1073741823,1073741823,1073741823:j6
1073741823,1073741823,1073741823,1073741823,1073741823,1073676287,1073147903,1066758143,1073201151,1073741823,1073741823,1073741823,1073741823,1073741823,1073741823:j6
1073741823,1073741823,1073741823,1073741823,1072693247,1073741823,1073147903,1066758143,1073201151,1073741823,1073741823,1073741823,1073741823,1073741823,1073741823:j6
1073741823,1073741823,1073741823,1073741823,1073741823,1073741823,1072099327,1066758143,1073201151,1073741823,1073741823,1073741823,1073741823,1073741823,1073741823:j6
1073741823,1073741823,1073741823,1073741823,1073741823,1073741823,1073147903,1066758143,1072152575,1073741823,1073741823,1073741823,1073741823,1073741823,1073741823:j6
1073741823,1073741823,1073741823,1073741823,1073741823,1073741823,1073147903,1066758143,1073201151,1073740799,1073741823,1073741823,1073741823,1073741823,1073741823:j6
1073741823,1073741823,1073741823,1073741823,1073741823,1073741823,1073147903,1066758143,1073197055,1073741823,1073741823,1073741823,1073741823,1073741823,1073741823:j6
1073741823,1073741823,1073741823,1073741823,1073741823,1073741823,1073147903,1066757119,1073201151,1073741823,1073741823,1073741823,1073741823,1073741823,1073741823:j6
1073741823,1073741823,1073741823,1073741823,1073741823,1073740799,1073147903,1066758143,1073201151,1073741823,1073741823,1073741823,1073741823,1073741823,1073741823:j6
1073741823,1073741823,1073741823,1073741823,1073741823,1073725439,1073147903,1066758143,1073201151,1073741823,1073741823,1073741823,1073741823,1073741823,1073741823:j6
1073741823,1073741823,1073741823,1073741823,1073741823,1073741823,1073131519,1066758143,1073201151,1073741823,1073741823,1073741823,1073741823,1073741823,1073741823:j6
1073741823,1073741823,1073741823,1073741823,1073741823,1073479679,1073147903,1066758143,1073201151,1073741823,1073741823,1073741823,1073741823,1073741823,1073741823:j10
1073741823,1073741823,1073741823,1073741823,1073741823,1073741823,1073147903,1066758143,1073201151,1073479679,1073741823,1073741823,1073741823,1073741823,1073741823:l9
1073741823,1073741823,1073741823,1073741823,1073741823,1073741823,1073147903,1066758143,1073135615,1073741823,1073741823,1073741823,1073741823,1073741823,1073741823:j6
1073741823,1073741823,1073741823,1073741823,1073741823,1073741823,1073147903,1066758143,1073201151,1073725439,1073741823,1073741823,1073741823,1073741823,1073741823:j6
