1073741823,1073741823,1073741823,1072689151,1073184511,1073330175,1031167999,1056337919,1069285375,1073594367,1073217535,1072693247,1073741823,1073741823,1073741823:k5
1073741823,1073741823,1073676287,1072689151,1071087359,1073330175,1031167999,1056337919,1069285375,1073594367,1073217535,1072693247,1073741823,1073741823,1073741823:i5
1073741823,1073741823,1056964607,1072689151,1071087359,1073330175,1031167999,1056337919,1069285375,1073594367,1073217535,1072693247,1073741823,1073741823,1073741823:i5
1073741823,1073741823,1073741823,1072689151,1071087359,1073330175,1031167999,1056337919,1069285375,1073594367,1006108671,1072693247,1073741823,1073741823,1073741823:i5
1073741823,1073741823,1073741823,1072689151,1054310143,1073330175,1031167999,1056337919,1069285375,1073594367,1073217535,1072693247,1073741823,1073741823,1073741823:i5
1073741823,1073741823,1073741823,1072689151,802651903,1073330175,1031167999,1056337919,1069285375,1073594367,1073217535,1072693247,1073741823,1073741823,1073741823:i5
1073741823,1073741823,1073741823,1072689151,1071087359,1006221311,1031167999,1056337919,1069285375,1073594367,1073217535,1072693247,1073741823,1073741823,1073741823:i5
1073741823,1073741823,1073741823,1072689151,1071087359,1073330175,762732543,1056337919,1069285375,1073594367,1073217535,1072693247,1073741823,1073741823,1073741823:i5
1073741823,1073741823,1073741823,1072689151,1071087359,1073330175,1031167999,1056337919,800849919,1073594367,1073217535,1072693247,1073741823,1073741823,1073741823:i5
1073741823,1073741823,1073741823,1072689151,1071087359,804894719,1031167999,1056337919,1069285375,1073594367,1073217535,1072693247,1073741823,1073741823,1073741823:i5
1073741823,1073741823,1073741823,1072689151,1071087359,1073330175,1031167999,787902463,1069285375,1073594367,1073217535,1072693247,1073741823,1073741823,1073741823:i5
1073741823,1073741823,1073741823,1072689151,1071087359,1073330175,1031167999,989229055,1069285375,1073594367,1073217535,1072693247,1073741823,1073741823,1073741823:i5
1073741823,1073741823,1073741823,1072689151,1071087359,1073330175,1031167999,1056337919,1069285375,805158911,1073217535,1072693247,1073741823,1073741823,1073741823:i5
1073741823,1073741823,1073741823,1072689151,1071087359,1073330175,1031167999,1056337919,1052508159,1073594367,1073217535,1072693247,1073741823,1073741823,1073741823:i5
1073741823,1073741823,1073741823,1072689151,1003978495,1073330175,1031167999,1056337919,1069285375,1073594367,1073217535,1072693247,1073741823,1073741823,1073741823:i5
1073741823,1073741823,1073741823,1072689151,1071087359,1073330175,964059135,1056337919,1069285375,1073594367,1073217535,1072693247,1073741823,1073741823,1073741823:i5
1073741823,1073741823,1073741823,1072689151,1071087359,1073330175,1031167999,1056337919,1002176511,1073594367,1073217535,1072693247,1073741823,1073741823,1073741823:i5
1073741823,1073741823,1073741823,1072689151,1071087359,1073330175,1031167983,1056337919,1069285375,1073594367,1073217535,1072693247,1073741823,1073741823,1073741823:i5
1073741823,1073741823,1073741823,1072689151,1071087343,1073330175,1031167999,1056337919,1069285375,1073594367,1073217535,1072693247,1073741823,1073741823,1073741823:i5
1073741823,1073741823,1073741823,1072689151,1071087295,1073330175,1031167999,1056337919,1069285375,1073594367,1073217535,1072693247,1073741823,1073741823,1073741823:i5
1073741823,1073741823,1073741807,1072689151,1071087359,1073330175,1031167999,1056337919,1069285375,1073594367,1073217535,1072693247,1073741823,1073741823,1073741823:i5
1073741823,1073741823,1073741567,1072689151,1071087359,1073330175,1031167999,1056337919,1069285375,1073594367,1073217535,1072693247,1073741823,1073741823,1073741823:i5
1073741823,1073741823,1073741823,1072689151,1071087359,1073330175,1031167999,1056337855,1069285375,1073594367,1073217535,1072693247,1073741823,1073741823,1073741823:i5
1073741823,1073741823,1073741823,1072689151,1071087359,1073330111,1031167999,1056337919,1069285375,1073594367,1073217535,1072693247,1073741823,1073741823,1073741823:i5
1073741823,1073741823,1073741823,1072689087,1071087359,1073330175,1031167999,1056337919,1069285375,1073594367,1073217535,1072693247,1073741823,1073741823,1073741823:i5
1073741823,1073741823,1073741823,1072689151,1071087359,1073330175,1031167999,1056337919,1069285375,1073594111,1073217535,1072693247,1073741823,1073741823,1073741823:i5
1073741823,1073741823,1073741823,1072689151,1071087359,1073330175,1031167999,1056337663,1069285375,1073594367,1073217535,1072693247,1073741823,1073741823,1073741823:i5
1073741823,1073741823,1073741823,1072689151,1071087359,1073330175,1031167999,1056337919,1069285119,1073594367,1073217535,1072693247,1073741823,1073741823,1073741823:i5
1073741823,1073741823,1073741823,1072689151,1071087359,1073330175,1031167743,1056337919,1069285375,1073594367,1073217535,1072693247,1073741823,1073741823,1073741823:i5
1073741823,1072693247,1073741823,1072689151,1071087359,1073330175,1031167999,1056337919,1069285375,1073594367,1073217535,1072693247,1073741823,1073741823,1073741823:i5
1073741823,1073741823,1072693247,1072689151,1071087359,1073330175,1031167999,1056337919,1069285375,1073594367,1073217535,1072693247,1073741823,1073741823,1073741823:i5
1073741823,1056964607,1073741823,1072689151,1071087359,1073330175,1031167999,1056337919,1069285375,1073594367,1073217535,1072693247,1073741823,1073741823,1073741823:i5
1073741823,1073741823,1073741823,1055911935,1071087359,1073330175,1031167999,1056337919,1069285375,1073594367,1073217535,1072693247,1073741823,1073741823,1073741823:i5
1073741823,1073741823,1073741823,1072689151,1071087359,1056552959,1031167999,1056337919,1069285375,1073594367,1073217535,1072693247,1073741823,1073741823,1073741823:i5
1073741823,1073741823,1069547519,1072689151,1071087359,1073330175,1031167999,1056337919,1069285375,1073594367,1073217535,1072693247,1073741823,1073741823,1073741823:i5
1073741823,1073741823,1073741823,1072689151,1071087359,1073330175,1031167999,1056337919,1069285375,1073594367,1073217535,1072693247,1073741823,1073676287,1073741823:i5
1073741823,1073741823,1073741823,1072689151,1071087359,1073330175,1031167999,1056337919,1069285375,1056817151,1073217535,1072693247,1073741823,1073741823,1073741823:i5
1073741823,1073741823,1073741823,1072689151,1071087359,1073330175,1031167999,1056337919,1069285375,1073594367,1073217535,1055916031,1073741823,1073741823,1073741823:i5
1073741823,1073741823,1073741823,1072689151,1071087359,1073330175,1031167999,1056337919,1069285375,1073594367,1073217535,1068498943,1073741823,1073741823,1073741823:i5
1073741823,1073741823,1073741823,1072689151,1071087359,1073330175,1031167999,1056337919,1069285375,1073594367,1073217535,1072693247,1073741823,1056964607,1073741823:i5
1073741823,1073741823,1073741823,1072689151,1071087359,1073330175,1031167999,1056337919,1069285375,1073594367,1073217535,1072693247,1073741823,1072693247,1073741823:i5
1073741823,1073741823,1073741823,1072689151,1071087359,1073330175,1031167999,1056337919,1069285375,1073594367,1073217535,1072693247,1072693247,1073741823,1073741823:i5
1073741823,1073741823,1073741823,1072689151,1071087359,1073330175,1031167999,1056337919,1069285375,1073594367,1073217535,1072689151,1073741823,1073741823,1073741823:i5
1073741823,1073741823,1073741823,1072689151,1071087359,1073330175,1031167999,1056337919,1069285375,1073594367,1073217535,1072693247,1073725439,1073741823,1073741823:i5
1073741823,1073741823,1073741823,1072689151,1071087359,1073330175,1031167999,1056337919,1069285375,1073594367,1073217535,1072627711,1073741823,1073741823,1073741823:i5
1073741823,1073741823,1073741823,1072689151,1071087359,1073330175,1031167999,1056337919,1069285375,1073594367,1069023231,1072693247,1073741823,1073741823,1073741823:i5
1073741823,1073741823,1073741823,1072689151,1071087359,1073330175,1031167999,1056337919,1069285375,1073594367,1072168959,1072693247,1073741823,1073741823,1073741823:i5
1073741823,1073741823,1073741823,1072689151,1071087359,1073330175,1031167999,1056337919,1069285375,1073594367,1073217535,1072693247,1069547519,1073741823,1073741823:i5
1073741823,1073741823,1073741823,1072689151,1071087359,1073330175,1031167999,1056337919,1069285375,1073594367,1073217535,1072693247,1073479679,1073741823,1073741823:i5
1073741823,1073741823,1073741823,1072689151,1071087359,1073330175,1031167999,1056337919,1069284351,1073594367,1073217535,1072693247,1073741823,1073741823,1073741823:i5
1073741823,1073741823,1073741823,1072689151,1071087359,1073329919,1031167999,1056337919,1069285375,1073594367,1073217535,1072693247,1073741823,1073741823,1073741823:i5
1073741823,1073741823,1073741823,1072688895,1071087359,1073330175,1031167999,1056337919,1069285375,1073594367,1073217535,1072693247,1073741823,1073741823,1073741823:i5
1073741823,1073741823,1073741823,1072688127,1071087359,1073330175,1031167999,1056337919,1069285375,1073594367,1073217535,1072693247,1073741823,1073741823,1073741823:i5
1073741823,1073741567,1073741823,1072689151,1071087359,1073330175,1031167999,1056337919,1069285375,1073594367,1073217535,1072693247,1073741823,1073741823,1073741823:i5
1073741823,1073737727,1073741823,1072689151,1071087359,1073330175,1031167999,1056337919,1069285375,1073594367,1073217535,1072693247,1073741823,1073741823,1073741823:i5
1073741823,1073741823,1073737727,1072689151,1071087359,1073330175,1031167999,1056337919,1069285375,1073594367,1073217535,1072693247,1073741823,1073741823,1073741823:i5
1073741823,1073676287,1073741823,1072689151,1071087359,1073330175,1031167999,1056337919,1069285375,1073594367,1073217535,1072693247,1073741823,1073741823,1073741823:i5
1073741823,1073741823,1073741823,1072689151,1071087359,1073330175,1031166975,1056337919,1069285375,1073594367,1073217535,1072693247,1073741823,1073741823,1073741823:i5
1073741823,1073741823,1073741823,1072689151,1071086335,1073330175,1031167999,1056337919,1069285375,1073594367,1073217535,1072693247,1073741823,1073741823,1073741823:i5
1073741823,1073741823,1073740799,1072689151,1071087359,1073330175,1031167999,1056337919,1069285375,1073594367,1073217535,1072693247,1073741823,1073741823,1073741823:i5
1073741823,1073741823,1073725439,1072689151,1071087359,1073330175,1031167999,1056337919,1069285375,1073594367,1073217535,1072693247,1073741823,1073741823,1073741823:i5
1073741823,1073741823,1073479679,1072689151,1071087359,1073330175,1031167999,1056337919,1069285375,1073594367,1073217535,1072693247,1073741823,1073741823,1073741823:i5
1073741823,1073741823,1073741823,1072672767,1071087359,1073330175,1031167999,1056337919,1069285375,1073594367,1073217535,1072693247,1073741823,1073741823,1073741823:i5
1073741823,1073741823,1073741823,1072427007,1071087359,1073330175,1031167999,1056337919,1069285375,1073594367,1073217535,1072693247,1073741823,1073741823,1073741823:i5
1073741823,1073741823,1073741823,1068494847,1071087359,1073330175,1031167999,1056337919,1069285375,1073594367,1073217535,1072693247,1073741823,1073741823,1073741823:i5
1073741823,1073741823,1073741823,1072689151,1066893055,1073330175,1031167999,1056337919,1069285375,1073594367,1073217535,1072693247,1073741823,1073741823,1073741823:l6
1073741823,1073741823,1073741823,1072689151,1071087359,1073330175,1031167999,1056337919,1069285375,1072545791,1073217535,1072693247,1073741823,1073741823,1073741823:i5
1073741823,1073741823,1073741823,1072689151,1071087359,1073326079,1031167999,1056337919,1069285375,1073594367,1073217535,1072693247,1073741823,1073741823,1073741823:i5
1073741823,1073741823,1073741823,1072623615,1071087359,1073330175,1031167999,1056337919,1069285375,1073594367,1073217535,1072693247,1073741823,1073741823,1073741823:i5
1073741823,1073741823,1073741823,1072689151,1071087359,1072281599,1031167999,1056337919,1069285375,1073594367,1073217535,1072693247,1073741823,1073741823,1073741823:i5
1073741823,1073741823,1073741823,1072689151,1071087359,1073330175,1031167999,1056337919,1069285375,1073594367,1073217535,1072692223,1073741823,1073741823,1073741823:i5
1073741823,1073741823,1073741823,1072689151,1071087359,1073330175,1031167999,1056337919,1069285375,1073594367,1073213439,1072693247,1073741823,1073741823,1073741823:i5
1073741823,1073741823,1073741823,1072689151,1071087359,1073330175,1031167999,1056337919,1069285375,1073590271,1073217535,1072693247,1073741823,1073741823,1073741823:i5
1073741823,1073741823,1073741823,1072689151,1071087359,1073330175,1031167999,1056337919,1069285375,1073594367,1073217535,1072431103,1073741823,1073741823,1073741823:i5
1073741823,1073741823,1073741823,1072689151,1071087359,1073330175,1031167999,1056337919,1069285375,1073594367,1073151999,1072693247,1073741823,1073741823,1073741823:i5
1073741823,1073741823,1073741823,1072689151,1071087359,1073330175,1031167999,1056337919,1069285375,1073594367,1073217535,1072676863,1073741823,1073741823,1073741823:i5
1073741823,1073741823,1073741823,1072689151,1071087359,1073330175,1031167999,1056337919,1069285375,1073594367,1073201151,1072693247,1073741823,1073741823,1073741823:i5
1073741823,1073741823,1073741823,1072689151,1071087359,1069135871,1031167999,1056337919,1069285375,1073594367,1073217535,1072693247,1073741823,1073741823,1073741823:i5
1073741823,1073741823,1073741823,1072689151,1071087359,1073330175,1031167999,1052143615,1069285375,1073594367,1073217535,1072693247,1073741823,1073741823,1073741823:i5
1073741823,1073741823,1073741823,1072689151,1071087359,1073330175,1031167999,1055289343,1069285375,1073594367,1073217535,1072693247,1073741823,1073741823,1073741823:i5
1073741823,1073741823,1073741823,1072689151,1071087359,1073330175,1031167999,1056337919,1069285375,1069400063,1073217535,1072693247,1073741823,1073741823,1073741823:i5
1073741823,1073741823,1073741823,1072689151,1071083263,1073330175,1031167999,1056337919,1069285375,1073594367,1073217535,1072693247,1073741823,1073741823,1073741823:l5
1073741823,1073741823,1073741823,1072689151,1071021823,1073330175,1031167999,1056337919,1069285375,1073594367,1073217535,1072693247,1073741823,1073741823,1073741823:l6
1073741823,1073741823,1073741823,1072689151,1071087359,1073330175,1030119423,1056337919,1069285375,1073594367,1073217535,1072693247,1073741823,1073741823,1073741823:i5
1073741823,1073741823,1073741823,1072689151,1071087359,1073330175,1031167999,1056337919,1068236799,1073594367,1073217535,1072693247,1073741823,1073741823,1073741823:i5
1073741823,1073741823,1073741823,1072689151,1071087359,1073330175,1031167999,1056337919,1069285375,1073593343,1073217535,1072693247,1073741823,1073741823,1073741823:i5
1073741823,1073741823,1073741823,1072689151,1071087359,1073330175,1031167999,1056337919,1069281279,1073594367,1073217535,1072693247,1073741823,1073741823,1073741823:i5
1073741823,1073741823,1073741823,1072689151,1071087359,1073330175,1031167999,1056336895,1069285375,1073594367,1073217535,1072693247,1073741823,1073741823,1073741823:i5
1073741823,1073741823,1073741823,1072689151,1071087359,1073330175,1031167999,1056337919,1069285375,1073332223,1073217535,1072693247,1073741823,1073741823,1073741823:i5
1073741823,1073741823,1073741823,1072689151,1071087359,1073330175,1031167999,1056337919,1069219839,1073594367,1073217535,1072693247,1073741823,1073741823,1073741823:i5
1073741823,1073741823,1073741823,1072689151,1071087359,1073330175,1031167999,1056337919,1069268991,1073594367,1073217535,1072693247,1073741823,1073741823,1073741823:i5
