1073741823,1073741823,1073741823,1073737727,1073709055,1073332223,1073119231,1073119231,1073462271,1073594367,1071119359,1071644671,1073741823,1073741823,1073741823:i9
1073741823,1073741823,1073741823,1073737727,1073709055,1073332223,1073119231,1073119231,1073331199,1073594367,1071119359,1071644671,1073741759,1073741823,1073741823:l9
1073741823,1073741823,1073741823,1073737727,1073709055,1073332223,1073119231,1073119231,1073331199,1073594367,1071119359,1071644415,1073741823,1073741823,1073741823:g10
1073741823,1073741823,1073741823,1073737727,1073709055,1073332223,1073119231,1073119231,1073331199,1073586175,1071119359,1071644415,1073741823,1073741807,1073741823:l9
1073741823,1073741823,1073741823,1073737727,1073709055,1073332223,1073119231,1073119231,1073331199,1073586175,1071119359,1071644399,1073741823,1073741823,1073741823:l9
1073741823,1073741823,1073741823,1073737727,1073709055,1073332223,1073119231,1073119231,1073331199,1073586175,1071119359,1071644351,1073741823,1073741823,1073741823:l9
1073741823,1073741823,1073741823,1073737727,1073709055,1073332223,1073119231,1073119231,1073331199,1073586159,1071119359,1071644415,1073741823,1073741823,1073741823:l9
1073741823,1073741823,1073741823,1073737727,1073709055,1073332223,1073119231,1073119231,1073331199,1073586175,1071119359,1071644415,1073741823,1073737727,1073741823:l9
1073741823,1073741823,1073741823,1073737727,1073709055,1073332223,1073119231,1073119231,1073331199,1073586175,1071119359,1071644415,1073741823,1073741567,1073741823:l9
1073741823,1073741823,1073741823,1073737727,1073709055,1073332223,1073119231,1073119231,1073331199,1073586175,1071119359,1071644415,1073741567,1073741823,1073741823:l9
1073741823,1073741823,1073741823,1073737727,1073709055,1073332223,1073119231,1073119231,1073331199,1073586175,1071119359,1071644415,1073741759,1073741823,1073741823:l9
1073741823,1073741823,1073741823,1073737727,1073709055,1073332223,1073119231,1073119231,1073331199,1073586175,1071119103,1071644415,1073741823,1073741823,1073741823:l9
1073741823,1073741823,1073741823,1073737727,1073709055,1073332223,1073119231,1073119231,1073331199,1073586175,1071119359,1071644415,1073740799,1073741823,1073741823:j10
1073741823,1073741823,1073741823,1073737727,1073709055,1073332223,1073119231,1073119231,1073331199,1073586175,1071119359,1071644415,1073676287,1073741823,1073741823:l9
1073741823,1073741823,1073741823,1073737727,1073709055,1073332223,1073119231,1073119231,1056553983,1073586175,1071119359,1071644415,1073741823,1073741823,1073741823:l9
1073741823,1073741823,1073741823,1073737727,1073709055,1073332223,1073119231,1073119231,1073331199,1073586175,1054342143,1071644415,1073741823,1073741823,1073741823:l9
1073741823,1073741823,1073741823,1073737727,1073709055,1073332223,1073119231,1073119231,1073331199,1073586175,1071119359,1071644415,1056964607,1073741823,1073741823:l9
1073741823,1073741823,1073741823,1073737727,1073709055,1073332223,1073119231,1073119231,1073331199,1073586175,1071119359,1071644415,1073741823,1073676287,1073741823:l9
1073741823,1073741823,1073741823,1073737727,1073709055,1073332223,1073119231,1073119231,1073331199,1056808959,1071119359,1071644415,1073741823,1073741823,1073741823:l9
1073741823,1073741823,1073741823,1073737727,1073709055,1073332223,1073119231,1073119231,1073331199,1073586175,1071119359,1054867199,1073741823,1073741823,1073741823:l9
1073741823,1073741823,1073741823,1073737727,1073709055,1073332223,1073119231,1073119231,1073331199,1073586175,1071119359,1067450111,1073741823,1073741823,1073741823:l9
1073741823,1073741823,1073741823,1073737727,1073709055,1073332223,1073119231,1073119231,1073331199,1073586175,1071119359,1071644415,1073741823,1056964607,1073741823:l9
1073741823,1073741823,1073741823,1073737727,1073709055,1073332223,1073119231,1073119231,1073331199,1073586175,1071119359,1071644415,1073741823,1072693247,1073741823:l9
1073741823,1073741823,1073741823,1073737727,1073709055,1073332223,1073119231,1073119231,1073331199,1073586175,1071119359,1071644415,1072693247,1073741823,1073741823:l9
1073741823,1073741823,1073741823,1073737727,1073709055,1073332223,1073119231,1073119231,1073331199,1073586175,1071119295,1071644415,1073741823,1073741823,1073741823:l9
1073741823,1073741823,1073741823,1073737727,1073709055,1073332223,1073119231,1073119231,1073331199,1073585919,1071119359,1071644415,1073741823,1073741823,1073741823:l9
1073741823,1073741823,1073741823,1073737727,1073709055,1073332223,1073119231,1073119231,1073331135,1073586175,1071119359,1071644415,1073741823,1073741823,1073741823:j10
1073741823,1073741823,1073741823,1073737727,1073709055,1073332223,1073119231,1073119231,1073330943,1073586175,1071119359,1071644415,1073741823,1073741823,1073741823:j10
1073741823,1073741823,1073741823,1073737727,1073709055,1073332223,1073119167,1073119231,1073331199,1073586175,1071119359,1071644415,1073741823,1073741823,1073741823:l9
1073741823,1073741823,1073741823,1073737727,1073709055,1073332223,1073119231,1073118975,1073331199,1073586175,1071119359,1071644415,1073741823,1073741823,1073741823:l9
1073741823,1073741823,1073741823,1073737727,1073709055,1073332223,1073119231,1073119231,1073331199,1073586175,1071119359,1071640319,1073741823,1073741823,1073741823:l9
1073741823,1073741823,1073741823,1073737727,1073709055,1073332223,1073119231,1073119231,1073331199,1073586175,1071119359,1071644415,1073725439,1073741823,1073741823:j10
1073741823,1073741823,1073741823,1073737727,1073709055,1073332223,1073119231,1073119231,1073331199,1073586175,1071119359,1071578879,1073741823,1073741823,1073741823:j10
1073741823,1073741823,1073741823,1073737727,1073709055,1073332223,1073119231,1073119231,1073331199,1073586175,1066925055,1071644415,1073741823,1073741823,1073741823:l9
1073741823,1073741823,1073741823,1073737727,1073709055,1073332223,1073119231,1073119231,1073331199,1073586175,1071119359,1071644415,1069547519,1073741823,1073741823:l9
1073741823,1073741823,1073741823,1073737727,1073709055,1073332223,1073119231,1073119231,1073331199,1073586175,1071119359,1071644415,1073479679,1073741823,1073741823:l9
1073741823,1073741823,1073741823,1073737727,1073709055,1073331967,1073119231,1073119231,1073331199,1073586175,1071119359,1071644415,1073741823,1073741823,1073741823:l9
1073741823,1073741823,1073741823,1073737471,1073709055,1073332223,1073119231,1073119231,1073331199,1073586175,1071119359,1071644415,1073741823,1073741823,1073741823:l9
1073741823,1073741823,1073741823,1073736703,1073709055,1073332223,1073119231,1073119231,1073331199,1073586175,1071119359,1071644415,1073741823,1073741823,1073741823:j10
1073741823,1073741567,1073741823,1073737727,1073709055,1073332223,1073119231,1073119231,1073331199,1073586175,1071119359,1071644415,1073741823,1073741823,1073741823:l9
1073741823,1073737727,1073741823,1073737727,1073709055,1073332223,1073119231,1073119231,1073331199,1073586175,1071119359,1071644415,1073741823,1073741823,1073741823:l9
1073741823,1073741823,1073737727,1073737727,1073709055,1073332223,1073119231,1073119231,1073331199,1073586175,1071119359,1071644415,1073741823,1073741823,1073741823:l9
1073741823,1073676287,1073741823,1073737727,1073709055,1073332223,1073119231,1073119231,1073331199,1073586175,1071119359,1071644415,1073741823,1073741823,1073741823:l9
1073741823,1073741823,1073741823,1073737727,1073709055,1073332223,1073118207,1073119231,1073331199,1073586175,1071119359,1071644415,1073741823,1073741823,1073741823:j10
1073741823,1073741823,1073741823,1073737727,1073708031,1073332223,1073119231,1073119231,1073331199,1073586175,1071119359,1071644415,1073741823,1073741823,1073741823:l9
1073741823,1073741823,1073740799,1073737727,1073709055,1073332223,1073119231,1073119231,1073331199,1073586175,1071119359,1071644415,1073741823,1073741823,1073741823:l9
1073741823,1073741823,1073725439,1073737727,1073709055,1073332223,1073119231,1073119231,1073331199,1073586175,1071119359,1071644415,1073741823,1073741823,1073741823:l9
1073741823,1073741823,1073479679,1073737727,1073709055,1073332223,1073119231,1073119231,1073331199,1073586175,1071119359,1071644415,1073741823,1073741823,1073741823:l9
1073741823,1073741823,1073741823,1073721343,1073709055,1073332223,1073119231,1073119231,1073331199,1073586175,1071119359,1071644415,1073741823,1073741823,1073741823:l9
1073741823,1073741823,1073741823,1073475583,1073709055,1073332223,1073119231,1073119231,1073331199,1073586175,1071119359,1071644415,1073741823,1073741823,1073741823:l9
1073741823,1073741823,1073741823,1069543423,1073709055,1073332223,1073119231,1073119231,1073331199,1073586175,1071119359,1071644415,1073741823,1073741823,1073741823:j10
1073741823,1073741823,1073741823,1073737727,1069514751,1073332223,1073119231,1073119231,1073331199,1073586175,1071119359,1071644415,1073741823,1073741823,1073741823:l9
1073741823,1073741823,1073741823,1073737727,1073709055,1073332223,1068924927,1073119231,1073331199,1073586175,1071119359,1071644415,1073741823,1073741823,1073741823:l9
1073741823,1073741823,1073741823,1073737727,1073709055,1073332223,1073119231,1073119231,1069136895,1073586175,1071119359,1071644415,1073741823,1073741823,1073741823:j10
1073741823,1073741823,1073741823,1073737727,1073709055,1073332223,1073119231,1073119231,1073331199,1072537599,1071119359,1071644415,1073741823,1073741823,1073741823:j10
1073741823,1073741823,1073741823,1073737727,1073709055,1073328127,1073119231,1073119231,1073331199,1073586175,1071119359,1071644415,1073741823,1073741823,1073741823:l9
1073741823,1073741823,1073741823,1073672191,1073709055,1073332223,1073119231,1073119231,1073331199,1073586175,1071119359,1071644415,1073741823,1073741823,1073741823:l9
1073741823,1073741823,1073741823,1072689151,1073709055,1073332223,1073119231,1073119231,1073331199,1073586175,1071119359,1071644415,1073741823,1073741823,1073741823:l9
1073741823,1073741823,1073741823,1073737727,1073446911,1073332223,1073119231,1073119231,1073331199,1073586175,1071119359,1071644415,1073741823,1073741823,1073741823:l9
1073741823,1073741823,1073741823,1073737727,1073709055,1072283647,1073119231,1073119231,1073331199,1073586175,1071119359,1071644415,1073741823,1073741823,1073741823:l9
1073741823,1073741823,1073741823,1073737727,1073709055,1073332223,1073119231,1073119231,1073331199,1073586175,1071119359,1071643391,1073741823,1073741823,1073741823:j10
1073741823,1073741823,1073741823,1073737727,1073709055,1073332223,1073119231,1073119231,1073331199,1073586175,1071115263,1071644415,1073741823,1073741823,1073741823:l9
1073741823,1073741823,1073741823,1073737727,1073709055,1073332223,1073119231,1073119231,1073331199,1073586175,1071119359,1071382271,1073741823,1073741823,1073741823:l9
1073741823,1073741823,1073741823,1073737727,1073709055,1073332223,1073119231,1073119231,1073331199,1073586175,1071053823,1071644415,1073741823,1073741823,1073741823:l9
1073741823,1073741823,1073741823,1073737727,1073709055,1073332223,1073119231,1073119231,1073331199,1073586175,1071119359,1071628031,1073741823,1073741823,1073741823:j10
1073741823,1073741823,1073741823,1073737727,1073709055,1073332223,1073119231,1073119231,1073331199,1073586175,1071102975,1071644415,1073741823,1073741823,1073741823:j10
1073741823,1073741823,1073741823,1073737727,1073709055,1069137919,1073119231,1073119231,1073331199,1073586175,1071119359,1071644415,1073741823,1073741823,1073741823:l9
1073741823,1073741823,1073741823,1073737727,1073709055,1073332223,1073119231,1068924927,1073331199,1073586175,1071119359,1071644415,1073741823,1073741823,1073741823:l9
1073741823,1073741823,1073741823,1073737727,1073709055,1073332223,1073119231,1072070655,1073331199,1073586175,1071119359,1071644415,1073741823,1073741823,1073741823:j10
1073741823,1073741823,1073741823,1073737727,1073709055,1073332223,1073119231,1073119231,1073331199,1069391871,1071119359,1071644415,1073741823,1073741823,1073741823:l9
1073741823,1073741823,1073741823,1073737727,1073704959,1073332223,1073119231,1073119231,1073331199,1073586175,1071119359,1071644415,1073741823,1073741823,1073741823:j10
1073741823,1073741823,1073741823,1073737727,1073643519,1073332223,1073119231,1073119231,1073331199,1073586175,1071119359,1071644415,1073741823,1073741823,1073741823:l9
1073741823,1073741823,1073741823,1073737727,1072660479,1073332223,1073119231,1073119231,1073331199,1073586175,1071119359,1071644415,1073741823,1073741823,1073741823:l9
1073741823,1073741823,1073741823,1073737727,1073709055,1073332223,1072070655,1073119231,1073331199,1073586175,1071119359,1071644415,1073741823,1073741823,1073741823:l9
1073741823,1073741823,1073741823,1073737727,1073709055,1073332223,1073119231,1073119231,1072282623,1073586175,1071119359,1071644415,1073741823,1073741823,1073741823:l9
1073741823,1073741823,1073741823,1073737727,1073709055,1073332223,1073119231,1073119231,1073331199,1073585151,1071119359,1071644415,1073741823,1073741823,1073741823:j10
1073741823,1073741823,1073741823,1073737727,1073709055,1073332223,1073119231,1073119231,1073327103,1073586175,1071119359,1071644415,1073741823,1073741823,1073741823:j10
1073741823,1073741823,1073741823,1073737727,1073709055,1073332223,1073119231,1073118207,1073331199,1073586175,1071119359,1071644415,1073741823,1073741823,1073741823:j10
1073741823,1073741823,1073741823,1073737727,1073709055,1073332223,1073119231,1073115135,1073331199,1073586175,1071119359,1071644415,1073741823,1073741823,1073741823:l9
1073741823,1073741823,1073741823,1073737727,1073709055,1073331199,1073119231,1073119231,1073331199,1073586175,1071119359,1071644415,1073741823,1073741823,1073741823:l9
1073741823,1073741823,1073741823,1073737727,1073709055,1073332223,1073115135,1073119231,1073331199,1073586175,1071119359,1071644415,1073741823,1073741823,1073741823:l9
1073741823,1073741823,1073741823,1073737727,1073709055,1073332223,1073119231,1073119231,1073331199,1073324031,1071119359,1071644415,1073741823,1073741823,1073741823:l9
1073741823,1073741823,1073741823,1073737727,1073709055,1073332223,1073119231,1073119231,1073331199,1073594367,1071119103,1071644671,1073741823,1073741823,1073741823:j10
1073741823,1073741823,1073741823,1073737727,1073709055,1073332223,1073119231,1073119231,1073331199,1073594367,1071119359,1071644671,1073740799,1073741823,1073741823:j10
1073741823,1073741823,1073741823,1073737727,1073709055,1073332223,1073119231,1073119231,1073331199,1073594367,1071119359,1071644671,1073676287,1073741823,1073741823:l9
1073741823,1073741823,1073741823,1073737727,1073709055,1073332223,1073119231,1073119231,1056553983,1073594367,1071119359,1071644671,1073741823,1073741823,1073741823:l9
1073741823,1073741823,1073741823,1073737727,1073709055,1073332223,1073119231,1073119231,1073331199,1073594367,1054342143,1071644671,1073741823,1073741823,1073741823:l9
1073741823,1073741823,1073741823,1073737727,1073709055,1073332223,1073119231,1073119231,1073331199,1073594367,1071119359,1071644671,1056964607,1073741823,1073741823:l9
1073741823,1073741823,1073741823,1073737727,1073709055,1073332223,1073119231,1073119231,1073331199,1073594367,1071119359,1071644671,1073741823,1073676287,1073741823:l9
1073741823,1073741823,1073741823,1073737727,1073709055,1073332223,1073119231,1073119231,1073331199,1056817151,1071119359,1071644671,1073741823,1073741823,1073741823:l9
1073741823,1073741823,1073741823,1073737727,1073709055,1073332223,1073119231,1073119231,1073331199,1073594367,1071119359,1054867455,1073741823,1073741823,1073741823:j10
1073741823,1073741823,1073741823,1073737727,1073709055,1073332223,1073119231,1073119231,1073331199,1073594367,1071119359,1067450367,1073741823,1073741823,1073741823:l9
1073741823,1073741823,1073741823,1073737727,1073709055,1073332223,1073119231,1073119231,1073331199,1073594367,1071119359,1071644671,1073741823,1056964607,1073741823:l9
1073741823,1073741823,1073741823,1073737727,1073709055,1073332223,1073119231,1073119231,1073331199,1073594367,1071119359,1071644671,1073741823,1072693247,1073741823:l9
1073741823,1073741823,1073741823,1073737727,1073709055,1073332223,1073119231,1073119231,1073331199,1073594367,1071119359,1071644671,1072693247,1073741823,1073741823:l9
1073741823,1073741823,1073741823,1073737727,1073709055,1073332223,1073119231,1073119231,1073331199,1073594367,1071119295,1071644671,1073741823,1073741823,1073741823:j10
1073741823,1073741823,1073741823,1073737727,1073709055,1073332223,1073119231,1073119231,1073331199,1073594111,1071119359,1071644671,1073741823,1073741823,1073741823:j10
1073741823,1073741823,1073741823,1073737727,1073709055,1073332223,1073119231,1073119231,1073331135,1073594367,1071119359,1071644671,1073741823,1073741823,1073741823:j10
1073741823,1073741823,1073741823,1073737727,1073709055,1073332223,1073119231,1073119231,1073330943,1073594367,1071119359,1071644671,1073741823,1073741823,1073741823:j10
1073741823,1073741823,1073741823,1073737727,1073709055,1073332223,1073119167,1073119231,1073331199,1073594367,1071119359,1071644671,1073741823,1073741823,1073741823:j10
1073741823,1073741823,1073741823,1073737727,1073709055,1073332223,1073119231,1073118975,1073331199,1073594367,1071119359,1071644671,1073741823,1073741823,1073741823:j10
1073741823,1073741823,1073741823,1073737727,1073709055,1073332223,1073119231,1073119231,1073331199,1073594367,1071119359,1071640575,1073741823,1073741823,1073741823:j10
1073741823,1073741823,1073741823,1073737727,1073709055,1073332223,1073119231,1073119231,1073331199,1073594367,1071119359,1071644671,1073725439,1073741823,1073741823:j10
1073741823,1073741823,1073741823,1073737727,1073709055,1073332223,1073119231,1073119231,1073331199,1073594367,1071119359,1071579135,1073741823,1073741823,1073741823:j10
1073741823,1073741823,1073741823,1073737727,1073709055,1073332223,1073119231,1073119231,1073331199,1073594367,1066925055,1071644671,1073741823,1073741823,1073741823:j10
1073741823,1073741823,1073741823,1073737727,1073709055,1073332223,1073119231,1073119231,1073331199,1073594367,1071119359,1071644671,1069547519,1073741823,1073741823:l9
1073741823,1073741823,1073741823,1073737727,1073709055,1073332223,1073119231,1073119231,1073331199,1073594367,1071119359,1071644671,1073479679,1073741823,1073741823:l9
1073741823,1073741823,1073741823,1073737727,1073709055,1073331967,1073119231,1073119231,1073331199,1073594367,1071119359,1071644671,1073741823,1073741823,1073741823:j10
1073741823,1073741823,1073741823,1073737471,1073709055,1073332223,1073119231,1073119231,1073331199,1073594367,1071119359,1071644671,1073741823,1073741823,1073741823:j10
1073741823,1073741823,1073741823,1073736703,1073709055,1073332223,1073119231,1073119231,1073331199,1073594367,1071119359,1071644671,1073741823,1073741823,1073741823:j10
1073741823,1073741567,1073741823,1073737727,1073709055,1073332223,1073119231,1073119231,1073331199,1073594367,1071119359,1071644671,1073741823,1073741823,1073741823:l9
1073741823,1073737727,1073741823,1073737727,1073709055,1073332223,1073119231,1073119231,1073331199,1073594367,1071119359,1071644671,1073741823,1073741823,1073741823:l9
1073741823,1073741823,1073737727,1073737727,1073709055,1073332223,1073119231,1073119231,1073331199,1073594367,1071119359,1071644671,1073741823,1073741823,1073741823:l9
1073741823,1073676287,1073741823,1073737727,1073709055,1073332223,1073119231,1073119231,1073331199,1073594367,1071119359,1071644671,1073741823,1073741823,1073741823:l9
1073741823,1073741823,1073741823,1073737727,1073709055,1073332223,1073118207,1073119231,1073331199,1073594367,1071119359,1071644671,1073741823,1073741823,1073741823:j10
1073741823,1073741823,1073741823,1073737727,1073708031,1073332223,1073119231,1073119231,1073331199,1073594367,1071119359,1071644671,1073741823,1073741823,1073741823:j10
1073741823,1073741823,1073740799,1073737727,1073709055,1073332223,1073119231,1073119231,1073331199,1073594367,1071119359,1071644671,1073741823,1073741823,1073741823:j10
1073741823,1073741823,1073725439,1073737727,1073709055,1073332223,1073119231,1073119231,1073331199,1073594367,1071119359,1071644671,1073741823,1073741823,1073741823:l9
1073741823,1073741823,1073479679,1073737727,1073709055,1073332223,1073119231,1073119231,1073331199,1073594367,1071119359,1071644671,1073741823,1073741823,1073741823:l9
1073741823,1073741823,1073741823,1073721343,1073709055,1073332223,1073119231,1073119231,1073331199,1073594367,1071119359,1071644671,1073741823,1073741823,1073741823:l9
1073741823,1073741823,1073741823,1073475583,1073709055,1073332223,1073119231,1073119231,1073331199,1073594367,1071119359,1071644671,1073741823,1073741823,1073741823:l9
1073741823,1073741823,1073741823,1069543423,1073709055,1073332223,1073119231,1073119231,1073331199,1073594367,1071119359,1071644671,1073741823,1073741823,1073741823:j10
1073741823,1073741823,1073741823,1073737727,1069514751,1073332223,1073119231,1073119231,1073331199,1073594367,1071119359,1071644671,1073741823,1073741823,1073741823:l9
1073741823,1073741823,1073741823,1073737727,1073709055,1073332223,1068924927,1073119231,1073331199,1073594367,1071119359,1071644671,1073741823,1073741823,1073741823:l9
1073741823,1073741823,1073741823,1073737727,1073709055,1073332223,1073119231,1073119231,1069136895,1073594367,1071119359,1071644671,1073741823,1073741823,1073741823:j10
1073741823,1073741823,1073741823,1073737727,1073709055,1073332223,1073119231,1073119231,1073331199,1072545791,1071119359,1071644671,1073741823,1073741823,1073741823:j10
1073741823,1073741823,1073741823,1073737727,1073709055,1073328127,1073119231,1073119231,1073331199,1073594367,1071119359,1071644671,1073741823,1073741823,1073741823:j10
1073741823,1073741823,1073741823,1073672191,1073709055,1073332223,1073119231,1073119231,1073331199,1073594367,1071119359,1071644671,1073741823,1073741823,1073741823:l9
1073741823,1073741823,1073741823,1072689151,1073709055,1073332223,1073119231,1073119231,1073331199,1073594367,1071119359,1071644671,1073741823,1073741823,1073741823:l9
1073741823,1073741823,1073741823,1073737727,1073446911,1073332223,1073119231,1073119231,1073331199,1073594367,1071119359,1071644671,1073741823,1073741823,1073741823:l9
1073741823,1073741823,1073741823,1073737727,1073709055,1072283647,1073119231,1073119231,1073331199,1073594367,1071119359,1071644671,1073741823,1073741823,1073741823:l9
1073741823,1073741823,1073741823,1073737727,1073709055,1073332223,1073119231,1073119231,1073331199,1073594367,1071119359,1071643647,1073741823,1073741823,1073741823:j10
1073741823,1073741823,1073741823,1073737727,1073709055,1073332223,1073119231,1073119231,1073331199,1073594367,1071115263,1071644671,1073741823,1073741823,1073741823:j10
1073741823,1073741823,1073741823,1073737727,1073709055,1073332223,1073119231,1073119231,1073331199,1073590271,1071119359,1071644671,1073741823,1073741823,1073741823:e12
1073741823,1073741823,1073741823,1073737727,1073709055,1073332223,1073119231,1073119231,1073331199,1073590271,1071119359,1071644159,1073741823,1073741807,1073741823:l9
1073741823,1073741823,1073741823,1073737727,1073709055,1073332223,1073119231,1073119231,1073331199,1073590271,1071119359,1071644143,1073741823,1073741823,1073741823:l9
1073741823,1073741823,1073741823,1073737727,1073709055,1073332223,1073119231,1073119231,1073331199,1073590271,1071119359,1071644095,1073741823,1073741823,1073741823:l9
1073741823,1073741823,1073741823,1073737727,1073709055,1073332223,1073119231,1073119231,1073331199,1073590255,1071119359,1071644159,1073741823,1073741823,1073741823:l9
1073741823,1073741823,1073741823,1073737727,1073709055,1073332223,1073119231,1073119231,1073331199,1073590271,1071119359,1071644159,1073741823,1073737727,1073741823:l9
1073741823,1073741823,1073741823,1073737727,1073709055,1073332223,1073119231,1073119231,1073331199,1073590271,1071119359,1071644159,1073741823,1073741567,1073741823:l9
1073741823,1073741823,1073741823,1073737727,1073709055,1073332223,1073119231,1073119231,1073331199,1073590271,1071119359,1071644159,1073741567,1073741823,1073741823:l9
1073741823,1073741823,1073741823,1073737727,1073709055,1073332223,1073119231,1073119231,1073331199,1073590271,1071119359,1071644159,1073741759,1073741823,1073741823:l9
1073741823,1073741823,1073741823,1073737727,1073709055,1073332223,1073119231,1073119231,1073331199,1073590271,1071119103,1071644159,1073741823,1073741823,1073741823:l9
1073741823,1073741823,1073741823,1073737727,1073709055,1073332223,1073119231,1073119231,1073331199,1073590271,1071119359,1071644159,1073740799,1073741823,1073741823:j10
1073741823,1073741823,1073741823,1073737727,1073709055,1073332223,1073119231,1073119231,1073331199,1073590271,1071119359,1071644159,1073676287,1073741823,1073741823:l9
1073741823,1073741823,1073741823,1073737727,1073709055,1073332223,1073119231,1073119231,1056553983,1073590271,1071119359,1071644159,1073741823,1073741823,1073741823:l9
1073741823,1073741823,1073741823,1073737727,1073709055,1073332223,1073119231,1073119231,1073331199,1073590271,1054342143,1071644159,1073741823,1073741823,1073741823:l9
1073741823,1073741823,1073741823,1073737727,1073709055,1073332223,1073119231,1073119231,1073331199,1073590271,1071119359,1071644159,1056964607,1073741823,1073741823:l9
1073741823,1073741823,1073741823,1073737727,1073709055,1073332223,1073119231,1073119231,1073331199,1073590271,1071119359,1071644159,1073741823,1073676287,1073741823:l9
1073741823,1073741823,1073741823,1073737727,1073709055,1073332223,1073119231,1073119231,1073331199,1056813055,1071119359,1071644159,1073741823,1073741823,1073741823:l9
1073741823,1073741823,1073741823,1073737727,1073709055,1073332223,1073119231,1073119231,1073331199,1073590271,1071119359,1054866943,1073741823,1073741823,1073741823:l9
1073741823,1073741823,1073741823,1073737727,1073709055,1073332223,1073119231,1073119231,1073331199,1073590271,1071119359,1067449855,1073741823,1073741823,1073741823:l9
1073741823,1073741823,1073741823,1073737727,1073709055,1073332223,1073119231,1073119231,1073331199,1073590271,1071119359,1071644159,1073741823,1056964607,1073741823:l9
1073741823,1073741823,1073741823,1073737727,1073709055,1073332223,1073119231,1073119231,1073331199,1073590271,1071119359,1071644159,1073741823,1072693247,1073741823:l9
1073741823,1073741823,1073741823,1073737727,1073709055,1073332223,1073119231,1073119231,1073331199,1073590271,1071119359,1071644159,1072693247,1073741823,1073741823:l9
1073741823,1073741823,1073741823,1073737727,1073709055,1073332223,1073119231,1073119231,1073331199,1073590271,1071119295,1071644159,1073741823,1073741823,1073741823:l9
1073741823,1073741823,1073741823,1073737727,1073709055,1073332223,1073119231,1073119231,1073331199,1073590015,1071119359,1071644159,1073741823,1073741823,1073741823:j10
1073741823,1073741823,1073741823,1073737727,1073709055,1073332223,1073119231,1073119231,1073331135,1073590271,1071119359,1071644159,1073741823,1073741823,1073741823:j10
1073741823,1073741823,1073741823,1073737727,1073709055,1073332223,1073119231,1073119231,1073330943,1073590271,1071119359,1071644159,1073741823,1073741823,1073741823:j10
1073741823,1073741823,1073741823,1073737727,1073709055,1073332223,1073119167,1073119231,1073331199,1073590271,1071119359,1071644159,1073741823,1073741823,1073741823:j10
1073741823,1073741823,1073741823,1073737727,1073709055,1073332223,1073119231,1073118975,1073331199,1073590271,1071119359,1071644159,1073741823,1073741823,1073741823:j10
1073741823,1073741823,1073741823,1073737727,1073709055,1073332223,1073119231,1073119231,1073331199,1073590271,1071119359,1071640063,1073741823,1073741823,1073741823:l9
1073741823,1073741823,1073741823,1073737727,1073709055,1073332223,1073119231,1073119231,1073331199,1073590271,1071119359,1071644159,1073725439,1073741823,1073741823:j10
1073741823,1073741823,1073741823,1073737727,1073709055,1073332223,1073119231,1073119231,1073331199,1073590271,1071119359,1071578623,1073741823,1073741823,1073741823:j10
1073741823,1073741823,1073741823,1073737727,1073709055,1073332223,1073119231,1073119231,1073331199,1073590271,1066925055,1071644159,1073741823,1073741823,1073741823:l9
1073741823,1073741823,1073741823,1073737727,1073709055,1073332223,1073119231,1073119231,1073331199,1073590271,1071119359,1071644159,1069547519,1073741823,1073741823:l9
1073741823,1073741823,1073741823,1073737727,1073709055,1073332223,1073119231,1073119231,1073331199,1073590271,1071119359,1071644159,1073479679,1073741823,1073741823:l9
1073741823,1073741823,1073741823,1073737727,1073709055,1073331967,1073119231,1073119231,1073331199,1073590271,1071119359,1071644159,1073741823,1073741823,1073741823:l9
1073741823,1073741823,1073741823,1073737471,1073709055,1073332223,1073119231,1073119231,1073331199,1073590271,1071119359,1071644159,1073741823,1073741823,1073741823:l9
1073741823,1073741823,1073741823,1073736703,1073709055,1073332223,1073119231,1073119231,1073331199,1073590271,1071119359,1071644159,1073741823,1073741823,1073741823:j10
1073741823,1073741567,1073741823,1073737727,1073709055,1073332223,1073119231,1073119231,1073331199,1073590271,1071119359,1071644159,1073741823,1073741823,1073741823:l9
1073741823,1073737727,1073741823,1073737727,1073709055,1073332223,1073119231,1073119231,1073331199,1073590271,1071119359,1071644159,1073741823,1073741823,1073741823:l9
1073741823,1073741823,1073737727,1073737727,1073709055,1073332223,1073119231,1073119231,1073331199,1073590271,1071119359,1071644159,1073741823,1073741823,1073741823:l9
1073741823,1073676287,1073741823,1073737727,1073709055,1073332223,1073119231,1073119231,1073331199,1073590271,1071119359,1071644159,1073741823,1073741823,1073741823:l9
1073741823,1073741823,1073741823,1073737727,1073709055,1073332223,1073118207,1073119231,1073331199,1073590271,1071119359,1071644159,1073741823,1073741823,1073741823:j10
1073741823,1073741823,1073741823,1073737727,1073708031,1073332223,1073119231,1073119231,1073331199,1073590271,1071119359,1071644159,1073741823,1073741823,1073741823:l9
1073741823,1073741823,1073740799,1073737727,1073709055,1073332223,1073119231,1073119231,1073331199,1073590271,1071119359,1071644159,1073741823,1073741823,1073741823:l9
1073741823,1073741823,1073725439,1073737727,1073709055,1073332223,1073119231,1073119231,1073331199,1073590271,1071119359,1071644159,1073741823,1073741823,1073741823:l9
1073741823,1073741823,1073479679,1073737727,1073709055,1073332223,1073119231,1073119231,1073331199,1073590271,1071119359,1071644159,1073741823,1073741823,1073741823:l9
1073741823,1073741823,1073741823,1073721343,1073709055,1073332223,1073119231,1073119231,1073331199,1073590271,1071119359,1071644159,1073741823,1073741823,1073741823:l9
1073741823,1073741823,1073741823,1073475583,1073709055,1073332223,1073119231,1073119231,1073331199,1073590271,1071119359,1071644159,1073741823,1073741823,1073741823:l9
1073741823,1073741823,1073741823,1069543423,1073709055,1073332223,1073119231,1073119231,1073331199,1073590271,1071119359,1071644159,1073741823,1073741823,1073741823:j10
1073741823,1073741823,1073741823,1073737727,1069514751,1073332223,1073119231,1073119231,1073331199,1073590271,1071119359,1071644159,1073741823,1073741823,1073741823:l9
1073741823,1073741823,1073741823,1073737727,1073709055,1073332223,1068924927,1073119231,1073331199,1073590271,1071119359,1071644159,1073741823,1073741823,1073741823:l9
1073741823,1073741823,1073741823,1073737727,1073709055,1073332223,1073119231,1073119231,1069136895,1073590271,1071119359,1071644159,1073741823,1073741823,1073741823:j10
1073741823,1073741823,1073741823,1073737727,1073709055,1073332223,1073119231,1073119231,1073331199,1072541695,1071119359,1071644159,1073741823,1073741823,1073741823:j10
1073741823,1073741823,1073741823,1073737727,1073709055,1073328127,1073119231,1073119231,1073331199,1073590271,1071119359,1071644159,1073741823,1073741823,1073741823:l9
1073741823,1073741823,1073741823,1073672191,1073709055,1073332223,1073119231,1073119231,1073331199,1073590271,1071119359,1071644159,1073741823,1073741823,1073741823:l9
1073741823,1073741823,1073741823,1072689151,1073709055,1073332223,1073119231,1073119231,1073331199,1073590271,1071119359,1071644159,1073741823,1073741823,1073741823:l9
1073741823,1073741823,1073741823,1073737727,1073446911,1073332223,1073119231,1073119231,1073331199,1073590271,1071119359,1071644159,1073741823,1073741823,1073741823:l9
1073741823,1073741823,1073741823,1073737727,1073709055,1072283647,1073119231,1073119231,1073331199,1073590271,1071119359,1071644159,1073741823,1073741823,1073741823:l9
1073741823,1073741823,1073741823,1073737727,1073709055,1073332223,1073119231,1073119231,1073331199,1073590271,1071119359,1071643135,1073741823,1073741823,1073741823:j10
1073741823,1073741823,1073741823,1073737727,1073709055,1073332223,1073119231,1073119231,1073331199,1073590271,1071115263,1071644159,1073741823,1073741823,1073741823:l9
1073741823,1073741823,1073741823,1073737727,1073709055,1073332223,1073119231,1073119231,1073331199,1073590271,1071119359,1071382015,1073741823,1073741823,1073741823:l9
1073741823,1073741823,1073741823,1073737727,1073709055,1073332223,1073119231,1073119231,1073331199,1073590271,1071053823,1071644159,1073741823,1073741823,1073741823:l9
1073741823,1073741823,1073741823,1073737727,1073709055,1073332223,1073119231,1073119231,1073331199,1073590271,1071119359,1071627775,1073741823,1073741823,1073741823:j10
1073741823,1073741823,1073741823,1073737727,1073709055,1073332223,1073119231,1073119231,1073331199,1073590271,1071102975,1071644159,1073741823,1073741823,1073741823:j10
1073741823,1073741823,1073741823,1073737727,1073709055,1069137919,1073119231,1073119231,1073331199,1073590271,1071119359,1071644159,1073741823,1073741823,1073741823:l9
1073741823,1073741823,1073741823,1073737727,1073709055,1073332223,1073119231,1068924927,1073331199,1073590271,1071119359,1071644159,1073741823,1073741823,1073741823:l9
1073741823,1073741823,1073741823,1073737727,1073709055,1073332223,1073119231,1072070655,1073331199,1073590271,1071119359,1071644159,1073741823,1073741823,1073741823:j10
1073741823,1073741823,1073741823,1073737727,1073709055,1073332223,1073119231,1073119231,1073331199,1069395967,1071119359,1071644159,1073741823,1073741823,1073741823:l9
1073741823,1073741823,1073741823,1073737727,1073704959,1073332223,1073119231,1073119231,1073331199,1073590271,1071119359,1071644159,1073741823,1073741823,1073741823:j10
1073741823,1073741823,1073741823,1073737727,1073643519,1073332223,1073119231,1073119231,1073331199,1073590271,1071119359,1071644159,1073741823,1073741823,1073741823:l9
1073741823,1073741823,1073741823,1073737727,1072660479,1073332223,1073119231,1073119231,1073331199,1073590271,1071119359,1071644159,1073741823,1073741823,1073741823:l9
1073741823,1073741823,1073741823,1073737727,1073709055,1073332223,1072070655,1073119231,1073331199,1073590271,1071119359,1071644159,1073741823,1073741823,1073741823:l9
1073741823,1073741823,1073741823,1073737727,1073709055,1073332223,1073119231,1073119231,1072282623,1073590271,1071119359,1071644159,1073741823,1073741823,1073741823:l9
1073741823,1073741823,1073741823,1073737727,1073709055,1073332223,1073119231,1073119231,1073331199,1073589247,1071119359,1071644159,1073741823,1073741823,1073741823:j10
1073741823,1073741823,1073741823,1073737727,1073709055,1073332223,1073119231,1073119231,1073327103,1073590271,1071119359,1071644159,1073741823,1073741823,1073741823:j10
1073741823,1073741823,1073741823,1073737727,1073709055,1073332223,1073119231,1073118207,1073331199,1073590271,1071119359,1071644159,1073741823,1073741823,1073741823:j10
1073741823,1073741823,1073741823,1073737727,1073709055,1073332223,1073119231,1073115135,1073331199,1073590271,1071119359,1071644159,1073741823,1073741823,1073741823:l9
1073741823,1073741823,1073741823,1073737727,1073709055,1073331199,1073119231,1073119231,1073331199,1073590271,1071119359,1071644159,1073741823,1073741823,1073741823:l9
1073741823,1073741823,1073741823,1073737727,1073709055,1073332223,1073115135,1073119231,1073331199,1073590271,1071119359,1071644159,1073741823,1073741823,1073741823:l9
1073741823,1073741823,1073741823,1073737727,1073709055,1073332223,1073119231,1073119231,1073331199,1073328127,1071119359,1071644159,1073741823,1073741823,1073741823:l9
1073741823,1073741823,1073741823,1073737727,1073709055,1073332223,1073119231,1073119231,1073331199,1073594367,1071119359,1071382527,1073741823,1073741823,1073741823:l9
1073741823,1073741823,1073741823,1073737727,1073709055,1073332223,1073119231,1073119231,1073331199,1073594367,1071053823,1071644671,1073741823,1073741823,1073741823:l9
1073741823,1073741823,1073741823,1073737727,1073709055,1073332223,1073119231,1073119231,1073331199,1073594367,1071119359,1071628287,1073741823,1073741823,1073741823:j10
1073741823,1073741823,1073741823,1073737727,1073709055,1073332223,1073119231,1073119231,1073331199,1073594367,1071102975,1071644671,1073741823,1073741823,1073741823:j10
1073741823,1073741823,1073741823,1073737727,1073709055,1069137919,1073119231,1073119231,1073331199,1073594367,1071119359,1071644671,1073741823,1073741823,1073741823:l9
1073741823,1073741823,1073741823,1073737727,1073709055,1073332223,1073119231,1068924927,1073331199,1073594367,1071119359,1071644671,1073741823,1073741823,1073741823:l9
1073741823,1073741823,1073741823,1073737727,1073709055,1073332223,1073119231,1072070655,1073331199,1073594367,1071119359,1071644671,1073741823,1073741823,1073741823:j10
1073741823,1073741823,1073741823,1073737727,1073709055,1073332223,1073119231,1073119231,1073331199,1069400063,1071119359,1071644671,1073741823,1073741823,1073741823:l9
1073741823,1073741823,1073741823,1073737727,1073704959,1073332223,1073119231,1073119231,1073331199,1073594367,1071119359,1071644671,1073741823,1073741823,1073741823:j10
1073741823,1073741823,1073741823,1073737727,1073643519,1073332223,1073119231,1073119231,1073331199,1073594367,1071119359,1071644671,1073741823,1073741823,1073741823:l9
1073741823,1073741823,1073741823,1073737727,1072660479,1073332223,1073119231,1073119231,1073331199,1073594367,1071119359,1071644671,1073741823,1073741823,1073741823:l9
1073741823,1073741823,1073741823,1073737727,1073709055,1073332223,1072070655,1073119231,1073331199,1073594367,1071119359,1071644671,1073741823,1073741823,1073741823:l9
1073741823,1073741823,1073741823,1073737727,1073709055,1073332223,1073119231,1073119231,1072282623,1073594367,1071119359,1071644671,1073741823,1073741823,1073741823:l9
1073741823,1073741823,1073741823,1073737727,1073709055,1073332223,1073119231,1073119231,1073331199,1073593343,1071119359,1071644671,1073741823,1073741823,1073741823:j10
1073741823,1073741823,1073741823,1073737727,1073709055,1073332223,1073119231,1073119231,1073327103,1073594367,1071119359,1071644671,1073741823,1073741823,1073741823:j10
1073741823,1073741823,1073741823,1073737727,1073709055,1073332223,1073119231,1073118207,1073331199,1073594367,1071119359,1071644671,1073741823,1073741823,1073741823:j10
1073741823,1073741823,1073741823,1073737727,1073709055,1073332223,1073119231,1073115135,1073331199,1073594367,1071119359,1071644671,1073741823,1073741823,1073741823:j10
1073741823,1073741823,1073741823,1073737727,1073709055,1073331199,1073119231,1073119231,1073331199,1073594367,1071119359,1071644671,1073741823,1073741823,1073741823:j10
1073741823,1073741823,1073741823,1073737727,1073709055,1073332223,1073115135,1073119231,1073331199,1073594367,1071119359,1071644671,1073741823,1073741823,1073741823:i11
1073741823,1073741823,1073741823,1073737727,1073709055,1073332223,1073115135,1073119231,1073331199,1073594367,1070988287,1071644671,1073737727,1073741823,1073741823:k8
1073741823,1073741823,1073741823,1073737727,1073709055,1073332223,1073114879,1073119231,1073331199,1073594367,1070988287,1071644671,1073741823,1073741823,1073741823:k8
1073741823,1073741823,1073741823,1073737727,1073708799,1073332223,1073115135,1073119231,1073331199,1073594367,1070988287,1071644671,1073741823,1073741823,1073741823:k8
1073741823,1073741823,1073741823,1073737727,1073709055,1073332223,1073115135,1073119231,1073331199,1073594367,1070988287,1071644671,1073741759,1073741823,1073741823:k8
1073741823,1073741823,1073741823,1073737727,1073709055,1073332223,1073115135,1073119231,1073331199,1073594367,1070988287,1071644415,1073741823,1073741823,1073741823:g10
1073741823,1073741823,1073741823,1073737727,1073709055,1073332223,1073115135,1073119231,1073331199,1073586175,1070988287,1071644415,1073741823,1073741807,1073741823:k8
1073741823,1073741823,1073741823,1073737727,1073709055,1073332223,1073115135,1073119231,1073331199,1073586175,1070988287,1071644399,1073741823,1073741823,1073741823:k8
1073741823,1073741823,1073741823,1073737727,1073709055,1073332223,1073115135,1073119231,1073331199,1073586175,1070988287,1071644351,1073741823,1073741823,1073741823:k8
1073741823,1073741823,1073741823,1073737727,1073709055,1073332223,1073115135,1073119231,1073331199,1073586159,1070988287,1071644415,1073741823,1073741823,1073741823:k8
1073741823,1073741823,1073741823,1073737727,1073709055,1073332223,1073115135,1073119231,1073331199,1073586175,1070988287,1071644415,1073741823,1073737727,1073741823:k8
1073741823,1073741823,1073741823,1073737727,1073709055,1073332223,1073115135,1073119231,1073331199,1073586175,1070988287,1071644415,1073741823,1073741567,1073741823:k8
1073741823,1073741823,1073741823,1073737727,1073709055,1073332223,1073115135,1073119231,1073331199,1073586175,1070988287,1071644415,1073741567,1073741823,1073741823:k8
1073741823,1073741823,1073741823,1073737727,1073709055,1073332223,1073115135,1073119231,1073331199,1073586175,1070988287,1071644415,1073737727,1073741823,1073741823:k8
1073741823,1073741823,1073741823,1073737727,1073709055,1073332223,1073114879,1073119231,1073331199,1073586175,1070988287,1071644415,1073741823,1073741823,1073741823:k8
1073741823,1073741823,1073741823,1073737727,1073708799,1073332223,1073115135,1073119231,1073331199,1073586175,1070988287,1071644415,1073741823,1073741823,1073741823:k8
1073741823,1073741823,1073741823,1073737727,1073709055,1073332223,1073115135,1073119231,1073331199,1073586175,1070988287,1071644415,1073741759,1073741823,1073741823:k8
1073741823,1073741823,1073741823,1073737727,1073709055,1073332223,1073115135,1073119231,1073331199,1073586175,1070988031,1071644415,1073741823,1073741823,1073741823:k8
1073741823,1073741823,1073741823,1073737727,1073709055,1073332223,1073115135,1073119231,1073331199,1073586175,1070988287,1071644415,1073740799,1073741823,1073741823:k8
1073741823,1073741823,1073741823,1073737727,1073709055,1073332223,1073115135,1073119231,1073331199,1073586175,1070988287,1071644415,1073676287,1073741823,1073741823:k8
1073741823,1073741823,1073741823,1073737727,1073709055,1073332223,1073115135,1073119231,1056553983,1073586175,1070988287,1071644415,1073741823,1073741823,1073741823:k8
1073741823,1073741823,1073741823,1073737727,1073709055,1073332223,1073115135,1073119231,1073331199,1073586175,1054211071,1071644415,1073741823,1073741823,1073741823:k8
1073741823,1073741823,1073741823,1073737727,1073709055,1073332223,1073115135,1073119231,1073331199,1073586175,1070988287,1071644415,1056964607,1073741823,1073741823:k8
1073741823,1073741823,1073741823,1073737727,1073709055,1073332223,1073115135,1073119231,1073331199,1073586175,1070988287,1071644415,1073741823,1073676287,1073741823:k8
1073741823,1073741823,1073741823,1073737727,1073709055,1073332223,1073115135,1073119231,1073331199,1056808959,1070988287,1071644415,1073741823,1073741823,1073741823:k8
1073741823,1073741823,1073741823,1073737727,1073709055,1073332223,1073115135,1073119231,1073331199,1073586175,1070988287,1054867199,1073741823,1073741823,1073741823:l9
1073741823,1073741823,1073741823,1073737727,1073709055,1073332223,1073115135,1073119231,1073331199,1073586175,1070988287,1067450111,1073741823,1073741823,1073741823:l9
1073741823,1073741823,1073741823,1073737727,1073709055,1073332223,1073115135,1073119231,1073331199,1073586175,1070988287,1071644415,1073741823,1056964607,1073741823:k8
1073741823,1073741823,1073741823,1073737727,1073709055,1073332223,1073115135,1073119231,1073331199,1073586175,1070988287,1071644415,1073741823,1072693247,1073741823:k8
1073741823,1073741823,1073741823,1073737727,1073709055,1073332223,1073115135,1073119231,1073331199,1073586175,1070988287,1071644415,1072693247,1073741823,1073741823:k8
1073741823,1073741823,1073741823,1073737727,1073709055,1073332223,1073115135,1073119231,1073331199,1073586175,1070988223,1071644415,1073741823,1073741823,1073741823:k8
1073741823,1073741823,1073741823,1073737727,1073709055,1073332223,1073115135,1073119231,1073331199,1073585919,1070988287,1071644415,1073741823,1073741823,1073741823:k8
1073741823,1073741823,1073741823,1073737727,1073709055,1073332223,1073115135,1073119231,1073331135,1073586175,1070988287,1071644415,1073741823,1073741823,1073741823:k8
1073741823,1073741823,1073741823,1073737727,1073709055,1073332223,1073115135,1073119231,1073330943,1073586175,1070988287,1071644415,1073741823,1073741823,1073741823:k8
1073741823,1073741823,1073741823,1073737727,1073709055,1073332223,1073115071,1073119231,1073331199,1073586175,1070988287,1071644415,1073741823,1073741823,1073741823:k8
1073741823,1073741823,1073741823,1073737727,1073709055,1073332223,1073115135,1073118975,1073331199,1073586175,1070988287,1071644415,1073741823,1073741823,1073741823:k8
1073741823,1073741823,1073741823,1073737727,1073709055,1073332223,1073115135,1073119231,1073331199,1073586175,1070988287,1071640319,1073741823,1073741823,1073741823:k8
1073741823,1073741823,1073741823,1073737727,1073709055,1073332223,1073115135,1073119231,1073331199,1073586175,1070988287,1071644415,1073725439,1073741823,1073741823:k8
1073741823,1073741823,1073741823,1073737727,1073709055,1073332223,1073115135,1073119231,1073331199,1073586175,1070988287,1071578879,1073741823,1073741823,1073741823:k8
1073741823,1073741823,1073741823,1073737727,1073709055,1073332223,1073115135,1073119231,1073331199,1073586175,1066793983,1071644415,1073741823,1073741823,1073741823:l9
1073741823,1073741823,1073741823,1073737727,1073709055,1073332223,1073115135,1073119231,1073331199,1073586175,1070988287,1071644415,1069547519,1073741823,1073741823:k8
1073741823,1073741823,1073741823,1073737727,1073709055,1073332223,1073115135,1073119231,1073331199,1073586175,1070988287,1071644415,1073479679,1073741823,1073741823:k8
1073741823,1073741823,1073741823,1073737727,1073709055,1073331967,1073115135,1073119231,1073331199,1073586175,1070988287,1071644415,1073741823,1073741823,1073741823:k8
1073741823,1073741823,1073741823,1073737471,1073709055,1073332223,1073115135,1073119231,1073331199,1073586175,1070988287,1071644415,1073741823,1073741823,1073741823:k8
1073741823,1073741823,1073741823,1073736703,1073709055,1073332223,1073115135,1073119231,1073331199,1073586175,1070988287,1071644415,1073741823,1073741823,1073741823:k8
1073741823,1073741567,1073741823,1073737727,1073709055,1073332223,1073115135,1073119231,1073331199,1073586175,1070988287,1071644415,1073741823,1073741823,1073741823:k8
1073741823,1073737727,1073741823,1073737727,1073709055,1073332223,1073115135,1073119231,1073331199,1073586175,1070988287,1071644415,1073741823,1073741823,1073741823:k8
1073741823,1073741823,1073737727,1073737727,1073709055,1073332223,1073115135,1073119231,1073331199,1073586175,1070988287,1071644415,1073741823,1073741823,1073741823:k8
1073741823,1073676287,1073741823,1073737727,1073709055,1073332223,1073115135,1073119231,1073331199,1073586175,1070988287,1071644415,1073741823,1073741823,1073741823:k8
1073741823,1073741823,1073741823,1073737727,1073709055,1073332223,1073114111,1073119231,1073331199,1073586175,1070988287,1071644415,1073741823,1073741823,1073741823:k8
1073741823,1073741823,1073741823,1073737727,1073708031,1073332223,1073115135,1073119231,1073331199,1073586175,1070988287,1071644415,1073741823,1073741823,1073741823:k8
1073741823,1073741823,1073740799,1073737727,1073709055,1073332223,1073115135,1073119231,1073331199,1073586175,1070988287,1071644415,1073741823,1073741823,1073741823:k8
1073741823,1073741823,1073725439,1073737727,1073709055,1073332223,1073115135,1073119231,1073331199,1073586175,1070988287,1071644415,1073741823,1073741823,1073741823:k8
1073741823,1073741823,1073479679,1073737727,1073709055,1073332223,1073115135,1073119231,1073331199,1073586175,1070988287,1071644415,1073741823,1073741823,1073741823:k8
1073741823,1073741823,1073741823,1073721343,1073709055,1073332223,1073115135,1073119231,1073331199,1073586175,1070988287,1071644415,1073741823,1073741823,1073741823:k8
1073741823,1073741823,1073741823,1073475583,1073709055,1073332223,1073115135,1073119231,1073331199,1073586175,1070988287,1071644415,1073741823,1073741823,1073741823:k8
1073741823,1073741823,1073741823,1069543423,1073709055,1073332223,1073115135,1073119231,1073331199,1073586175,1070988287,1071644415,1073741823,1073741823,1073741823:k8
1073741823,1073741823,1073741823,1073737727,1069514751,1073332223,1073115135,1073119231,1073331199,1073586175,1070988287,1071644415,1073741823,1073741823,1073741823:k8
1073741823,1073741823,1073741823,1073737727,1073709055,1073332223,1068920831,1073119231,1073331199,1073586175,1070988287,1071644415,1073741823,1073741823,1073741823:k8
1073741823,1073741823,1073741823,1073737727,1073709055,1073332223,1073115135,1073119231,1069136895,1073586175,1070988287,1071644415,1073741823,1073741823,1073741823:j10
1073741823,1073741823,1073741823,1073737727,1073709055,1073332223,1073115135,1073119231,1073331199,1072537599,1070988287,1071644415,1073741823,1073741823,1073741823:l12
1073741823,1073741823,1073741823,1073737727,1073709055,1073328127,1073115135,1073119231,1073331199,1073586175,1070988287,1071644415,1073741823,1073741823,1073741823:k8
1073741823,1073741823,1073741823,1073672191,1073709055,1073332223,1073115135,1073119231,1073331199,1073586175,1070988287,1071644415,1073741823,1073741823,1073741823:k8
1073741823,1073741823,1073741823,1072689151,1073709055,1073332223,1073115135,1073119231,1073331199,1073586175,1070988287,1071644415,1073741823,1073741823,1073741823:k8
1073741823,1073741823,1073741823,1073737727,1073446911,1073332223,1073115135,1073119231,1073331199,1073586175,1070988287,1071644415,1073741823,1073741823,1073741823:k8
1073741823,1073741823,1073741823,1073737727,1073709055,1072283647,1073115135,1073119231,1073331199,1073586175,1070988287,1071644415,1073741823,1073741823,1073741823:k8
1073741823,1073741823,1073741823,1073737727,1073709055,1073332223,1073115135,1073119231,1073331199,1073586175,1070988287,1071643391,1073741823,1073741823,1073741823:k8
1073741823,1073741823,1073741823,1073737727,1073709055,1073332223,1073115135,1073119231,1073331199,1073586175,1070984191,1071644415,1073741823,1073741823,1073741823:k8
1073741823,1073741823,1073741823,1073737727,1073709055,1073332223,1073115135,1073119231,1073331199,1073586175,1070988287,1071382271,1073741823,1073741823,1073741823:k8
1073741823,1073741823,1073741823,1073737727,1073709055,1073332223,1073115135,1073119231,1073331199,1073586175,1070988287,1071628031,1073741823,1073741823,1073741823:l9
1073741823,1073741823,1073741823,1073737727,1073709055,1073332223,1073115135,1073119231,1073331199,1073586175,1070971903,1071644415,1073741823,1073741823,1073741823:k8
1073741823,1073741823,1073741823,1073737727,1073709055,1069137919,1073115135,1073119231,1073331199,1073586175,1070988287,1071644415,1073741823,1073741823,1073741823:k8
1073741823,1073741823,1073741823,1073737727,1073709055,1073332223,1073115135,1068924927,1073331199,1073586175,1070988287,1071644415,1073741823,1073741823,1073741823:l9
1073741823,1073741823,1073741823,1073737727,1073709055,1073332223,1073115135,1072070655,1073331199,1073586175,1070988287,1071644415,1073741823,1073741823,1073741823:j10
1073741823,1073741823,1073741823,1073737727,1073709055,1073332223,1073115135,1073119231,1073331199,1069391871,1070988287,1071644415,1073741823,1073741823,1073741823:k8
1073741823,1073741823,1073741823,1073737727,1073704959,1073332223,1073115135,1073119231,1073331199,1073586175,1070988287,1071644415,1073741823,1073741823,1073741823:k8
1073741823,1073741823,1073741823,1073737727,1073643519,1073332223,1073115135,1073119231,1073331199,1073586175,1070988287,1071644415,1073741823,1073741823,1073741823:k8
1073741823,1073741823,1073741823,1073737727,1072660479,1073332223,1073115135,1073119231,1073331199,1073586175,1070988287,1071644415,1073741823,1073741823,1073741823:k8
1073741823,1073741823,1073741823,1073737727,1073709055,1073332223,1072066559,1073119231,1073331199,1073586175,1070988287,1071644415,1073741823,1073741823,1073741823:k8
1073741823,1073741823,1073741823,1073737727,1073709055,1073332223,1073115135,1073119231,1072282623,1073586175,1070988287,1071644415,1073741823,1073741823,1073741823:l9
1073741823,1073741823,1073741823,1073737727,1073709055,1073332223,1073115135,1073119231,1073331199,1073585151,1070988287,1071644415,1073741823,1073741823,1073741823:k8
1073741823,1073741823,1073741823,1073737727,1073709055,1073332223,1073115135,1073119231,1073327103,1073586175,1070988287,1071644415,1073741823,1073741823,1073741823:k8
1073741823,1073741823,1073741823,1073737727,1073709055,1073332223,1073115135,1073118207,1073331199,1073586175,1070988287,1071644415,1073741823,1073741823,1073741823:k8
1073741823,1073741823,1073741823,1073737727,1073709055,1073332223,1073115135,1073115135,1073331199,1073586175,1070988287,1071644415,1073741823,1073741823,1073741823:k8
1073741823,1073741823,1073741823,1073737727,1073709055,1073331199,1073115135,1073119231,1073331199,1073586175,1070988287,1071644415,1073741823,1073741823,1073741823:k8
1073741823,1073741823,1073741823,1073737727,1073709055,1073332223,1073115135,1073119231,1073331199,1073324031,1070988287,1071644415,1073741823,1073741823,1073741823:l9
1073741823,1073741823,1073741823,1073737727,1073709055,1073332223,1073115135,1073119231,1073331199,1073594367,1070988031,1071644671,1073741823,1073741823,1073741823:k8
1073741823,1073741823,1073741823,1073737727,1073709055,1073332223,1073115135,1073119231,1073331199,1073594367,1070988287,1071644671,1073740799,1073741823,1073741823:k8
1073741823,1073741823,1073741823,1073737727,1073709055,1073332223,1073115135,1073119231,1073331199,1073594367,1070988287,1071644671,1073676287,1073741823,1073741823:k8
1073741823,1073741823,1073741823,1073737727,1073709055,1073332223,1073115135,1073119231,1056553983,1073594367,1070988287,1071644671,1073741823,1073741823,1073741823:k8
1073741823,1073741823,1073741823,1073737727,1073709055,1073332223,1073115135,1073119231,1073331199,1073594367,1054211071,1071644671,1073741823,1073741823,1073741823:k8
1073741823,1073741823,1073741823,1073737727,1073709055,1073332223,1073115135,1073119231,1073331199,1073594367,1070988287,1071644671,1056964607,1073741823,1073741823:k8
1073741823,1073741823,1073741823,1073737727,1073709055,1073332223,1073115135,1073119231,1073331199,1073594367,1070988287,1071644671,1073741823,1073676287,1073741823:k8
1073741823,1073741823,1073741823,1073737727,1073709055,1073332223,1073115135,1073119231,1073331199,1056817151,1070988287,1071644671,1073741823,1073741823,1073741823:k8
1073741823,1073741823,1073741823,1073737727,1073709055,1073332223,1073115135,1073119231,1073331199,1073594367,1070988287,1054867455,1073741823,1073741823,1073741823:l9
1073741823,1073741823,1073741823,1073737727,1073709055,1073332223,1073115135,1073119231,1073331199,1073594367,1070988287,1067450367,1073741823,1073741823,1073741823:l9
1073741823,1073741823,1073741823,1073737727,1073709055,1073332223,1073115135,1073119231,1073331199,1073594367,1070988287,1071644671,1073741823,1056964607,1073741823:k8
1073741823,1073741823,1073741823,1073737727,1073709055,1073332223,1073115135,1073119231,1073331199,1073594367,1070988287,1071644671,1073741823,1072693247,1073741823:k8
1073741823,1073741823,1073741823,1073737727,1073709055,1073332223,1073115135,1073119231,1073331199,1073594367,1070988287,1071644671,1072693247,1073741823,1073741823:k8
1073741823,1073741823,1073741823,1073737727,1073709055,1073332223,1073115135,1073119231,1073331199,1073594367,1070988223,1071644671,1073741823,1073741823,1073741823:k8
1073741823,1073741823,1073741823,1073737727,1073709055,1073332223,1073115135,1073119231,1073331199,1073594111,1070988287,1071644671,1073741823,1073741823,1073741823:k8
1073741823,1073741823,1073741823,1073737727,1073709055,1073332223,1073115135,1073119231,1073331135,1073594367,1070988287,1071644671,1073741823,1073741823,1073741823:k8
1073741823,1073741823,1073741823,1073737727,1073709055,1073332223,1073115135,1073119231,1073330943,1073594367,1070988287,1071644671,1073741823,1073741823,1073741823:k8
1073741823,1073741823,1073741823,1073737727,1073709055,1073332223,1073115071,1073119231,1073331199,1073594367,1070988287,1071644671,1073741823,1073741823,1073741823:k8
1073741823,1073741823,1073741823,1073737727,1073709055,1073332223,1073115135,1073118975,1073331199,1073594367,1070988287,1071644671,1073741823,1073741823,1073741823:k8
1073741823,1073741823,1073741823,1073737727,1073709055,1073332223,1073115135,1073119231,1073331199,1073594367,1070988287,1071640575,1073741823,1073741823,1073741823:k8
1073741823,1073741823,1073741823,1073737727,1073709055,1073332223,1073115135,1073119231,1073331199,1073594367,1070988287,1071644671,1073725439,1073741823,1073741823:k8
1073741823,1073741823,1073741823,1073737727,1073709055,1073332223,1073115135,1073119231,1073331199,1073594367,1070988287,1071579135,1073741823,1073741823,1073741823:k8
1073741823,1073741823,1073741823,1073737727,1073709055,1073332223,1073115135,1073119231,1073331199,1073594367,1066793983,1071644671,1073741823,1073741823,1073741823:l9
1073741823,1073741823,1073741823,1073737727,1073709055,1073332223,1073115135,1073119231,1073331199,1073594367,1070988287,1071644671,1069547519,1073741823,1073741823:k8
1073741823,1073741823,1073741823,1073737727,1073709055,1073332223,1073115135,1073119231,1073331199,1073594367,1070988287,1071644671,1073479679,1073741823,1073741823:k8
1073741823,1073741823,1073741823,1073737727,1073709055,1073331967,1073115135,1073119231,1073331199,1073594367,1070988287,1071644671,1073741823,1073741823,1073741823:k8
1073741823,1073741823,1073741823,1073737471,1073709055,1073332223,1073115135,1073119231,1073331199,1073594367,1070988287,1071644671,1073741823,1073741823,1073741823:k8
1073741823,1073741823,1073741823,1073736703,1073709055,1073332223,1073115135,1073119231,1073331199,1073594367,1070988287,1071644671,1073741823,1073741823,1073741823:k8
1073741823,1073741567,1073741823,1073737727,1073709055,1073332223,1073115135,1073119231,1073331199,1073594367,1070988287,1071644671,1073741823,1073741823,1073741823:k8
1073741823,1073737727,1073741823,1073737727,1073709055,1073332223,1073115135,1073119231,1073331199,1073594367,1070988287,1071644671,1073741823,1073741823,1073741823:k8
1073741823,1073741823,1073737727,1073737727,1073709055,1073332223,1073115135,1073119231,1073331199,1073594367,1070988287,1071644671,1073741823,1073741823,1073741823:k8
1073741823,1073676287,1073741823,1073737727,1073709055,1073332223,1073115135,1073119231,1073331199,1073594367,1070988287,1071644671,1073741823,1073741823,1073741823:k8
1073741823,1073741823,1073741823,1073737727,1073709055,1073332223,1073114111,1073119231,1073331199,1073594367,1070988287,1071644671,1073741823,1073741823,1073741823:k8
1073741823,1073741823,1073741823,1073737727,1073708031,1073332223,1073115135,1073119231,1073331199,1073594367,1070988287,1071644671,1073741823,1073741823,1073741823:k8
1073741823,1073741823,1073740799,1073737727,1073709055,1073332223,1073115135,1073119231,1073331199,1073594367,1070988287,1071644671,1073741823,1073741823,1073741823:k8
1073741823,1073741823,1073725439,1073737727,1073709055,1073332223,1073115135,1073119231,1073331199,1073594367,1070988287,1071644671,1073741823,1073741823,1073741823:k8
1073741823,1073741823,1073479679,1073737727,1073709055,1073332223,1073115135,1073119231,1073331199,1073594367,1070988287,1071644671,1073741823,1073741823,1073741823:k8
1073741823,1073741823,1073741823,1073721343,1073709055,1073332223,1073115135,1073119231,1073331199,1073594367,1070988287,1071644671,1073741823,1073741823,1073741823:k8
1073741823,1073741823,1073741823,1073475583,1073709055,1073332223,1073115135,1073119231,1073331199,1073594367,1070988287,1071644671,1073741823,1073741823,1073741823:k8
1073741823,1073741823,1073741823,1069543423,1073709055,1073332223,1073115135,1073119231,1073331199,1073594367,1070988287,1071644671,1073741823,1073741823,1073741823:k8
1073741823,1073741823,1073741823,1073737727,1069514751,1073332223,1073115135,1073119231,1073331199,1073594367,1070988287,1071644671,1073741823,1073741823,1073741823:k8
1073741823,1073741823,1073741823,1073737727,1073709055,1073332223,1068920831,1073119231,1073331199,1073594367,1070988287,1071644671,1073741823,1073741823,1073741823:k8
1073741823,1073741823,1073741823,1073737727,1073709055,1073332223,1073115135,1073119231,1069136895,1073594367,1070988287,1071644671,1073741823,1073741823,1073741823:l12
1073741823,1073741823,1073741823,1073737727,1073709055,1073332223,1073115135,1073119231,1073331199,1072545791,1070988287,1071644671,1073741823,1073741823,1073741823:l12
1073741823,1073741823,1073741823,1073737727,1073709055,1073328127,1073115135,1073119231,1073331199,1073594367,1070988287,1071644671,1073741823,1073741823,1073741823:k8
1073741823,1073741823,1073741823,1073672191,1073709055,1073332223,1073115135,1073119231,1073331199,1073594367,1070988287,1071644671,1073741823,1073741823,1073741823:k8
1073741823,1073741823,1073741823,1072689151,1073709055,1073332223,1073115135,1073119231,1073331199,1073594367,1070988287,1071644671,1073741823,1073741823,1073741823:k8
1073741823,1073741823,1073741823,1073737727,1073446911,1073332223,1073115135,1073119231,1073331199,1073594367,1070988287,1071644671,1073741823,1073741823,1073741823:k8
1073741823,1073741823,1073741823,1073737727,1073709055,1072283647,1073115135,1073119231,1073331199,1073594367,1070988287,1071644671,1073741823,1073741823,1073741823:k8
1073741823,1073741823,1073741823,1073737727,1073709055,1073332223,1073115135,1073119231,1073331199,1073594367,1070988287,1071643647,1073741823,1073741823,1073741823:k8
1073741823,1073741823,1073741823,1073737727,1073709055,1073332223,1073115135,1073119231,1073331199,1073594367,1070984191,1071644671,1073741823,1073741823,1073741823:k8
1073741823,1073741823,1073741823,1073737727,1073709055,1073332223,1073115135,1073119231,1073331199,1073590271,1070988287,1071644671,1073741823,1073741823,1073741823:e12
1073741823,1073741823,1073741823,1073737727,1073709055,1073332223,1073115135,1073119231,1073331199,1073590271,1070988287,1071644159,1073741823,1073741807,1073741823:k8
1073741823,1073741823,1073741823,1073737727,1073709055,1073332223,1073115135,1073119231,1073331199,1073590271,1070988287,1071644143,1073741823,1073741823,1073741823:k8
1073741823,1073741823,1073741823,1073737727,1073709055,1073332223,1073115135,1073119231,1073331199,1073590271,1070988287,1071644095,1073741823,1073741823,1073741823:k8
1073741823,1073741823,1073741823,1073737727,1073709055,1073332223,1073115135,1073119231,1073331199,1073590255,1070988287,1071644159,1073741823,1073741823,1073741823:k8
1073741823,1073741823,1073741823,1073737727,1073709055,1073332223,1073115135,1073119231,1073331199,1073590271,1070988287,1071644159,1073741823,1073737727,1073741823:k8
1073741823,1073741823,1073741823,1073737727,1073709055,1073332223,1073115135,1073119231,1073331199,1073590271,1070988287,1071644159,1073741823,1073741567,1073741823:k8
1073741823,1073741823,1073741823,1073737727,1073709055,1073332223,1073115135,1073119231,1073331199,1073590271,1070988287,1071644159,1073741567,1073741823,1073741823:k8
1073741823,1073741823,1073741823,1073737727,1073709055,1073332223,1073115135,1073119231,1073331199,1073590271,1070988287,1071644159,1073737727,1073741823,1073741823:k8
1073741823,1073741823,1073741823,1073737727,1073709055,1073332223,1073114879,1073119231,1073331199,1073590271,1070988287,1071644159,1073741823,1073741823,1073741823:k8
1073741823,1073741823,1073741823,1073737727,1073708799,1073332223,1073115135,1073119231,1073331199,1073590271,1070988287,1071644159,1073741823,1073741823,1073741823:k8
1073741823,1073741823,1073741823,1073737727,1073709055,1073332223,1073115135,1073119231,1073331199,1073590271,1070988287,1071644159,1073741759,1073741823,1073741823:k8
1073741823,1073741823,1073741823,1073737727,1073709055,1073332223,1073115135,1073119231,1073331199,1073590271,1070988031,1071644159,1073741823,1073741823,1073741823:k8
1073741823,1073741823,1073741823,1073737727,1073709055,1073332223,1073115135,1073119231,1073331199,1073590271,1070988287,1071644159,1073740799,1073741823,1073741823:k8
1073741823,1073741823,1073741823,1073737727,1073709055,1073332223,1073115135,1073119231,1073331199,1073590271,1070988287,1071644159,1073676287,1073741823,1073741823:k8
1073741823,1073741823,1073741823,1073737727,1073709055,1073332223,1073115135,1073119231,1056553983,1073590271,1070988287,1071644159,1073741823,1073741823,1073741823:k8
1073741823,1073741823,1073741823,1073737727,1073709055,1073332223,1073115135,1073119231,1073331199,1073590271,1054211071,1071644159,1073741823,1073741823,1073741823:k8
1073741823,1073741823,1073741823,1073737727,1073709055,1073332223,1073115135,1073119231,1073331199,1073590271,1070988287,1071644159,1056964607,1073741823,1073741823:k8
1073741823,1073741823,1073741823,1073737727,1073709055,1073332223,1073115135,1073119231,1073331199,1073590271,1070988287,1071644159,1073741823,1073676287,1073741823:k8
1073741823,1073741823,1073741823,1073737727,1073709055,1073332223,1073115135,1073119231,1073331199,1056813055,1070988287,1071644159,1073741823,1073741823,1073741823:k8
1073741823,1073741823,1073741823,1073737727,1073709055,1073332223,1073115135,1073119231,1073331199,1073590271,1070988287,1054866943,1073741823,1073741823,1073741823:l9
1073741823,1073741823,1073741823,1073737727,1073709055,1073332223,1073115135,1073119231,1073331199,1073590271,1070988287,1067449855,1073741823,1073741823,1073741823:l9
1073741823,1073741823,1073741823,1073737727,1073709055,1073332223,1073115135,1073119231,1073331199,1073590271,1070988287,1071644159,1073741823,1056964607,1073741823:k8
1073741823,1073741823,1073741823,1073737727,1073709055,1073332223,1073115135,1073119231,1073331199,1073590271,1070988287,1071644159,1073741823,1072693247,1073741823:k8
1073741823,1073741823,1073741823,1073737727,1073709055,1073332223,1073115135,1073119231,1073331199,1073590271,1070988287,1071644159,1072693247,1073741823,1073741823:k8
1073741823,1073741823,1073741823,1073737727,1073709055,1073332223,1073115135,1073119231,1073331199,1073590271,1070988223,1071644159,1073741823,1073741823,1073741823:k8
1073741823,1073741823,1073741823,1073737727,1073709055,1073332223,1073115135,1073119231,1073331199,1073590015,1070988287,1071644159,1073741823,1073741823,1073741823:k8
1073741823,1073741823,1073741823,1073737727,1073709055,1073332223,1073115135,1073119231,1073331135,1073590271,1070988287,1071644159,1073741823,1073741823,1073741823:k8
1073741823,1073741823,1073741823,1073737727,1073709055,1073332223,1073115135,1073119231,1073330943,1073590271,1070988287,1071644159,1073741823,1073741823,1073741823:k8
1073741823,1073741823,1073741823,1073737727,1073709055,1073332223,1073115071,1073119231,1073331199,1073590271,1070988287,1071644159,1073741823,1073741823,1073741823:k8
1073741823,1073741823,1073741823,1073737727,1073709055,1073332223,1073115135,1073118975,1073331199,1073590271,1070988287,1071644159,1073741823,1073741823,1073741823:k8
1073741823,1073741823,1073741823,1073737727,1073709055,1073332223,1073115135,1073119231,1073331199,1073590271,1070988287,1071640063,1073741823,1073741823,1073741823:k8
1073741823,1073741823,1073741823,1073737727,1073709055,1073332223,1073115135,1073119231,1073331199,1073590271,1070988287,1071644159,1073725439,1073741823,1073741823:k8
1073741823,1073741823,1073741823,1073737727,1073709055,1073332223,1073115135,1073119231,1073331199,1073590271,1070988287,1071578623,1073741823,1073741823,1073741823:k8
1073741823,1073741823,1073741823,1073737727,1073709055,1073332223,1073115135,1073119231,1073331199,1073590271,1066793983,1071644159,1073741823,1073741823,1073741823:l9
1073741823,1073741823,1073741823,1073737727,1073709055,1073332223,1073115135,1073119231,1073331199,1073590271,1070988287,1071644159,1069547519,1073741823,1073741823:k8
1073741823,1073741823,1073741823,1073737727,1073709055,1073332223,1073115135,1073119231,1073331199,1073590271,1070988287,1071644159,1073479679,1073741823,1073741823:k8
1073741823,1073741823,1073741823,1073737727,1073709055,1073331967,1073115135,1073119231,1073331199,1073590271,1070988287,1071644159,1073741823,1073741823,1073741823:k8
1073741823,1073741823,1073741823,1073737471,1073709055,1073332223,1073115135,1073119231,1073331199,1073590271,1070988287,1071644159,1073741823,1073741823,1073741823:k8
1073741823,1073741823,1073741823,1073736703,1073709055,1073332223,1073115135,1073119231,1073331199,1073590271,1070988287,1071644159,1073741823,1073741823,1073741823:k8
1073741823,1073741567,1073741823,1073737727,1073709055,1073332223,1073115135,1073119231,1073331199,1073590271,1070988287,1071644159,1073741823,1073741823,1073741823:k8
1073741823,1073737727,1073741823,1073737727,1073709055,1073332223,1073115135,1073119231,1073331199,1073590271,1070988287,1071644159,1073741823,1073741823,1073741823:k8
1073741823,1073741823,1073737727,1073737727,1073709055,1073332223,1073115135,1073119231,1073331199,1073590271,1070988287,1071644159,1073741823,1073741823,1073741823:k8
1073741823,1073676287,1073741823,1073737727,1073709055,1073332223,1073115135,1073119231,1073331199,1073590271,1070988287,1071644159,1073741823,1073741823,1073741823:k8
1073741823,1073741823,1073741823,1073737727,1073709055,1073332223,1073114111,1073119231,1073331199,1073590271,1070988287,1071644159,1073741823,1073741823,1073741823:k8
1073741823,1073741823,1073741823,1073737727,1073708031,1073332223,1073115135,1073119231,1073331199,1073590271,1070988287,1071644159,1073741823,1073741823,1073741823:k8
1073741823,1073741823,1073740799,1073737727,1073709055,1073332223,1073115135,1073119231,1073331199,1073590271,1070988287,1071644159,1073741823,1073741823,1073741823:k8
1073741823,1073741823,1073725439,1073737727,1073709055,1073332223,1073115135,1073119231,1073331199,1073590271,1070988287,1071644159,1073741823,1073741823,1073741823:k8
1073741823,1073741823,1073479679,1073737727,1073709055,1073332223,1073115135,1073119231,1073331199,1073590271,1070988287,1071644159,1073741823,1073741823,1073741823:k8
1073741823,1073741823,1073741823,1073721343,1073709055,1073332223,1073115135,1073119231,1073331199,1073590271,1070988287,1071644159,1073741823,1073741823,1073741823:k8
1073741823,1073741823,1073741823,1073475583,1073709055,1073332223,1073115135,1073119231,1073331199,1073590271,1070988287,1071644159,1073741823,1073741823,1073741823:k8
1073741823,1073741823,1073741823,1069543423,1073709055,1073332223,1073115135,1073119231,1073331199,1073590271,1070988287,1071644159,1073741823,1073741823,1073741823:k8
1073741823,1073741823,1073741823,1073737727,1069514751,1073332223,1073115135,1073119231,1073331199,1073590271,1070988287,1071644159,1073741823,1073741823,1073741823:k8
1073741823,1073741823,1073741823,1073737727,1073709055,1073332223,1068920831,1073119231,1073331199,1073590271,1070988287,1071644159,1073741823,1073741823,1073741823:k8
1073741823,1073741823,1073741823,1073737727,1073709055,1073332223,1073115135,1073119231,1069136895,1073590271,1070988287,1071644159,1073741823,1073741823,1073741823:j10
1073741823,1073741823,1073741823,1073737727,1073709055,1073332223,1073115135,1073119231,1073331199,1072541695,1070988287,1071644159,1073741823,1073741823,1073741823:l12
1073741823,1073741823,1073741823,1073737727,1073709055,1073328127,1073115135,1073119231,1073331199,1073590271,1070988287,1071644159,1073741823,1073741823,1073741823:k8
1073741823,1073741823,1073741823,1073672191,1073709055,1073332223,1073115135,1073119231,1073331199,1073590271,1070988287,1071644159,1073741823,1073741823,1073741823:k8
1073741823,1073741823,1073741823,1072689151,1073709055,1073332223,1073115135,1073119231,1073331199,1073590271,1070988287,1071644159,1073741823,1073741823,1073741823:k8
1073741823,1073741823,1073741823,1073737727,1073446911,1073332223,1073115135,1073119231,1073331199,1073590271,1070988287,1071644159,1073741823,1073741823,1073741823:k8
1073741823,1073741823,1073741823,1073737727,1073709055,1072283647,1073115135,1073119231,1073331199,1073590271,1070988287,1071644159,1073741823,1073741823,1073741823:k8
1073741823,1073741823,1073741823,1073737727,1073709055,1073332223,1073115135,1073119231,1073331199,1073590271,1070988287,1071643135,1073741823,1073741823,1073741823:k8
1073741823,1073741823,1073741823,1073737727,1073709055,1073332223,1073115135,1073119231,1073331199,1073590271,1070984191,1071644159,1073741823,1073741823,1073741823:k8
1073741823,1073741823,1073741823,1073737727,1073709055,1073332223,1073115135,1073119231,1073331199,1073590271,1070988287,1071382015,1073741823,1073741823,1073741823:k8
1073741823,1073741823,1073741823,1073737727,1073709055,1073332223,1073115135,1073119231,1073331199,1073590271,1070988287,1071627775,1073741823,1073741823,1073741823:l9
1073741823,1073741823,1073741823,1073737727,1073709055,1073332223,1073115135,1073119231,1073331199,1073590271,1070971903,1071644159,1073741823,1073741823,1073741823:k8
1073741823,1073741823,1073741823,1073737727,1073709055,1069137919,1073115135,1073119231,1073331199,1073590271,1070988287,1071644159,1073741823,1073741823,1073741823:k8
1073741823,1073741823,1073741823,1073737727,1073709055,1073332223,1073115135,1068924927,1073331199,1073590271,1070988287,1071644159,1073741823,1073741823,1073741823:l9
1073741823,1073741823,1073741823,1073737727,1073709055,1073332223,1073115135,1072070655,1073331199,1073590271,1070988287,1071644159,1073741823,1073741823,1073741823:j10
1073741823,1073741823,1073741823,1073737727,1073709055,1073332223,1073115135,1073119231,1073331199,1069395967,1070988287,1071644159,1073741823,1073741823,1073741823:k8
1073741823,1073741823,1073741823,1073737727,1073704959,1073332223,1073115135,1073119231,1073331199,1073590271,1070988287,1071644159,1073741823,1073741823,1073741823:k8
1073741823,1073741823,1073741823,1073737727,1073643519,1073332223,1073115135,1073119231,1073331199,1073590271,1070988287,1071644159,1073741823,1073741823,1073741823:k8
1073741823,1073741823,1073741823,1073737727,1072660479,1073332223,1073115135,1073119231,1073331199,1073590271,1070988287,1071644159,1073741823,1073741823,1073741823:k8
1073741823,1073741823,1073741823,1073737727,1073709055,1073332223,1072066559,1073119231,1073331199,1073590271,1070988287,1071644159,1073741823,1073741823,1073741823:k8
1073741823,1073741823,1073741823,1073737727,1073709055,1073332223,1073115135,1073119231,1072282623,1073590271,1070988287,1071644159,1073741823,1073741823,1073741823:l9
1073741823,1073741823,1073741823,1073737727,1073709055,1073332223,1073115135,1073119231,1073331199,1073589247,1070988287,1071644159,1073741823,1073741823,1073741823:k8
1073741823,1073741823,1073741823,1073737727,1073709055,1073332223,1073115135,1073119231,1073327103,1073590271,1070988287,1071644159,1073741823,1073741823,1073741823:k8
1073741823,1073741823,1073741823,1073737727,1073709055,1073332223,1073115135,1073118207,1073331199,1073590271,1070988287,1071644159,1073741823,1073741823,1073741823:k8
1073741823,1073741823,1073741823,1073737727,1073709055,1073332223,1073115135,1073115135,1073331199,1073590271,1070988287,1071644159,1073741823,1073741823,1073741823:k8
1073741823,1073741823,1073741823,1073737727,1073709055,1073331199,1073115135,1073119231,1073331199,1073590271,1070988287,1071644159,1073741823,1073741823,1073741823:k8
1073741823,1073741823,1073741823,1073737727,1073709055,1073332223,1073115135,1073119231,1073331199,1073328127,1070988287,1071644159,1073741823,1073741823,1073741823:l9
1073741823,1073741823,1073741823,1073737727,1073709055,1073332223,1073115135,1073119231,1073331199,1073594367,1070988287,1071382527,1073741823,1073741823,1073741823:k8
1073741823,1073741823,1073741823,1073737727,1073709055,1073332223,1073115135,1073119231,1073331199,1073594367,1070988287,1071628287,1073741823,1073741823,1073741823:l9
1073741823,1073741823,1073741823,1073737727,1073709055,1073332223,1073115135,1073119231,1073331199,1073594367,1070971903,1071644671,1073741823,1073741823,1073741823:k8
1073741823,1073741823,1073741823,1073737727,1073709055,1069137919,1073115135,1073119231,1073331199,1073594367,1070988287,1071644671,1073741823,1073741823,1073741823:k8
1073741823,1073741823,1073741823,1073737727,1073709055,1073332223,1073115135,1068924927,1073331199,1073594367,1070988287,1071644671,1073741823,1073741823,1073741823:l9
1073741823,1073741823,1073741823,1073737727,1073709055,1073332223,1073115135,1072070655,1073331199,1073594367,1070988287,1071644671,1073741823,1073741823,1073741823:l12
1073741823,1073741823,1073741823,1073737727,1073709055,1073332223,1073115135,1073119231,1073331199,1069400063,1070988287,1071644671,1073741823,1073741823,1073741823:k8
1073741823,1073741823,1073741823,1073737727,1073704959,1073332223,1073115135,1073119231,1073331199,1073594367,1070988287,1071644671,1073741823,1073741823,1073741823:k8
1073741823,1073741823,1073741823,1073737727,1073643519,1073332223,1073115135,1073119231,1073331199,1073594367,1070988287,1071644671,1073741823,1073741823,1073741823:k8
1073741823,1073741823,1073741823,1073737727,1072660479,1073332223,1073115135,1073119231,1073331199,1073594367,1070988287,1071644671,1073741823,1073741823,1073741823:k8
1073741823,1073741823,1073741823,1073737727,1073709055,1073332223,1072066559,1073119231,1073331199,1073594367,1070988287,1071644671,1073741823,1073741823,1073741823:k8
1073741823,1073741823,1073741823,1073737727,1073709055,1073332223,1073115135,1073119231,1072282623,1073594367,1070988287,1071644671,1073741823,1073741823,1073741823:l9
1073741823,1073741823,1073741823,1073737727,1073709055,1073332223,1073115135,1073119231,1073331199,1073593343,1070988287,1071644671,1073741823,1073741823,1073741823:k8
1073741823,1073741823,1073741823,1073737727,1073709055,1073332223,1073115135,1073119231,1073327103,1073594367,1070988287,1071644671,1073741823,1073741823,1073741823:k8
1073741823,1073741823,1073741823,1073737727,1073709055,1073332223,1073115135,1073118207,1073331199,1073594367,1070988287,1071644671,1073741823,1073741823,1073741823:k8
1073741823,1073741823,1073741823,1073737727,1073709055,1073332223,1073115135,1073115135,1073331199,1073594367,1070988287,1071644671,1073741823,1073741823,1073741823:k8
1073741823,1073741823,1073741823,1073737727,1073709055,1073331199,1073115135,1073119231,1073331199,1073594367,1070988287,1071644671,1073741823,1073741823,1073741823:k8
1073741823,1073741823,1073741823,1073737727,1073709055,1073332223,1073115135,1073119231,1073331199,1073332223,1070988287,1071644671,1073741823,1073741823,1073741823:l9
1073741823,1073741823,1073741823,1073737727,1073709055,1073332223,1073119231,1073119231,1073331199,1073332223,1071119359,1071644671,1073741823,1073741823,1073741823:l9
