1073741823,1073741823,1073741823,1069543423,1073709055,1073332223,1073119231,1073119231,1073462271,1073594367,1071120383,1071644671,1073741823,1073741823,1073741823:i9
1073741823,1073479679,1073741823,1069543423,1073709055,1073332223,1073119231,1073119231,1073331199,1073594367,1071120383,1071644671,1073741823,1073741823,1073741823:j10
1073741823,1073741823,1072693247,1069543423,1073709055,1073332223,1073119231,1073119231,1073331199,1073594367,1071120383,1071644671,1073741823,1073741823,1073741823:j10
1073741823,1069547519,1073741823,1069543423,1073709055,1073332223,1073119231,1073119231,1073331199,1073594367,1071120383,1071644671,1073741823,1073741823,1073741823:j10
1073741823,1073741823,1069547519,1069543423,1073709055,1073332223,1073119231,1073119231,1073331199,1073594367,1071120383,1071644671,1073741823,1073741823,1073741823:j10
1073741823,1006632959,1073741823,1069543423,1073709055,1073332223,1073119231,1073119231,1073331199,1073594367,1071120383,1071644671,1073741823,1073741823,1073741823:j10
1073741823,1073741823,1056964607,1069543423,1073709055,1073332223,1073119231,1073119231,1073331199,1073594367,1071120383,1071644671,1073741823,1073741823,1073741823:k5
1073741823,1073741823,1056899071,1069543423,1071611903,1073332223,1073119231,1073119231,1073331199,1073594367,1071120383,1071644671,1073741823,1073741823,1073741823:j5
1073741823,1073741823,1056964607,1069543423,1071611903,1073332223,1056342015,1073119231,1073331199,1073594367,1071120383,1071644671,1073741823,1073741823,1073741823:j5
1072693247,1073741823,1056964607,1069543423,1071611903,1073332223,1073119231,1073119231,1073331199,1073594367,1071120383,1071644671,1073741823,1073741823,1073741823:j5
1056964607,1073741823,1056964607,1069543423,1071611903,1073332223,1073119231,1073119231,1073331199,1073594367,1071120383,1071644671,1073741823,1073741823,1073741823:j5
1073741823,1056964607,1056964607,1069543423,1071611903,1073332223,1073119231,1073119231,1073331199,1073594367,1071120383,1071644671,1073741823,1073741823,1073741823:j5
805306367,1073741823,1056964607,1069543423,1071611903,1073332223,1073119231,1073119231,1073331199,1073594367,1071120383,1071644671,1073741823,1073741823,1073741823:j5
1073741823,1073741823,788529151,1069543423,1071611903,1073332223,1073119231,1073119231,1073331199,1073594367,1071120383,1071644671,1073741823,1073741823,1073741823:j5
1073741823,1073741823,989855743,1069543423,1071611903,1073332223,1073119231,1073119231,1073331199,1073594367,1071120383,1071644671,1073741823,1073741823,1073741823:j5
1073741823,1073741823,1056964607,1069543423,803176447,1073332223,1073119231,1073119231,1073331199,1073594367,1071120383,1071644671,1073741823,1073741823,1073741823:j5
1073741823,1073479679,1056964607,1069543423,1071611903,1073332223,1073119231,1073119231,1073331199,1073594367,1071120383,1071644671,1073741823,1073741823,1073741823:j5
1073741823,1073741823,1055916031,1069543423,1071611903,1073332223,1073119231,1073119231,1073331199,1073594367,1071120383,1071644671,1073741823,1073741823,1073741823:j5
1073741823,1069547519,1056964607,1069543423,1071611903,1073332223,1073119231,1073119231,1073331199,1073594367,1071120383,1071644671,1073741823,1073741823,1073741823:j5
1073741823,1073741823,1052770303,1069543423,1071611903,1073332223,1073119231,1073119231,1073331199,1073594367,1071120383,1071644671,1073741823,1073741823,1073741823:l9
1073741823,1006632959,1056964607,1069543423,1071611903,1073332223,1073119231,1073119231,1073331199,1073594367,1071120383,1071644671,1073741823,1073741823,1073741823:j5
1073741823,1073741823,1056964607,1002434559,1071611903,1073332223,1073119231,1073119231,1073331199,1073594367,1071120383,1071644671,1073741823,1073741823,1073741823:j5
1073741823,1073741823,1056964607,1052766207,1071611903,1073332223,1073119231,1073119231,1073331199,1073594367,1071120383,1071644671,1073741823,1073741823,1073741823:j5
1073741823,1073741823,1056964607,1069543423,1071611903,1006223359,1073119231,1073119231,1073331199,1073594367,1071120383,1071644671,1073741823,1073741823,1073741823:j5
1073741823,1073741823,1056964607,1069543423,1054834687,1073332223,1073119231,1073119231,1073331199,1073594367,1071120383,1071644671,1073741823,1073741823,1073741823:j5
1073741823,1073741823,1056964607,1069543423,1071611903,1073332223,1073119231,1073119231,1073331199,1073594367,1071120383,1071644671,1073676287,1073741823,1073741823:j5
1073741823,1073741823,1056964607,1069543423,1071611903,1073332223,1073119231,1073119231,1056553983,1073594367,1071120383,1071644671,1073741823,1073741823,1073741823:j5
1073741823,1073741823,1056964607,1069543423,1071611903,1073332223,1073119231,1073119231,1073331199,1073594367,1054343167,1071644671,1073741823,1073741823,1073741823:j5
1073741823,1073741823,1056964607,1069543423,1071611903,1073332223,1073119231,1073119231,1073331199,1073594367,1071120383,1071644671,1056964607,1073741823,1073741823:j5
1073741823,1073741823,1056964607,1069543423,1071611903,1073332223,1073119231,1073119231,1073331199,1073594367,1071120383,1071644671,1073741823,1073676287,1073741823:j5
1073741823,1073741823,1056964607,1069543423,1071611903,1073332223,1073119231,1073119231,1073331199,1056817151,1071120383,1071644671,1073741823,1073741823,1073741823:j5
1073741823,1073741823,1056964607,1069543423,1071611903,1073332223,1073119231,1073119231,1073331199,1073594367,1071120383,1054867455,1073741823,1073741823,1073741823:j5
1073741823,1073741823,1056964607,1069543423,1071611903,1073332223,1073119231,1073119231,1073331199,1073594367,1071120383,1067450367,1073741823,1073741823,1073741823:j5
1073741823,1073741823,1056964607,1069543423,1071611903,1073332223,1073119231,1073119231,1073331199,1073594367,1071120383,1071644671,1073741823,1056964607,1073741823:j5
1073741823,1073741823,1056964607,1069543423,1071611903,1073332223,1073119231,1073119231,1073331199,1073594367,1071120383,1071644671,1073741823,1072693247,1073741823:j5
1073741823,1073741823,1056964607,1069543423,1071611903,1073332223,1073119231,1073119231,1073331199,1073594367,1071120383,1071644671,1072693247,1073741823,1073741823:j5
1073741823,1073741823,1056964607,1069543423,1071611903,1073332223,1073119231,1073119231,1073331199,1073594367,1071120319,1071644671,1073741823,1073741823,1073741823:j5
1073741823,1073741823,1056964607,1069543423,1071611903,1073332223,1073119231,1073119231,1073331199,1073594111,1071120383,1071644671,1073741823,1073741823,1073741823:j5
1073741823,1073741823,1056964607,1069543423,1071611903,1073332223,1073119231,1073119231,1073331135,1073594367,1071120383,1071644671,1073741823,1073741823,1073741823:j10
1073741823,1073741823,1056964607,1069543423,1071611903,1073332223,1073119231,1073119231,1073330943,1073594367,1071120383,1071644671,1073741823,1073741823,1073741823:j10
1073741823,1073741823,1056964607,1069543423,1071611903,1073332223,1073119167,1073119231,1073331199,1073594367,1071120383,1071644671,1073741823,1073741823,1073741823:j5
1073741823,1073741823,1056964607,1069543423,1071611903,1073332223,1073119231,1073118975,1073331199,1073594367,1071120383,1071644671,1073741823,1073741823,1073741823:j5
1073741823,1073741823,1056964607,1069543423,1071611903,1073332223,1073119231,1073119231,1073331199,1073594367,1071119359,1071644671,1073741823,1073741823,1073741823:l9
1073741823,1073741823,1056964607,1069543423,1071611903,1073332223,1073119231,1073119231,1073331199,1073594367,1071120383,1071640575,1073741823,1073741823,1073741823:j5
1073741823,1073741823,1056964607,1069543423,1071611903,1073332223,1073119231,1073119231,1073331199,1073594367,1071120383,1071644671,1073725439,1073741823,1073741823:j10
1073741823,1073741823,1056964607,1069543423,1071611903,1073332223,1073119231,1073119231,1073331199,1073594367,1071120383,1071579135,1073741823,1073741823,1073741823:j5
1073741823,1073741823,1056964607,1069543423,1071611903,1073332223,1073119231,1073119231,1073331199,1073594367,1066926079,1071644671,1073741823,1073741823,1073741823:j5
1073741823,1073741823,1056964607,1069543423,1071611903,1073332223,1073119231,1073119231,1073331199,1073594367,1071120383,1071644671,1069547519,1073741823,1073741823:j5
1073741823,1073741823,1056964607,1069543423,1071611903,1073332223,1073119231,1073119231,1073331199,1073594367,1071120383,1071644671,1073479679,1073741823,1073741823:j5
1073741823,1073741823,1056964607,1069543423,1071611903,1073331967,1073119231,1073119231,1073331199,1073594367,1071120383,1071644671,1073741823,1073741823,1073741823:j5
1073741823,1073741823,1056964607,1069543167,1071611903,1073332223,1073119231,1073119231,1073331199,1073594367,1071120383,1071644671,1073741823,1073741823,1073741823:j5
1073741823,1073741823,1056964607,1069542399,1071611903,1073332223,1073119231,1073119231,1073331199,1073594367,1071120383,1071644671,1073741823,1073741823,1073741823:j10
1073741823,1073741567,1056964607,1069543423,1071611903,1073332223,1073119231,1073119231,1073331199,1073594367,1071120383,1071644671,1073741823,1073741823,1073741823:j5
1073741823,1073737727,1056964607,1069543423,1071611903,1073332223,1073119231,1073119231,1073331199,1073594367,1071120383,1071644671,1073741823,1073741823,1073741823:j5
1073741823,1073741823,1056960511,1069543423,1071611903,1073332223,1073119231,1073119231,1073331199,1073594367,1071120383,1071644671,1073741823,1073741823,1073741823:j5
1073741823,1073676287,1056964607,1069543423,1071611903,1073332223,1073119231,1073119231,1073331199,1073594367,1071120383,1071644671,1073741823,1073741823,1073741823:j5
1073741823,1073741823,1056964607,1069543423,1071611903,1073332223,1073118207,1073119231,1073331199,1073594367,1071120383,1071644671,1073741823,1073741823,1073741823:j5
1073741823,1073741823,1056964607,1069543423,1071610879,1073332223,1073119231,1073119231,1073331199,1073594367,1071120383,1071644671,1073741823,1073741823,1073741823:j5
1073741823,1073741823,1056963583,1069543423,1071611903,1073332223,1073119231,1073119231,1073331199,1073594367,1071120383,1071644671,1073741823,1073741823,1073741823:j5
1073741823,1073741823,1056948223,1069543423,1071611903,1073332223,1073119231,1073119231,1073331199,1073594367,1071120383,1071644671,1073741823,1073741823,1073741823:j5
1073741823,1073741823,1056702463,1069543423,1071611903,1073332223,1073119231,1073119231,1073331199,1073594367,1071120383,1071644671,1073741823,1073741823,1073741823:j5
1073741823,1073741823,1056964607,1069527039,1071611903,1073332223,1073119231,1073119231,1073331199,1073594367,1071120383,1071644671,1073741823,1073741823,1073741823:j5
1073741823,1073741823,1056964607,1069281279,1071611903,1073332223,1073119231,1073119231,1073331199,1073594367,1071120383,1071644671,1073741823,1073741823,1073741823:j5
1073741823,1073741823,1056964607,1069543423,1067417599,1073332223,1073119231,1073119231,1073331199,1073594367,1071120383,1071644671,1073741823,1073741823,1073741823:l9
1073741823,1073741823,1056964607,1069543423,1071611903,1073332223,1068924927,1073119231,1073331199,1073594367,1071120383,1071644671,1073741823,1073741823,1073741823:j5
1073741823,1073741823,1056964607,1069543423,1071611903,1073332223,1073119231,1073119231,1069136895,1073594367,1071120383,1071644671,1073741823,1073741823,1073741823:j5
1073741823,1073741823,1056964607,1069543423,1071611903,1073332223,1073119231,1073119231,1073331199,1072545791,1071120383,1071644671,1073741823,1073741823,1073741823:j5
1073741823,1073741823,1056964607,1069543423,1071611903,1073328127,1073119231,1073119231,1073331199,1073594367,1071120383,1071644671,1073741823,1073741823,1073741823:j5
1073741823,1073741823,1056964607,1069477887,1071611903,1073332223,1073119231,1073119231,1073331199,1073594367,1071120383,1071644671,1073741823,1073741823,1073741823:j5
1073741823,1073741823,1056964607,1068494847,1071611903,1073332223,1073119231,1073119231,1073331199,1073594367,1071120383,1071644671,1073741823,1073741823,1073741823:l9
1073741823,1073741823,1056964607,1069543423,1071349759,1073332223,1073119231,1073119231,1073331199,1073594367,1071120383,1071644671,1073741823,1073741823,1073741823:l9
1073741823,1073741823,1056964607,1069543423,1071611903,1072283647,1073119231,1073119231,1073331199,1073594367,1071120383,1071644671,1073741823,1073741823,1073741823:j5
1073741823,1073741823,1056964607,1069543423,1071611903,1073332223,1073119231,1073119231,1073331199,1073594367,1071120383,1071643647,1073741823,1073741823,1073741823:j5
1073741823,1073741823,1056964607,1069543423,1071611903,1073332223,1073119231,1073119231,1073331199,1073594367,1071116287,1071644671,1073741823,1073741823,1073741823:j5
1073741823,1073741823,1056964607,1069543423,1071611903,1073332223,1073119231,1073119231,1073331199,1073590271,1071120383,1071644671,1073741823,1073741823,1073741823:j10
1073741823,1073741823,1056964607,1069543423,1071611903,1073332223,1073119231,1073119231,1073331199,1073594367,1071120383,1071382527,1073741823,1073741823,1073741823:j5
1073741823,1073741823,1056964607,1069543423,1071611903,1073332223,1073119231,1073119231,1073331199,1073594367,1071054847,1071644671,1073741823,1073741823,1073741823:j5
1073741823,1073741823,1056964607,1069543423,1071611903,1073332223,1073119231,1073119231,1073331199,1073594367,1071120383,1071628287,1073741823,1073741823,1073741823:j10
1073741823,1073741823,1056964607,1069543423,1071611903,1073332223,1073119231,1073119231,1073331199,1073594367,1071103999,1071644671,1073741823,1073741823,1073741823:j5
1073741823,1073741823,1056964607,1069543423,1071611903,1069137919,1073119231,1073119231,1073331199,1073594367,1071120383,1071644671,1073741823,1073741823,1073741823:j5
1073741823,1073741823,1056964607,1069543423,1071611903,1073332223,1073119231,1068924927,1073331199,1073594367,1071120383,1071644671,1073741823,1073741823,1073741823:j5
1073741823,1073741823,1056964607,1069543423,1071611903,1073332223,1073119231,1072070655,1073331199,1073594367,1071120383,1071644671,1073741823,1073741823,1073741823:j5
1073741823,1073741823,1056964607,1069543423,1071611903,1073332223,1073119231,1073119231,1073331199,1069400063,1071120383,1071644671,1073741823,1073741823,1073741823:j5
1073741823,1073741823,1056964607,1069543423,1071607807,1073332223,1073119231,1073119231,1073331199,1073594367,1071120383,1071644671,1073741823,1073741823,1073741823:j10
1073741823,1073741823,1056964607,1069543423,1071546367,1073332223,1073119231,1073119231,1073331199,1073594367,1071120383,1071644671,1073741823,1073741823,1073741823:l9
1073741823,1073741823,1056964607,1069543423,1071611903,1073332223,1072070655,1073119231,1073331199,1073594367,1071120383,1071644671,1073741823,1073741823,1073741823:j5
1073741823,1073741823,1056964607,1069543423,1071611903,1073332223,1073119231,1073119231,1072282623,1073594367,1071120383,1071644671,1073741823,1073741823,1073741823:j5
1073741823,1073741823,1056964607,1069543423,1071611903,1073332223,1073119231,1073119231,1073331199,1073593343,1071120383,1071644671,1073741823,1073741823,1073741823:j5
1073741823,1073741823,1056964607,1069543423,1071611903,1073332223,1073119231,1073119231,1073327103,1073594367,1071120383,1071644671,1073741823,1073741823,1073741823:j10
1073741823,1073741823,1056964607,1069543423,1071611903,1073332223,1073119231,1073118207,1073331199,1073594367,1071120383,1071644671,1073741823,1073741823,1073741823:j5
1073741823,1073741823,1056964607,1069543423,1071611903,1073332223,1073119231,1073115135,1073331199,1073594367,1071120383,1071644671,1073741823,1073741823,1073741823:l9
1073741823,1073741823,1056964607,1069543423,1071611903,1073331199,1073119231,1073119231,1073331199,1073594367,1071120383,1071644671,1073741823,1073741823,1073741823:j5
1073741823,1073741823,1056964607,1069543423,1071611903,1073332223,1073115135,1073119231,1073331199,1073594367,1071120383,1071644671,1073741823,1073741823,1073741823:j5
1073741823,1073741823,1056964607,1069543423,1071611903,1073332223,1073119231,1073119231,1073331199,1073332223,1071120383,1071644671,1073741823,1073741823,1073741823:j5
1073741823,1073741823,1073741823,1002434559,1073709055,1073332223,1073119231,1073119231,1073331199,1073594367,1071120383,1071644671,1073741823,1073741823,1073741823:j10
1073741823,1073741823,1073741823,1052766207,1073709055,1073332223,1073119231,1073119231,1073331199,1073594367,1071120383,1071644671,1073741823,1073741823,1073741823:j10
1073741823,1073741823,1073741823,1069543423,1073709055,1006223359,1073119231,1073119231,1073331199,1073594367,1071120383,1071644671,1073741823,1073741823,1073741823:j10
1073741823,1073741823,1073741823,1069543423,1056931839,1073332223,1073119231,1073119231,1073331199,1073594367,1071120383,1071644671,1073741823,1073741823,1073741823:j10
1073741823,1073741823,1073741823,1069543423,1073709055,1073332223,1073119231,1073119231,1073331199,1073594367,1071120383,1071644671,1073676287,1073741823,1073741823:j10
1073741823,1073741823,1073741823,1069543423,1073709055,1073332223,1073119231,1073119231,1056553983,1073594367,1071120383,1071644671,1073741823,1073741823,1073741823:j10
1073741823,1073741823,1073741823,1069543423,1073709055,1073332223,1073119231,1073119231,1073331199,1073594367,1054343167,1071644671,1073741823,1073741823,1073741823:j10
1073741823,1073741823,1073741823,1069543423,1073709055,1073332223,1073119231,1073119231,1073331199,1073594367,1071120383,1071644671,1056964607,1073741823,1073741823:j10
1073741823,1073741823,1073741823,1069543423,1073709055,1073332223,1073119231,1073119231,1073331199,1073594367,1071120383,1071644671,1073741823,1073676287,1073741823:j10
1073741823,1073741823,1073741823,1069543423,1073709055,1073332223,1073119231,1073119231,1073331199,1056817151,1071120383,1071644671,1073741823,1073741823,1073741823:j10
1073741823,1073741823,1073741823,1069543423,1073709055,1073332223,1073119231,1073119231,1073331199,1073594367,1071120383,1054867455,1073741823,1073741823,1073741823:j10
1073741823,1073741823,1073741823,1069543423,1073709055,1073332223,1073119231,1073119231,1073331199,1073594367,1071120383,1067450367,1073741823,1073741823,1073741823:i11
1073741823,1073741823,1073741823,1069543423,1073709055,1073332223,1073119231,1073119231,1073331199,1073594367,1071120383,1071644671,1073741823,1056964607,1073741823:j10
1073741823,1073741823,1073741823,1069543423,1073709055,1073332223,1073119231,1073119231,1073331199,1073594367,1071120383,1071644671,1073741823,1072693247,1073741823:j10
1073741823,1073741823,1073741823,1069543423,1073709055,1073332223,1073119231,1073119231,1073331199,1073594367,1071120383,1071644671,1072693247,1073741823,1073741823:j10
1073741823,1073741823,1073741823,1069543423,1073709055,1073332223,1073119231,1073119231,1073331199,1073594367,1071120319,1071644671,1073741823,1073741823,1073741823:j10
1073741823,1073741823,1073741823,1069543423,1073709055,1073332223,1073119231,1073119231,1073331199,1073594111,1071120383,1071644671,1073741823,1073741823,1073741823:j10
1073741823,1073741823,1073741823,1069543423,1073709055,1073332223,1073119231,1073119231,1073331135,1073594367,1071120383,1071644671,1073741823,1073741823,1073741823:j10
1073741823,1073741823,1073741823,1069543423,1073709055,1073332223,1073119231,1073119231,1073330943,1073594367,1071120383,1071644671,1073741823,1073741823,1073741823:j10
1073741823,1073741823,1073741823,1069543423,1073709055,1073332223,1073119167,1073119231,1073331199,1073594367,1071120383,1071644671,1073741823,1073741823,1073741823:j10
1073741823,1073741823,1073741823,1069543423,1073709055,1073332223,1073119231,1073118975,1073331199,1073594367,1071120383,1071644671,1073741823,1073741823,1073741823:j10
1073741823,1073741823,1073741823,1069543423,1073709055,1073332223,1073119231,1073119231,1073331199,1073594367,1071119359,1071644671,1073741823,1073741823,1073741823:j10
1073741823,1073741823,1073741823,1069543423,1073709055,1073332223,1073119231,1073119231,1073331199,1073594367,1071120383,1071640575,1073741823,1073741823,1073741823:j10
1073741823,1073741823,1073741823,1069543423,1073709055,1073332223,1073119231,1073119231,1073331199,1073594367,1071120383,1071644671,1073725439,1073741823,1073741823:j10
1073741823,1073741823,1073741823,1069543423,1073709055,1073332223,1073119231,1073119231,1073331199,1073594367,1071120383,1071579135,1073741823,1073741823,1073741823:j10
1073741823,1073741823,1073741823,1069543423,1073709055,1073332223,1073119231,1073119231,1073331199,1073594367,1066926079,1071644671,1073741823,1073741823,1073741823:j10
1073741823,1073741823,1073741823,1069543423,1073709055,1073332223,1073119231,1073119231,1073331199,1073594367,1071120383,1071644671,1069547519,1073741823,1073741823:j10
1073741823,1073741823,1073741823,1069543423,1073709055,1073332223,1073119231,1073119231,1073331199,1073594367,1071120383,1071644671,1073479679,1073741823,1073741823:j10
1073741823,1073741823,1073741823,1069543423,1073709055,1073331967,1073119231,1073119231,1073331199,1073594367,1071120383,1071644671,1073741823,1073741823,1073741823:j10
1073741823,1073741823,1073741823,1069543167,1073709055,1073332223,1073119231,1073119231,1073331199,1073594367,1071120383,1071644671,1073741823,1073741823,1073741823:j10
1073741823,1073741823,1073741823,1069542399,1073709055,1073332223,1073119231,1073119231,1073331199,1073594367,1071120383,1071644671,1073741823,1073741823,1073741823:j10
1073741823,1073741567,1073741823,1069543423,1073709055,1073332223,1073119231,1073119231,1073331199,1073594367,1071120383,1071644671,1073741823,1073741823,1073741823:j10
1073741823,1073737727,1073741823,1069543423,1073709055,1073332223,1073119231,1073119231,1073331199,1073594367,1071120383,1071644671,1073741823,1073741823,1073741823:j10
1073741823,1073741823,1073737727,1069543423,1073709055,1073332223,1073119231,1073119231,1073331199,1073594367,1071120383,1071644671,1073741823,1073741823,1073741823:j10
1073741823,1073676287,1073741823,1069543423,1073709055,1073332223,1073119231,1073119231,1073331199,1073594367,1071120383,1071644671,1073741823,1073741823,1073741823:j10
1073741823,1073741823,1073741823,1069543423,1073709055,1073332223,1073118207,1073119231,1073331199,1073594367,1071120383,1071644671,1073741823,1073741823,1073741823:j10
1073741823,1073741823,1073741823,1069543423,1073708031,1073332223,1073119231,1073119231,1073331199,1073594367,1071120383,1071644671,1073741823,1073741823,1073741823:j10
1073741823,1073741823,1073740799,1069543423,1073709055,1073332223,1073119231,1073119231,1073331199,1073594367,1071120383,1071644671,1073741823,1073741823,1073741823:j10
1073741823,1073741823,1073725439,1069543423,1073709055,1073332223,1073119231,1073119231,1073331199,1073594367,1071120383,1071644671,1073741823,1073741823,1073741823:j10
1073741823,1073741823,1073479679,1069543423,1073709055,1073332223,1073119231,1073119231,1073331199,1073594367,1071120383,1071644671,1073741823,1073741823,1073741823:j10
1073741823,1073741823,1073741823,1069527039,1073709055,1073332223,1073119231,1073119231,1073331199,1073594367,1071120383,1071644671,1073741823,1073741823,1073741823:j10
1073741823,1073741823,1073741823,1069281279,1073709055,1073332223,1073119231,1073119231,1073331199,1073594367,1071120383,1071644671,1073741823,1073741823,1073741823:j10
1073741823,1073741823,1073741823,1069543423,1069514751,1073332223,1073119231,1073119231,1073331199,1073594367,1071120383,1071644671,1073741823,1073741823,1073741823:j10
1073741823,1073741823,1073741823,1069543423,1073709055,1073332223,1068924927,1073119231,1073331199,1073594367,1071120383,1071644671,1073741823,1073741823,1073741823:j10
1073741823,1073741823,1073741823,1069543423,1073709055,1073332223,1073119231,1073119231,1069136895,1073594367,1071120383,1071644671,1073741823,1073741823,1073741823:j10
1073741823,1073741823,1073741823,1069543423,1073709055,1073332223,1073119231,1073119231,1073331199,1072545791,1071120383,1071644671,1073741823,1073741823,1073741823:j10
1073741823,1073741823,1073741823,1069543423,1073709055,1073328127,1073119231,1073119231,1073331199,1073594367,1071120383,1071644671,1073741823,1073741823,1073741823:j10
1073741823,1073741823,1073741823,1069477887,1073709055,1073332223,1073119231,1073119231,1073331199,1073594367,1071120383,1071644671,1073741823,1073741823,1073741823:j10
1073741823,1073741823,1073741823,1068494847,1073709055,1073332223,1073119231,1073119231,1073331199,1073594367,1071120383,1071644671,1073741823,1073741823,1073741823:j10
1073741823,1073741823,1073741823,1069543423,1073446911,1073332223,1073119231,1073119231,1073331199,1073594367,1071120383,1071644671,1073741823,1073741823,1073741823:j10
1073741823,1073741823,1073741823,1069543423,1073709055,1072283647,1073119231,1073119231,1073331199,1073594367,1071120383,1071644671,1073741823,1073741823,1073741823:j10
1073741823,1073741823,1073741823,1069543423,1073709055,1073332223,1073119231,1073119231,1073331199,1073594367,1071120383,1071643647,1073741823,1073741823,1073741823:j10
1073741823,1073741823,1073741823,1069543423,1073709055,1073332223,1073119231,1073119231,1073331199,1073594367,1071116287,1071644671,1073741823,1073741823,1073741823:j10
1073741823,1073741823,1073741823,1069543423,1073709055,1073332223,1073119231,1073119231,1073331199,1073590271,1071120383,1071644671,1073741823,1073741823,1073741823:j10
1073741823,1073741823,1073741823,1069543423,1073709055,1073332223,1073119231,1073119231,1073331199,1073594367,1071120383,1071382527,1073741823,1073741823,1073741823:j10
1073741823,1073741823,1073741823,1069543423,1073709055,1073332223,1073119231,1073119231,1073331199,1073594367,1071054847,1071644671,1073741823,1073741823,1073741823:j10
1073741823,1073741823,1073741823,1069543423,1073709055,1073332223,1073119231,1073119231,1073331199,1073594367,1071120383,1071628287,1073741823,1073741823,1073741823:j10
1073741823,1073741823,1073741823,1069543423,1073709055,1073332223,1073119231,1073119231,1073331199,1073594367,1071103999,1071644671,1073741823,1073741823,1073741823:j10
1073741823,1073741823,1073741823,1069543423,1073709055,1069137919,1073119231,1073119231,1073331199,1073594367,1071120383,1071644671,1073741823,1073741823,1073741823:j10
1073741823,1073741823,1073741823,1069543423,1073709055,1073332223,1073119231,1068924927,1073331199,1073594367,1071120383,1071644671,1073741823,1073741823,1073741823:j10
1073741823,1073741823,1073741823,1069543423,1073709055,1073332223,1073119231,1072070655,1073331199,1073594367,1071120383,1071644671,1073741823,1073741823,1073741823:j10
1073741823,1073741823,1073741823,1069543423,1073709055,1073332223,1073119231,1073119231,1073331199,1069400063,1071120383,1071644671,1073741823,1073741823,1073741823:j10
1073741823,1073741823,1073741823,1069543423,1073704959,1073332223,1073119231,1073119231,1073331199,1073594367,1071120383,1071644671,1073741823,1073741823,1073741823:j10
1073741823,1073741823,1073741823,1069543423,1073643519,1073332223,1073119231,1073119231,1073331199,1073594367,1071120383,1071644671,1073741823,1073741823,1073741823:j10
1073741823,1073741823,1073741823,1069543423,1072660479,1073332223,1073119231,1073119231,1073331199,1073594367,1071120383,1071644671,1073741823,1073741823,1073741823:m3
1072693247,1073741823,1040187391,1069543423,1072660479,1073332223,1073119231,1073119231,1073331199,1073594367,1071120383,1071644671,1073741823,1073741823,1073741823:l9
1056964607,1073741823,1040187391,1069543423,1072660479,1073332223,1073119231,1073119231,1073331199,1073594367,1071120383,1071644671,1073741823,1073741823,1073741823:l9
1073741823,1056964607,1040187391,1069543423,1072660479,1073332223,1073119231,1073119231,1073331199,1073594367,1071120383,1071644671,1073741823,1073741823,1073741823:l9
805306367,1073741823,1040187391,1069543423,1072660479,1073332223,1073119231,1073119231,1073331199,1073594367,1071120383,1071644671,1073741823,1073741823,1073741823:l9
1073741823,1073741823,771751935,1069543423,1072660479,1073332223,1073119231,1073119231,1073331199,1073594367,1071120383,1071644671,1073741823,1073741823,1073741823:l9
1073741823,1073741823,973078527,1069543423,1072660479,1073332223,1073119231,1073119231,1073331199,1073594367,1071120383,1071644671,1073741823,1073741823,1073741823:l9
1073741823,1073741823,1040187391,1069543423,804225023,1073332223,1073119231,1073119231,1073331199,1073594367,1071120383,1071644671,1073741823,1073741823,1073741823:l9
1073741823,1073741823,1040121855,1069543423,1072660479,1073332223,1073119231,1073119231,1073331199,1073594367,1071120383,1071644671,1073741823,1073741823,1073741823:l9
1073741823,1073741823,1040187391,1069543423,1072660479,1073332223,1056342015,1073119231,1073331199,1073594367,1071120383,1071644671,1073741823,1073741823,1073741823:l9
1073741823,1073479679,1040187391,1069543423,1072660479,1073332223,1073119231,1073119231,1073331199,1073594367,1071120383,1071644671,1073741823,1073741823,1073741823:l9
1073741823,1073741823,1039138815,1069543423,1072660479,1073332223,1073119231,1073119231,1073331199,1073594367,1071120383,1071644671,1073741823,1073741823,1073741823:l9
1073741823,1069547519,1040187391,1069543423,1072660479,1073332223,1073119231,1073119231,1073331199,1073594367,1071120383,1071644671,1073741823,1073741823,1073741823:l9
1073741823,1073741823,1035993087,1069543423,1072660479,1073332223,1073119231,1073119231,1073331199,1073594367,1071120383,1071644671,1073741823,1073741823,1073741823:l9
1073741823,1006632959,1040187391,1069543423,1072660479,1073332223,1073119231,1073119231,1073331199,1073594367,1071120383,1071644671,1073741823,1073741823,1073741823:l9
1073741823,1073741823,1040187391,1002434559,1072660479,1073332223,1073119231,1073119231,1073331199,1073594367,1071120383,1071644671,1073741823,1073741823,1073741823:l9
1073741823,1073741823,1040187391,1052766207,1072660479,1073332223,1073119231,1073119231,1073331199,1073594367,1071120383,1071644671,1073741823,1073741823,1073741823:l9
1073741823,1073741823,1040187391,1069543423,1072660479,1006223359,1073119231,1073119231,1073331199,1073594367,1071120383,1071644671,1073741823,1073741823,1073741823:l9
1073741823,1073741823,1040187391,1069543423,1055883263,1073332223,1073119231,1073119231,1073331199,1073594367,1071120383,1071644671,1073741823,1073741823,1073741823:l9
1073741823,1073741823,1040187391,1069543423,1072660479,1073332223,1073119231,1073119231,1073331199,1073594367,1071120383,1071644671,1073676287,1073741823,1073741823:l9
1073741823,1073741823,1040187391,1069543423,1072660479,1073332223,1073119231,1073119231,1056553983,1073594367,1071120383,1071644671,1073741823,1073741823,1073741823:l9
1073741823,1073741823,1040187391,1069543423,1072660479,1073332223,1073119231,1073119231,1073331199,1073594367,1054343167,1071644671,1073741823,1073741823,1073741823:l9
1073741823,1073741823,1040187391,1069543423,1072660479,1073332223,1073119231,1073119231,1073331199,1073594367,1071120383,1071644671,1056964607,1073741823,1073741823:l9
1073741823,1073741823,1040187391,1069543423,1072660479,1073332223,1073119231,1073119231,1073331199,1073594367,1071120383,1071644671,1073741823,1073676287,1073741823:l9
1073741823,1073741823,1040187391,1069543423,1072660479,1073332223,1073119231,1073119231,1073331199,1056817151,1071120383,1071644671,1073741823,1073741823,1073741823:l9
1073741823,1073741823,1040187391,1069543423,1072660479,1073332223,1073119231,1073119231,1073331199,1073594367,1071120383,1054867455,1073741823,1073741823,1073741823:l9
1073741823,1073741823,1040187391,1069543423,1072660479,1073332223,1073119231,1073119231,1073331199,1073594367,1071120383,1067450367,1073741823,1073741823,1073741823:l9
1073741823,1073741823,1040187391,1069543423,1072660479,1073332223,1073119231,1073119231,1073331199,1073594367,1071120383,1071644671,1073741823,1056964607,1073741823:l9
1073741823,1073741823,1040187391,1069543423,1072660479,1073332223,1073119231,1073119231,1073331199,1073594367,1071120383,1071644671,1073741823,1072693247,1073741823:l9
1073741823,1073741823,1040187391,1069543423,1072660479,1073332223,1073119231,1073119231,1073331199,1073594367,1071120383,1071644671,1072693247,1073741823,1073741823:l9
1073741823,1073741823,1040187391,1069543423,1072660479,1073332223,1073119231,1073119231,1073331199,1073594367,1071120319,1071644671,1073741823,1073741823,1073741823:l9
1073741823,1073741823,1040187391,1069543423,1072660479,1073332223,1073119231,1073119231,1073331199,1073594111,1071120383,1071644671,1073741823,1073741823,1073741823:l9
1073741823,1073741823,1040187391,1069543423,1072660479,1073332223,1073119231,1073119231,1073331135,1073594367,1071120383,1071644671,1073741823,1073741823,1073741823:j10
1073741823,1073741823,1040187391,1069543423,1072660479,1073332223,1073119231,1073119231,1073330943,1073594367,1071120383,1071644671,1073741823,1073741823,1073741823:j10
1073741823,1073741823,1040187391,1069543423,1072660479,1073332223,1073119167,1073119231,1073331199,1073594367,1071120383,1071644671,1073741823,1073741823,1073741823:l9
1073741823,1073741823,1040187391,1069543423,1072660479,1073332223,1073119231,1073118975,1073331199,1073594367,1071120383,1071644671,1073741823,1073741823,1073741823:l9
1073741823,1073741823,1040187391,1069543423,1072660479,1073332223,1073119231,1073119231,1073331199,1073594367,1071119359,1071644671,1073741823,1073741823,1073741823:l9
1073741823,1073741823,1040187391,1069543423,1072660479,1073332223,1073119231,1073119231,1073331199,1073594367,1071120383,1071640575,1073741823,1073741823,1073741823:l9
1073741823,1073741823,1040187391,1069543423,1072660479,1073332223,1073119231,1073119231,1073331199,1073594367,1071120383,1071644671,1073725439,1073741823,1073741823:j10
1073741823,1073741823,1040187391,1069543423,1072660479,1073332223,1073119231,1073119231,1073331199,1073594367,1071120383,1071579135,1073741823,1073741823,1073741823:j10
1073741823,1073741823,1040187391,1069543423,1072660479,1073332223,1073119231,1073119231,1073331199,1073594367,1066926079,1071644671,1073741823,1073741823,1073741823:l9
1073741823,1073741823,1040187391,1069543423,1072660479,1073332223,1073119231,1073119231,1073331199,1073594367,1071120383,1071644671,1069547519,1073741823,1073741823:l9
1073741823,1073741823,1040187391,1069543423,1072660479,1073332223,1073119231,1073119231,1073331199,1073594367,1071120383,1071644671,1073479679,1073741823,1073741823:l9
1073741823,1073741823,1040187391,1069543423,1072660479,1073331967,1073119231,1073119231,1073331199,1073594367,1071120383,1071644671,1073741823,1073741823,1073741823:l9
1073741823,1073741823,1040187391,1069543167,1072660479,1073332223,1073119231,1073119231,1073331199,1073594367,1071120383,1071644671,1073741823,1073741823,1073741823:l9
1073741823,1073741823,1040187391,1069542399,1072660479,1073332223,1073119231,1073119231,1073331199,1073594367,1071120383,1071644671,1073741823,1073741823,1073741823:j10
1073741823,1073741567,1040187391,1069543423,1072660479,1073332223,1073119231,1073119231,1073331199,1073594367,1071120383,1071644671,1073741823,1073741823,1073741823:l9
1073741823,1073737727,1040187391,1069543423,1072660479,1073332223,1073119231,1073119231,1073331199,1073594367,1071120383,1071644671,1073741823,1073741823,1073741823:l9
1073741823,1073741823,1040183295,1069543423,1072660479,1073332223,1073119231,1073119231,1073331199,1073594367,1071120383,1071644671,1073741823,1073741823,1073741823:l9
1073741823,1073676287,1040187391,1069543423,1072660479,1073332223,1073119231,1073119231,1073331199,1073594367,1071120383,1071644671,1073741823,1073741823,1073741823:l9
1073741823,1073741823,1040187391,1069543423,1072660479,1073332223,1073118207,1073119231,1073331199,1073594367,1071120383,1071644671,1073741823,1073741823,1073741823:l9
1073741823,1073741823,1040187391,1069543423,1072659455,1073332223,1073119231,1073119231,1073331199,1073594367,1071120383,1071644671,1073741823,1073741823,1073741823:l9
1073741823,1073741823,1040186367,1069543423,1072660479,1073332223,1073119231,1073119231,1073331199,1073594367,1071120383,1071644671,1073741823,1073741823,1073741823:l9
1073741823,1073741823,1040171007,1069543423,1072660479,1073332223,1073119231,1073119231,1073331199,1073594367,1071120383,1071644671,1073741823,1073741823,1073741823:l9
1073741823,1073741823,1039925247,1069543423,1072660479,1073332223,1073119231,1073119231,1073331199,1073594367,1071120383,1071644671,1073741823,1073741823,1073741823:l9
1073741823,1073741823,1040187391,1069527039,1072660479,1073332223,1073119231,1073119231,1073331199,1073594367,1071120383,1071644671,1073741823,1073741823,1073741823:l9
1073741823,1073741823,1040187391,1069281279,1072660479,1073332223,1073119231,1073119231,1073331199,1073594367,1071120383,1071644671,1073741823,1073741823,1073741823:l9
1073741823,1073741823,1040187391,1069543423,1068466175,1073332223,1073119231,1073119231,1073331199,1073594367,1071120383,1071644671,1073741823,1073741823,1073741823:l9
1073741823,1073741823,1040187391,1069543423,1072660479,1073332223,1068924927,1073119231,1073331199,1073594367,1071120383,1071644671,1073741823,1073741823,1073741823:j10
1073741823,1073741823,1040187391,1069543423,1072660479,1073332223,1073119231,1073119231,1069136895,1073594367,1071120383,1071644671,1073741823,1073741823,1073741823:j10
1073741823,1073741823,1040187391,1069543423,1072660479,1073332223,1073119231,1073119231,1073331199,1072545791,1071120383,1071644671,1073741823,1073741823,1073741823:j10
1073741823,1073741823,1040187391,1069543423,1072660479,1073328127,1073119231,1073119231,1073331199,1073594367,1071120383,1071644671,1073741823,1073741823,1073741823:l9
1073741823,1073741823,1040187391,1069477887,1072660479,1073332223,1073119231,1073119231,1073331199,1073594367,1071120383,1071644671,1073741823,1073741823,1073741823:l9
1073741823,1073741823,1040187391,1068494847,1072660479,1073332223,1073119231,1073119231,1073331199,1073594367,1071120383,1071644671,1073741823,1073741823,1073741823:j10
1073741823,1073741823,1040187391,1069543423,1072398335,1073332223,1073119231,1073119231,1073331199,1073594367,1071120383,1071644671,1073741823,1073741823,1073741823:l9
1073741823,1073741823,1040187391,1069543423,1072660479,1072283647,1073119231,1073119231,1073331199,1073594367,1071120383,1071644671,1073741823,1073741823,1073741823:j10
1073741823,1073741823,1040187391,1069543423,1072660479,1073332223,1073119231,1073119231,1073331199,1073594367,1071120383,1071643647,1073741823,1073741823,1073741823:l9
1073741823,1073741823,1040187391,1069543423,1072660479,1073332223,1073119231,1073119231,1073331199,1073594367,1071116287,1071644671,1073741823,1073741823,1073741823:l9
1073741823,1073741823,1040187391,1069543423,1072660479,1073332223,1073119231,1073119231,1073331199,1073590271,1071120383,1071644671,1073741823,1073741823,1073741823:j10
1073741823,1073741823,1040187391,1069543423,1072660479,1073332223,1073119231,1073119231,1073331199,1073594367,1071120383,1071382527,1073741823,1073741823,1073741823:l9
1073741823,1073741823,1040187391,1069543423,1072660479,1073332223,1073119231,1073119231,1073331199,1073594367,1071054847,1071644671,1073741823,1073741823,1073741823:l9
1073741823,1073741823,1040187391,1069543423,1072660479,1073332223,1073119231,1073119231,1073331199,1073594367,1071120383,1071628287,1073741823,1073741823,1073741823:j10
1073741823,1073741823,1040187391,1069543423,1072660479,1073332223,1073119231,1073119231,1073331199,1073594367,1071103999,1071644671,1073741823,1073741823,1073741823:l9
1073741823,1073741823,1040187391,1069543423,1072660479,1069137919,1073119231,1073119231,1073331199,1073594367,1071120383,1071644671,1073741823,1073741823,1073741823:l9
1073741823,1073741823,1040187391,1069543423,1072660479,1073332223,1073119231,1068924927,1073331199,1073594367,1071120383,1071644671,1073741823,1073741823,1073741823:l9
1073741823,1073741823,1040187391,1069543423,1072660479,1073332223,1073119231,1072070655,1073331199,1073594367,1071120383,1071644671,1073741823,1073741823,1073741823:j10
1073741823,1073741823,1040187391,1069543423,1072660479,1073332223,1073119231,1073119231,1073331199,1069400063,1071120383,1071644671,1073741823,1073741823,1073741823:l9
1073741823,1073741823,1040187391,1069543423,1072656383,1073332223,1073119231,1073119231,1073331199,1073594367,1071120383,1071644671,1073741823,1073741823,1073741823:j10
1073741823,1073741823,1040187391,1069543423,1072594943,1073332223,1073119231,1073119231,1073331199,1073594367,1071120383,1071644671,1073741823,1073741823,1073741823:l9
1073741823,1073741823,1040187391,1069543423,1072660479,1073332223,1072070655,1073119231,1073331199,1073594367,1071120383,1071644671,1073741823,1073741823,1073741823:j10
1073741823,1073741823,1040187391,1069543423,1072660479,1073332223,1073119231,1073119231,1072282623,1073594367,1071120383,1071644671,1073741823,1073741823,1073741823:j10
1073741823,1073741823,1040187391,1069543423,1072660479,1073332223,1073119231,1073119231,1073331199,1073593343,1071120383,1071644671,1073741823,1073741823,1073741823:l9
1073741823,1073741823,1040187391,1069543423,1072660479,1073332223,1073119231,1073119231,1073327103,1073594367,1071120383,1071644671,1073741823,1073741823,1073741823:j10
1073741823,1073741823,1040187391,1069543423,1072660479,1073332223,1073119231,1073118207,1073331199,1073594367,1071120383,1071644671,1073741823,1073741823,1073741823:l9
1073741823,1073741823,1040187391,1069543423,1072660479,1073332223,1073119231,1073115135,1073331199,1073594367,1071120383,1071644671,1073741823,1073741823,1073741823:l9
1073741823,1073741823,1040187391,1069543423,1072660479,1073331199,1073119231,1073119231,1073331199,1073594367,1071120383,1071644671,1073741823,1073741823,1073741823:l9
1073741823,1073741823,1040187391,1069543423,1072660479,1073332223,1073115135,1073119231,1073331199,1073594367,1071120383,1071644671,1073741823,1073741823,1073741823:l9
1073741823,1073741823,1040187391,1069543423,1072660479,1073332223,1073119231,1073119231,1073331199,1073332223,1071120383,1071644671,1073741823,1073741823,1073741823:l9
1073741823,1073741823,1073741823,1069543423,1073709055,1073332223,1072070655,1073119231,1073331199,1073594367,1071120383,1071644671,1073741823,1073741823,1073741823:j10
1073741823,1073741823,1073741823,1069543423,1073709055,1073332223,1073119231,1073119231,1072282623,1073594367,1071120383,1071644671,1073741823,1073741823,1073741823:j10
1073741823,1073741823,1073741823,1069543423,1073709055,1073332223,1073119231,1073119231,1073331199,1073593343,1071120383,1071644671,1073741823,1073741823,1073741823:j10
1073741823,1073741823,1073741823,1069543423,1073709055,1073332223,1073119231,1073119231,1073327103,1073594367,1071120383,1071644671,1073741823,1073741823,1073741823:j10
1073741823,1073741823,1073741823,1069543423,1073709055,1073332223,1073119231,1073118207,1073331199,1073594367,1071120383,1071644671,1073741823,1073741823,1073741823:j10
1073741823,1073741823,1073741823,1069543423,1073709055,1073332223,1073119231,1073115135,1073331199,1073594367,1071120383,1071644671,1073741823,1073741823,1073741823:j10
1073741823,1073741823,1073741823,1069543423,1073709055,1073331199,1073119231,1073119231,1073331199,1073594367,1071120383,1071644671,1073741823,1073741823,1073741823:j10
1073741823,1073741823,1073741823,1069543423,1073709055,1073332223,1073115135,1073119231,1073331199,1073594367,1071120383,1071644671,1073741823,1073741823,1073741823:l12
1073741823,1073741823,1073741823,1069543423,1073709055,1073332223,1073119231,1073119231,1073331199,1073332223,1071120383,1071644671,1073741823,1073741823,1073741823:i11
