1073741823,1073741823,1073741823,1073741823,1073741823,1073741823,1071316991,1073119231,1066758143,1073201151,1072562175,1073725439,805306367,1073741823,1073741823:i10
1073741823,1073741823,1073741823,1073741823,1073741823,1073741823,1071316991,1073119231,1066758143,1073070079,1072562175,1073725439,805306367,1073741823,1056964607:k8
1073741823,1073741823,1073741823,1073741823,1073741823,1073741823,1071316991,1073119231,1066758143,1073070079,1072562175,1073725439,805306367,1006632959,1073741823:k8
1073741823,1073741823,1073741823,1073741823,1073741823,1073741823,1071316991,1073119231,1066758143,1073070079,1072562175,1073725439,738197503,1073741823,1073741823:k8
1073741823,1073741823,1073741823,1073741823,1073741823,1073741823,1071316991,1073119231,1066758143,1073070079,1072562175,1006616575,805306367,1073741823,1073741823:k8
1073741823,1073741823,1073741823,1073741823,1073741823,1073741823,1071316991,1073119231,1066758143,1073070079,804126719,1073725439,805306367,1073741823,1073741823:k8
1073741823,1073741823,1073741823,1073741823,1073741823,1073741823,1071316991,1073119231,1066758143,1073070079,1072562175,805289983,805306367,1073741823,1073741823:k8
1073741823,1073741823,1073741823,1073741823,1073741823,1073741823,1071316991,1073119231,1066758143,1073070079,1072562175,1073725439,805306367,1073741823,805306367:k8
1073741823,1073741823,1073741823,1073741823,1073741823,1073741823,1071316991,1073119231,1066758143,1073070079,1072562175,1073725439,805306367,805306367,1073741823:k8
1073741823,1073741823,1073741823,1073741823,1056964607,1073741823,1071316991,1073119231,1066758143,1073070079,1072562175,1073725439,805306367,1073741823,1073741823:k8
1073741823,1073741823,1073741823,1073741823,1073741823,1073741823,1071316991,1073119231,1066758143,1073070079,1072562175,1073725439,805306367,1073740799,1073741823:k8
1073741823,1073741823,1073741823,1073741823,1073741823,1073741823,1071316991,1073119231,1066758143,1073070079,1072562175,1073721343,805306367,1073741823,1073741823:k8
1073741823,1073741823,1073741823,1073741823,1073741823,1073741823,1071316991,1073119231,1066758143,1073070079,1072562175,1073725439,805306367,1073479679,1073741823:k8
1073741823,1073741823,1073741823,1073741823,1073741823,1073741823,1071316991,1073119231,1066758143,1073070079,1072562175,1073725439,805306367,1073725439,1073741823:j11
1073741823,1073741823,1073741823,1073741823,1073741823,1073741823,1071316991,1073119231,1066758143,1073070079,1072562175,1073725439,805289983,1073741823,1073741823:j11
1073741823,1073741823,1073741823,1073741823,1073741823,1073741823,1071316991,1073119231,1066758143,1073070079,1072562175,1073725439,805302271,1073741823,1073741823:k8
1073741823,1073741823,1073741823,1073741823,1073741823,1073741823,1071316991,1073119231,1066758143,1073070079,1072562175,1073659903,805306367,1073741823,1073741823:k8
1073741823,1073741823,1073741823,1073741823,1073741823,1073741823,1004208127,1073119231,1066758143,1073070079,1072562175,1073725439,805306367,1073741823,1073741823:k8
1073741823,1073741823,1073741823,1073741823,1073741823,1073741823,1071316991,1056342015,1066758143,1073070079,1072562175,1073725439,805306367,1073741823,1073741823:k8
1073741823,1073741823,1073741823,1073741823,1073741823,1073741823,1071316991,1073119231,999649279,1073070079,1072562175,1073725439,805306367,1073741823,1073741823:k8
1073741823,1073741823,1073741823,1073741823,1073741823,1073741823,1071316991,1073119231,1066758143,1073070079,1005453311,1073725439,805306367,1073741823,1073741823:k8
1073741823,1073741823,1073741823,1073741823,1073741823,1073741823,1071316991,1073119231,1066758143,1056292863,1072562175,1073725439,805306367,1073741823,1073741823:j11
1073741823,1073741823,1073741823,1073741823,1073741823,1073741823,1054539775,1073119231,1066758143,1073070079,1072562175,1073725439,805306367,1073741823,1073741823:k8
1073741823,1073741823,1073741823,1073741823,1073741823,1073741823,1071316991,1073119231,1066758143,1073070079,1072561919,1073725439,805306367,1073741823,1073741823:k8
1073741823,1073741823,1073741823,1073741823,1073741823,1073741823,1071316991,1073119231,1066757887,1073070079,1072562175,1073725439,805306367,1073741823,1073741823:k8
1073741823,1073741823,1073741823,1073741823,1073741823,1073741823,1071316735,1073119231,1066758143,1073070079,1072562175,1073725439,805306367,1073741823,1073741823:k8
1073741823,1073741823,1073741823,1073741823,1073741823,1073741823,1071316991,1073119231,1066758143,1073070079,1072561151,1073725439,805306367,1073741823,1073741823:k8
1073741823,1073741823,1073741823,1073741823,1073741823,1073741823,1071316991,1073119231,1066757119,1073070079,1072562175,1073725439,805306367,1073741823,1073741823:k8
1073741823,1073741823,1073741823,1073741823,1073741823,1073741823,1071315967,1073119231,1066758143,1073070079,1072562175,1073725439,805306367,1073741823,1073741823:k8
1073741823,1073741823,1073741823,1073741823,1073725439,1073741823,1071316991,1073119231,1066758143,1073070079,1072562175,1073725439,805306367,1073741823,1073741823:k8
1073741823,1073741823,1073741823,1073741823,1073479679,1073741823,1071316991,1073119231,1066758143,1073070079,1072562175,1073725439,805306367,1073741823,1073741823:k8
1073741823,1073741823,1073741823,1073741823,1069547519,1073741823,1071316991,1073119231,1066758143,1073070079,1072562175,1073725439,805306367,1073741823,1073741823:j11
1073741823,1073741823,1073741823,1073741823,1073741823,1073741823,1067122687,1073119231,1066758143,1073070079,1072562175,1073725439,805306367,1073741823,1073741823:j11
1073741823,1073741823,1073741823,1073741823,1073741823,1073741823,1071316991,1073119231,1066758143,1073070079,1072562175,1073725439,805240831,1073741823,1073741823:k8
1073741823,1073741823,1073741823,1073741823,1073741823,1073741823,1071316991,1073119231,1049980927,1073070079,1072562175,1073725439,805306367,1073741823,1073741823:k8
1073741823,1073741823,1073741823,1073741823,1073741823,1073741823,1071316991,1073119231,1066758143,1073070079,1055784959,1073725439,805306367,1073741823,1073741823:k8
1073741823,1073741823,1073741823,1073741823,1073741823,1073741823,1071316991,1073119231,1066758143,1073070079,1068367871,1073725439,805306367,1073741823,1073741823:k8
1073741823,1073741823,1073741823,1073741823,1073741823,1073741823,1071316991,1073119231,1066758143,1073070079,1072562175,1073725439,788529151,1073741823,1073741823:k8
1073741823,1073741823,1073741823,1073741823,1073741823,1073741823,1071316991,1073119231,1066758143,1073070079,1072562175,1073725439,804257791,1073741823,1073741823:k8
1073741823,1073741823,1073741823,1073741823,1073741823,1073741823,1071316991,1073119231,1066758143,1073070079,1072562175,1072676863,805306367,1073741823,1073741823:k8
1073741823,1073741823,1073741823,1073741823,1073741823,1073741823,1071316991,1073119231,1066758143,1073070079,1072562175,1069531135,805306367,1073741823,1073741823:k8
1073741823,1073741823,1073741823,1073741823,1073741823,1073741823,1071316991,1073119231,1066758143,1073070079,1072300031,1073725439,805306367,1073741823,1073741823:k8
1073741823,1073741823,1073741823,1073741823,1073741823,1073741823,1071316991,1073119231,1066758143,1073070079,1072562175,1073724415,805306367,1073741823,1073741823:k8
1073741823,1073741823,1073741823,1073741823,1073741823,1073741823,1071316991,1073119231,1066758143,1073070079,1072562175,1073463295,805306367,1073741823,1073741823:k8
1073741823,1073741823,1073741823,1073741823,1073741823,1073741823,1071316991,1073119231,1066758143,1073070079,1072545791,1073725439,805306367,1073741823,1073741823:j11
1073741823,1073741823,1073741823,1073741823,1073741823,1073741823,1071316991,1073119231,1066758143,1073070079,1072558079,1073725439,805306367,1073741823,1073741823:k8
1073741823,1073741823,1073741823,1073741823,1073741823,1073741823,1071316991,1073119231,1066758143,1073065983,1072562175,1073725439,805306367,1073741823,1073741823:k8
1073741823,1073741823,1073741823,1073741823,1073741823,1073737727,1071316991,1073119231,1066758143,1073070079,1072562175,1073725439,805306367,1073741823,1073741823:k8
1073741823,1073741823,1073741823,1073741823,1073741823,1072693247,1071316991,1073119231,1066758143,1073070079,1072562175,1073725439,805306367,1073741823,1073741823:j11
1073741823,1073741823,1073741823,1073741823,1073741823,1073741823,1071316991,1073119231,1066758143,1072021503,1072562175,1073725439,805306367,1073741823,1073741823:j11
1073741823,1073741823,1073741823,1073741823,1073741823,1069547519,1071316991,1073119231,1066758143,1073070079,1072562175,1073725439,805306367,1073741823,1073741823:k8
1073741823,1073741823,1073741823,1073741823,1073741823,1073741823,1071316991,1068924927,1066758143,1073070079,1072562175,1073725439,805306367,1073741823,1073741823:k8
1073741823,1073741823,1073741823,1073741823,1073741823,1073741823,1071316991,1072070655,1066758143,1073070079,1072562175,1073725439,805306367,1073741823,1073741823:j11
1073741823,1073741823,1073741823,1073741823,1073741823,1073741823,1071316991,1073119231,1066758143,1068875775,1072562175,1073725439,805306367,1073741823,1073741823:k8
1073741823,1073741823,1073741823,1073741823,1073737727,1073741823,1071316991,1073119231,1066758143,1073070079,1072562175,1073725439,805306367,1073741823,1073741823:k8
1073741823,1073741823,1073741823,1073741823,1073676287,1073741823,1071316991,1073119231,1066758143,1073070079,1072562175,1073725439,805306367,1073741823,1073741823:k8
1073741823,1073741823,1073741823,1073741823,1073741823,1073676287,1071316991,1073119231,1066758143,1073070079,1072562175,1073725439,805306367,1073741823,1073741823:j11
1073741823,1073741823,1073741823,1073741823,1072693247,1073741823,1071316991,1073119231,1066758143,1073070079,1072562175,1073725439,805306367,1073741823,1073741823:j11
1073741823,1073741823,1073741823,1073741823,1073741823,1073741823,1071316991,1073119231,1066758143,1073069055,1072562175,1073725439,805306367,1073741823,1073741823:k8
1073741823,1073741823,1073741823,1073741823,1073741823,1073741823,1071316991,1073118207,1066758143,1073070079,1072562175,1073725439,805306367,1073741823,1073741823:k8
1073741823,1073741823,1073741823,1073741823,1073741823,1073741823,1071316991,1073115135,1066758143,1073070079,1072562175,1073725439,805306367,1073741823,1073741823:k8
1073741823,1073741823,1073741823,1073741823,1073741823,1073740799,1071316991,1073119231,1066758143,1073070079,1072562175,1073725439,805306367,1073741823,1073741823:k8
1073741823,1073741823,1073741823,1073741823,1073741823,1073741823,1071312895,1073119231,1066758143,1073070079,1072562175,1073725439,805306367,1073741823,1073741823:k8
1073741823,1073741823,1073741823,1073741823,1073741823,1073725439,1071316991,1073119231,1066758143,1073070079,1072562175,1073725439,805306367,1073741823,1073741823:k8
1073741823,1073741823,1073741823,1073741823,1073741823,1073741823,1071300607,1073119231,1066758143,1073070079,1072562175,1073725439,805306367,1073741823,1073741823:k8
1073741823,1073741823,1073741823,1073741823,1073741823,1073479679,1071316991,1073119231,1066758143,1073070079,1072562175,1073725439,805306367,1073741823,1073741823:k8
