1073741823,1073741823,1073741823,1073741823,1073741823,1073741823,1071316991,1073119231,1066758143,1073201151,1072562171,1073725439,1073741823,1073741823,1073741823:i10
1073741823,1073741823,1073741823,1073741823,1073741823,1073741823,1071316991,1073119231,1066758143,1073070079,1072562171,1073725438,1073741823,1073741823,1073741823:k8
1073741823,1073741823,1073741823,1073741823,1073741823,1073741823,1071316991,1073119231,1066758143,1073070079,1072562170,1073725439,1073741823,1073741823,1073741823:k8
1073741823,1073741823,1073741823,1073741823,1073741823,1073741823,1071316991,1073119231,1066758143,1073070078,1072562171,1073725439,1073741823,1073741823,1073741823:k8
1073741823,1073741823,1073741823,1073741823,1073741823,1073741823,1071316991,1073119231,1066758139,1073070079,1072562171,1073725439,1073741823,1073741823,1073741823:k8
1073741823,1073741823,1073741823,1073741823,1073741823,1073741823,1071316991,1073119231,1066758143,1073070075,1072562171,1073725439,1073741823,1073741823,1073741823:k8
1073741823,1073741823,1073741823,1073741823,1073741823,1073741823,1071316991,1073119231,1066758079,1073070079,1072562171,1073725439,1073741823,1073741823,1073741823:k8
1073741823,1073741823,1073741823,1073741823,1073741823,1073741823,1071316991,1073119231,1066758143,1073070063,1072562171,1073725439,1073741823,1073741823,1073741823:k8
1073741823,1073741823,1073741823,1073741823,1073741823,1073741823,1071316991,1073119231,1066758143,1073070079,1072562107,1073725439,1073741823,1073741823,1073741823:k8
1073741823,1073741823,1073741823,1073741823,1073741823,1073741823,1071316991,1073119231,1066758143,1073070079,1072562155,1073725439,1073741823,1073741823,1073741823:k8
1073741823,1073741823,1073741823,1073741823,1073741823,1073741823,1071316991,1073119231,1066758143,1073070079,1072562171,1073725439,1073741759,1073741823,1073741823:k8
1073741823,1073741823,1073741823,1073741823,1073741823,1073741823,1071316991,1073119231,1066758143,1073070079,1072562171,1073725423,1073741823,1073741823,1073741823:k8
1073741823,1073741823,1073741823,1073741823,1073741823,1073741823,1071316991,1073119231,1066758143,1073070079,1072562171,1073725439,1073741819,1073741823,1073741823:k8
1073741823,1073741823,1073741823,1073741823,1073741823,1073741823,1071316991,1073119231,1066758143,1073070079,1072562171,1073725435,1073741823,1073741823,1073741823:k8
1073741823,1073741823,1073741823,1073741823,1056964607,1073741823,1071316991,1073119231,1066758143,1073070079,1072562171,1073725439,1073741823,1073741823,1073741823:k8
1073741823,1073741823,1073741823,1073741823,1073741823,1073741823,1071316991,1073119231,1066758143,1073070079,1072562171,1073725439,1073741823,1073740799,1073741823:k8
1073741823,1073741823,1073741823,1073741823,1073741823,1073741823,1071316991,1073119231,1066758143,1073070079,1072562171,1073721343,1073741823,1073741823,1073741823:k8
1073741823,1073741823,1073741823,1073741823,1073741823,1073741823,1071316991,1073119231,1066758143,1073070079,1072562171,1073725439,1073741823,1073479679,1073741823:k8
1073741823,1073741823,1073741823,1073741823,1073741823,1073741823,1071316991,1073119231,1066758143,1073070079,1072562171,1073725439,1073741823,1073725439,1073741823:j11
1073741823,1073741823,1073741823,1073741823,1073741823,1073741823,1071316991,1073119231,1066758143,1073070079,1072562171,1073725439,1073725439,1073741823,1073741823:j11
1073741823,1073741823,1073741823,1073741823,1073741823,1073741823,1071316991,1073119231,1066758143,1073070079,1072562171,1073725439,1073737727,1073741823,1073741823:k8
1073741823,1073741823,1073741823,1073741823,1073741823,1073741823,1071316991,1073119231,1066758143,1073070079,1072562171,1073659903,1073741823,1073741823,1073741823:k8
1073741823,1073741823,1073741823,1073741823,1073741823,1073741823,1004208127,1073119231,1066758143,1073070079,1072562171,1073725439,1073741823,1073741823,1073741823:k8
1073741823,1073741823,1073741823,1073741823,1073741823,1073741823,1071316991,1056342015,1066758143,1073070079,1072562171,1073725439,1073741823,1073741823,1073741823:k8
1073741823,1073741823,1073741823,1073741823,1073741823,1073741823,1071316991,1073119231,999649279,1073070079,1072562171,1073725439,1073741823,1073741823,1073741823:k8
1073741823,1073741823,1073741823,1073741823,1073741823,1073741823,1071316991,1073119231,1066758143,1073070079,1005453307,1073725439,1073741823,1073741823,1073741823:k8
1073741823,1073741823,1073741823,1073741823,1073741823,1073741823,1071316991,1073119231,1066758143,1056292863,1072562171,1073725439,1073741823,1073741823,1073741823:j11
1073741823,1073741823,1073741823,1073741823,1073741823,1073741823,1054539775,1073119231,1066758143,1073070079,1072562171,1073725439,1073741823,1073741823,1073741823:k8
1073741823,1073741823,1073741823,1073741823,1073741823,1073741823,1071316991,1073119231,1066758143,1073070079,1072561915,1073725439,1073741823,1073741823,1073741823:k8
1073741823,1073741823,1073741823,1073741823,1073741823,1073741823,1071316991,1073119231,1066757887,1073070079,1072562171,1073725439,1073741823,1073741823,1073741823:k8
1073741823,1073741823,1073741823,1073741823,1073741823,1073741823,1071316735,1073119231,1066758143,1073070079,1072562171,1073725439,1073741823,1073741823,1073741823:k8
1073741823,1073741823,1073741823,1073741823,1073741823,1073741823,1071316991,1073119231,1066758143,1073070079,1072561147,1073725439,1073741823,1073741823,1073741823:k8
1073741823,1073741823,1073741823,1073741823,1073741823,1073741823,1071316991,1073119231,1066757119,1073070079,1072562171,1073725439,1073741823,1073741823,1073741823:k8
1073741823,1073741823,1073741823,1073741823,1073741823,1073741823,1071315967,1073119231,1066758143,1073070079,1072562171,1073725439,1073741823,1073741823,1073741823:k8
1073741823,1073741823,1073741823,1073741823,1073725439,1073741823,1071316991,1073119231,1066758143,1073070079,1072562171,1073725439,1073741823,1073741823,1073741823:k8
1073741823,1073741823,1073741823,1073741823,1073479679,1073741823,1071316991,1073119231,1066758143,1073070079,1072562171,1073725439,1073741823,1073741823,1073741823:k8
1073741823,1073741823,1073741823,1073741823,1069547519,1073741823,1071316991,1073119231,1066758143,1073070079,1072562171,1073725439,1073741823,1073741823,1073741823:j11
1073741823,1073741823,1073741823,1073741823,1073741823,1073741823,1067122687,1073119231,1066758143,1073070079,1072562171,1073725439,1073741823,1073741823,1073741823:j11
1073741823,1073741823,1073741823,1073741823,1073741823,1073741823,1071316991,1073119231,1066758143,1073070079,1072562171,1073725439,1073676287,1073741823,1073741823:k8
1073741823,1073741823,1073741823,1073741823,1073741823,1073741823,1071316991,1073119231,1049980927,1073070079,1072562171,1073725439,1073741823,1073741823,1073741823:k8
1073741823,1073741823,1073741823,1073741823,1073741823,1073741823,1071316991,1073119231,1066758143,1073070079,1055784955,1073725439,1073741823,1073741823,1073741823:k8
1073741823,1073741823,1073741823,1073741823,1073741823,1073741823,1071316991,1073119231,1066758143,1073070079,1068367867,1073725439,1073741823,1073741823,1073741823:k8
1073741823,1073741823,1073741823,1073741823,1073741823,1073741823,1071316991,1073119231,1066758143,1073070079,1072562171,1073725439,1056964607,1073741823,1073741823:k8
1073741823,1073741823,1073741823,1073741823,1073741823,1073741823,1071316991,1073119231,1066758143,1073070079,1072562171,1073725439,1072693247,1073741823,1073741823:k8
1073741823,1073741823,1073741823,1073741823,1073741823,1073741823,1071316991,1073119231,1066758143,1073070079,1072562171,1072676863,1073741823,1073741823,1073741823:k8
1073741823,1073741823,1073741823,1073741823,1073741823,1073741823,1071316991,1073119231,1066758143,1073070079,1072562171,1069531135,1073741823,1073741823,1073741823:k8
1073741823,1073741823,1073741823,1073741823,1073741823,1073741823,1071316991,1073119231,1066758143,1073070079,1072300027,1073725439,1073741823,1073741823,1073741823:k8
1073741823,1073741823,1073741823,1073741823,1073741823,1073741823,1071316991,1073119231,1066758143,1073070079,1072562171,1073724415,1073741823,1073741823,1073741823:k8
1073741823,1073741823,1073741823,1073741823,1073741823,1073741823,1071316991,1073119231,1066758143,1073070079,1072562171,1073463295,1073741823,1073741823,1073741823:k8
1073741823,1073741823,1073741823,1073741823,1073741823,1073741823,1071316991,1073119231,1066758143,1073070079,1072545787,1073725439,1073741823,1073741823,1073741823:j11
1073741823,1073741823,1073741823,1073741823,1073741823,1073741823,1071316991,1073119231,1066758143,1073070079,1072558075,1073725439,1073741823,1073741823,1073741823:k8
1073741823,1073741823,1073741823,1073741823,1073741823,1073741823,1071316991,1073119231,1066758143,1073065983,1072562171,1073725439,1073741823,1073741823,1073741823:k8
1073741823,1073741823,1073741823,1073741823,1073741823,1073737727,1071316991,1073119231,1066758143,1073070079,1072562171,1073725439,1073741823,1073741823,1073741823:k8
1073741823,1073741823,1073741823,1073741823,1073741823,1072693247,1071316991,1073119231,1066758143,1073070079,1072562171,1073725439,1073741823,1073741823,1073741823:j11
1073741823,1073741823,1073741823,1073741823,1073741823,1073741823,1071316991,1073119231,1066758143,1072021503,1072562171,1073725439,1073741823,1073741823,1073741823:j11
1073741823,1073741823,1073741823,1073741823,1073741823,1069547519,1071316991,1073119231,1066758143,1073070079,1072562171,1073725439,1073741823,1073741823,1073741823:k8
1073741823,1073741823,1073741823,1073741823,1073741823,1073741823,1071316991,1068924927,1066758143,1073070079,1072562171,1073725439,1073741823,1073741823,1073741823:k8
1073741823,1073741823,1073741823,1073741823,1073741823,1073741823,1071316991,1072070655,1066758143,1073070079,1072562171,1073725439,1073741823,1073741823,1073741823:j11
1073741823,1073741823,1073741823,1073741823,1073741823,1073741823,1071316991,1073119231,1066758143,1068875775,1072562171,1073725439,1073741823,1073741823,1073741823:k8
1073741823,1073741823,1073741823,1073741823,1073737727,1073741823,1071316991,1073119231,1066758143,1073070079,1072562171,1073725439,1073741823,1073741823,1073741823:k8
1073741823,1073741823,1073741823,1073741823,1073676287,1073741823,1071316991,1073119231,1066758143,1073070079,1072562171,1073725439,1073741823,1073741823,1073741823:k8
1073741823,1073741823,1073741823,1073741823,1073741823,1073676287,1071316991,1073119231,1066758143,1073070079,1072562171,1073725439,1073741823,1073741823,1073741823:j11
1073741823,1073741823,1073741823,1073741823,1072693247,1073741823,1071316991,1073119231,1066758143,1073070079,1072562171,1073725439,1073741823,1073741823,1073741823:j11
1073741823,1073741823,1073741823,1073741823,1073741823,1073741823,1071316991,1073119231,1066758143,1073069055,1072562171,1073725439,1073741823,1073741823,1073741823:k8
1073741823,1073741823,1073741823,1073741823,1073741823,1073741823,1071316991,1073118207,1066758143,1073070079,1072562171,1073725439,1073741823,1073741823,1073741823:k8
1073741823,1073741823,1073741823,1073741823,1073741823,1073741823,1071316991,1073115135,1066758143,1073070079,1072562171,1073725439,1073741823,1073741823,1073741823:k8
1073741823,1073741823,1073741823,1073741823,1073741823,1073740799,1071316991,1073119231,1066758143,1073070079,1072562171,1073725439,1073741823,1073741823,1073741823:k8
1073741823,1073741823,1073741823,1073741823,1073741823,1073741823,1071312895,1073119231,1066758143,1073070079,1072562171,1073725439,1073741823,1073741823,1073741823:k8
1073741823,1073741823,1073741823,1073741823,1073741823,1073725439,1071316991,1073119231,1066758143,1073070079,1072562171,1073725439,1073741823,1073741823,1073741823:k8
1073741823,1073741823,1073741823,1073741823,1073741823,1073741823,1071300607,1073119231,1066758143,1073070079,1072562171,1073725439,1073741823,1073741823,1073741823:k8
1073741823,1073741823,1073741823,1073741823,1073741823,1073479679,1071316991,1073119231,1066758143,1073070079,1072562171,1073725439,1073741823,1073741823,1073741823:k8
