1073741823,1073741823,1073741823,1073741823,1073741823,1069547519,1071579135,1068924927,1073594367,1073086463,1072558079,1073741823,1073741823,1073741823,1073741823:g10
1073741823,1073741823,1073741823,1073741823,1073741823,1069547519,1071579135,1068924927,1073594367,1073078271,1072558079,1073741567,1073741823,1073741823,1073741823:i12
1073741823,1073741823,1073741823,1073741823,1073741823,1069547519,1071579135,1068924927,1073594367,1073078015,1072558079,1073741823,1073741823,1073741823,1073741823:i12
1073741823,1073741823,1073741823,1073741823,1073741823,1069547519,1071579135,1068924671,1073594367,1073078271,1072558079,1073741823,1073741823,1073741823,1073741823:i12
1073741823,1073741823,1073741823,1073741823,1073741823,1069547519,1071579135,1052147711,1073594367,1073078271,1072558079,1073741823,1073741823,1073741823,1073741823:i12
1073741823,1073741823,1073741823,1073741823,1073741823,1069547519,1071579135,1068924927,1073594367,1005969407,1072558079,1073741823,1073741823,1073741823,1073741823:i12
1073741823,1073741823,1073741823,1073741823,1073741823,1069547519,1071579135,1068924927,1069400063,1073078271,1072558079,1073741823,1073741823,1073741823,1073741823:h10
1073741823,1073741823,1073741823,1073741823,1073741823,1069547519,1071579135,1068924927,1073594367,1073078271,1072558079,1073741823,1073741567,1073741823,1073741823:i12
1073741823,1073741823,1073741823,1073741823,1073741823,1069547519,1071579135,1068924927,1073594367,1073078271,1072558079,1073740799,1073741823,1073741823,1073741823:i12
1073741823,1073741823,1073741823,1073741823,1073741823,1069547519,1071579135,1068924927,1073594367,1073078271,1072557823,1073741823,1073741823,1073741823,1073741823:i12
1073741823,1073741823,1073741823,1073741823,1073741823,1069547519,1071579135,1068924927,1073594111,1073078271,1072558079,1073741823,1073741823,1073741823,1073741823:h10
1073741823,1073741823,1073741823,1073741823,1073741823,1069547519,1071579135,1068924927,1073594367,1073078271,1072558079,1073737727,1073741823,1073741823,1073741823:i12
1073741823,1073741823,1073741823,1073741823,1073741823,1069547519,1071579135,1068924927,1073594367,1073078271,1072558079,1073741823,1073737727,1073741823,1073741823:i12
1073741823,1073741823,1073741823,1073741823,1073741823,1069547519,1071579135,1068924927,1073594367,1073078271,1072558079,1073676287,1073741823,1073741823,1073741823:h10
1073741823,1073741823,1073741823,1073741823,1073741823,1069547519,1071579135,1068924927,1073594367,1073078271,1072558079,1073741823,1073676287,1073741823,1073741823:h10
1073741823,1073741823,1073741823,1073741823,1073741823,1069547519,1071579135,1068924927,1073594367,1073078271,1055780863,1073741823,1073741823,1073741823,1073741823:i12
1073741823,1073741823,1073741823,1073741823,1073741823,1069547519,1071579135,1068924927,1073594367,1073078271,1068363775,1073741823,1073741823,1073741823,1073741823:i12
1073741823,1073741823,1073741823,1073741823,1073741823,1069547519,1071579135,1068924927,1073594367,1073078271,1072558079,1073741823,1056964607,1073741823,1073741823:i12
1073741823,1073741823,1073741823,1073741823,1073741823,1069547519,1071579135,1068924927,1073594367,1073078271,1072558079,1073741823,1072693247,1073741823,1073741823:h10
1073741823,1073741823,1073741823,1073741823,1073741823,1069547519,1071579135,1068924927,1073594367,1073078271,1072558079,1072693247,1073741823,1073741823,1073741823:i12
1073741823,1073741823,1073741823,1073741823,1073741823,1069547519,1071579135,1068924927,1073594367,1073078271,1072558079,1073725439,1073741823,1073741823,1073741823:h10
1073741823,1073741823,1073741823,1073741823,1073741823,1069547519,1071579135,1068924927,1073594367,1073078271,1072558079,1069547519,1073741823,1073741823,1073741823:i12
1073741823,1073741823,1073741823,1073741823,1073741823,1069547519,1071579135,1068924927,1073594367,1073078271,1072558079,1073479679,1073741823,1073741823,1073741823:h10
1073741823,1073741823,1073741823,1073479679,1073741823,1069547519,1071579135,1068924927,1073594367,1073078271,1072558079,1073741823,1073741823,1073741823,1073741823:i12
1073741823,1073741823,1073741823,1069547519,1073741823,1069547519,1071579135,1068924927,1073594367,1073078271,1072558079,1073741823,1073741823,1073741823,1073741823:h10
1073741823,1073741823,1073741823,1073741823,1069547519,1069547519,1071579135,1068924927,1073594367,1073078271,1072558079,1073741823,1073741823,1073741823,1073741823:h10
1073741823,1073741823,1073741823,1006632959,1073741823,1069547519,1071579135,1068924927,1073594367,1073078271,1072558079,1073741823,1073741823,1073741823,1073741823:i12
1073741823,1073741823,1073741823,1073741823,1073741823,1002438655,1071579135,1068924927,1073594367,1073078271,1072558079,1073741823,1073741823,1073741823,1073741823:i12
1073741823,1073741823,1073741823,1073741823,1073741823,1052770303,1071579135,1068924927,1073594367,1073078271,1072558079,1073741823,1073741823,1073741823,1073741823:i12
1073741823,1073741823,1073741823,1073741823,1073741823,1069547519,1071579135,1001816063,1073594367,1073078271,1072558079,1073741823,1073741823,1073741823,1073741823:i12
1073741823,1073741823,1073741823,1073741823,1056964607,1069547519,1071579135,1068924927,1073594367,1073078271,1072558079,1073741823,1073741823,1073741823,1073741823:i12
1073741823,1073741823,1073741823,1073741823,1073741823,1069547519,1054801919,1068924927,1073594367,1073078271,1072558079,1073741823,1073741823,1073741823,1073741823:i12
1073741823,1073741823,1073741823,1073741823,1073741823,1069547519,1067384831,1068924927,1073594367,1073078271,1072558079,1073741823,1073741823,1073741823,1073741823:h10
1073741823,1073741823,1073741823,1073741823,1073741823,1069547519,1071579135,1068924927,1056817151,1073078271,1072558079,1073741823,1073741823,1073741823,1073741823:h10
1073741823,1073741823,1073741823,1073741823,1073741823,1069543423,1071579135,1068924927,1073594367,1073078271,1072558079,1073741823,1073741823,1073741823,1073741823:i12
1073741823,1073741823,1073741823,1073741823,1073741823,1068498943,1071579135,1068924927,1073594367,1073078271,1072558079,1073741823,1073741823,1073741823,1073741823:h10
1073741823,1073741823,1073741823,1073741823,1073741823,1069547519,1071579135,1068924927,1073594367,1072029695,1072558079,1073741823,1073741823,1073741823,1073741823:i12
1073741823,1073741823,1073741823,1073741823,1073741823,1069547519,1071579135,1068924927,1073594367,1073078271,1072557055,1073741823,1073741823,1073741823,1073741823:i12
1073741823,1073741823,1073741823,1073741823,1073741823,1069547519,1071579135,1068924927,1073593343,1073078271,1072558079,1073741823,1073741823,1073741823,1073741823:h10
1073741823,1073741823,1073741823,1073741823,1073741823,1069547519,1071578111,1068924927,1073594367,1073078271,1072558079,1073741823,1073741823,1073741823,1073741823:i12
1073741823,1073741823,1073741823,1073741823,1073741823,1069547519,1071579135,1068924927,1073594367,1073078271,1072295935,1073741823,1073741823,1073741823,1073741823:h10
1073741823,1073741823,1073741823,1073741823,1073741823,1069547519,1071579135,1068924927,1073594367,1073078271,1072541695,1073741823,1073741823,1073741823,1073741823:h10
1073741823,1073741823,1073741823,1073741823,1073741823,1069547519,1071579135,1067876351,1073594367,1073078271,1072558079,1073741823,1073741823,1073741823,1073741823:i12
1073741823,1073741823,1073741823,1073741823,1073741823,1069547519,1071579135,1068924927,1073594367,1068883967,1072558079,1073741823,1073741823,1073741823,1073741823:h10
1073741823,1073741823,1073741823,1073741823,1073741823,1069547519,1071579135,1068924927,1073332223,1073078271,1072558079,1073741823,1073741823,1073741823,1073741823:h10
1073741823,1073741823,1073741823,1073741823,1073737727,1069547519,1071579135,1068924927,1073594367,1073078271,1072558079,1073741823,1073741823,1073741823,1073741823:i12
1073741823,1073741823,1073741823,1073741823,1073676287,1069547519,1071579135,1068924927,1073594367,1073078271,1072558079,1073741823,1073741823,1073741823,1073741823:h10
1073741823,1073741823,1073741823,1073741823,1073741823,1069481983,1071579135,1068924927,1073594367,1073078271,1072558079,1073741823,1073741823,1073741823,1073741823:i12
1073741823,1073741823,1073741823,1073741823,1072693247,1069547519,1071579135,1068924927,1073594367,1073078271,1072558079,1073741823,1073741823,1073741823,1073741823:i12
1073741823,1073741823,1073741823,1073741823,1073741823,1069547519,1071316991,1068924927,1073594367,1073078271,1072558079,1073741823,1073741823,1073741823,1073741823:h10
1073741823,1073741823,1073741823,1073741823,1073741823,1069547519,1071579135,1068924927,1072545791,1073078271,1072558079,1073741823,1073741823,1073741823,1073741823:i12
1073741823,1073741823,1073741823,1073741823,1073741823,1069547519,1071579135,1068924927,1073594367,1073077247,1072558079,1073741823,1073741823,1073741823,1073741823:j9
1073741823,1073741823,1073741823,1073741823,1073741823,1069547519,1071579135,1068924927,1073070079,1073077247,1072558079,1073741759,1073741823,1073741823,1073741823:j7
1073741823,1073741823,1073741823,1073741823,1073741823,1069547519,1071579135,1068924927,1073070079,1073077183,1072558079,1073741823,1073741823,1073741823,1073741823:j7
1073741823,1073741823,1073741823,1073741823,1073741823,1069547519,1071579135,1068924863,1073070079,1073077247,1072558079,1073741823,1073741823,1073741823,1073741823:j7
1073741823,1073741823,1073741823,1073741823,1073741823,1069547519,1071579135,1068924927,1073070079,1073077247,1072558079,1073741567,1073741823,1073741823,1073741823:j7
1073741823,1073741823,1073741823,1073741823,1073741823,1069547519,1071579135,1068924927,1073070079,1073076991,1072558079,1073741823,1073741823,1073741823,1073741823:j7
1073741823,1073741823,1073741823,1073741823,1073741823,1069547519,1071579135,1068924671,1073070079,1073077247,1072558079,1073741823,1073741823,1073741823,1073741823:j7
1073741823,1073741823,1073741823,1073741823,1073741823,1069547519,1071579135,1052147711,1073070079,1073077247,1072558079,1073741823,1073741823,1073741823,1073741823:j7
1073741823,1073741823,1073741823,1073741823,1073741823,1069547519,1071579135,1068924927,1073070079,1005968383,1072558079,1073741823,1073741823,1073741823,1073741823:j7
1073741823,1073741823,1073741823,1073741823,1073741823,1069547519,1071579135,1068924927,1068875775,1073077247,1072558079,1073741823,1073741823,1073741823,1073741823:j7
1073741823,1073741823,1073741823,1073741823,1073741823,1069547519,1071579135,1068924927,1073070079,1073077247,1072558079,1073741823,1073741567,1073741823,1073741823:j7
1073741823,1073741823,1073741823,1073741823,1073741823,1069547519,1071579135,1068924927,1073070079,1073077247,1072558079,1073740799,1073741823,1073741823,1073741823:j7
1073741823,1073741823,1073741823,1073741823,1073741823,1069547519,1071579135,1068924927,1073070079,1073077247,1072557823,1073741823,1073741823,1073741823,1073741823:j7
1073741823,1073741823,1073741823,1073741823,1073741823,1069547519,1071579135,1068924927,1073069823,1073077247,1072558079,1073741823,1073741823,1073741823,1073741823:j7
1073741823,1073741823,1073741823,1073741823,1073741823,1069547519,1071579135,1068924927,1073070079,1073077247,1072558079,1073737727,1073741823,1073741823,1073741823:j7
1073741823,1073741823,1073741823,1073741823,1073741823,1069547519,1071579135,1068924927,1073070079,1073077247,1072558079,1073741823,1073737727,1073741823,1073741823:j7
1073741823,1073741823,1073741823,1073741823,1073741823,1069547519,1071579135,1068924927,1073070079,1073077247,1072558079,1073676287,1073741823,1073741823,1073741823:j7
1073741823,1073741823,1073741823,1073741823,1073741823,1069547519,1071579135,1068924927,1073070079,1073077247,1072558079,1073741823,1073676287,1073741823,1073741823:j7
1073741823,1073741823,1073741823,1073741823,1073741823,1069547519,1071579135,1068924927,1073070079,1073077247,1055780863,1073741823,1073741823,1073741823,1073741823:j7
1073741823,1073741823,1073741823,1073741823,1073741823,1069547519,1071579135,1068924927,1073070079,1073077247,1068363775,1073741823,1073741823,1073741823,1073741823:j7
1073741823,1073741823,1073741823,1073741823,1073741823,1069547519,1071579135,1068924927,1073070079,1073077247,1072558079,1073741823,1056964607,1073741823,1073741823:j7
1073741823,1073741823,1073741823,1073741823,1073741823,1069547519,1071579135,1068924927,1073070079,1073077247,1072558079,1073741823,1072693247,1073741823,1073741823:j7
1073741823,1073741823,1073741823,1073741823,1073741823,1069547519,1071579135,1068924927,1073070079,1073077247,1072558079,1072693247,1073741823,1073741823,1073741823:j7
1073741823,1073741823,1073741823,1073741823,1073741823,1069547519,1071579135,1068924927,1073070079,1073077247,1072558079,1073725439,1073741823,1073741823,1073741823:j7
1073741823,1073741823,1073741823,1073741823,1073741823,1069547519,1071579135,1068924927,1073070079,1073077247,1072558079,1069547519,1073741823,1073741823,1073741823:j7
1073741823,1073741823,1073741823,1073741823,1073741823,1069547519,1071579135,1068924927,1073070079,1073077247,1072558079,1073479679,1073741823,1073741823,1073741823:j7
1073741823,1073741823,1073741823,1073479679,1073741823,1069547519,1071579135,1068924927,1073070079,1073077247,1072558079,1073741823,1073741823,1073741823,1073741823:j7
1073741823,1073741823,1073741823,1069547519,1073741823,1069547519,1071579135,1068924927,1073070079,1073077247,1072558079,1073741823,1073741823,1073741823,1073741823:j7
1073741823,1073741823,1073741823,1073741823,1069547519,1069547519,1071579135,1068924927,1073070079,1073077247,1072558079,1073741823,1073741823,1073741823,1073741823:j7
1073741823,1073741823,1073741823,1006632959,1073741823,1069547519,1071579135,1068924927,1073070079,1073077247,1072558079,1073741823,1073741823,1073741823,1073741823:j7
1073741823,1073741823,1073741823,1073741823,1073741823,1002438655,1071579135,1068924927,1073070079,1073077247,1072558079,1073741823,1073741823,1073741823,1073741823:j7
1073741823,1073741823,1073741823,1073741823,1073741823,1052770303,1071579135,1068924927,1073070079,1073077247,1072558079,1073741823,1073741823,1073741823,1073741823:j7
1073741823,1073741823,1073741823,1073741823,1073741823,1069547519,1071579135,1001816063,1073070079,1073077247,1072558079,1073741823,1073741823,1073741823,1073741823:j7
1073741823,1073741823,1073741823,1073741823,1056964607,1069547519,1071579135,1068924927,1073070079,1073077247,1072558079,1073741823,1073741823,1073741823,1073741823:j7
1073741823,1073741823,1073741823,1073741823,1073741823,1069547519,1054801919,1068924927,1073070079,1073077247,1072558079,1073741823,1073741823,1073741823,1073741823:j7
1073741823,1073741823,1073741823,1073741823,1073741823,1069547519,1067384831,1068924927,1073070079,1073077247,1072558079,1073741823,1073741823,1073741823,1073741823:j7
1073741823,1073741823,1073741823,1073741823,1073741823,1069547519,1071579135,1068924927,1056292863,1073077247,1072558079,1073741823,1073741823,1073741823,1073741823:j7
1073741823,1073741823,1073741823,1073741823,1073741823,1069543423,1071579135,1068924927,1073070079,1073077247,1072558079,1073741823,1073741823,1073741823,1073741823:j7
1073741823,1073741823,1073741823,1073741823,1073741823,1068498943,1071579135,1068924927,1073070079,1073077247,1072558079,1073741823,1073741823,1073741823,1073741823:j7
1073741823,1073741823,1073741823,1073741823,1073741823,1069547519,1071579135,1068924927,1073070079,1072028671,1072558079,1073741823,1073741823,1073741823,1073741823:j7
1073741823,1073741823,1073741823,1073741823,1073741823,1069547519,1071579135,1068924927,1073070079,1073077247,1072557055,1073741823,1073741823,1073741823,1073741823:j7
1073741823,1073741823,1073741823,1073741823,1073741823,1069547519,1071579135,1068924927,1073069055,1073077247,1072558079,1073741823,1073741823,1073741823,1073741823:j7
1073741823,1073741823,1073741823,1073741823,1073741823,1069547519,1071578111,1068924927,1073070079,1073077247,1072558079,1073741823,1073741823,1073741823,1073741823:j7
1073741823,1073741823,1073741823,1073741823,1073741823,1069547519,1071579135,1068924927,1073070079,1073077247,1072295935,1073741823,1073741823,1073741823,1073741823:h11
1073741823,1073741823,1073741823,1073741823,1073741823,1069547519,1071579135,1068924927,1073070079,1073077247,1072541695,1073741823,1073741823,1073741823,1073741823:j7
1073741823,1073741823,1073741823,1073741823,1073741823,1069547519,1071579135,1067876351,1073070079,1073077247,1072558079,1073741823,1073741823,1073741823,1073741823:j7
1073741823,1073741823,1073741823,1073741823,1073741823,1069547519,1071579135,1068924927,1073070079,1068882943,1072558079,1073741823,1073741823,1073741823,1073741823:j7
1073741823,1073741823,1073741823,1073741823,1073737727,1069547519,1071579135,1068924927,1073070079,1073077247,1072558079,1073741823,1073741823,1073741823,1073741823:j7
1073741823,1073741823,1073741823,1073741823,1073676287,1069547519,1071579135,1068924927,1073070079,1073077247,1072558079,1073741823,1073741823,1073741823,1073741823:j7
1073741823,1073741823,1073741823,1073741823,1073741823,1069481983,1071579135,1068924927,1073070079,1073077247,1072558079,1073741823,1073741823,1073741823,1073741823:j7
1073741823,1073741823,1073741823,1073741823,1072693247,1069547519,1071579135,1068924927,1073070079,1073077247,1072558079,1073741823,1073741823,1073741823,1073741823:j7
1073741823,1073741823,1073741823,1073741823,1073741823,1069547519,1071316991,1068924927,1073070079,1073077247,1072558079,1073741823,1073741823,1073741823,1073741823:j12
1073741823,1073741823,1073741823,1073741823,1073741823,1069547519,1071579135,1068924927,1072021503,1073077247,1072558079,1073741823,1073741823,1073741823,1073741823:j7
1073741823,1073741823,1073741823,1073741823,1073741823,1069547519,1071579135,1068924927,1073065983,1073077247,1072558079,1073741823,1073741823,1073741823,1073741823:j7
1073741823,1073741823,1073741823,1073741823,1073741823,1069547519,1071579135,1068923903,1073070079,1073077247,1072558079,1073741823,1073741823,1073741823,1073741823:j7
1073741823,1073741823,1073741823,1073741823,1073741823,1069547519,1071579135,1068920831,1073070079,1073077247,1072558079,1073741823,1073741823,1073741823,1073741823:j7
1073741823,1073741823,1073741823,1073741823,1073741823,1069546495,1071579135,1068924927,1073070079,1073077247,1072558079,1073741823,1073741823,1073741823,1073741823:j7
1073741823,1073741823,1073741823,1073741823,1073741823,1069547519,1071575039,1068924927,1073070079,1073077247,1072558079,1073741823,1073741823,1073741823,1073741823:j7
1073741823,1073741823,1073741823,1073741823,1073741823,1069531135,1071579135,1068924927,1073070079,1073077247,1072558079,1073741823,1073741823,1073741823,1073741823:j7
1073741823,1073741823,1073741823,1073741823,1073741823,1069547519,1071562751,1068924927,1073070079,1073077247,1072558079,1073741823,1073741823,1073741823,1073741823:j7
1073741823,1073741823,1073741823,1073741823,1073741823,1069285375,1071579135,1068924927,1073070079,1073077247,1072558079,1073741823,1073741823,1073741823,1073741823:j11
1073741823,1073741823,1073741823,1073741823,1073741823,1069547519,1071579135,1068924927,1073070079,1073060863,1072558079,1073741823,1073741823,1073741823,1073741823:j7
1073741823,1073741823,1073741823,1073741823,1073741823,1069547519,1071579135,1068924927,1073590271,1073078271,1072558079,1073741823,1073741823,1073741823,1073741823:h10
1073741823,1073741823,1073741823,1073741823,1073741823,1069547519,1071579135,1068923903,1073594367,1073078271,1072558079,1073741823,1073741823,1073741823,1073741823:i12
1073741823,1073741823,1073741823,1073741823,1073741823,1069547519,1071579135,1068920831,1073594367,1073078271,1072558079,1073741823,1073741823,1073741823,1073741823:i12
1073741823,1073741823,1073741823,1073741823,1073741823,1069546495,1071579135,1068924927,1073594367,1073078271,1072558079,1073741823,1073741823,1073741823,1073741823:i12
1073741823,1073741823,1073741823,1073741823,1073741823,1069547519,1071575039,1068924927,1073594367,1073078271,1072558079,1073741823,1073741823,1073741823,1073741823:i12
1073741823,1073741823,1073741823,1073741823,1073741823,1069531135,1071579135,1068924927,1073594367,1073078271,1072558079,1073741823,1073741823,1073741823,1073741823:i12
1073741823,1073741823,1073741823,1073741823,1073741823,1069547519,1071562751,1068924927,1073594367,1073078271,1072558079,1073741823,1073741823,1073741823,1073741823:i12
1073741823,1073741823,1073741823,1073741823,1073741823,1069285375,1071579135,1068924927,1073594367,1073078271,1072558079,1073741823,1073741823,1073741823,1073741823:i12
1073741823,1073741823,1073741823,1073741823,1073741823,1069547519,1071579135,1068924927,1073594367,1073061887,1072558079,1073741823,1073741823,1073741823,1073741823:i12
