1073741823,1073741823,1073741823,1073741823,1073741823,1073741823,1006551039,1073184767,1073610751,1073741823,1073741823,1073741823,1073741823,1073741823,1073741823:i8
1073741823,1073741823,1073741823,1073741823,1073741823,1073741823,1006551039,1073053695,1073610751,1073737727,1073741823,1073741823,1073741823,1073741823,1073741823:g8
1073741823,1073741823,1073741823,1073741823,1073741823,1072693247,1006551039,1073053695,1073610751,1073741823,1073741823,1073741823,1073741823,1073741823,1073741823:g8
1073741823,1073741823,1073741823,1073741823,1073741823,1073741823,1006551039,1073053695,1073610751,1072693247,1073741823,1073741823,1073741823,1073741823,1073741823:g8
1073741823,1073741823,1073741823,1073741823,1073741823,1073741823,1006551039,1073053695,1069416447,1073741823,1073741823,1073741823,1073741823,1073741823,1073741823:g8
1073741823,1073741823,1073741823,1073741823,1073741823,1073741823,1006551039,1056276479,1073610751,1073741823,1073741823,1073741823,1073741823,1073741823,1073741823:g8
1073741823,1073741823,1073741823,1073741823,1073741823,1073741823,1002356735,1073053695,1073610751,1073741823,1073741823,1073741823,1073741823,1073741823,1073741823:g8
1073741823,1073741823,1073741823,1073741823,1073741823,1073741823,989773823,1073053695,1073610751,1073741823,1073741823,1073741823,1073741823,1073741823,1073741823:g8
1073741823,1073741823,1073741823,1073741823,1069547519,1073741823,1006551039,1073053695,1073610751,1073741823,1073741823,1073741823,1073741823,1073741823,1073741823:g8
1073741823,1073741823,1073741823,1073741823,1073741823,1056964607,1006551039,1073053695,1073610751,1073741823,1073741823,1073741823,1073741823,1073741823,1073741823:g8
1073741823,1073741823,1073741823,1073741823,1006632959,1073741823,1006551039,1073053695,1073610751,1073741823,1073741823,1073741823,1073741823,1073741823,1073741823:g8
1073741823,1073741823,1073741823,1073741823,1073741823,1006632959,1006551039,1073053695,1073610751,1073741823,1073741823,1073741823,1073741823,1073741823,1073741823:g8
1073741823,1073741823,1073741823,1073741823,1073741823,805306367,1006551039,1073053695,1073610751,1073741823,1073741823,1073741823,1073741823,1073741823,1073741823:g8
1073741823,1073741823,1073741823,1073741823,1073741823,1073741823,738115583,1073053695,1073610751,1073741823,1073741823,1073741823,1073741823,1073741823,1073741823:g8
1073741823,1073741823,1073741823,1073741823,1073741823,1073741823,1006551039,804618239,1073610751,1073741823,1073741823,1073741823,1073741823,1073741823,1073741823:g8
1073741823,1073741823,1073741823,1073741823,1073741823,1073741823,1006551039,1073053695,1006501887,1073741823,1073741823,1073741823,1073741823,1073741823,1073741823:g8
1073741823,1073741823,1073741823,1073741823,1073741823,1073741823,1006551039,1005944831,1073610751,1073741823,1073741823,1073741823,1073741823,1073741823,1073741823:g8
1073741823,1073741823,1073741823,1073741823,1073741823,1073741823,1006551039,1073053695,1073610751,1073741823,1073737727,1073741823,1073741823,1073741823,1073741823:g8
1073741823,1073741823,1073741823,1073741823,1073741823,1073741823,1006551039,1073053695,1073610751,1073741823,1072693247,1073741823,1073741823,1073741823,1073741823:g8
1073741823,1073741823,1073741823,1073741823,1073741823,1073741823,1006551039,1073053695,1073610751,1073741823,1073676287,1073741823,1073741823,1073741823,1073741823:g8
1073741823,1073741823,1073741823,1073741823,1073741823,1073741823,1006551039,1073053695,1073610751,1073676287,1073741823,1073741823,1073741823,1073741823,1073741823:g8
1073741823,1073741823,1073741823,1073741823,1073741823,1073741823,1006551039,1073053695,1073609727,1073741823,1073741823,1073741823,1073741823,1073741823,1073741823:g8
1073741823,1073741823,1073741823,1073741823,1073741823,1073741823,1006550015,1073053695,1073610751,1073741823,1073741823,1073741823,1073741823,1073741823,1073741823:g8
1073741823,1073741823,1073741823,1073741823,1073740799,1073741823,1006551039,1073053695,1073610751,1073741823,1073741823,1073741823,1073741823,1073741823,1073741823:g8
1073741823,1073741823,1073741823,1073741823,1073741823,1073737727,1006551039,1073053695,1073610751,1073741823,1073741823,1073741823,1073741823,1073741823,1073741823:g8
1073741823,1073741823,1073741823,1073741823,1073725439,1073741823,1006551039,1073053695,1073610751,1073741823,1073741823,1073741823,1073741823,1073741823,1073741823:g8
1073741823,1073741823,1073741823,1073741823,1073479679,1073741823,1006551039,1073053695,1073610751,1073741823,1073741823,1073741823,1073741823,1073741823,1073741823:g8
1073741823,1073741823,1073741823,1073741823,1073741823,1069547519,1006551039,1073053695,1073610751,1073741823,1073741823,1073741823,1073741823,1073741823,1073741823:g8
1073741823,1073741823,1073741823,1073741823,1073741823,1073741823,1006551039,1068859391,1073610751,1073741823,1073741823,1073741823,1073741823,1073741823,1073741823:g8
1073741823,1073741823,1073741823,1073741823,1073741823,1073741823,1006551039,1072005119,1073610751,1073741823,1073741823,1073741823,1073741823,1073741823,1073741823:j7
1073741823,1073741823,1073741823,1073741823,1073741823,1073741823,1006026751,1072005119,1073610751,1056964607,1073741823,1073741823,1073741823,1073741823,1073741823:j9
1073741823,1073741823,1073741823,1073741823,1073741823,1073741823,1006026751,1072005119,1073610751,1073737727,1073741823,1073741823,1073741823,1073741823,1073741823:j10
1073741823,1073741823,1073741823,1073741823,1073741823,1072693247,1006026751,1072005119,1073610751,1073741823,1073741823,1073741823,1073741823,1073741823,1073741823:j10
1073741823,1073741823,1073741823,1073741823,1073741823,1073741823,1006026751,1072005119,1073610751,1072693247,1073741823,1073741823,1073741823,1073741823,1073741823:j9
1073741823,1073741823,1073741823,1073741823,1073741823,1073741823,1006026751,1072005119,1069416447,1073741823,1073741823,1073741823,1073741823,1073741823,1073741823:j9
1073741823,1073741823,1073741823,1073741823,1073741823,1073741823,1006026751,1055227903,1073610751,1073741823,1073741823,1073741823,1073741823,1073741823,1073741823:j9
1073741823,1073741823,1073741823,1073741823,1073741823,1073741823,1001832447,1072005119,1073610751,1073741823,1073741823,1073741823,1073741823,1073741823,1073741823:j9
1073741823,1073741823,1073741823,1073741823,1073741823,1073741823,989249535,1072005119,1073610751,1073741823,1073741823,1073741823,1073741823,1073741823,1073741823:j9
1073741823,1073741823,1073741823,1073741823,1069547519,1073741823,1006026751,1072005119,1073610751,1073741823,1073741823,1073741823,1073741823,1073741823,1073741823:j9
1073741823,1073741823,1073741823,1073741823,1073741823,1056964607,1006026751,1072005119,1073610751,1073741823,1073741823,1073741823,1073741823,1073741823,1073741823:j9
1073741823,1073741823,1073741823,1073741823,1006632959,1073741823,1006026751,1072005119,1073610751,1073741823,1073741823,1073741823,1073741823,1073741823,1073741823:j9
1073741823,1073741823,1073741823,1073741823,1073741823,1006632959,1006026751,1072005119,1073610751,1073741823,1073741823,1073741823,1073741823,1073741823,1073741823:j9
1073741823,1073741823,1073741823,1073741823,1073741823,805306367,1006026751,1072005119,1073610751,1073741823,1073741823,1073741823,1073741823,1073741823,1073741823:j9
1073741823,1073741823,1073741823,1073741823,1073741823,1073741823,737591295,1072005119,1073610751,1073741823,1073741823,1073741823,1073741823,1073741823,1073741823:j9
1073741823,1073741823,1073741823,1073741823,1073741823,1073741823,1006026751,803569663,1073610751,1073741823,1073741823,1073741823,1073741823,1073741823,1073741823:j9
1073741823,1073741823,1073741823,1073741823,1073741823,1073741823,1006026751,1072005119,1006501887,1073741823,1073741823,1073741823,1073741823,1073741823,1073741823:j9
1073741823,1073741823,1073741823,1073741823,1073741823,1073741823,1006026751,1004896255,1073610751,1073741823,1073741823,1073741823,1073741823,1073741823,1073741823:j9
1073741823,1073741823,1073741823,1073741823,1073741823,1073741823,1006026751,1072005119,1073610751,1073741823,1073737727,1073741823,1073741823,1073741823,1073741823:j9
1073741823,1073741823,1073741823,1073741823,1073741823,1073741823,1006026751,1072005119,1073610751,1073741823,1072693247,1073741823,1073741823,1073741823,1073741823:j9
1073741823,1073741823,1073741823,1073741823,1073741823,1073741823,1006026751,1072005119,1073610751,1073741823,1073676287,1073741823,1073741823,1073741823,1073741823:j9
1073741823,1073741823,1073741823,1073741823,1073741823,1073741823,1006026751,1072005119,1073610751,1073676287,1073741823,1073741823,1073741823,1073741823,1073741823:j9
1073741823,1073741823,1073741823,1073741823,1073741823,1073741823,1006026751,1072005119,1073609727,1073741823,1073741823,1073741823,1073741823,1073741823,1073741823:j9
1073741823,1073741823,1073741823,1073741823,1073741823,1073741823,1006025727,1072005119,1073610751,1073741823,1073741823,1073741823,1073741823,1073741823,1073741823:j9
1073741823,1073741823,1073741823,1073741823,1073740799,1073741823,1006026751,1072005119,1073610751,1073741823,1073741823,1073741823,1073741823,1073741823,1073741823:j9
1073741823,1073741823,1073741823,1073741823,1073741823,1073737727,1006026751,1072005119,1073610751,1073741823,1073741823,1073741823,1073741823,1073741823,1073741823:j9
1073741823,1073741823,1073741823,1073741823,1073725439,1073741823,1006026751,1072005119,1073610751,1073741823,1073741823,1073741823,1073741823,1073741823,1073741823:j9
1073741823,1073741823,1073741823,1073741823,1073479679,1073741823,1006026751,1072005119,1073610751,1073741823,1073741823,1073741823,1073741823,1073741823,1073741823:j9
1073741823,1073741823,1073741823,1073741823,1073741823,1069547519,1006026751,1072005119,1073610751,1073741823,1073741823,1073741823,1073741823,1073741823,1073741823:j9
1073741823,1073741823,1073741823,1073741823,1073741823,1073741823,1006026751,1067810815,1073610751,1073741823,1073741823,1073741823,1073741823,1073741823,1073741823:j9
1073741823,1073741823,1073741823,1073741823,1073741823,1073741823,1006026751,1072005119,1073610751,1069547519,1073741823,1073741823,1073741823,1073741823,1073741823:j9
1073741823,1073741823,1073741823,1073741823,1073741823,1073741823,1006026751,1072005119,1073348607,1073741823,1073741823,1073741823,1073741823,1073741823,1073741823:g10
1073741823,1073741823,1073741823,1073741823,1073737727,1073741823,1006026751,1072005119,1073610751,1073741823,1073741823,1073741823,1073741823,1073741823,1073741823:j9
1073741823,1073741823,1073741823,1073741823,1073676287,1073741823,1006026751,1072005119,1073610751,1073741823,1073741823,1073741823,1073741823,1073741823,1073741823:j9
1073741823,1073741823,1073741823,1073741823,1073741823,1073676287,1006026751,1072005119,1073610751,1073741823,1073741823,1073741823,1073741823,1073741823,1073741823:j9
1073741823,1073741823,1073741823,1073741823,1072693247,1073741823,1006026751,1072005119,1073610751,1073741823,1073741823,1073741823,1073741823,1073741823,1073741823:j9
1073741823,1073741823,1073741823,1073741823,1073741823,1073741823,1004978175,1072005119,1073610751,1073741823,1073741823,1073741823,1073741823,1073741823,1073741823:j9
1073741823,1073741823,1073741823,1073741823,1073741823,1073741823,1006026751,1072005119,1072562175,1073741823,1073741823,1073741823,1073741823,1073741823,1073741823:j10
1073741823,1073741823,1073741823,1073741823,1073741823,1073741823,1006026751,1072005119,1073610751,1073740799,1073741823,1073741823,1073741823,1073741823,1073741823:j9
1073741823,1073741823,1073741823,1073741823,1073741823,1073741823,1006026751,1072005119,1073606655,1073741823,1073741823,1073741823,1073741823,1073741823,1073741823:j10
1073741823,1073741823,1073741823,1073741823,1073741823,1073741823,1006026751,1072004095,1073610751,1073741823,1073741823,1073741823,1073741823,1073741823,1073741823:j9
1073741823,1073741823,1073741823,1073741823,1073741823,1073741823,1006026751,1072001023,1073610751,1073741823,1073741823,1073741823,1073741823,1073741823,1073741823:j9
1073741823,1073741823,1073741823,1073741823,1073741823,1073740799,1006026751,1072005119,1073610751,1073741823,1073741823,1073741823,1073741823,1073741823,1073741823:j9
1073741823,1073741823,1073741823,1073741823,1073741823,1073741823,1006022655,1072005119,1073610751,1073741823,1073741823,1073741823,1073741823,1073741823,1073741823:j9
1073741823,1073741823,1073741823,1073741823,1073741823,1073725439,1006026751,1072005119,1073610751,1073741823,1073741823,1073741823,1073741823,1073741823,1073741823:j9
1073741823,1073741823,1073741823,1073741823,1073741823,1073479679,1006026751,1072005119,1073610751,1073741823,1073741823,1073741823,1073741823,1073741823,1073741823:h9
1073741823,1073741823,1073741823,1073741823,1073741823,1073741823,1006026751,1072005119,1073610751,1073479679,1073741823,1073741823,1073741823,1073741823,1073741823:j6
1073741823,1073741823,1073741823,1073741823,1073741823,1073741823,1006026751,1072005119,1073610751,1073725439,1073741823,1073741823,1073741823,1073741823,1073741823:j9
1073741823,1073741823,1073741823,1073741823,1073741823,1073741823,1006026751,1072005119,1073594367,1073741823,1073741823,1073741823,1073741823,1073741823,1073741823:j10
1073741823,1073741823,1073741823,1073741823,1073741823,1073741823,1006551039,1073053695,1073610751,1069547519,1073741823,1073741823,1073741823,1073741823,1073741823:g8
1073741823,1073741823,1073741823,1073741823,1073741823,1073741823,1006551039,1073053695,1073348607,1073741823,1073741823,1073741823,1073741823,1073741823,1073741823:g8
1073741823,1073741823,1073741823,1073741823,1073737727,1073741823,1006551039,1073053695,1073610751,1073741823,1073741823,1073741823,1073741823,1073741823,1073741823:g8
1073741823,1073741823,1073741823,1073741823,1073676287,1073741823,1006551039,1073053695,1073610751,1073741823,1073741823,1073741823,1073741823,1073741823,1073741823:g8
1073741823,1073741823,1073741823,1073741823,1073741823,1073676287,1006551039,1073053695,1073610751,1073741823,1073741823,1073741823,1073741823,1073741823,1073741823:g8
1073741823,1073741823,1073741823,1073741823,1072693247,1073741823,1006551039,1073053695,1073610751,1073741823,1073741823,1073741823,1073741823,1073741823,1073741823:g8
1073741823,1073741823,1073741823,1073741823,1073741823,1073741823,1005502463,1073053695,1073610751,1073741823,1073741823,1073741823,1073741823,1073741823,1073741823:g8
1073741823,1073741823,1073741823,1073741823,1073741823,1073741823,1006288895,1073053695,1073610751,1073741823,1073741823,1073741823,1073741823,1073741823,1073741823:g8
1073741823,1073741823,1073741823,1073741823,1073741823,1073741823,1006551039,1073053695,1072562175,1073741823,1073741823,1073741823,1073741823,1073741823,1073741823:g8
1073741823,1073741823,1073741823,1073741823,1073741823,1073741823,1006551039,1073053695,1073610751,1073740799,1073741823,1073741823,1073741823,1073741823,1073741823:g8
1073741823,1073741823,1073741823,1073741823,1073741823,1073741823,1006551039,1073053695,1073606655,1073741823,1073741823,1073741823,1073741823,1073741823,1073741823:g8
1073741823,1073741823,1073741823,1073741823,1073741823,1073741823,1006551039,1073052671,1073610751,1073741823,1073741823,1073741823,1073741823,1073741823,1073741823:k8
1073741823,1073741823,1073741823,1073741823,1073741823,1073741823,1006551039,1073049599,1073610751,1073741823,1073741823,1073741823,1073741823,1073741823,1073741823:k7
1073741823,1073741823,1073741823,1073741823,1056964607,1073741823,1004453887,1073049599,1073610751,1073741823,1073741823,1073741823,1073741823,1073741823,1073741823:h10
1073741823,1073741823,1073741823,1073741823,1073741823,1073741823,1004453887,1073049599,1056833535,1073741823,1073741823,1073741823,1073741823,1073741823,1073741823:l6
1073741823,1073741823,1073741823,1073741823,1073741823,1073741823,1004453887,1073049599,1073610751,1073741567,1073741823,1073741823,1073741823,1073741823,1073741823:l6
1073741823,1073741823,1073741823,1073741823,1073741823,1073741823,1004453887,1073049343,1073610751,1073741823,1073741823,1073741823,1073741823,1073741823,1073741823:l6
1073741823,1073741823,1073741823,1073741823,1073741823,1073741567,1004453887,1073049599,1073610751,1073741823,1073741823,1073741823,1073741823,1073741823,1073741823:l6
1073741823,1073741823,1073741823,1073741823,1073741823,1073741823,1004453887,1073049599,1073610751,1073737727,1073741823,1073741823,1073741823,1073741823,1073741823:l6
1073741823,1073741823,1073741823,1073741823,1073741823,1072693247,1004453887,1073049599,1073610751,1073741823,1073741823,1073741823,1073741823,1073741823,1073741823:l6
1073741823,1073741823,1073741823,1073741823,1073741823,1073741823,1004453887,1073049599,1073610751,1072693247,1073741823,1073741823,1073741823,1073741823,1073741823:l6
1073741823,1073741823,1073741823,1073741823,1073741823,1073741823,1004453887,1073049599,1069416447,1073741823,1073741823,1073741823,1073741823,1073741823,1073741823:l6
1073741823,1073741823,1073741823,1073741823,1073741823,1073741823,1004453887,1056272383,1073610751,1073741823,1073741823,1073741823,1073741823,1073741823,1073741823:l6
1073741823,1073741823,1073741823,1073741823,1073741823,1073741823,1000259583,1073049599,1073610751,1073741823,1073741823,1073741823,1073741823,1073741823,1073741823:l6
1073741823,1073741823,1073741823,1073741823,1073741823,1073741823,987676671,1073049599,1073610751,1073741823,1073741823,1073741823,1073741823,1073741823,1073741823:l6
1073741823,1073741823,1073741823,1073741823,1069547519,1073741823,1004453887,1073049599,1073610751,1073741823,1073741823,1073741823,1073741823,1073741823,1073741823:l6
1073741823,1073741823,1073741823,1073741823,1073741823,1056964607,1004453887,1073049599,1073610751,1073741823,1073741823,1073741823,1073741823,1073741823,1073741823:l6
1073741823,1073741823,1073741823,1073741823,1006632959,1073741823,1004453887,1073049599,1073610751,1073741823,1073741823,1073741823,1073741823,1073741823,1073741823:l6
1073741823,1073741823,1073741823,1073741823,1073741823,1006632959,1004453887,1073049599,1073610751,1073741823,1073741823,1073741823,1073741823,1073741823,1073741823:l6
1073741823,1073741823,1073741823,1073741823,1073741823,805306367,1004453887,1073049599,1073610751,1073741823,1073741823,1073741823,1073741823,1073741823,1073741823:l6
1073741823,1073741823,1073741823,1073741823,1073741823,1073741823,736018431,1073049599,1073610751,1073741823,1073741823,1073741823,1073741823,1073741823,1073741823:l6
1073741823,1073741823,1073741823,1073741823,1073741823,1073741823,1004453887,804614143,1073610751,1073741823,1073741823,1073741823,1073741823,1073741823,1073741823:l6
1073741823,1073741823,1073741823,1073741823,1073741823,1073741823,1004453887,1073049599,1006501887,1073741823,1073741823,1073741823,1073741823,1073741823,1073741823:l6
1073741823,1073741823,1073741823,1073741823,1073741823,1073741823,1004453887,1005940735,1073610751,1073741823,1073741823,1073741823,1073741823,1073741823,1073741823:l6
1073741823,1073741823,1073741823,1073741823,1073741823,1073741823,1004453887,1073049599,1073610751,1073741823,1073737727,1073741823,1073741823,1073741823,1073741823:l6
1073741823,1073741823,1073741823,1073741823,1073741823,1073741823,1004453887,1073049599,1073610751,1073741823,1072693247,1073741823,1073741823,1073741823,1073741823:l6
1073741823,1073741823,1073741823,1073741823,1073741823,1073741823,1004453887,1073049599,1073610751,1073741823,1073676287,1073741823,1073741823,1073741823,1073741823:l6
1073741823,1073741823,1073741823,1073741823,1073741823,1073741823,1004453887,1073049599,1073610751,1073676287,1073741823,1073741823,1073741823,1073741823,1073741823:l6
1073741823,1073741823,1073741823,1073741823,1073741823,1073741823,1004453887,1073049599,1073609727,1073741823,1073741823,1073741823,1073741823,1073741823,1073741823:l6
1073741823,1073741823,1073741823,1073741823,1073741823,1073741823,1004452863,1073049599,1073610751,1073741823,1073741823,1073741823,1073741823,1073741823,1073741823:l6
1073741823,1073741823,1073741823,1073741823,1073740799,1073741823,1004453887,1073049599,1073610751,1073741823,1073741823,1073741823,1073741823,1073741823,1073741823:l6
1073741823,1073741823,1073741823,1073741823,1073741823,1073737727,1004453887,1073049599,1073610751,1073741823,1073741823,1073741823,1073741823,1073741823,1073741823:l6
1073741823,1073741823,1073741823,1073741823,1073725439,1073741823,1004453887,1073049599,1073610751,1073741823,1073741823,1073741823,1073741823,1073741823,1073741823:l6
1073741823,1073741823,1073741823,1073741823,1073479679,1073741823,1004453887,1073049599,1073610751,1073741823,1073741823,1073741823,1073741823,1073741823,1073741823:l6
1073741823,1073741823,1073741823,1073741823,1073741823,1069547519,1004453887,1073049599,1073610751,1073741823,1073741823,1073741823,1073741823,1073741823,1073741823:k9
1073741823,1073741823,1073741823,1073741823,1073741823,1069547519,1004453887,1073049599,1071513599,1073741823,1056964607,1073741823,1073741823,1073741823,1073741823:k6
1073741823,1073741823,1073741823,1073479679,1073741823,1069547519,1004453887,1073049599,1071513599,1073741823,1073741823,1073741823,1073741823,1073741823,1073741823:k8
1073741823,1073741823,1073741823,1069547519,1073741823,1069547519,1004453887,1073049599,1071513599,1073741823,1073741823,1073741823,1073741823,1073741823,1073741823:k6
1073741823,1073741823,1073741823,1006632959,1073741823,1069547519,1004453887,1073049599,1071513599,1073741823,1073741823,1073741823,1073741823,1073741823,1073741823:k6
1073741823,1073741823,1073741823,1073741823,1056964607,1069547519,1004453887,1073049599,1071513599,1073741823,1073741823,1073741823,1073741823,1073741823,1073741823:k6
1073741823,1073741823,1073741823,1073741823,1073741823,1069547519,1004453887,1073049599,1054736383,1073741823,1073741823,1073741823,1073741823,1073741823,1073741823:k6
1073741823,1073741823,1073741823,1073741823,1073741823,1069547519,1004453887,1073049599,1071513599,1073741567,1073741823,1073741823,1073741823,1073741823,1073741823:k8
1073741823,1073741823,1073741823,1073741823,1073741823,1069547519,1004453887,1073049343,1071513599,1073741823,1073741823,1073741823,1073741823,1073741823,1073741823:k6
1073741823,1073741823,1073741823,1073741823,1073741823,1069547263,1004453887,1073049599,1071513599,1073741823,1073741823,1073741823,1073741823,1073741823,1073741823:k6
1073741823,1073741823,1073741823,1073741823,1073741823,1069547519,1004453887,1073049599,1071513599,1073737727,1073741823,1073741823,1073741823,1073741823,1073741823:k6
1073741823,1073741823,1073741823,1073741823,1073741823,1068498943,1004453887,1073049599,1071513599,1073741823,1073741823,1073741823,1073741823,1073741823,1073741823:k8
1073741823,1073741823,1073741823,1073741823,1073741823,1069547519,1004453887,1073049599,1071513599,1072693247,1073741823,1073741823,1073741823,1073741823,1073741823:k8
1073741823,1073741823,1073741823,1073741823,1073741823,1069547519,1004453887,1073049599,1067319295,1073741823,1073741823,1073741823,1073741823,1073741823,1073741823:k8
1073741823,1073741823,1073741823,1073741823,1073741823,1069547519,1004453887,1056272383,1071513599,1073741823,1073741823,1073741823,1073741823,1073741823,1073741823:k8
1073741823,1073741823,1073741823,1073741823,1073741823,1069547519,1000259583,1073049599,1071513599,1073741823,1073741823,1073741823,1073741823,1073741823,1073741823:k6
1073741823,1073741823,1073741823,1073741823,1073741823,1069547519,987676671,1073049599,1071513599,1073741823,1073741823,1073741823,1073741823,1073741823,1073741823:k8
1073741823,1073741823,1073741823,1073741823,1069547519,1069547519,1004453887,1073049599,1071513599,1073741823,1073741823,1073741823,1073741823,1073741823,1073741823:k8
1073741823,1073741823,1073741823,1073741823,1073741823,1052770303,1004453887,1073049599,1071513599,1073741823,1073741823,1073741823,1073741823,1073741823,1073741823:k6
1073741823,1073741823,1073741823,1073741823,1006632959,1069547519,1004453887,1073049599,1071513599,1073741823,1073741823,1073741823,1073741823,1073741823,1073741823:k6
1073741823,1073741823,1073741823,1073741823,1073741823,1002438655,1004453887,1073049599,1071513599,1073741823,1073741823,1073741823,1073741823,1073741823,1073741823:k6
1073741823,1073741823,1073741823,1073741823,1073741823,801112063,1004453887,1073049599,1071513599,1073741823,1073741823,1073741823,1073741823,1073741823,1073741823:k8
1073741823,1073741823,1073741823,1073741823,1073741823,1069547519,736018431,1073049599,1071513599,1073741823,1073741823,1073741823,1073741823,1073741823,1073741823:k6
1073741823,1073741823,1073741823,1073741823,1073741823,1069547519,1004453887,804614143,1071513599,1073741823,1073741823,1073741823,1073741823,1073741823,1073741823:k6
1073741823,1073741823,1073741823,1073741823,1073741823,1069547519,1004453887,1073049599,1004404735,1073741823,1073741823,1073741823,1073741823,1073741823,1073741823:k6
1073741823,1073741823,1073741823,1073741823,1073741823,1069547519,1004453887,1005940735,1071513599,1073741823,1073741823,1073741823,1073741823,1073741823,1073741823:k8
1073741823,1073741823,1073741823,1073741823,1073741823,1069547519,1004453887,1073049599,1071513599,1073741823,1073737727,1073741823,1073741823,1073741823,1073741823:k6
1073741823,1073741823,1073741823,1073741823,1073741823,1069547519,1004453887,1073049599,1071513599,1073741823,1072693247,1073741823,1073741823,1073741823,1073741823:k6
1073741823,1073741823,1073741823,1073741823,1073741823,1069547519,1004453887,1073049599,1071513599,1073741823,1073676287,1073741823,1073741823,1073741823,1073741823:k6
1073741823,1073741823,1073741823,1073741823,1073741823,1069547519,1004453887,1073049599,1071513599,1073676287,1073741823,1073741823,1073741823,1073741823,1073741823:k6
1073741823,1073741823,1073741823,1073741823,1073741823,1069547519,1004453887,1073049599,1071512575,1073741823,1073741823,1073741823,1073741823,1073741823,1073741823:k8
1073741823,1073741823,1073741823,1073741823,1073741823,1069547519,1004452863,1073049599,1071513599,1073741823,1073741823,1073741823,1073741823,1073741823,1073741823:k8
1073741823,1073741823,1073741823,1073741823,1073740799,1069547519,1004453887,1073049599,1071513599,1073741823,1073741823,1073741823,1073741823,1073741823,1073741823:k6
1073741823,1073741823,1073741823,1073741823,1073741823,1069543423,1004453887,1073049599,1071513599,1073741823,1073741823,1073741823,1073741823,1073741823,1073741823:k6
1073741823,1073741823,1073741823,1073741823,1073725439,1069547519,1004453887,1073049599,1071513599,1073741823,1073741823,1073741823,1073741823,1073741823,1073741823:k6
1073741823,1073741823,1073741823,1073741823,1073479679,1069547519,1004453887,1073049599,1071513599,1073741823,1073741823,1073741823,1073741823,1073741823,1073741823:k8
1073741823,1073741823,1073741823,1073741823,1073741823,1069547519,1004453887,1068855295,1071513599,1073741823,1073741823,1073741823,1073741823,1073741823,1073741823:k6
1073741823,1073741823,1073741823,1073741823,1073741823,1069547519,1004453887,1072001023,1071513599,1073741823,1073741823,1073741823,1073741823,1073741823,1073741823:j9
1073741823,1073741823,1073741823,1073741823,1073741823,1069547519,1004453887,1073049599,1071513599,1069547519,1073741823,1073741823,1073741823,1073741823,1073741823:k6
1073741823,1073741823,1073741823,1073741823,1073741823,1069547519,1004453887,1073049599,1071251455,1073741823,1073741823,1073741823,1073741823,1073741823,1073741823:k8
1073741823,1073741823,1073741823,1073741823,1073737727,1069547519,1004453887,1073049599,1071513599,1073741823,1073741823,1073741823,1073741823,1073741823,1073741823:k6
1073741823,1073741823,1073741823,1073741823,1073676287,1069547519,1004453887,1073049599,1071513599,1073741823,1073741823,1073741823,1073741823,1073741823,1073741823:k6
1073741823,1073741823,1073741823,1073741823,1073741823,1069481983,1004453887,1073049599,1071513599,1073741823,1073741823,1073741823,1073741823,1073741823,1073741823:k8
1073741823,1073741823,1073741823,1073741823,1072693247,1069547519,1004453887,1073049599,1071513599,1073741823,1073741823,1073741823,1073741823,1073741823,1073741823:k8
1073741823,1073741823,1073741823,1073741823,1073741823,1069547519,1004191743,1073049599,1071513599,1073741823,1073741823,1073741823,1073741823,1073741823,1073741823:k8
1073741823,1073741823,1073741823,1073741823,1073741823,1069547519,1004453887,1073049599,1071513599,1073740799,1073741823,1073741823,1073741823,1073741823,1073741823:k6
1073741823,1073741823,1073741823,1073741823,1073741823,1069547519,1004453887,1073049599,1071509503,1073741823,1073741823,1073741823,1073741823,1073741823,1073741823:k6
1073741823,1073741823,1073741823,1073741823,1073741823,1069547519,1004453887,1073048575,1071513599,1073741823,1073741823,1073741823,1073741823,1073741823,1073741823:k6
1073741823,1073741823,1073741823,1073741823,1073741823,1069546495,1004453887,1073049599,1071513599,1073741823,1073741823,1073741823,1073741823,1073741823,1073741823:k6
1073741823,1073741823,1073741823,1073741823,1073741823,1069547519,1004449791,1073049599,1071513599,1073741823,1073741823,1073741823,1073741823,1073741823,1073741823:k8
1073741823,1073741823,1073741823,1073741823,1073741823,1069531135,1004453887,1073049599,1071513599,1073741823,1073741823,1073741823,1073741823,1073741823,1073741823:k6
1073741823,1073741823,1073741823,1073741823,1073741823,1069285375,1004453887,1073049599,1071513599,1073741823,1073741823,1073741823,1073741823,1073741823,1073741823:k8
1073741823,1073741823,1073741823,1073741823,1073741823,1069547519,1004453887,1073049599,1071513599,1073479679,1073741823,1073741823,1073741823,1073741823,1073741823:k6
1073741823,1073741823,1073741823,1073741823,1073741823,1069547519,1004453887,1073049599,1071513599,1073725439,1073741823,1073741823,1073741823,1073741823,1073741823:k6
1073741823,1073741823,1073741823,1073741823,1073741823,1069547519,1004453887,1073049599,1071497215,1073741823,1073741823,1073741823,1073741823,1073741823,1073741823:k8
1073741823,1073741823,1073741823,1073741823,1073741823,1073741823,1004453887,1068855295,1073610751,1073741823,1073741823,1073741823,1073741823,1073741823,1073741823:l6
1073741823,1073741823,1073741823,1073741823,1073741823,1073741823,1004453887,1072001023,1073610751,1073741823,1073741823,1073741823,1073741823,1073741823,1073741823:l6
1073741823,1073741823,1073741823,1073741823,1073741823,1073741823,1004453887,1073049599,1073610751,1069547519,1073741823,1073741823,1073741823,1073741823,1073741823:l6
1073741823,1073741823,1073741823,1073741823,1073741823,1073741823,1004453887,1073049599,1073348607,1073741823,1073741823,1073741823,1073741823,1073741823,1073741823:l6
1073741823,1073741823,1073741823,1073741823,1073737727,1073741823,1004453887,1073049599,1073610751,1073741823,1073741823,1073741823,1073741823,1073741823,1073741823:l6
1073741823,1073741823,1073741823,1073741823,1073676287,1073741823,1004453887,1073049599,1073610751,1073741823,1073741823,1073741823,1073741823,1073741823,1073741823:l6
1073741823,1073741823,1073741823,1073741823,1073741823,1073676287,1004453887,1073049599,1073610751,1073741823,1073741823,1073741823,1073741823,1073741823,1073741823:l6
1073741823,1073741823,1073741823,1073741823,1072693247,1073741823,1004453887,1073049599,1073610751,1073741823,1073741823,1073741823,1073741823,1073741823,1073741823:l6
1073741823,1073741823,1073741823,1073741823,1073741823,1073741823,1004191743,1073049599,1073610751,1073741823,1073741823,1073741823,1073741823,1073741823,1073741823:l6
1073741823,1073741823,1073741823,1073741823,1073741823,1073741823,1004453887,1073049599,1072562175,1073741823,1073741823,1073741823,1073741823,1073741823,1073741823:l6
1073741823,1073741823,1073741823,1073741823,1073741823,1073741823,1004453887,1073049599,1073610751,1073740799,1073741823,1073741823,1073741823,1073741823,1073741823:l6
1073741823,1073741823,1073741823,1073741823,1073741823,1073741823,1004453887,1073049599,1073606655,1073741823,1073741823,1073741823,1073741823,1073741823,1073741823:l6
1073741823,1073741823,1073741823,1073741823,1073741823,1073741823,1004453887,1073048575,1073610751,1073741823,1073741823,1073741823,1073741823,1073741823,1073741823:l6
1073741823,1073741823,1073741823,1073741823,1073741823,1073740799,1004453887,1073049599,1073610751,1073741823,1073741823,1073741823,1073741823,1073741823,1073741823:l6
1073741823,1073741823,1073741823,1073741823,1073741823,1073741823,1004449791,1073049599,1073610751,1073741823,1073741823,1073741823,1073741823,1073741823,1073741823:l6
1073741823,1073741823,1073741823,1073741823,1073741823,1073725439,1004453887,1073049599,1073610751,1073741823,1073741823,1073741823,1073741823,1073741823,1073741823:l6
1073741823,1073741823,1073741823,1073741823,1073741823,1073479679,1004453887,1073049599,1073610751,1073741823,1073741823,1073741823,1073741823,1073741823,1073741823:l6
1073741823,1073741823,1073741823,1073741823,1073741823,1073741823,1004453887,1073049599,1073610751,1073479679,1073741823,1073741823,1073741823,1073741823,1073741823:l6
1073741823,1073741823,1073741823,1073741823,1073741823,1073741823,1004453887,1073049599,1073610751,1073725439,1073741823,1073741823,1073741823,1073741823,1073741823:k8
1073741823,1073741823,1073741823,1073741823,1073741823,1073741823,1004453887,1073049599,1073594367,1073741823,1073741823,1073741823,1073741823,1073741823,1073741823:l6
1073741823,1073741823,1073741823,1073741823,1073741823,1073740799,1006551039,1073053695,1073610751,1073741823,1073741823,1073741823,1073741823,1073741823,1073741823:g8
1073741823,1073741823,1073741823,1073741823,1073741823,1073741823,1006546943,1073053695,1073610751,1073741823,1073741823,1073741823,1073741823,1073741823,1073741823:g8
1073741823,1073741823,1073741823,1073741823,1073741823,1073725439,1006551039,1073053695,1073610751,1073741823,1073741823,1073741823,1073741823,1073741823,1073741823:g8
1073741823,1073741823,1073741823,1073741823,1073741823,1073479679,1006551039,1073053695,1073610751,1073741823,1073741823,1073741823,1073741823,1073741823,1073741823:g8
1073741823,1073741823,1073741823,1073741823,1073741823,1073741823,1006551039,1073053695,1073610751,1073479679,1073741823,1073741823,1073741823,1073741823,1073741823:g8
1073741823,1073741823,1073741823,1073741823,1073741823,1073741823,1006551039,1073053695,1073610751,1073725439,1073741823,1073741823,1073741823,1073741823,1073741823:g8
1073741823,1073741823,1073741823,1073741823,1073741823,1073741823,1006551039,1073053695,1073594367,1073741823,1073741823,1073741823,1073741823,1073741823,1073741823:g8
