1073741823,1073741823,1073741823,1073741823,1073741823,1073741823,1073659903,1073184767,1073610735,1073741823,1073741823,1073741823,1073741823,1073741823,1073741823:g7
1073741823,1073741823,1073741823,1073741823,1073741567,1073741823,1073651711,1073184767,1073610735,1073741823,1073741823,1073741823,1073741823,1073741823,1073741823:j10
1073741823,1073741823,1073741823,1073741823,1073741823,1073741823,1073651711,1073184767,1073610735,1073741823,1073741822,1073741823,1073741823,1073741823,1073741823:f6
1073741823,1073741823,1073741823,1073741823,1073741823,1073741823,1073651711,1073184767,1073610735,1073741819,1073741823,1073741823,1073741823,1073741823,1073741823:f6
1073741823,1073741823,1073741823,1073741823,1073741823,1073741823,1073651711,1073184767,1073610734,1073741823,1073741823,1073741823,1073741823,1073741823,1073741823:f6
1073741823,1073741823,1073741823,1073741823,1073741823,1073741823,1073651711,1073184767,1073610731,1073741823,1073741823,1073741823,1073741823,1073741823,1073741823:f6
1073741823,1073741823,1073741823,1073741823,1073741823,1073741823,1073651710,1073184767,1073610735,1073741823,1073741823,1073741823,1073741823,1073741823,1073741823:f6
1073741823,1073741823,1073741823,1073741823,1073741823,1073741823,1073651711,1073184763,1073610735,1073741823,1073741823,1073741823,1073741823,1073741823,1073741823:f6
1073741823,1073741823,1073741823,1073741823,1073741823,1073741823,1073651695,1073184767,1073610735,1073741823,1073741823,1073741823,1073741823,1073741823,1073741823:f6
1073741823,1073741823,1073741823,1073741823,1073741823,1073741823,1073651711,1073184751,1073610735,1073741823,1073741823,1073741823,1073741823,1073741823,1073741823:f6
1073741823,1073741823,1073741823,1073741823,1073741823,1073741823,1073651455,1073184767,1073610735,1073741823,1073741823,1073741823,1073741823,1073741823,1073741823:f6
1073741823,1073741823,1073741823,1073741823,1073741823,1073741823,1073651711,1073184703,1073610735,1073741823,1073741823,1073741823,1073741823,1073741823,1073741823:f6
1073741823,1073741823,1073741823,1073741823,1073741823,1073741823,1073651711,1073184767,1073610479,1073741823,1073741823,1073741823,1073741823,1073741823,1073741823:f6
1073741823,1073741823,1073741823,1073741823,1073741823,1073741823,1073651711,1073184767,1073610671,1073741823,1073741823,1073741823,1073741823,1073741823,1073741823:f6
1073741823,1073741823,1073741823,1073741823,1073741823,1073741823,1073651711,1073184767,1073610735,1073741823,1073741567,1073741823,1073741823,1073741823,1073741823:f6
1073741823,1073741823,1073741823,1073741823,1073741823,1073741823,1073651711,1073184767,1073610735,1073741759,1073741823,1073741823,1073741823,1073741823,1073741823:f6
1073741823,1073741823,1073741823,1073741823,1073741823,1073741823,1073651711,1073184767,1073610735,1073741823,1073741807,1073741823,1073741823,1073741823,1073741823:f6
1073741823,1073741823,1073741823,1073741823,1073741823,1073741823,1073651711,1073184767,1073610735,1073741807,1073741823,1073741823,1073741823,1073741823,1073741823:f6
1073741823,1073741823,1073741823,1073741823,1073741823,1073741823,1073651711,1073184767,1073610735,1073741823,1073737727,1073741823,1073741823,1073741823,1073741823:f6
1073741823,1073741823,1073741823,1073741823,1073741823,1073741823,1073651711,1073184767,1073610735,1073741823,1072693247,1073741823,1073741823,1073741823,1073741823:f6
1073741823,1073741823,1073741823,1073741823,1073741823,1073741823,1073651711,1073184767,1073610735,1073741823,1073676287,1073741823,1073741823,1073741823,1073741823:f6
1073741823,1073741823,1073741823,1073741823,1073741823,1073741823,1073651711,1073184767,1073610735,1073676287,1073741823,1073741823,1073741823,1073741823,1073741823:f6
1073741823,1073741823,1073741823,1073741823,1073741823,1073741823,1073651711,1073184767,1073609711,1073741823,1073741823,1073741823,1073741823,1073741823,1073741823:f6
1073741823,1073741823,1073741823,1073741823,1073741823,1073741823,1073650687,1073184767,1073610735,1073741823,1073741823,1073741823,1073741823,1073741823,1073741823:f6
1073741823,1073741823,1073741823,1073741823,1073740799,1073741823,1073651711,1073184767,1073610735,1073741823,1073741823,1073741823,1073741823,1073741823,1073741823:f6
1073741823,1073741823,1073741823,1073741823,1073741823,1073737727,1073651711,1073184767,1073610735,1073741823,1073741823,1073741823,1073741823,1073741823,1073741823:f6
1073741823,1073741823,1073741823,1073741823,1073725439,1073741823,1073651711,1073184767,1073610735,1073741823,1073741823,1073741823,1073741823,1073741823,1073741823:f6
1073741823,1073741823,1073741823,1073741823,1073479679,1073741823,1073651711,1073184767,1073610735,1073741823,1073741823,1073741823,1073741823,1073741823,1073741823:f6
1073741823,1073741823,1073741823,1073741823,1073741823,1069547519,1073651711,1073184767,1073610735,1073741823,1073741823,1073741823,1073741823,1073741823,1073741823:f6
1073741823,1073741823,1073741823,1073741823,1073741823,1073741823,1073651711,1068990463,1073610735,1073741823,1073741823,1073741823,1073741823,1073741823,1073741823:f6
1073741823,1073741823,1073741823,1073741823,1073741823,1073741823,1073651711,1072136191,1073610735,1073741823,1073741823,1073741823,1073741823,1073741823,1073741823:f6
1073741823,1073741823,1073741823,1073741823,1073741823,1073741823,1073651711,1073184767,1073610735,1069547519,1073741823,1073741823,1073741823,1073741823,1073741823:f6
1073741823,1073741823,1073741823,1073741823,1073741823,1073741823,1073651711,1073184767,1073348591,1073741823,1073741823,1073741823,1073741823,1073741823,1073741823:f6
1073741823,1073741823,1073741823,1073741823,1073737727,1073741823,1073651711,1073184767,1073610735,1073741823,1073741823,1073741823,1073741823,1073741823,1073741823:f6
1073741823,1073741823,1073741823,1073741823,1073676287,1073741823,1073651711,1073184767,1073610735,1073741823,1073741823,1073741823,1073741823,1073741823,1073741823:f6
1073741823,1073741823,1073741823,1073741823,1073741823,1073676287,1073651711,1073184767,1073610735,1073741823,1073741823,1073741823,1073741823,1073741823,1073741823:f6
1073741823,1073741823,1073741823,1073741823,1072693247,1073741823,1073651711,1073184767,1073610735,1073741823,1073741823,1073741823,1073741823,1073741823,1073741823:f6
1073741823,1073741823,1073741823,1073741823,1073741823,1073741823,1072603135,1073184767,1073610735,1073741823,1073741823,1073741823,1073741823,1073741823,1073741823:f6
1073741823,1073741823,1073741823,1073741823,1073741823,1073741823,1073389567,1073184767,1073610735,1073741823,1073741823,1073741823,1073741823,1073741823,1073741823:f6
1073741823,1073741823,1073741823,1073741823,1073741823,1073741823,1073651711,1073184767,1072562159,1073741823,1073741823,1073741823,1073741823,1073741823,1073741823:f6
1073741823,1073741823,1073741823,1073741823,1073741823,1073741823,1073651711,1073184767,1073610735,1073740799,1073741823,1073741823,1073741823,1073741823,1073741823:f6
1073741823,1073741823,1073741823,1073741823,1073741823,1073741823,1073651711,1073184767,1073606639,1073741823,1073741823,1073741823,1073741823,1073741823,1073741823:f6
1073741823,1073741823,1073741823,1073741823,1073741823,1073741823,1073651711,1073183743,1073610735,1073741823,1073741823,1073741823,1073741823,1073741823,1073741823:f6
1073741823,1073741823,1073741823,1073741823,1073741823,1073741823,1073651711,1073180671,1073610735,1073741823,1073741823,1073741823,1073741823,1073741823,1073741823:f6
1073741823,1073741823,1073741823,1073741823,1073741823,1073740799,1073651711,1073184767,1073610735,1073741823,1073741823,1073741823,1073741823,1073741823,1073741823:i8
1073741823,1073741823,1073741823,1073741823,1073741823,1073725439,1073651711,1073184767,1073610735,1073741823,1073741823,1073741823,1073741823,1073741823,1073741823:f6
1073741823,1073741823,1073741823,1073741823,1073741823,1073479679,1073651711,1073184767,1073610735,1073741823,1073741823,1073741823,1073741823,1073741823,1073741823:f6
1073741823,1073741823,1073741823,1073741823,1073741823,1073741823,1073651711,1073119231,1073610735,1073741823,1073741823,1073741823,1073741823,1073741823,1073741823:f6
1073741823,1073741823,1073741823,1073741823,1073741823,1073741823,1073651711,1073184767,1073610735,1073479679,1073741823,1073741823,1073741823,1073741823,1073741823:g8
1073741823,1073741823,1073741823,1073741823,1073741823,1073741823,1073651711,1073176575,1073610735,1073479423,1073741823,1073741823,1073741823,1073741823,1073741823:i8
1073741823,1073741823,1073741823,1073741823,1073741823,1073741823,1073651711,1073176319,1073610735,1073479679,1073741823,1073741823,1073741823,1073741823,1073741823:i8
1073741823,1073741823,1073741823,1073741823,1073741823,1073741567,1073651711,1073176575,1073610735,1073479679,1073741823,1073741823,1073741823,1073741823,1073741823:i8
1073741823,1073741823,1073741823,1073741823,1073741823,1073741823,1073651711,1073176575,1073610735,1073475583,1073741823,1073741823,1073741823,1073741823,1073741823:i8
1073741823,1073741823,1073741823,1073741823,1073741823,1073741823,1073651711,1073176575,1073610735,1073479679,1073741823,1073725439,1073741823,1073741823,1073741823:i8
1073741823,1073741823,1073741823,1073741823,1073741823,1073741823,1073651711,1073176575,1073610735,1072431103,1073741823,1073741823,1073741823,1073741823,1073741823:i8
1073741823,1073741823,1073741823,1073741823,1073741823,1073741823,1073651711,1073176575,1073610735,1073479679,1073741823,1069547519,1073741823,1073741823,1073741823:i8
1073741823,1073741823,1073741823,1073741823,1073741823,1073741823,1073651711,1073176575,1073610735,1073479679,1073741823,1073479679,1073741823,1073741823,1073741823:i8
1073741823,1073741823,1073741823,1073741823,1073741823,1073741823,1073651711,1073176575,1073610735,1073479679,1073479679,1073741823,1073741823,1073741823,1073741823:i8
1073741823,1073741823,1073741823,1073741823,1073741567,1073741823,1073651711,1073176575,1073610735,1073479679,1073741823,1073741823,1073741823,1073741823,1073741823:i8
1073741823,1073741823,1073741823,1073741823,1073741823,1073741823,1073651711,1073176575,1073610735,1073479679,1073741822,1073741823,1073741823,1073741823,1073741823:i8
1073741823,1073741823,1073741823,1073741823,1073741823,1073741823,1073651711,1073176575,1073610735,1073479675,1073741823,1073741823,1073741823,1073741823,1073741823:i8
1073741823,1073741823,1073741823,1073741823,1073741823,1073741823,1073651711,1073176575,1073610734,1073479679,1073741823,1073741823,1073741823,1073741823,1073741823:i8
1073741823,1073741823,1073741823,1073741823,1073741823,1073741823,1073651711,1073176575,1073610731,1073479679,1073741823,1073741823,1073741823,1073741823,1073741823:i8
1073741823,1073741823,1073741823,1073741823,1073741823,1073741823,1073651710,1073176575,1073610735,1073479679,1073741823,1073741823,1073741823,1073741823,1073741823:i8
1073741823,1073741823,1073741823,1073741823,1073741823,1073741823,1073651711,1073176571,1073610735,1073479679,1073741823,1073741823,1073741823,1073741823,1073741823:i8
1073741823,1073741823,1073741823,1073741823,1073741823,1073741823,1073651695,1073176575,1073610735,1073479679,1073741823,1073741823,1073741823,1073741823,1073741823:i8
1073741823,1073741823,1073741823,1073741823,1073741823,1073741823,1073651711,1073176559,1073610735,1073479679,1073741823,1073741823,1073741823,1073741823,1073741823:i8
1073741823,1073741823,1073741823,1073741823,1073741823,1073741823,1073651455,1073176575,1073610735,1073479679,1073741823,1073741823,1073741823,1073741823,1073741823:i8
1073741823,1073741823,1073741823,1073741823,1073741823,1073741823,1073651711,1073176511,1073610735,1073479679,1073741823,1073741823,1073741823,1073741823,1073741823:i8
1073741823,1073741823,1073741823,1073741823,1073741823,1073741823,1073651711,1073176575,1073610479,1073479679,1073741823,1073741823,1073741823,1073741823,1073741823:i8
1073741823,1073741823,1073741823,1073741823,1073741823,1073741823,1073651711,1073176575,1073610671,1073479679,1073741823,1073741823,1073741823,1073741823,1073741823:i8
1073741823,1073741823,1073741823,1073741823,1073741823,1073741823,1073651711,1073176575,1073610735,1073479679,1073741567,1073741823,1073741823,1073741823,1073741823:i8
1073741823,1073741823,1073741823,1073741823,1073741823,1073741823,1073651711,1073176575,1073610735,1073479615,1073741823,1073741823,1073741823,1073741823,1073741823:i8
1073741823,1073741823,1073741823,1073741823,1073741823,1073741823,1073651711,1073176575,1073610735,1073479679,1073741807,1073741823,1073741823,1073741823,1073741823:i8
1073741823,1073741823,1073741823,1073741823,1073741823,1073741823,1073651711,1073176575,1073610735,1073479663,1073741823,1073741823,1073741823,1073741823,1073741823:i8
1073741823,1073741823,1073741823,1073741823,1073741823,1073741823,1073651711,1073176575,1073610735,1073479679,1073737727,1073741823,1073741823,1073741823,1073741823:i8
1073741823,1073741823,1073741823,1073741823,1073741823,1073741823,1073651711,1073176575,1073610735,1073479679,1072693247,1073741823,1073741823,1073741823,1073741823:i8
1073741823,1073741823,1073741823,1073741823,1073741823,1073741823,1073651711,1073176575,1073610735,1073479679,1073676287,1073741823,1073741823,1073741823,1073741823:i8
1073741823,1073741823,1073741823,1073741823,1073741823,1073741823,1073651711,1073176575,1073610735,1073414143,1073741823,1073741823,1073741823,1073741823,1073741823:i8
1073741823,1073741823,1073741823,1073741823,1073741823,1073741823,1073651711,1073176575,1073609711,1073479679,1073741823,1073741823,1073741823,1073741823,1073741823:i8
1073741823,1073741823,1073741823,1073741823,1073741823,1073741823,1073650687,1073176575,1073610735,1073479679,1073741823,1073741823,1073741823,1073741823,1073741823:i8
1073741823,1073741823,1073741823,1073741823,1073740799,1073741823,1073651711,1073176575,1073610735,1073479679,1073741823,1073741823,1073741823,1073741823,1073741823:i8
1073741823,1073741823,1073741823,1073741823,1073741823,1073737727,1073651711,1073176575,1073610735,1073479679,1073741823,1073741823,1073741823,1073741823,1073741823:i8
1073741823,1073741823,1073741823,1073741823,1073725439,1073741823,1073651711,1073176575,1073610735,1073479679,1073741823,1073741823,1073741823,1073741823,1073741823:i8
1073741823,1073741823,1073741823,1073741823,1073479679,1073741823,1073651711,1073176575,1073610735,1073479679,1073741823,1073741823,1073741823,1073741823,1073741823:i8
1073741823,1073741823,1073741823,1073741823,1073741823,1069547519,1073651711,1073176575,1073610735,1073479679,1073741823,1073741823,1073741823,1073741823,1073741823:i8
1073741823,1073741823,1073741823,1073741823,1073741823,1073741823,1073651711,1068982271,1073610735,1073479679,1073741823,1073741823,1073741823,1073741823,1073741823:i8
1073741823,1073741823,1073741823,1073741823,1073741823,1073741823,1073651711,1072127999,1073610735,1073479679,1073741823,1073741823,1073741823,1073741823,1073741823:g6
1073741823,1073741823,1073741823,1073741823,1073741823,1073741823,1073651711,1073176575,1073610735,1069285375,1073741823,1073741823,1073741823,1073741823,1073741823:i8
1073741823,1073741823,1073741823,1073741823,1073741823,1073741823,1073651711,1073176575,1073348591,1073479679,1073741823,1073741823,1073741823,1073741823,1073741823:i8
1073741823,1073741823,1073741823,1073741823,1073737727,1073741823,1073651711,1073176575,1073610735,1073479679,1073741823,1073741823,1073741823,1073741823,1073741823:i8
1073741823,1073741823,1073741823,1073741823,1073676287,1073741823,1073651711,1073176575,1073610735,1073479679,1073741823,1073741823,1073741823,1073741823,1073741823:i8
1073741823,1073741823,1073741823,1073741823,1073741823,1073676287,1073651711,1073176575,1073610735,1073479679,1073741823,1073741823,1073741823,1073741823,1073741823:i8
1073741823,1073741823,1073741823,1073741823,1072693247,1073741823,1073651711,1073176575,1073610735,1073479679,1073741823,1073741823,1073741823,1073741823,1073741823:i8
1073741823,1073741823,1073741823,1073741823,1073741823,1073741823,1072603135,1073176575,1073610735,1073479679,1073741823,1073741823,1073741823,1073741823,1073741823:i8
1073741823,1073741823,1073741823,1073741823,1073741823,1073741823,1073389567,1073176575,1073610735,1073479679,1073741823,1073741823,1073741823,1073741823,1073741823:i8
1073741823,1073741823,1073741823,1073741823,1073741823,1073741823,1073651711,1073176575,1072562159,1073479679,1073741823,1073741823,1073741823,1073741823,1073741823:i8
1073741823,1073741823,1073741823,1073741823,1073741823,1073741823,1073651711,1073176575,1073610735,1073478655,1073741823,1073741823,1073741823,1073741823,1073741823:i8
1073741823,1073741823,1073741823,1073741823,1073741823,1073741823,1073651711,1073176575,1073606639,1073479679,1073741823,1073741823,1073741823,1073741823,1073741823:i8
1073741823,1073741823,1073741823,1073741823,1073741823,1073741823,1073651711,1073175551,1073610735,1073479679,1073741823,1073741823,1073741823,1073741823,1073741823:g9
1073741823,1073741823,1073741823,1073741823,1073741823,1073741759,1073651711,1073175551,1073602543,1073479679,1073741823,1073741823,1073741823,1073741823,1073741823:g6
1073741823,1073741823,1073741823,1073741823,1073741823,1073741823,1073651711,1073175551,1073602543,1073479423,1073741823,1073741823,1073741823,1073741823,1073741823:g6
1073741823,1073741823,1073741823,1073741823,1073741823,1073741823,1073651711,1073175295,1073602543,1073479679,1073741823,1073741823,1073741823,1073741823,1073741823:g6
1073741823,1073741823,1073741823,1073741823,1073741823,1073741567,1073651711,1073175551,1073602543,1073479679,1073741823,1073741823,1073741823,1073741823,1073741823:g6
1073741823,1073741823,1073741823,1073741823,1073741823,1073741823,1073651711,1073175551,1073602543,1073475583,1073741823,1073741823,1073741823,1073741823,1073741823:g6
1073741823,1073741823,1073741823,1073741823,1073741823,1073741823,1073651711,1073175551,1073602543,1073479679,1073741823,1073725439,1073741823,1073741823,1073741823:g6
1073741823,1073741823,1073741823,1073741823,1073741823,1073741823,1073651711,1073175551,1073602543,1072431103,1073741823,1073741823,1073741823,1073741823,1073741823:g6
1073741823,1073741823,1073741823,1073741823,1073741823,1073741823,1073651711,1073175551,1073602543,1073479679,1073741823,1069547519,1073741823,1073741823,1073741823:g6
1073741823,1073741823,1073741823,1073741823,1073741823,1073741823,1073651711,1073175551,1073602543,1073479679,1073741823,1073479679,1073741823,1073741823,1073741823:g6
1073741823,1073741823,1073741823,1073741823,1073741823,1073741823,1073651711,1073175551,1073602543,1073479679,1073479679,1073741823,1073741823,1073741823,1073741823:g6
1073741823,1073741823,1073741823,1073741823,1073741567,1073741823,1073651711,1073175551,1073602543,1073479679,1073741823,1073741823,1073741823,1073741823,1073741823:g6
1073741823,1073741823,1073741823,1073741823,1073741823,1073741823,1073651711,1073175551,1073602543,1073479679,1073741822,1073741823,1073741823,1073741823,1073741823:g6
1073741823,1073741823,1073741823,1073741823,1073741823,1073741823,1073651711,1073175551,1073602543,1073479675,1073741823,1073741823,1073741823,1073741823,1073741823:g6
1073741823,1073741823,1073741823,1073741823,1073741823,1073741823,1073651711,1073175551,1073602542,1073479679,1073741823,1073741823,1073741823,1073741823,1073741823:g6
1073741823,1073741823,1073741823,1073741823,1073741823,1073741823,1073651711,1073175551,1073602539,1073479679,1073741823,1073741823,1073741823,1073741823,1073741823:g6
1073741823,1073741823,1073741823,1073741823,1073741823,1073741823,1073651710,1073175551,1073602543,1073479679,1073741823,1073741823,1073741823,1073741823,1073741823:g6
1073741823,1073741823,1073741823,1073741823,1073741823,1073741823,1073651711,1073175547,1073602543,1073479679,1073741823,1073741823,1073741823,1073741823,1073741823:g6
1073741823,1073741823,1073741823,1073741823,1073741823,1073741823,1073651695,1073175551,1073602543,1073479679,1073741823,1073741823,1073741823,1073741823,1073741823:g6
1073741823,1073741823,1073741823,1073741823,1073741823,1073741823,1073651711,1073175535,1073602543,1073479679,1073741823,1073741823,1073741823,1073741823,1073741823:g6
1073741823,1073741823,1073741823,1073741823,1073741823,1073741823,1073651455,1073175551,1073602543,1073479679,1073741823,1073741823,1073741823,1073741823,1073741823:g6
1073741823,1073741823,1073741823,1073741823,1073741823,1073741823,1073651711,1073175487,1073602543,1073479679,1073741823,1073741823,1073741823,1073741823,1073741823:g6
1073741823,1073741823,1073741823,1073741823,1073741823,1073741823,1073651711,1073175551,1073602287,1073479679,1073741823,1073741823,1073741823,1073741823,1073741823:g6
1073741823,1073741823,1073741823,1073741823,1073741823,1073741823,1073651711,1073175551,1073602479,1073479679,1073741823,1073741823,1073741823,1073741823,1073741823:g6
1073741823,1073741823,1073741823,1073741823,1073741823,1073741823,1073651711,1073175551,1073602543,1073479679,1073741567,1073741823,1073741823,1073741823,1073741823:g6
1073741823,1073741823,1073741823,1073741823,1073741823,1073741823,1073651711,1073175551,1073602543,1073479615,1073741823,1073741823,1073741823,1073741823,1073741823:g6
1073741823,1073741823,1073741823,1073741823,1073741823,1073741823,1073651711,1073175551,1073602543,1073479679,1073741807,1073741823,1073741823,1073741823,1073741823:g6
1073741823,1073741823,1073741823,1073741823,1073741823,1073741823,1073651711,1073175551,1073602543,1073479663,1073741823,1073741823,1073741823,1073741823,1073741823:g6
1073741823,1073741823,1073741823,1073741823,1073741823,1073741823,1073651711,1073175551,1073602543,1073479679,1073737727,1073741823,1073741823,1073741823,1073741823:g6
1073741823,1073741823,1073741823,1073741823,1073741823,1073741823,1073651711,1073175551,1073602543,1073479679,1072693247,1073741823,1073741823,1073741823,1073741823:g6
1073741823,1073741823,1073741823,1073741823,1073741823,1073741823,1073651711,1073175551,1073602543,1073479679,1073676287,1073741823,1073741823,1073741823,1073741823:g6
1073741823,1073741823,1073741823,1073741823,1073741823,1073741823,1073651711,1073175551,1073602543,1073414143,1073741823,1073741823,1073741823,1073741823,1073741823:g6
1073741823,1073741823,1073741823,1073741823,1073741823,1073741823,1073651711,1073175551,1073601519,1073479679,1073741823,1073741823,1073741823,1073741823,1073741823:g6
1073741823,1073741823,1073741823,1073741823,1073741823,1073741823,1073650687,1073175551,1073602543,1073479679,1073741823,1073741823,1073741823,1073741823,1073741823:g6
1073741823,1073741823,1073741823,1073741823,1073740799,1073741823,1073651711,1073175551,1073602543,1073479679,1073741823,1073741823,1073741823,1073741823,1073741823:g6
1073741823,1073741823,1073741823,1073741823,1073741823,1073737727,1073651711,1073175551,1073602543,1073479679,1073741823,1073741823,1073741823,1073741823,1073741823:g11
1073741823,1073741823,1073741823,1073741823,1073725439,1073741823,1073651711,1073175551,1073602543,1073479679,1073741823,1073741823,1073741823,1073741823,1073741823:g6
1073741823,1073741823,1073741823,1073741823,1073479679,1073741823,1073651711,1073175551,1073602543,1073479679,1073741823,1073741823,1073741823,1073741823,1073741823:g6
1073741823,1073741823,1073741823,1073741823,1073741823,1069547519,1073651711,1073175551,1073602543,1073479679,1073741823,1073741823,1073741823,1073741823,1073741823:g6
1073741823,1073741823,1073741823,1073741823,1073741823,1073741823,1073651711,1068981247,1073602543,1073479679,1073741823,1073741823,1073741823,1073741823,1073741823:g6
1073741823,1073741823,1073741823,1073741823,1073741823,1073741823,1073651711,1072126975,1073602543,1073479679,1073741823,1073741823,1073741823,1073741823,1073741823:g6
1073741823,1073741823,1073741823,1073741823,1073741823,1073741823,1073651711,1073175551,1073602543,1069285375,1073741823,1073741823,1073741823,1073741823,1073741823:g6
1073741823,1073741823,1073741823,1073741823,1073741823,1073741823,1073651711,1073175551,1073340399,1073479679,1073741823,1073741823,1073741823,1073741823,1073741823:g6
1073741823,1073741823,1073741823,1073741823,1073737727,1073741823,1073651711,1073175551,1073602543,1073479679,1073741823,1073741823,1073741823,1073741823,1073741823:g10
1073741823,1073741823,1073741823,1073741823,1073676287,1073741823,1073651711,1073175551,1073602543,1073479679,1073741823,1073741823,1073741823,1073741823,1073741823:g6
1073741823,1073741823,1073741823,1073741823,1073741823,1073676287,1073651711,1073175551,1073602543,1073479679,1073741823,1073741823,1073741823,1073741823,1073741823:g6
1073741823,1073741823,1073741823,1073741823,1072693247,1073741823,1073651711,1073175551,1073602543,1073479679,1073741823,1073741823,1073741823,1073741823,1073741823:g6
1073741823,1073741823,1073741823,1073741823,1073741823,1073741823,1072603135,1073175551,1073602543,1073479679,1073741823,1073741823,1073741823,1073741823,1073741823:g6
1073741823,1073741823,1073741823,1073741823,1073741823,1073741823,1073389567,1073175551,1073602543,1073479679,1073741823,1073741823,1073741823,1073741823,1073741823:g6
1073741823,1073741823,1073741823,1073741823,1073741823,1073741823,1073651711,1073175551,1072553967,1073479679,1073741823,1073741823,1073741823,1073741823,1073741823:g6
1073741823,1073741823,1073741823,1073741823,1073741823,1073741823,1073651711,1073175551,1073602543,1073478655,1073741823,1073741823,1073741823,1073741823,1073741823:g6
1073741823,1073741823,1073741823,1073741823,1073741823,1073740799,1073651711,1073175551,1073602543,1073479679,1073741823,1073741823,1073741823,1073741823,1073741823:g6
1073741823,1073741823,1073741823,1073741823,1073741823,1073725439,1073651711,1073175551,1073602543,1073479679,1073741823,1073741823,1073741823,1073741823,1073741823:g6
1073741823,1073741823,1073741823,1073741823,1073741823,1073479679,1073651711,1073175551,1073602543,1073479679,1073741823,1073741823,1073741823,1073741823,1073741823:g6
1073741823,1073741823,1073741823,1073741823,1073741823,1073741823,1073651711,1073110015,1073602543,1073479679,1073741823,1073741823,1073741823,1073741823,1073741823:g6
1073741823,1073741823,1073741823,1073741823,1073741823,1073741823,1073651711,1073175551,1073602543,1073463295,1073741823,1073741823,1073741823,1073741823,1073741823:g6
1073741823,1073741823,1073741823,1073741823,1073741823,1073741823,1073651711,1073175551,1073586159,1073479679,1073741823,1073741823,1073741823,1073741823,1073741823:g6
1073741823,1073741823,1073741823,1073741823,1073741823,1073740799,1073651711,1073176575,1073610735,1073479679,1073741823,1073741823,1073741823,1073741823,1073741823:i8
1073741823,1073741823,1073741823,1073741823,1073741823,1073725439,1073651711,1073176575,1073610735,1073479679,1073741823,1073741823,1073741823,1073741823,1073741823:i8
1073741823,1073741823,1073741823,1073741823,1073741823,1073479679,1073651711,1073176575,1073610735,1073479679,1073741823,1073741823,1073741823,1073741823,1073741823:i8
1073741823,1073741823,1073741823,1073741823,1073741823,1073741823,1073651711,1073111039,1073610735,1073479679,1073741823,1073741823,1073741823,1073741823,1073741823:g6
1073741823,1073741823,1073741823,1073741567,1073741823,1073733631,1073651711,1073111039,1073610735,1073479679,1073741823,1073741823,1073741823,1073741823,1073741823:g5
1073741823,1073741823,1073741823,1073737727,1073741823,1073733631,1073651711,1073111039,1073610735,1073479679,1073741823,1073741823,1073741823,1073741823,1073741823:g9
1073741823,1073741823,1073741823,1073676287,1073741823,1073733631,1073651711,1073111039,1073610735,1073479679,1073741823,1073741823,1073741823,1073741823,1073741823:g5
1073741823,1073741823,1073741823,1073741823,1073741823,1072685055,1073651711,1073111039,1073610735,1073479679,1073741823,1073741823,1073741823,1073741823,1073741823:g5
1073741823,1073741823,1073741823,1073741823,1073741823,1073733631,1073651711,1073111039,1073610735,1073479423,1073741823,1073741823,1073741823,1073741823,1073741823:g5
1073741823,1073741823,1073741823,1073741823,1073741823,1073733631,1073651711,1073110783,1073610735,1073479679,1073741823,1073741823,1073741823,1073741823,1073741823:g5
1073741823,1073741823,1073741823,1073741823,1073741823,1073733375,1073651711,1073111039,1073610735,1073479679,1073741823,1073741823,1073741823,1073741823,1073741823:g5
1073741823,1073741823,1073741823,1073741823,1073741823,1073733631,1073651711,1073111039,1073610735,1073475583,1073741823,1073741823,1073741823,1073741823,1073741823:g5
1073741823,1073741823,1073741823,1073741823,1073741823,1073733631,1073651711,1073111039,1073610735,1073479679,1073741823,1073725439,1073741823,1073741823,1073741823:g5
1073741823,1073741823,1073741823,1073741823,1073741823,1073733631,1073651711,1073111039,1073610735,1072431103,1073741823,1073741823,1073741823,1073741823,1073741823:g5
1073741823,1073741823,1073741823,1073741823,1073741823,1073733631,1073651711,1073111039,1073610735,1073479679,1073741823,1069547519,1073741823,1073741823,1073741823:g5
1073741823,1073741823,1073741823,1073741823,1073741823,1073733631,1073651711,1073111039,1073610735,1073479679,1073741823,1073479679,1073741823,1073741823,1073741823:g5
1073741823,1073741823,1073741823,1073741823,1073741823,1073733631,1073651711,1073111039,1073610735,1073479679,1073479679,1073741823,1073741823,1073741823,1073741823:g5
1073741823,1073741823,1073741823,1073741823,1073741567,1073733631,1073651711,1073111039,1073610735,1073479679,1073741823,1073741823,1073741823,1073741823,1073741823:g5
1073741823,1073741823,1073741823,1073741823,1073741823,1073733631,1073651711,1073111039,1073610735,1073479679,1073741822,1073741823,1073741823,1073741823,1073741823:g5
1073741823,1073741823,1073741823,1073741823,1073741823,1073733631,1073651711,1073111039,1073610735,1073479675,1073741823,1073741823,1073741823,1073741823,1073741823:g5
1073741823,1073741823,1073741823,1073741823,1073741823,1073733631,1073651711,1073111039,1073610734,1073479679,1073741823,1073741823,1073741823,1073741823,1073741823:g5
1073741823,1073741823,1073741823,1073741823,1073741823,1073733631,1073651711,1073111039,1073610731,1073479679,1073741823,1073741823,1073741823,1073741823,1073741823:g5
1073741823,1073741823,1073741823,1073741823,1073741823,1073733631,1073651710,1073111039,1073610735,1073479679,1073741823,1073741823,1073741823,1073741823,1073741823:g5
1073741823,1073741823,1073741823,1073741823,1073741823,1073733631,1073651711,1073111035,1073610735,1073479679,1073741823,1073741823,1073741823,1073741823,1073741823:g5
1073741823,1073741823,1073741823,1073741823,1073741823,1073733631,1073651695,1073111039,1073610735,1073479679,1073741823,1073741823,1073741823,1073741823,1073741823:g5
1073741823,1073741823,1073741823,1073741823,1073741823,1073733631,1073651711,1073111023,1073610735,1073479679,1073741823,1073741823,1073741823,1073741823,1073741823:g5
1073741823,1073741823,1073741823,1073741823,1073741823,1073733631,1073651455,1073111039,1073610735,1073479679,1073741823,1073741823,1073741823,1073741823,1073741823:g5
1073741823,1073741823,1073741823,1073741823,1073741823,1073733631,1073651711,1073110975,1073610735,1073479679,1073741823,1073741823,1073741823,1073741823,1073741823:g5
1073741823,1073741823,1073741823,1073741823,1073741823,1073733631,1073651711,1073111039,1073610479,1073479679,1073741823,1073741823,1073741823,1073741823,1073741823:g5
1073741823,1073741823,1073741823,1073741823,1073741823,1073733631,1073651711,1073111039,1073610671,1073479679,1073741823,1073741823,1073741823,1073741823,1073741823:g5
1073741823,1073741823,1073741823,1073741823,1073741823,1073733631,1073651711,1073111039,1073610735,1073479679,1073741567,1073741823,1073741823,1073741823,1073741823:g5
1073741823,1073741823,1073741823,1073741823,1073741823,1073733631,1073651711,1073111039,1073610735,1073479615,1073741823,1073741823,1073741823,1073741823,1073741823:g5
1073741823,1073741823,1073741823,1073741823,1073741823,1073733631,1073651711,1073111039,1073610735,1073479679,1073741807,1073741823,1073741823,1073741823,1073741823:g5
1073741823,1073741823,1073741823,1073741823,1073741823,1073733631,1073651711,1073111039,1073610735,1073479663,1073741823,1073741823,1073741823,1073741823,1073741823:g5
1073741823,1073741823,1073741823,1073741823,1073741823,1073733631,1073651711,1073111039,1073610735,1073479679,1073737727,1073741823,1073741823,1073741823,1073741823:g5
1073741823,1073741823,1073741823,1073741823,1073741823,1073733631,1073651711,1073111039,1073610735,1073479679,1072693247,1073741823,1073741823,1073741823,1073741823:g5
1073741823,1073741823,1073741823,1073741823,1073741823,1073733631,1073651711,1073111039,1073610735,1073479679,1073676287,1073741823,1073741823,1073741823,1073741823:g5
1073741823,1073741823,1073741823,1073741823,1073741823,1073733631,1073651711,1073111039,1073610735,1073414143,1073741823,1073741823,1073741823,1073741823,1073741823:g5
1073741823,1073741823,1073741823,1073741823,1073741823,1073733631,1073651711,1073111039,1073609711,1073479679,1073741823,1073741823,1073741823,1073741823,1073741823:g5
1073741823,1073741823,1073741823,1073741823,1073741823,1073733631,1073650687,1073111039,1073610735,1073479679,1073741823,1073741823,1073741823,1073741823,1073741823:g5
1073741823,1073741823,1073741823,1073741823,1073740799,1073733631,1073651711,1073111039,1073610735,1073479679,1073741823,1073741823,1073741823,1073741823,1073741823:g5
1073741823,1073741823,1073741823,1073741823,1073725439,1073733631,1073651711,1073111039,1073610735,1073479679,1073741823,1073741823,1073741823,1073741823,1073741823:g5
1073741823,1073741823,1073741823,1073741823,1073479679,1073733631,1073651711,1073111039,1073610735,1073479679,1073741823,1073741823,1073741823,1073741823,1073741823:g5
1073741823,1073741823,1073741823,1073741823,1073741823,1069539327,1073651711,1073111039,1073610735,1073479679,1073741823,1073741823,1073741823,1073741823,1073741823:g5
1073741823,1073741823,1073741823,1073741823,1073741823,1073733631,1073651711,1068916735,1073610735,1073479679,1073741823,1073741823,1073741823,1073741823,1073741823:g5
1073741823,1073741823,1073741823,1073741823,1073741823,1073733631,1073651711,1072062463,1073610735,1073479679,1073741823,1073741823,1073741823,1073741823,1073741823:g5
1073741823,1073741823,1073741823,1073741823,1073741823,1073733631,1073651711,1073111039,1073610735,1069285375,1073741823,1073741823,1073741823,1073741823,1073741823:g5
1073741823,1073741823,1073741823,1073741823,1073741823,1073733631,1073651711,1073111039,1073348591,1073479679,1073741823,1073741823,1073741823,1073741823,1073741823:g5
1073741823,1073741823,1073741823,1073741823,1073737727,1073733631,1073651711,1073111039,1073610735,1073479679,1073741823,1073741823,1073741823,1073741823,1073741823:e6
1073741823,1073741823,1073741823,1073741823,1073737727,1073733119,1073651647,1073111039,1073610735,1073479679,1073741823,1073741823,1073741823,1073741823,1073741823:f6
1073741823,1073741823,1073741823,1073741823,1073737727,1073733103,1073651711,1073111039,1073610735,1073479679,1073741823,1073741823,1073741823,1073741823,1073741823:f6
1073741823,1073741823,1073741823,1073741823,1073737727,1073733055,1073651711,1073111039,1073610735,1073479679,1073741823,1073741823,1073741823,1073741823,1073741823:f7
1073741823,1073741823,1073741823,1073741807,1073737727,1073733119,1073651711,1073111039,1073610735,1073479679,1073741823,1073741823,1073741823,1073741823,1073741823:f6
1073741823,1073741823,1073741823,1073741823,1073737663,1073733119,1073651711,1073111039,1073610735,1073479679,1073741823,1073741823,1073741823,1073741823,1073741823:f6
1073741823,1073741823,1073741567,1073741823,1073737727,1073733119,1073651711,1073111039,1073610735,1073479679,1073741823,1073741823,1073741823,1073741823,1073741823:h9
1073741823,1073741823,1073741823,1073740799,1073737727,1073733119,1073651711,1073111039,1073610735,1073479679,1073741823,1073741823,1073741823,1073741823,1073741823:h9
1073741823,1073741823,1073737727,1073741823,1073737727,1073733119,1073651711,1073111039,1073610735,1073479679,1073741823,1073741823,1073741823,1073741823,1073741823:f6
1073741823,1073741823,1073676287,1073741823,1073737727,1073733119,1073651711,1073111039,1073610735,1073479679,1073741823,1073741823,1073741823,1073741823,1073741823:f6
1073741823,1073741823,1073741823,1073725439,1073737727,1073733119,1073651711,1073111039,1073610735,1073479679,1073741823,1073741823,1073741823,1073741823,1073741823:f6
1073741823,1073741823,1073741823,1073741567,1073737727,1073733119,1073651711,1073111039,1073610735,1073479679,1073741823,1073741823,1073741823,1073741823,1073741823:f6
1073741823,1073741823,1073741823,1073737727,1073737727,1073733119,1073651711,1073111039,1073610735,1073479679,1073741823,1073741823,1073741823,1073741823,1073741823:f6
1073741823,1073741823,1073741823,1073676287,1073737727,1073733119,1073651711,1073111039,1073610735,1073479679,1073741823,1073741823,1073741823,1073741823,1073741823:f6
1073741823,1073741823,1073741823,1073741823,1073737727,1072684543,1073651711,1073111039,1073610735,1073479679,1073741823,1073741823,1073741823,1073741823,1073741823:f6
1073741823,1073741823,1073741823,1073741823,1073737727,1073733119,1073651711,1073111039,1073610735,1073479423,1073741823,1073741823,1073741823,1073741823,1073741823:f6
1073741823,1073741823,1073741823,1073741823,1073737727,1073733119,1073651711,1073110783,1073610735,1073479679,1073741823,1073741823,1073741823,1073741823,1073741823:f6
1073741823,1073741823,1073741823,1073741823,1073737727,1073733119,1073651711,1073111039,1073610735,1073475583,1073741823,1073741823,1073741823,1073741823,1073741823:f6
1073741823,1073741823,1073741823,1073741823,1073737727,1073733119,1073651711,1073111039,1073610735,1073479679,1073741823,1073725439,1073741823,1073741823,1073741823:f6
1073741823,1073741823,1073741823,1073741823,1073737727,1073733119,1073651711,1073111039,1073610735,1072431103,1073741823,1073741823,1073741823,1073741823,1073741823:f6
1073741823,1073741823,1073741823,1073741823,1073737727,1073733119,1073651711,1073111039,1073610735,1073479679,1073741823,1069547519,1073741823,1073741823,1073741823:f6
1073741823,1073741823,1073741823,1073741823,1073737727,1073733119,1073651711,1073111039,1073610735,1073479679,1073741823,1073479679,1073741823,1073741823,1073741823:f6
1073741823,1073741823,1073741823,1073741823,1073737727,1073733119,1073651711,1073111039,1073610735,1073479679,1073479679,1073741823,1073741823,1073741823,1073741823:f6
1073741823,1073741823,1073741823,1073741823,1073737471,1073733119,1073651711,1073111039,1073610735,1073479679,1073741823,1073741823,1073741823,1073741823,1073741823:h9
1073741823,1073741823,1073741823,1073741823,1073737727,1073733119,1073651711,1073111039,1073610735,1073479679,1073741822,1073741823,1073741823,1073741823,1073741823:f6
1073741823,1073741823,1073741823,1073741823,1073737727,1073733119,1073651711,1073111039,1073610735,1073479675,1073741823,1073741823,1073741823,1073741823,1073741823:f6
1073741823,1073741823,1073741823,1073741823,1073737727,1073733119,1073651711,1073111039,1073610734,1073479679,1073741823,1073741823,1073741823,1073741823,1073741823:f6
1073741823,1073741823,1073741823,1073741823,1073737727,1073733119,1073651711,1073111039,1073610731,1073479679,1073741823,1073741823,1073741823,1073741823,1073741823:f6
1073741823,1073741823,1073741823,1073741823,1073737727,1073733119,1073651710,1073111039,1073610735,1073479679,1073741823,1073741823,1073741823,1073741823,1073741823:f6
1073741823,1073741823,1073741823,1073741823,1073737727,1073733119,1073651711,1073111035,1073610735,1073479679,1073741823,1073741823,1073741823,1073741823,1073741823:f6
1073741823,1073741823,1073741823,1073741823,1073737727,1073733119,1073651695,1073111039,1073610735,1073479679,1073741823,1073741823,1073741823,1073741823,1073741823:f6
1073741823,1073741823,1073741823,1073741823,1073737727,1073733119,1073651711,1073111023,1073610735,1073479679,1073741823,1073741823,1073741823,1073741823,1073741823:f6
1073741823,1073741823,1073741823,1073741823,1073737727,1073733119,1073651455,1073111039,1073610735,1073479679,1073741823,1073741823,1073741823,1073741823,1073741823:f6
1073741823,1073741823,1073741823,1073741823,1073737727,1073733119,1073651711,1073110975,1073610735,1073479679,1073741823,1073741823,1073741823,1073741823,1073741823:f6
1073741823,1073741823,1073741823,1073741823,1073737727,1073733119,1073651711,1073111039,1073610479,1073479679,1073741823,1073741823,1073741823,1073741823,1073741823:f6
1073741823,1073741823,1073741823,1073741823,1073737727,1073733119,1073651711,1073111039,1073610671,1073479679,1073741823,1073741823,1073741823,1073741823,1073741823:f6
1073741823,1073741823,1073741823,1073741823,1073737727,1073733119,1073651711,1073111039,1073610735,1073479679,1073741567,1073741823,1073741823,1073741823,1073741823:f6
1073741823,1073741823,1073741823,1073741823,1073737727,1073733119,1073651711,1073111039,1073610735,1073479615,1073741823,1073741823,1073741823,1073741823,1073741823:f6
1073741823,1073741823,1073741823,1073741823,1073737727,1073733119,1073651711,1073111039,1073610735,1073479679,1073741807,1073741823,1073741823,1073741823,1073741823:f6
1073741823,1073741823,1073741823,1073741823,1073737727,1073733119,1073651711,1073111039,1073610735,1073479663,1073741823,1073741823,1073741823,1073741823,1073741823:f6
1073741823,1073741823,1073741823,1073741823,1073737727,1073733119,1073651711,1073111039,1073610735,1073479679,1073737727,1073741823,1073741823,1073741823,1073741823:f6
1073741823,1073741823,1073741823,1073741823,1073737727,1073733119,1073651711,1073111039,1073610735,1073479679,1072693247,1073741823,1073741823,1073741823,1073741823:f6
1073741823,1073741823,1073741823,1073741823,1073737727,1073733119,1073651711,1073111039,1073610735,1073479679,1073676287,1073741823,1073741823,1073741823,1073741823:f6
1073741823,1073741823,1073741823,1073741823,1073737727,1073733119,1073651711,1073111039,1073610735,1073414143,1073741823,1073741823,1073741823,1073741823,1073741823:f6
1073741823,1073741823,1073741823,1073741823,1073737727,1073733119,1073651711,1073111039,1073609711,1073479679,1073741823,1073741823,1073741823,1073741823,1073741823:f6
1073741823,1073741823,1073741823,1073741823,1073737727,1073733119,1073650687,1073111039,1073610735,1073479679,1073741823,1073741823,1073741823,1073741823,1073741823:f6
1073741823,1073741823,1073741823,1073741823,1073736703,1073733119,1073651711,1073111039,1073610735,1073479679,1073741823,1073741823,1073741823,1073741823,1073741823:f6
1073741823,1073741823,1073741823,1073741823,1073721343,1073733119,1073651711,1073111039,1073610735,1073479679,1073741823,1073741823,1073741823,1073741823,1073741823:f6
1073741823,1073741823,1073741823,1073741823,1073475583,1073733119,1073651711,1073111039,1073610735,1073479679,1073741823,1073741823,1073741823,1073741823,1073741823:f6
1073741823,1073741823,1073741823,1073741823,1073737727,1069538815,1073651711,1073111039,1073610735,1073479679,1073741823,1073741823,1073741823,1073741823,1073741823:f6
1073741823,1073741823,1073741823,1073741823,1073737727,1073733119,1073651711,1068916735,1073610735,1073479679,1073741823,1073741823,1073741823,1073741823,1073741823:f6
1073741823,1073741823,1073741823,1073741823,1073737727,1073733119,1073651711,1072062463,1073610735,1073479679,1073741823,1073741823,1073741823,1073741823,1073741823:f6
1073741823,1073741823,1073741823,1073741823,1073737727,1073733119,1073651711,1073111039,1073610735,1069285375,1073741823,1073741823,1073741823,1073741823,1073741823:f6
1073741823,1073741823,1073741823,1073741823,1073737727,1073733119,1073651711,1073111039,1073348591,1073479679,1073741823,1073741823,1073741823,1073741823,1073741823:f6
1073741823,1073741823,1073741823,1073741823,1073672191,1073733119,1073651711,1073111039,1073610735,1073479679,1073741823,1073741823,1073741823,1073741823,1073741823:f6
1073741823,1073741823,1073741823,1073741823,1073737727,1073667583,1073651711,1073111039,1073610735,1073479679,1073741823,1073741823,1073741823,1073741823,1073741823:h9
1073741823,1073741823,1073741823,1073741823,1072689151,1073733119,1073651711,1073111039,1073610735,1073479679,1073741823,1073741823,1073741823,1073741823,1073741823:f6
1073741823,1073741823,1073741823,1073741823,1073737727,1073733119,1072603135,1073111039,1073610735,1073479679,1073741823,1073741823,1073741823,1073741823,1073741823:h9
1073741823,1073741823,1073741823,1073741823,1073737727,1073733119,1073389567,1073111039,1073610735,1073479679,1073741823,1073741823,1073741823,1073741823,1073741823:f6
1073741823,1073741823,1073741823,1073741823,1073737727,1073733119,1073651711,1073111039,1072562159,1073479679,1073741823,1073741823,1073741823,1073741823,1073741823:f6
1073741823,1073741823,1073741823,1073741823,1073737727,1073733119,1073651711,1073111039,1073610735,1073478655,1073741823,1073741823,1073741823,1073741823,1073741823:f6
1073741823,1073741823,1073741823,1073741823,1073737727,1073733119,1073651711,1073111039,1073606639,1073479679,1073741823,1073741823,1073741823,1073741823,1073741823:f6
1073741823,1073741823,1073741823,1073741823,1073737727,1073733119,1073651711,1073110015,1073610735,1073479679,1073741823,1073741823,1073741823,1073741823,1073741823:f6
1073741823,1073741823,1073741823,1073741823,1073737727,1073732095,1073651711,1073111039,1073610735,1073479679,1073741823,1073741823,1073741823,1073741823,1073741823:h9
1073741823,1073741823,1073741823,1073741823,1073737727,1073716735,1073651711,1073111039,1073610735,1073479679,1073741823,1073741823,1073741823,1073741823,1073741823:f7
1073741823,1073741823,1073741823,1073741823,1073737727,1073470975,1073651711,1073111039,1073610735,1073479679,1073741823,1073741823,1073741823,1073741823,1073741823:f6
1073741823,1073741823,1073741823,1073741823,1073737727,1073733119,1073651711,1073111039,1073610735,1073463295,1073741823,1073741823,1073741823,1073741823,1073741823:f6
1073741823,1073741823,1073741823,1073741823,1073737727,1073733119,1073651711,1073111039,1073594351,1073479679,1073741823,1073741823,1073741823,1073741823,1073741823:f6
1073741823,1073741823,1073741823,1073741823,1073676287,1073733631,1073651711,1073111039,1073610735,1073479679,1073741823,1073741823,1073741823,1073741823,1073741823:g5
1073741823,1073741823,1073741823,1073741823,1073741823,1073668095,1073651711,1073111039,1073610735,1073479679,1073741823,1073741823,1073741823,1073741823,1073741823:g5
1073741823,1073741823,1073741823,1073741823,1072693247,1073733631,1073651711,1073111039,1073610735,1073479679,1073741823,1073741823,1073741823,1073741823,1073741823:g5
1073741823,1073741823,1073741823,1073741823,1073741823,1073733631,1072603135,1073111039,1073610735,1073479679,1073741823,1073741823,1073741823,1073741823,1073741823:g5
1073741823,1073741823,1073741823,1073741823,1073741823,1073733631,1073389567,1073111039,1073610735,1073479679,1073741823,1073741823,1073741823,1073741823,1073741823:g5
1073741823,1073741823,1073741823,1073741823,1073741823,1073733631,1073651711,1073111039,1072562159,1073479679,1073741823,1073741823,1073741823,1073741823,1073741823:g5
1073741823,1073741823,1073741823,1073741823,1073741823,1073733631,1073651711,1073111039,1073610735,1073478655,1073741823,1073741823,1073741823,1073741823,1073741823:g5
1073741823,1073741823,1073741823,1073741823,1073741823,1073733631,1073651711,1073111039,1073606639,1073479679,1073741823,1073741823,1073741823,1073741823,1073741823:f6
1073741823,1073741823,1073741823,1073741823,1073741823,1073733631,1073651711,1073110015,1073610735,1073479679,1073741823,1073741823,1073741823,1073741823,1073741823:g5
1073741823,1073741823,1073741823,1073741823,1073741823,1073732607,1073651711,1073111039,1073610735,1073479679,1073741823,1073741823,1073741823,1073741823,1073741823:g5
1073741823,1073741823,1073741823,1073741823,1073741823,1073717247,1073651711,1073111039,1073610735,1073479679,1073741823,1073741823,1073741823,1073741823,1073741823:g5
1073741823,1073741823,1073741823,1073741823,1073741823,1073471487,1073651711,1073111039,1073610735,1073479679,1073741823,1073741823,1073741823,1073741823,1073741823:g5
1073741823,1073741823,1073741823,1073741823,1073741823,1073733631,1073651711,1073111039,1073610735,1073463295,1073741823,1073741823,1073741823,1073741823,1073741823:g5
1073741823,1073741823,1073741823,1073741823,1073741823,1073733631,1073651711,1073111039,1073594351,1073479679,1073741823,1073741823,1073741823,1073741823,1073741823:g5
1073741823,1073741823,1073741823,1073741823,1073741823,1073741823,1073651711,1073176575,1073610735,1073463295,1073741823,1073741823,1073741823,1073741823,1073741823:i8
1073741823,1073741823,1073741823,1073741823,1073741823,1073741823,1073651711,1073176575,1073594351,1073479679,1073741823,1073741823,1073741823,1073741823,1073741823:i8
1073741823,1073741823,1073741823,1073741823,1073741823,1073741823,1073651711,1073184767,1073610735,1073725439,1073741823,1073741823,1073741823,1073741823,1073741823:f6
1073741823,1073741823,1073741823,1073741823,1073741823,1073741823,1073651711,1073184767,1073594351,1073741823,1073741823,1073741823,1073741823,1073741823,1073741823:f6
