1073741823,1073741823,1073741823,1073741823,1073741823,1073725439,1072586751,1073119231,1073348607,1073446911,1073741823,1073741823,1073741823,1073741823,1073741823:g11
1073741823,1073741823,1073741823,1073741823,1073741823,1073725439,1072586751,1073119231,1073348607,1073446911,1073733631,1073741823,1073741567,1073741823,1073741823:f12
1073741823,1073741823,1073741823,1073741823,1073741823,1073725439,1072586751,1073119231,1073348607,1073446911,1073733375,1073741823,1073741823,1073741823,1073741823:f12
1073741823,1073741823,1073741823,1073741823,1073741823,1073725439,1072586751,1073119231,1073348607,1073446911,1073732607,1073741823,1073741823,1073741823,1073741823:f12
1073741823,1073741823,1073741823,1073741823,1073741823,1073725439,1072586751,1073119231,1073348607,1073446911,1073733631,1073741823,1073676287,1073741823,1073741823:f12
1073741823,1073741823,1073741823,1073741823,1073741823,1073725439,1072586751,1073119231,1073348607,1073446911,1073733631,1073741823,1073737727,1073741823,1073741823:f12
1073741823,1073741823,1073741823,1073741823,1073741823,1073725439,1072586751,1073119231,1073348607,1073446911,1073733631,1073737727,1073741823,1073741823,1073741823:f12
1073741823,1073741823,1073741823,1073740799,1073741823,1073725439,1072586751,1073119231,1073348607,1073446911,1073733631,1073741823,1073741823,1073741823,1073741823:f12
1073741823,1073741823,1073741823,1073725439,1073741823,1073725439,1072586751,1073119231,1073348607,1073446911,1073733631,1073741823,1073741823,1073741823,1073741823:f12
1073741823,1073741823,1073741823,1073479679,1073741823,1073725439,1072586751,1073119231,1073348607,1073446911,1073733631,1073741823,1073741823,1073741823,1073741823:f12
1073741823,1073741823,1073741823,1073741823,1073741823,1073725439,1072586751,1073119231,1073347583,1073446911,1073733631,1073741823,1073741823,1073741823,1073741823:f12
1073741823,1073741823,1073741823,1073741823,1073740799,1073725439,1072586751,1073119231,1073348607,1073446911,1073733631,1073741823,1073741823,1073741823,1073741823:f12
1073741823,1073741823,1073741823,1073741823,1073725439,1073725439,1072586751,1073119231,1073348607,1073446911,1073733631,1073741823,1073741823,1073741823,1073741823:f12
1073741823,1073741823,1073741823,1073741823,1073479679,1073725439,1072586751,1073119231,1073348607,1073446911,1073733631,1073741823,1073741823,1073741823,1073741823:f12
1073741823,1073741823,1073741823,1073741823,1056964607,1073725439,1072586751,1073119231,1073348607,1073446911,1073733631,1073741823,1073741823,1073741823,1073741823:f12
1073741823,1073741823,1073741823,1073741823,1073741823,1073725439,1055809535,1073119231,1073348607,1073446911,1073733631,1073741823,1073741823,1073741823,1073741823:f12
1073741823,1073741823,1073741823,1073741823,1073741823,1073725439,1072586751,1073119231,1056571391,1073446911,1073733631,1073741823,1073741823,1073741823,1073741823:f12
1073741823,1073741823,1073741823,1073741823,1073741823,1073725439,1072586751,1073119231,1073348607,1073446911,1073733631,1073740799,1073741823,1073741823,1073741823:g9
1073741823,1073741823,1073741823,1073741823,1073741823,1073725439,1072586751,1073119231,1073340415,1073446911,1073733631,1073740799,1073741823,1073741759,1073741823:g8
1073741823,1073741823,1073741823,1073741823,1073741823,1073725439,1072586751,1073119231,1073340415,1073446911,1073733631,1073740735,1073741823,1073741823,1073741823:g8
1073741823,1073741823,1073741823,1073741823,1073741823,1073725439,1072586751,1073119231,1073340415,1073446911,1073733631,1073740543,1073741823,1073741823,1073741823:g10
1073741823,1073741823,1073741823,1073741823,1073741823,1073725439,1072586751,1073119231,1073340415,1073446847,1073733631,1073740799,1073741823,1073741823,1073741823:g8
1073741823,1073741823,1073741823,1073741823,1073741823,1073725439,1072586751,1073119231,1073340415,1073446911,1073733631,1073740799,1073741823,1073725439,1073741823:g8
1073741823,1073741823,1073741823,1073741823,1073741823,1073725439,1072586751,1073119231,1073340415,1073446911,1073733631,1073740799,1073741823,1073740799,1073741823:g8
1073741823,1073741823,1073741823,1073741823,1073741823,1073725439,1072586751,1073119231,1073340415,1073446911,1073733631,1073740799,1073740799,1073741823,1073741823:g8
1073741823,1073741823,1073741823,1073741823,1073741823,1073725439,1072586751,1073119231,1073340415,1073446911,1073733631,1073740799,1073741567,1073741823,1073741823:g8
1073741823,1073741823,1073741823,1073741823,1073741823,1073725439,1072586751,1073119231,1073340415,1073446911,1073733375,1073740799,1073741823,1073741823,1073741823:g8
1073741823,1073741823,1073741823,1073741823,1073741823,1073725439,1072586751,1073119231,1073340415,1073446911,1073732607,1073740799,1073741823,1073741823,1073741823:g10
1073741823,1073741823,1073741823,1073741823,1073741823,1073725439,1072586751,1073119231,1073340415,1073446911,1073733631,1073740799,1073676287,1073741823,1073741823:g8
1073741823,1073741823,1073741823,1073741823,1073741823,1073725439,1072586751,1073119231,1073340415,1073446911,1073733631,1073740799,1073737727,1073741823,1073741823:g8
1073741823,1073741823,1073741823,1073741823,1073741823,1073725439,1072586751,1073119231,1073340415,1073446911,1073733631,1073736703,1073741823,1073741823,1073741823:g8
1073741823,1073741823,1073741823,1073740799,1073741823,1073725439,1072586751,1073119231,1073340415,1073446911,1073733631,1073740799,1073741823,1073741823,1073741823:g8
1073741823,1073741823,1073741823,1073725439,1073741823,1073725439,1072586751,1073119231,1073340415,1073446911,1073733631,1073740799,1073741823,1073741823,1073741823:g8
1073741823,1073741823,1073741823,1073479679,1073741823,1073725439,1072586751,1073119231,1073340415,1073446911,1073733631,1073740799,1073741823,1073741823,1073741823:g8
1073741823,1073741823,1073741823,1073741823,1073741823,1073725439,1072586751,1073119231,1073339391,1073446911,1073733631,1073740799,1073741823,1073741823,1073741823:g10
1073741823,1073741823,1073741823,1073741823,1073740799,1073725439,1072586751,1073119231,1073340415,1073446911,1073733631,1073740799,1073741823,1073741823,1073741823:g8
1073741823,1073741823,1073741823,1073741823,1073725439,1073725439,1072586751,1073119231,1073340415,1073446911,1073733631,1073740799,1073741823,1073741823,1073741823:g8
1073741823,1073741823,1073741823,1073741823,1073479679,1073725439,1072586751,1073119231,1073340415,1073446911,1073733631,1073740799,1073741823,1073741823,1073741823:g8
1073741823,1073741823,1073741823,1073741823,1056964607,1073725439,1072586751,1073119231,1073340415,1073446911,1073733631,1073740799,1073741823,1073741823,1073741823:g8
1073741823,1073741823,1073741823,1073741823,1073741823,1073725439,1055809535,1073119231,1073340415,1073446911,1073733631,1073740799,1073741823,1073741823,1073741823:h9
1073741823,1073741823,1073741823,1073741823,1073741823,1073725439,1072586751,1073119231,1056563199,1073446911,1073733631,1073740799,1073741823,1073741823,1073741823:g8
1073741823,1073741823,1073741823,1073741823,1073741823,1073725439,1072586751,1073119231,1073340415,1073446911,1073733631,1073724415,1073741823,1073741823,1073741823:g8
1073741823,1073741823,1073741823,1073741823,1073741823,1073725439,1072586751,1073119231,1073340415,1073446911,1073733631,1069546495,1073741823,1073741823,1073741823:g8
1073741823,1073741823,1073741823,1073741823,1073741823,1073725439,1072586751,1073119231,1073340415,1073446911,1073733631,1073478655,1073741823,1073741823,1073741823:g8
1073741823,1073741823,1073741823,1073741823,1073741823,1073725439,1072586751,1073119231,1073340159,1073446911,1073733631,1073740799,1073741823,1073741823,1073741823:g10
1073741823,1073741823,1073741823,1073741823,1073741823,1073725439,1072586495,1073119231,1073340415,1073446911,1073733631,1073740799,1073741823,1073741823,1073741823:g8
1073741823,1073741823,1073741823,1073741823,1073741823,1073725439,1072585727,1073119231,1073340415,1073446911,1073733631,1073740799,1073741823,1073741823,1073741823:g8
1073741823,1073741823,1073741823,1073741823,1073741567,1073725439,1072586751,1073119231,1073340415,1073446911,1073733631,1073740799,1073741823,1073741823,1073741823:g8
1073741823,1073741823,1073741823,1073741823,1073741823,1073725439,1072586751,1073119231,1073340415,1073446911,1073717247,1073740799,1073741823,1073741823,1073741823:f8
1073741823,1073741823,1073741823,1073741823,1073741823,1073725439,1072586751,1073117119,1073340415,1073446911,1073717247,1073740799,1073741823,1073741823,1073741823:g8
1073741823,1073741823,1073741823,1073741823,1073741823,1073725439,1072586751,1073116927,1073340415,1073446911,1073717247,1073740799,1073741823,1073741823,1073741823:g8
1073741823,1073741823,1073741823,1073741823,1073741823,1073725375,1072586751,1073117183,1073340415,1073446911,1073717247,1073740799,1073741823,1073741823,1073741823:g8
1073741823,1073741823,1073741823,1073741823,1073741823,1073725439,1072586751,1073117183,1073340415,1073446911,1073717247,1073740799,1073479679,1073741823,1073741823:f6
1073741823,1073741823,1073741823,1073741823,1073741823,1073725439,1072586751,1073117183,1073340415,1073446911,1073717247,1073675263,1073741823,1073741823,1073741823:f6
1073741823,1073741823,1073741823,1073741823,1073741823,1073725439,1072586751,1073117183,1073340415,1073446911,1073717247,1073740799,1073725439,1073741823,1073741823:g8
1073741823,1073741823,1073741823,1073741823,1073741823,1073725439,1072586751,1073117183,1073340415,1073446911,1073717247,1073740799,1073741823,1073741759,1073741823:g8
1073741823,1073741823,1073741823,1073741823,1073741823,1073725439,1072586751,1073117183,1073340415,1073446911,1073717247,1073740735,1073741823,1073741823,1073741823:g8
1073741823,1073741823,1073741823,1073741823,1073741823,1073725439,1072586751,1073117183,1073340415,1073446911,1073717247,1073740543,1073741823,1073741823,1073741823:f6
1073741823,1073741823,1073741823,1073741823,1073741823,1073725439,1072586751,1073117183,1073340415,1073446847,1073717247,1073740799,1073741823,1073741823,1073741823:g8
1073741823,1073741823,1073741823,1073741823,1073741823,1073725439,1072586751,1073117183,1073340415,1073446911,1073717247,1073740799,1073741823,1073725439,1073741823:g8
1073741823,1073741823,1073741823,1073741823,1073741823,1073725439,1072586751,1073117183,1073340415,1073446911,1073717247,1073740799,1073741823,1073740799,1073741823:g8
1073741823,1073741823,1073741823,1073741823,1073741823,1073725439,1072586751,1073117183,1073340415,1073446911,1073717247,1073740799,1073740799,1073741823,1073741823:e7
1073741823,1073741823,1073741823,1073741823,1073741823,1073725439,1072586751,1073117183,1073340415,1073446911,1073717247,1073740799,1073741567,1073741823,1073741823:g8
1073741823,1073741823,1073741823,1073741823,1073741823,1073725439,1072586751,1073117183,1073340415,1073446911,1073716991,1073740799,1073741823,1073741823,1073741823:g8
1073741823,1073741823,1073741823,1073741823,1073741823,1073725439,1072586751,1073117183,1073340415,1073446911,1073716223,1073740799,1073741823,1073741823,1073741823:f6
1073741823,1073741823,1073741823,1073741823,1073741823,1073725439,1072586751,1073117183,1073340415,1073446911,1073717247,1073740799,1073676287,1073741823,1073741823:g8
1073741823,1073741823,1073741823,1073741823,1073741823,1073725439,1072586751,1073117183,1073340415,1073446911,1073717247,1073740799,1073737727,1073741823,1073741823:g8
1073741823,1073741823,1073741823,1073741823,1073741823,1073725439,1072586751,1073117183,1073340415,1073446911,1073717247,1073736703,1073741823,1073741823,1073741823:e7
1073741823,1073741823,1073741823,1073740799,1073741823,1073725439,1072586751,1073117183,1073340415,1073446911,1073717247,1073740799,1073741823,1073741823,1073741823:g8
1073741823,1073741823,1073741823,1073725439,1073741823,1073725439,1072586751,1073117183,1073340415,1073446911,1073717247,1073740799,1073741823,1073741823,1073741823:g8
1073741823,1073741823,1073741823,1073479679,1073741823,1073725439,1072586751,1073117183,1073340415,1073446911,1073717247,1073740799,1073741823,1073741823,1073741823:g8
1073741823,1073741823,1073741823,1073741823,1073741823,1073725439,1072586751,1073117183,1073339391,1073446911,1073717247,1073740799,1073741823,1073741823,1073741823:e7
1073741823,1073741823,1073741823,1073741823,1073740799,1073725439,1072586751,1073117183,1073340415,1073446911,1073717247,1073740799,1073741823,1073741823,1073741823:g8
1073741823,1073741823,1073741823,1073741823,1073725439,1073725439,1072586751,1073117183,1073340415,1073446911,1073717247,1073740799,1073741823,1073741823,1073741823:g8
1073741823,1073741823,1073741823,1073741823,1073479679,1073725439,1072586751,1073117183,1073340415,1073446911,1073717247,1073740799,1073741823,1073741823,1073741823:g8
1073741823,1073741823,1073741823,1073741823,1056964607,1073725439,1072586751,1073117183,1073340415,1073446911,1073717247,1073740799,1073741823,1073741823,1073741823:g8
1073741823,1073741823,1073741823,1073741823,1073741823,1073725439,1055809535,1073117183,1073340415,1073446911,1073717247,1073740799,1073741823,1073741823,1073741823:e7
1073741823,1073741823,1073741823,1073741823,1073741823,1073725439,1072586751,1073117183,1056563199,1073446911,1073717247,1073740799,1073741823,1073741823,1073741823:g8
1073741823,1073741823,1073741823,1073741823,1073741823,1073725439,1072586751,1073117183,1073340415,1073446911,1073717247,1073724415,1073741823,1073741823,1073741823:g8
1073741823,1073741823,1073741823,1073741823,1073741823,1073725439,1072586751,1073117183,1073340415,1073446911,1073717247,1069546495,1073741823,1073741823,1073741823:g8
1073741823,1073741823,1073741823,1073741823,1073741823,1073725439,1072586751,1073117183,1073340415,1073446911,1073717247,1073478655,1073741823,1073741823,1073741823:e7
1073741823,1073741823,1073741823,1073741823,1073741823,1073725439,1072586751,1073117183,1073340159,1073446911,1073717247,1073740799,1073741823,1073741823,1073741823:g8
1073741823,1073741823,1073741823,1073741823,1073741823,1073725439,1072586495,1073117183,1073340415,1073446911,1073717247,1073740799,1073741823,1073741823,1073741823:g8
1073741823,1073741823,1073741823,1073741823,1073741823,1073725439,1072585727,1073117183,1073340415,1073446911,1073717247,1073740799,1073741823,1073741823,1073741823:g8
1073741823,1073741823,1073741823,1073741823,1073741567,1073725439,1072586751,1073117183,1073340415,1073446911,1073717247,1073740799,1073741823,1073741823,1073741823:g8
1073741823,1073741823,1073741823,1073741823,1073741823,1073725439,1068392447,1073117183,1073340415,1073446911,1073717247,1073740799,1073741823,1073741823,1073741823:e7
1073741823,1073741823,1073741823,1073741823,1073741823,1073725439,1072586751,1073117183,1069146111,1073446911,1073717247,1073740799,1073741823,1073741823,1073741823:g8
1073741823,1073741823,1073741823,1073741823,1073741823,1073725439,1072586751,1073117183,1073340415,1073446911,1069522943,1073740799,1073741823,1073741823,1073741823:e7
1073741823,1073741823,1073741823,1073741823,1073741823,1073725439,1072586751,1073117183,1073340415,1073446911,1073455103,1073740799,1073741823,1073741823,1073741823:e7
1073741823,1073741823,1073741823,1073741823,1073741823,1073725439,1072586751,1073117183,1073340415,1073446911,1072668671,1073740799,1073741823,1073741823,1073741823:g8
1073741823,1073741823,1073741823,1073741823,1073741823,1073725439,1072586751,1073117183,1073340415,1073446911,1073651711,1073740799,1073741823,1073741823,1073741823:g8
1073741823,1073741823,1073741823,1073741823,1073741823,1073725439,1072586751,1073117183,1073340415,1073442815,1073717247,1073740799,1073741823,1073741823,1073741823:f6
1073741823,1073741823,1073741823,1073741823,1073741823,1073721343,1072586751,1073117183,1073340415,1073446911,1073717247,1073740799,1073741823,1073741823,1073741823:g8
1073741823,1073741823,1073741823,1073741823,1073741823,1072676863,1072586751,1073117183,1073340415,1073446911,1073717247,1073740799,1073741823,1073741823,1073741823:f6
1073741823,1073741823,1073741823,1073741823,1073741823,1073725439,1072586751,1073117183,1073340415,1072398335,1073717247,1073740799,1073741823,1073741823,1073741823:g8
1073741823,1073741823,1073741823,1073741823,1073741823,1073725439,1072586751,1073117183,1073340415,1073381375,1073717247,1073740799,1073741823,1073741823,1073741823:e7
1073741823,1073741823,1073741823,1073741823,1073741823,1069531135,1072586751,1073117183,1073340415,1073446911,1073717247,1073740799,1073741823,1073741823,1073741823:g8
1073741823,1073741823,1073741823,1073741823,1073741823,1073725439,1072586751,1068922879,1073340415,1073446911,1073717247,1073740799,1073741823,1073741823,1073741823:g8
1073741823,1073741823,1073741823,1073741823,1073741823,1073725439,1072586751,1072068607,1073340415,1073446911,1073717247,1073740799,1073741823,1073741823,1073741823:e7
1073741823,1073741823,1073741823,1073741823,1073741823,1073725439,1072586751,1073117183,1073340415,1069252607,1073717247,1073740799,1073741823,1073741823,1073741823:g8
1073741823,1073741823,1073741823,1073741823,1073737727,1073725439,1072586751,1073117183,1073340415,1073446911,1073717247,1073740799,1073741823,1073741823,1073741823:g8
1073741823,1073741823,1073741823,1073741823,1073676287,1073725439,1072586751,1073117183,1073340415,1073446911,1073717247,1073740799,1073741823,1073741823,1073741823:e7
1073741823,1073741823,1073741823,1073741823,1073741823,1073659903,1072586751,1073117183,1073340415,1073446911,1073717247,1073740799,1073741823,1073741823,1073741823:e7
1073741823,1073741823,1073741823,1073741823,1072693247,1073725439,1072586751,1073117183,1073340415,1073446911,1073717247,1073740799,1073741823,1073741823,1073741823:g8
1073741823,1073741823,1073741823,1073741823,1073741823,1073725439,1072324607,1073117183,1073340415,1073446911,1073717247,1073740799,1073741823,1073741823,1073741823:e7
1073741823,1073741823,1073741823,1073741823,1073741823,1073725439,1072586751,1073117183,1072291839,1073446911,1073717247,1073740799,1073741823,1073741823,1073741823:g8
1073741823,1073741823,1073741823,1073741823,1073741823,1073725439,1072586751,1073117183,1073340415,1073445887,1073717247,1073740799,1073741823,1073741823,1073741823:f6
1073741823,1073741823,1073741823,1073741823,1073741823,1073725439,1072586751,1073113087,1073340415,1073446911,1073717247,1073740799,1073741823,1073741823,1073741823:f6
1073741823,1073741823,1073741823,1073741823,1073741823,1073724415,1072586751,1073117183,1073340415,1073446911,1073717247,1073740799,1073741823,1073741823,1073741823:g8
1073741823,1073741823,1073741823,1073741823,1073741823,1073463295,1072586751,1073117183,1073340415,1073446911,1073717247,1073740799,1073741823,1073741823,1073741823:g8
1073741823,1073741823,1073741823,1073741823,1073741823,1073725439,1072586751,1073117183,1073324031,1073446911,1073717247,1073740799,1073741823,1073741823,1073741823:f6
1073741823,1073741823,1073741823,1073741823,1073741823,1073725439,1068392447,1073119231,1073340415,1073446911,1073733631,1073740799,1073741823,1073741823,1073741823:h9
1073741823,1073741823,1073741823,1073741823,1073741823,1073725439,1072586751,1073119231,1069146111,1073446911,1073733631,1073740799,1073741823,1073741823,1073741823:g8
1073741823,1073741823,1073741823,1073741823,1073741823,1073725439,1072586751,1073119231,1073340415,1073446911,1069539327,1073740799,1073741823,1073741823,1073741823:h9
1073741823,1073741823,1073741823,1073741823,1073741823,1073725439,1072586751,1073119231,1073340415,1073446911,1073471487,1073740799,1073741823,1073741823,1073741823:g8
1073741823,1073741823,1073741823,1073741823,1073741823,1073725439,1072586751,1073119231,1073340415,1073446911,1072685055,1073740799,1073741823,1073741823,1073741823:g8
1073741823,1073741823,1073741823,1073741823,1073741823,1073725439,1072586751,1073119231,1073340415,1073446911,1073668095,1073740799,1073741823,1073741823,1073741823:g8
1073741823,1073741823,1073741823,1073741823,1073741823,1073725439,1072586751,1073119231,1073340415,1073442815,1073733631,1073740799,1073741823,1073741823,1073741823:i11
1073741823,1073741823,1073741823,1073741823,1073741823,1073721343,1072586751,1073119231,1073340415,1073446911,1073733631,1073740799,1073741823,1073741823,1073741823:g8
1073741823,1073741823,1073741823,1073741823,1073741823,1072676863,1072586751,1073119231,1073340415,1073446911,1073733631,1073740799,1073741823,1073741823,1073741823:g10
1073741823,1073741823,1073741823,1073741823,1073741823,1073725439,1072586751,1073119231,1073340415,1072398335,1073733631,1073740799,1073741823,1073741823,1073741823:g8
1073741823,1073741823,1073741823,1073741823,1073741823,1073725439,1072586751,1073119231,1073340415,1073381375,1073733631,1073740799,1073741823,1073741823,1073741823:g8
1073741823,1073741823,1073741823,1073741823,1073741823,1069531135,1072586751,1073119231,1073340415,1073446911,1073733631,1073740799,1073741823,1073741823,1073741823:g8
1073741823,1073741823,1073741823,1073741823,1073741823,1073725439,1072586751,1068924927,1073340415,1073446911,1073733631,1073740799,1073741823,1073741823,1073741823:g8
1073741823,1073741823,1073741823,1073741823,1073741823,1073725439,1072586751,1072070655,1073340415,1073446911,1073733631,1073740799,1073741823,1073741823,1073741823:g8
1073741823,1073741823,1073741823,1073741823,1073741823,1073725439,1072586751,1073119231,1073340415,1069252607,1073733631,1073740799,1073741823,1073741823,1073741823:g8
1073741823,1073741823,1073741823,1073741823,1073737727,1073725439,1072586751,1073119231,1073340415,1073446911,1073733631,1073740799,1073741823,1073741823,1073741823:g8
1073741823,1073741823,1073741823,1073741823,1073676287,1073725439,1072586751,1073119231,1073340415,1073446911,1073733631,1073740799,1073741823,1073741823,1073741823:h9
1073741823,1073741823,1073741823,1073741823,1073741823,1073659903,1072586751,1073119231,1073340415,1073446911,1073733631,1073740799,1073741823,1073741823,1073741823:i11
1073741823,1073741823,1073741823,1073741823,1073741823,1073659903,1072586751,1073119231,1073340415,1073446911,1073602559,1073740799,1072693247,1073741823,1073741823:h11
1073741823,1073741823,1073741823,1073741823,1073741823,1073659903,1072586751,1073119231,1073340415,1073446911,1073602559,1073675263,1073741823,1073741823,1073741823:h11
1073741823,1073741823,1073741823,1073737727,1073741823,1073659903,1072586751,1073119231,1073340415,1073446911,1073602559,1073740799,1073741823,1073741823,1073741823:h11
1073741823,1073741823,1073741823,1073676287,1073741823,1073659903,1072586751,1073119231,1073340415,1073446911,1073602559,1073740799,1073741823,1073741823,1073741823:i5
1073741823,1073741823,1073737727,1073676287,1073610751,1073659903,1072586751,1073119231,1073340415,1073446911,1073602559,1073740799,1073741823,1073741823,1073741823:g10
1073741823,1073741823,1072693247,1073676287,1073610751,1073659903,1072586751,1073119231,1073340415,1073446911,1073602559,1073740799,1073741823,1073741823,1073741823:g10
1073741823,1073737727,1073741823,1073676287,1073610751,1073659903,1072586751,1073119231,1073340415,1073446911,1073602559,1073740799,1073741823,1073741823,1073741823:g10
1073741823,1073741823,1073725439,1073676287,1073610751,1073659903,1072586751,1073119231,1073340415,1073446911,1073602559,1073740799,1073741823,1073741823,1073741823:g10
1073741823,1073676287,1073741823,1073676287,1073610751,1073659903,1072586751,1073119231,1073340415,1073446911,1073602559,1073740799,1073741823,1073741823,1073741823:g10
1073741823,1073741823,1073676287,1073676287,1073610751,1073659903,1072586751,1073119231,1073340415,1073446911,1073602559,1073740799,1073741823,1073741823,1073741823:g10
1073741823,1072693247,1073741823,1073676287,1073610751,1073659903,1072586751,1073119231,1073340415,1073446911,1073602559,1073740799,1073741823,1073741823,1073741823:g10
1073741823,1073741823,1073479679,1073676287,1073610751,1073659903,1072586751,1073119231,1073340415,1073446911,1073602559,1073740799,1073741823,1073741823,1073741823:g10
1073741823,1073741823,1073741823,1073676287,1073610751,1073659903,1072586751,1073119231,1073340415,1073446911,1073602559,1073740799,1072693247,1073741823,1073741823:g10
1073741823,1073741823,1073741823,1073676287,1073610751,1073659903,1072586751,1073119231,1073340415,1073446911,1073602559,1073675263,1073741823,1073741823,1073741823:g10
1073741823,1073741823,1073741823,1073672191,1073610751,1073659903,1072586751,1073119231,1073340415,1073446911,1073602559,1073740799,1073741823,1073741823,1073741823:g10
1073741823,1073741823,1073741823,1072627711,1073610751,1073659903,1072586751,1073119231,1073340415,1073446911,1073602559,1073740799,1073741823,1073741823,1073741823:g10
1073741823,1073741823,1073741823,1073676287,1073610751,1073659903,1072586751,1073119231,1073340415,1073446911,1073602559,1073740799,1073741823,1073741759,1073741823:g10
1073741823,1073741823,1073741823,1073676287,1073610751,1073659903,1072586751,1073119231,1073340415,1073446911,1073602559,1073740735,1073741823,1073741823,1073741823:g10
1073741823,1073741823,1073741823,1073676287,1073610751,1073659903,1072586751,1073119231,1073340415,1073446911,1073602559,1073740543,1073741823,1073741823,1073741823:g10
1073741823,1073741823,1073741823,1073676287,1073610751,1073659903,1072586751,1073119231,1073340415,1073446847,1073602559,1073740799,1073741823,1073741823,1073741823:h11
1073741823,1073741823,1073741823,1073676287,1073610751,1073659903,1072586751,1073119231,1073340415,1073446911,1073602559,1073740799,1073741823,1073725439,1073741823:g10
1073741823,1073741823,1073741823,1073676287,1073610751,1073659903,1072586751,1073119231,1073340415,1073446911,1073602559,1073740799,1073741823,1073740799,1073741823:g10
1073741823,1073741823,1073741823,1073676287,1073610751,1073659903,1072586751,1073119231,1073340415,1073446911,1073602559,1073740799,1073740799,1073741823,1073741823:g10
1073741823,1073741823,1073741823,1073676287,1073610751,1073659903,1072586751,1073119231,1073340415,1073446911,1073602559,1073740799,1073741567,1073741823,1073741823:g10
1073741823,1073741823,1073741823,1073676287,1073610751,1073659903,1072586751,1073119231,1073340415,1073446911,1073602303,1073740799,1073741823,1073741823,1073741823:h9
1073741823,1073741823,1073741823,1073676287,1073610751,1073659903,1072586751,1073119231,1073340415,1073446911,1073601535,1073740799,1073741823,1073741823,1073741823:g10
1073741823,1073741823,1073741823,1073676287,1073610751,1073659903,1072586751,1073119231,1073340415,1073446911,1073602559,1073740799,1073676287,1073741823,1073741823:g10
1073741823,1073741823,1073741823,1073676287,1073610751,1073659903,1072586751,1073119231,1073340415,1073446911,1073602559,1073740799,1073737727,1073741823,1073741823:g10
1073741823,1073741823,1073741823,1073676287,1073610751,1073659903,1072586751,1073119231,1073340415,1073446911,1073602559,1073736703,1073741823,1073741823,1073741823:g10
1073741823,1073741823,1073741823,1073675263,1073610751,1073659903,1072586751,1073119231,1073340415,1073446911,1073602559,1073740799,1073741823,1073741823,1073741823:g10
1073741823,1073741823,1073741823,1073659903,1073610751,1073659903,1072586751,1073119231,1073340415,1073446911,1073602559,1073740799,1073741823,1073741823,1073741823:g10
1073741823,1073741823,1073741823,1073414143,1073610751,1073659903,1072586751,1073119231,1073340415,1073446911,1073602559,1073740799,1073741823,1073741823,1073741823:g10
1073741823,1073741823,1073741823,1073676287,1073610751,1073659903,1072586751,1073119231,1073339391,1073446911,1073602559,1073740799,1073741823,1073741823,1073741823:g10
1073741823,1073741823,1073741823,1073676287,1073609727,1073659903,1072586751,1073119231,1073340415,1073446911,1073602559,1073740799,1073741823,1073741823,1073741823:g10
1073741823,1073741823,1073741823,1073676287,1073594367,1073659903,1072586751,1073119231,1073340415,1073446911,1073602559,1073740799,1073741823,1073741823,1073741823:g10
1073741823,1073741823,1073741823,1073676287,1073348607,1073659903,1072586751,1073119231,1073340415,1073446911,1073602559,1073740799,1073741823,1073741823,1073741823:g10
1073741823,1073741823,1073741823,1073676287,1056833535,1073659903,1072586751,1073119231,1073340415,1073446911,1073602559,1073740799,1073741823,1073741823,1073741823:g10
1073741823,1073741823,1073741823,1073676287,1073610751,1073659903,1055809535,1073119231,1073340415,1073446911,1073602559,1073740799,1073741823,1073741823,1073741823:h11
1073741823,1073741823,1073741823,1073676287,1073610751,1073659903,1072586751,1073119231,1056563199,1073446911,1073602559,1073740799,1073741823,1073741823,1073741823:g10
1073741823,1073741823,1073741823,1073676287,1073610751,1073659903,1072586751,1073119231,1073340415,1073446911,1073602559,1073724415,1073741823,1073741823,1073741823:g10
1073741823,1073741823,1073741823,1073676287,1073610751,1073659903,1072586751,1073119231,1073340415,1073446911,1073602559,1069546495,1073741823,1073741823,1073741823:g10
1073741823,1073741823,1073741823,1073676287,1073610751,1073659903,1072586751,1073119231,1073340415,1073446911,1073602559,1073478655,1073741823,1073741823,1073741823:h11
1073741823,1073741823,1073741823,1073676287,1073610751,1073659903,1072586751,1073119231,1073340159,1073446911,1073602559,1073740799,1073741823,1073741823,1073741823:g10
1073741823,1073741823,1073741823,1073676287,1073610751,1073659903,1072586495,1073119231,1073340415,1073446911,1073602559,1073740799,1073741823,1073741823,1073741823:g10
1073741823,1073741823,1073741823,1073676287,1073610751,1073659903,1072585727,1073119231,1073340415,1073446911,1073602559,1073740799,1073741823,1073741823,1073741823:g10
1073741823,1073741823,1073741823,1073676287,1073610495,1073659903,1072586751,1073119231,1073340415,1073446911,1073602559,1073740799,1073741823,1073741823,1073741823:g10
1073741823,1073741823,1073741823,1073676287,1073610751,1073659903,1072586751,1073119231,1073340415,1073446911,1073586175,1073740799,1073741823,1073741823,1073741823:f8
1073741823,1073741823,1073741823,1073676287,1073610751,1073659903,1068392447,1073119231,1073340415,1073446911,1073602559,1073740799,1073741823,1073741823,1073741823:h11
1073741823,1073741823,1073741823,1073676287,1073610751,1073659903,1072586751,1073119231,1069146111,1073446911,1073602559,1073740799,1073741823,1073741823,1073741823:g10
1073741823,1073741823,1073741823,1073676287,1073610751,1073659903,1072586751,1073119231,1073340415,1073446911,1069408255,1073740799,1073741823,1073741823,1073741823:h11
1073741823,1073741823,1073741823,1073676287,1073610751,1073659903,1072586751,1073119231,1073340415,1073446911,1073340415,1073740799,1073741823,1073741823,1073741823:g10
1073741823,1073741823,1073741823,1073676287,1073610751,1073659903,1072586751,1073119231,1073340415,1073446911,1072553983,1073740799,1073741823,1073741823,1073741823:g10
1073741823,1073741823,1073741823,1073676287,1073610751,1073659903,1072586751,1073119231,1073340415,1073442815,1073602559,1073740799,1073741823,1073741823,1073741823:h11
1073741823,1073741823,1073741823,1073676287,1073610751,1073655807,1072586751,1073119231,1073340415,1073446911,1073602559,1073740799,1073741823,1073741823,1073741823:h11
1073741823,1073741823,1073741823,1073676287,1073610751,1072611327,1072586751,1073119231,1073340415,1073446911,1073602559,1073740799,1073741823,1073741823,1073741823:h11
1073741823,1073741823,1073741823,1073676287,1073610751,1073659903,1072586751,1073119231,1073340415,1072398335,1073602559,1073740799,1073741823,1073741823,1073741823:g10
1073741823,1073741823,1073741823,1073676287,1073610751,1073659903,1072586751,1073119231,1073340415,1073381375,1073602559,1073740799,1073741823,1073741823,1073741823:h11
1073741823,1073741823,1073741823,1073676287,1073610751,1069465599,1072586751,1073119231,1073340415,1073446911,1073602559,1073740799,1073741823,1073741823,1073741823:h11
1073741823,1073741823,1073741823,1073676287,1073610751,1073659903,1072586751,1068924927,1073340415,1073446911,1073602559,1073740799,1073741823,1073741823,1073741823:g10
1073741823,1073741823,1073741823,1073676287,1073610751,1073659903,1072586751,1072070655,1073340415,1073446911,1073602559,1073740799,1073741823,1073741823,1073741823:g10
1073741823,1073741823,1073741823,1073676287,1073610751,1073659903,1072586751,1073119231,1073340415,1069252607,1073602559,1073740799,1073741823,1073741823,1073741823:g10
1073741823,1073741823,1073741823,1073676287,1073606655,1073659903,1072586751,1073119231,1073340415,1073446911,1073602559,1073740799,1073741823,1073741823,1073741823:h11
1073741823,1073741823,1073741823,1073676287,1072562175,1073659903,1072586751,1073119231,1073340415,1073446911,1073602559,1073740799,1073741823,1073741823,1073741823:g10
1073741823,1073741823,1073741823,1073676287,1073610751,1073659903,1072324607,1073119231,1073340415,1073446911,1073602559,1073740799,1073741823,1073741823,1073741823:h11
1073741823,1073741823,1073741823,1073676287,1073610751,1073659903,1072586751,1073119231,1072291839,1073446911,1073602559,1073740799,1073741823,1073741823,1073741823:g10
1073741823,1073741823,1073741823,1073676287,1073610751,1073659903,1072586751,1073119231,1073340415,1073445887,1073602559,1073740799,1073741823,1073741823,1073741823:h11
1073741823,1073741823,1073741823,1073676287,1073610751,1073659903,1072586751,1073118207,1073340415,1073446911,1073602559,1073740799,1073741823,1073741823,1073741823:g10
1073741823,1073741823,1073741823,1073676287,1073610751,1073659903,1072586751,1073115135,1073340415,1073446911,1073602559,1073740799,1073741823,1073741823,1073741823:h9
1073741823,1073741823,1073741823,1073676287,1073610751,1073658879,1072586751,1073119231,1073340415,1073446911,1073602559,1073740799,1073741823,1073741823,1073741823:h11
1073741823,1073741823,1073741823,1073676287,1073610751,1073397759,1072586751,1073119231,1073340415,1073446911,1073602559,1073740799,1073741823,1073741823,1073741823:h11
1073741823,1073741823,1073741823,1073676287,1073610751,1073659903,1072586751,1073119231,1073324031,1073446911,1073602559,1073740799,1073741823,1073741823,1073741823:f8
1073741823,1073741823,1073741823,1072693247,1073741823,1073659903,1072586751,1073119231,1073340415,1073446911,1073602559,1073740799,1073741823,1073741823,1073741823:h11
1073741823,1073741823,1073741823,1073741823,1073741823,1073659903,1072586751,1073119231,1073340415,1073446911,1073602559,1073740799,1073741823,1073741759,1073741823:h11
1073741823,1073741823,1073741823,1073741823,1073741823,1073659903,1072586751,1073119231,1073340415,1073446911,1073602559,1073740735,1073741823,1073741823,1073741823:h11
1073741823,1073741823,1073741823,1073741823,1073741823,1073659903,1072586751,1073119231,1073340415,1073446911,1073602559,1073740543,1073741823,1073741823,1073741823:h11
1073741823,1073741823,1073741823,1073741823,1073741823,1073659903,1072586751,1073119231,1073340415,1073446847,1073602559,1073740799,1073741823,1073741823,1073741823:h11
1073741823,1073741823,1073741823,1073741823,1073741823,1073659903,1072586751,1073119231,1073340415,1073446911,1073602559,1073740799,1073741823,1073725439,1073741823:h11
1073741823,1073741823,1073741823,1073741823,1073741823,1073659903,1072586751,1073119231,1073340415,1073446911,1073602559,1073740799,1073741823,1073740799,1073741823:h11
1073741823,1073741823,1073741823,1073741823,1073741823,1073659903,1072586751,1073119231,1073340415,1073446911,1073602559,1073740799,1073740799,1073741823,1073741823:h11
1073741823,1073741823,1073741823,1073741823,1073741823,1073659903,1072586751,1073119231,1073340415,1073446911,1073602559,1073740799,1073741567,1073741823,1073741823:h11
1073741823,1073741823,1073741823,1073741823,1073741823,1073659903,1072586751,1073119231,1073340415,1073446911,1073602303,1073740799,1073741823,1073741823,1073741823:h11
1073741823,1073741823,1073741823,1073741823,1073741823,1073659903,1072586751,1073119231,1073340415,1073446911,1073601535,1073740799,1073741823,1073741823,1073741823:f8
1073741823,1073741823,1073741823,1073741823,1073741823,1073659903,1072586751,1073119231,1073340415,1073446911,1073602559,1073740799,1073676287,1073741823,1073741823:h11
1073741823,1073741823,1073741823,1073741823,1073741823,1073659903,1072586751,1073119231,1073340415,1073446911,1073602559,1073740799,1073737727,1073741823,1073741823:h11
1073741823,1073741823,1073741823,1073741823,1073741823,1073659903,1072586751,1073119231,1073340415,1073446911,1073602559,1073736703,1073741823,1073741823,1073741823:h11
1073741823,1073741823,1073741823,1073740799,1073741823,1073659903,1072586751,1073119231,1073340415,1073446911,1073602559,1073740799,1073741823,1073741823,1073741823:h11
1073741823,1073741823,1073741823,1073725439,1073741823,1073659903,1072586751,1073119231,1073340415,1073446911,1073602559,1073740799,1073741823,1073741823,1073741823:h11
1073741823,1073741823,1073741823,1073479679,1073741823,1073659903,1072586751,1073119231,1073340415,1073446911,1073602559,1073740799,1073741823,1073741823,1073741823:h11
1073741823,1073741823,1073741823,1073741823,1073741823,1073659903,1072586751,1073119231,1073339391,1073446911,1073602559,1073740799,1073741823,1073741823,1073741823:h11
1073741823,1073741823,1073741823,1073741823,1073740799,1073659903,1072586751,1073119231,1073340415,1073446911,1073602559,1073740799,1073741823,1073741823,1073741823:h11
1073741823,1073741823,1073741823,1073741823,1073725439,1073659903,1072586751,1073119231,1073340415,1073446911,1073602559,1073740799,1073741823,1073741823,1073741823:h11
1073741823,1073741823,1073741823,1073741823,1073479679,1073659903,1072586751,1073119231,1073340415,1073446911,1073602559,1073740799,1073741823,1073741823,1073741823:h11
1073741823,1073741823,1073741823,1073741823,1056964607,1073659903,1072586751,1073119231,1073340415,1073446911,1073602559,1073740799,1073741823,1073741823,1073741823:h11
1073741823,1073741823,1073741823,1073741823,1073741823,1073659903,1055809535,1073119231,1073340415,1073446911,1073602559,1073740799,1073741823,1073741823,1073741823:h11
1073741823,1073741823,1073741823,1073741823,1073741823,1073659903,1072586751,1073119231,1056563199,1073446911,1073602559,1073740799,1073741823,1073741823,1073741823:h11
1073741823,1073741823,1073741823,1073741823,1073741823,1073659903,1072586751,1073119231,1073340415,1073446911,1073602559,1073724415,1073741823,1073741823,1073741823:h11
1073741823,1073741823,1073741823,1073741823,1073741823,1073659903,1072586751,1073119231,1073340415,1073446911,1073602559,1069546495,1073741823,1073741823,1073741823:h11
1073741823,1073741823,1073741823,1073741823,1073741823,1073659903,1072586751,1073119231,1073340415,1073446911,1073602559,1073478655,1073741823,1073741823,1073741823:h11
1073741823,1073741823,1073741823,1073741823,1073741823,1073659903,1072586751,1073119231,1073340159,1073446911,1073602559,1073740799,1073741823,1073741823,1073741823:h11
1073741823,1073741823,1073741823,1073741823,1073741823,1073659903,1072586495,1073119231,1073340415,1073446911,1073602559,1073740799,1073741823,1073741823,1073741823:h11
1073741823,1073741823,1073741823,1073741823,1073741823,1073659903,1072585727,1073119231,1073340415,1073446911,1073602559,1073740799,1073741823,1073741823,1073741823:h11
1073741823,1073741823,1073741823,1073741823,1073741567,1073659903,1072586751,1073119231,1073340415,1073446911,1073602559,1073740799,1073741823,1073741823,1073741823:h11
1073741823,1073741823,1073741823,1073741823,1073741823,1073659903,1072586751,1073119231,1073340415,1073446911,1073586175,1073740799,1073741823,1073741823,1073741823:f8
1073741823,1073741823,1073741823,1073741823,1073741823,1073659903,1068392447,1073119231,1073340415,1073446911,1073602559,1073740799,1073741823,1073741823,1073741823:h11
1073741823,1073741823,1073741823,1073741823,1073741823,1073659903,1072586751,1073119231,1069146111,1073446911,1073602559,1073740799,1073741823,1073741823,1073741823:h11
1073741823,1073741823,1073741823,1073741823,1073741823,1073659903,1072586751,1073119231,1073340415,1073446911,1069408255,1073740799,1073741823,1073741823,1073741823:h11
1073741823,1073741823,1073741823,1073741823,1073741823,1073659903,1072586751,1073119231,1073340415,1073446911,1073340415,1073740799,1073741823,1073741823,1073741823:h11
1073741823,1073741823,1073741823,1073741823,1073741823,1073659903,1072586751,1073119231,1073340415,1073446911,1072553983,1073740799,1073741823,1073741823,1073741823:h11
1073741823,1073741823,1073741823,1073741823,1073741823,1073659903,1072586751,1073119231,1073340415,1073442815,1073602559,1073740799,1073741823,1073741823,1073741823:h11
1073741823,1073741823,1073741823,1073741823,1073741823,1073655807,1072586751,1073119231,1073340415,1073446911,1073602559,1073740799,1073741823,1073741823,1073741823:h11
1073741823,1073741823,1073741823,1073741823,1073741823,1072611327,1072586751,1073119231,1073340415,1073446911,1073602559,1073740799,1073741823,1073741823,1073741823:h11
1073741823,1073741823,1073741823,1073741823,1073741823,1073659903,1072586751,1073119231,1073340415,1072398335,1073602559,1073740799,1073741823,1073741823,1073741823:h11
1073741823,1073741823,1073741823,1073741823,1073741823,1073659903,1072586751,1073119231,1073340415,1073381375,1073602559,1073740799,1073741823,1073741823,1073741823:h11
1073741823,1073741823,1073741823,1073741823,1073741823,1069465599,1072586751,1073119231,1073340415,1073446911,1073602559,1073740799,1073741823,1073741823,1073741823:h11
1073741823,1073741823,1073741823,1073741823,1073741823,1073659903,1072586751,1068924927,1073340415,1073446911,1073602559,1073740799,1073741823,1073741823,1073741823:h11
1073741823,1073741823,1073741823,1073741823,1073741823,1073659903,1072586751,1072070655,1073340415,1073446911,1073602559,1073740799,1073741823,1073741823,1073741823:h11
1073741823,1073741823,1073741823,1073741823,1073741823,1073659903,1072586751,1073119231,1073340415,1069252607,1073602559,1073740799,1073741823,1073741823,1073741823:h11
1073741823,1073741823,1073741823,1073741823,1073737727,1073659903,1072586751,1073119231,1073340415,1073446911,1073602559,1073740799,1073741823,1073741823,1073741823:h11
1073741823,1073741823,1073741823,1073741823,1073676287,1073659903,1072586751,1073119231,1073340415,1073446911,1073602559,1073740799,1073741823,1073741823,1073741823:i4
1073741823,1073737727,1073741823,1073610751,1073676287,1073659903,1072586751,1073119231,1073340415,1073446911,1073602559,1073740799,1073741823,1073741823,1073741823:g6
1073741823,1073741823,1073725439,1073610751,1073676287,1073659903,1072586751,1073119231,1073340415,1073446911,1073602559,1073740799,1073741823,1073741823,1073741823:g10
1073741823,1073676287,1073741823,1073610751,1073676287,1073659903,1072586751,1073119231,1073340415,1073446911,1073602559,1073740799,1073741823,1073741823,1073741823:g6
1073741823,1072693247,1073741823,1073610751,1073676287,1073659903,1072586751,1073119231,1073340415,1073446911,1073602559,1073740799,1073741823,1073741823,1073741823:g6
1073741823,1073741823,1073479679,1073610751,1073676287,1073659903,1072586751,1073119231,1073340415,1073446911,1073602559,1073740799,1073741823,1073741823,1073741823:g10
1073741823,1073741823,1073737727,1073610751,1073676287,1073659903,1072586751,1073119231,1073340415,1073446911,1073602559,1073740799,1073741823,1073741823,1073741823:h11
1073741823,1073741823,1073676287,1073610751,1073676287,1073659903,1072586751,1073119231,1073340415,1073446911,1073602559,1073740799,1073741823,1073741823,1073741823:g6
1073741823,1073741823,1072693247,1073610751,1073676287,1073659903,1072586751,1073119231,1073340415,1073446911,1073602559,1073740799,1073741823,1073741823,1073741823:g6
1073741823,1073741823,1073741823,1073610751,1073676287,1073659903,1072586751,1073119231,1073340415,1073446911,1073602559,1073740799,1072693247,1073741823,1073741823:g6
1073741823,1073741823,1073741823,1073610751,1073676287,1073659903,1072586751,1073119231,1073340415,1073446911,1073602559,1073675263,1073741823,1073741823,1073741823:g6
1073741823,1073741823,1073741823,1073606655,1073676287,1073659903,1072586751,1073119231,1073340415,1073446911,1073602559,1073740799,1073741823,1073741823,1073741823:g6
1073741823,1073741823,1073741823,1072562175,1073676287,1073659903,1072586751,1073119231,1073340415,1073446911,1073602559,1073740799,1073741823,1073741823,1073741823:g6
1073741823,1073741823,1073741823,1073610751,1073676287,1073659903,1072586751,1073119231,1073340415,1073446911,1073602559,1073740799,1073741823,1073741759,1073741823:g6
1073741823,1073741823,1073741823,1073610751,1073676287,1073659903,1072586751,1073119231,1073340415,1073446911,1073602559,1073740735,1073741823,1073741823,1073741823:g6
1073741823,1073741823,1073741823,1073610751,1073676287,1073659903,1072586751,1073119231,1073340415,1073446911,1073602559,1073740543,1073741823,1073741823,1073741823:g10
1073741823,1073741823,1073741823,1073610751,1073676287,1073659903,1072586751,1073119231,1073340415,1073446847,1073602559,1073740799,1073741823,1073741823,1073741823:g6
1073741823,1073741823,1073741823,1073610751,1073676287,1073659903,1072586751,1073119231,1073340415,1073446911,1073602559,1073740799,1073741823,1073725439,1073741823:g6
1073741823,1073741823,1073741823,1073610751,1073676287,1073659903,1072586751,1073119231,1073340415,1073446911,1073602559,1073740799,1073741823,1073740799,1073741823:g6
1073741823,1073741823,1073741823,1073610751,1073676287,1073659903,1072586751,1073119231,1073340415,1073446911,1073602559,1073740799,1073740799,1073741823,1073741823:g6
1073741823,1073741823,1073741823,1073610751,1073676287,1073659903,1072586751,1073119231,1073340415,1073446911,1073602559,1073740799,1073741567,1073741823,1073741823:g6
1073741823,1073741823,1073741823,1073610751,1073676287,1073659903,1072586751,1073119231,1073340415,1073446911,1073602303,1073740799,1073741823,1073741823,1073741823:g6
1073741823,1073741823,1073741823,1073610751,1073676287,1073659903,1072586751,1073119231,1073340415,1073446911,1073601535,1073740799,1073741823,1073741823,1073741823:g10
1073741823,1073741823,1073741823,1073610751,1073676287,1073659903,1072586751,1073119231,1073340415,1073446911,1073602559,1073740799,1073676287,1073741823,1073741823:g6
1073741823,1073741823,1073741823,1073610751,1073676287,1073659903,1072586751,1073119231,1073340415,1073446911,1073602559,1073740799,1073737727,1073741823,1073741823:g6
1073741823,1073741823,1073741823,1073610751,1073676287,1073659903,1072586751,1073119231,1073340415,1073446911,1073602559,1073736703,1073741823,1073741823,1073741823:g6
1073741823,1073741823,1073741823,1073609727,1073676287,1073659903,1072586751,1073119231,1073340415,1073446911,1073602559,1073740799,1073741823,1073741823,1073741823:h11
1073741823,1073741823,1073741823,1073594367,1073676287,1073659903,1072586751,1073119231,1073340415,1073446911,1073602559,1073740799,1073741823,1073741823,1073741823:h11
1073741823,1073741823,1073741823,1073348607,1073676287,1073659903,1072586751,1073119231,1073340415,1073446911,1073602559,1073740799,1073741823,1073741823,1073741823:g6
1073741823,1073741823,1073741823,1073610751,1073676287,1073659903,1072586751,1073119231,1073339391,1073446911,1073602559,1073740799,1073741823,1073741823,1073741823:g6
1073741823,1073741823,1073741823,1073610751,1073675263,1073659903,1072586751,1073119231,1073340415,1073446911,1073602559,1073740799,1073741823,1073741823,1073741823:g10
1073741823,1073741823,1073741823,1073610751,1073659903,1073659903,1072586751,1073119231,1073340415,1073446911,1073602559,1073740799,1073741823,1073741823,1073741823:g10
1073741823,1073741823,1073741823,1073610751,1073414143,1073659903,1072586751,1073119231,1073340415,1073446911,1073602559,1073740799,1073741823,1073741823,1073741823:g10
1073741823,1073741823,1073741823,1073610751,1056899071,1073659903,1072586751,1073119231,1073340415,1073446911,1073602559,1073740799,1073741823,1073741823,1073741823:g6
1073741823,1073741823,1073741823,1073610751,1073676287,1073659903,1055809535,1073119231,1073340415,1073446911,1073602559,1073740799,1073741823,1073741823,1073741823:h11
1073741823,1073741823,1073741823,1073610751,1073676287,1073659903,1072586751,1073119231,1056563199,1073446911,1073602559,1073740799,1073741823,1073741823,1073741823:h11
1073741823,1073741823,1073741823,1073610751,1073676287,1073659903,1072586751,1073119231,1073340415,1073446911,1073602559,1073724415,1073741823,1073741823,1073741823:g6
1073741823,1073741823,1073741823,1073610751,1073676287,1073659903,1072586751,1073119231,1073340415,1073446911,1073602559,1069546495,1073741823,1073741823,1073741823:g6
1073741823,1073741823,1073741823,1073610751,1073676287,1073659903,1072586751,1073119231,1073340415,1073446911,1073602559,1073478655,1073741823,1073741823,1073741823:h11
1073741823,1073741823,1073741823,1073610751,1073676287,1073659903,1072586751,1073119231,1073340159,1073446911,1073602559,1073740799,1073741823,1073741823,1073741823:g6
1073741823,1073741823,1073741823,1073610751,1073676287,1073659903,1072586495,1073119231,1073340415,1073446911,1073602559,1073740799,1073741823,1073741823,1073741823:g8
1073741823,1073741823,1073741823,1073610751,1073676287,1073659903,1072585727,1073119231,1073340415,1073446911,1073602559,1073740799,1073741823,1073741823,1073741823:g10
1073741823,1073741823,1073741823,1073610751,1073676031,1073659903,1072586751,1073119231,1073340415,1073446911,1073602559,1073740799,1073741823,1073741823,1073741823:g10
1073741823,1073741823,1073741823,1073610751,1073676287,1073659903,1072586751,1073119231,1073340415,1073446911,1073586175,1073740799,1073741823,1073741823,1073741823:g6
1073741823,1073741823,1073741823,1073610751,1073676287,1073659903,1068392447,1073119231,1073340415,1073446911,1073602559,1073740799,1073741823,1073741823,1073741823:h11
1073741823,1073741823,1073741823,1073610751,1073676287,1073659903,1072586751,1073119231,1069146111,1073446911,1073602559,1073740799,1073741823,1073741823,1073741823:g6
1073741823,1073741823,1073741823,1073610751,1073676287,1073659903,1072586751,1073119231,1073340415,1073446911,1069408255,1073740799,1073741823,1073741823,1073741823:h11
1073741823,1073741823,1073741823,1073610751,1073676287,1073659903,1072586751,1073119231,1073340415,1073446911,1073340415,1073740799,1073741823,1073741823,1073741823:g10
1073741823,1073741823,1073741823,1073610751,1073676287,1073659903,1072586751,1073119231,1073340415,1073446911,1072553983,1073740799,1073741823,1073741823,1073741823:g6
1073741823,1073741823,1073741823,1073610751,1073676287,1073659903,1072586751,1073119231,1073340415,1073442815,1073602559,1073740799,1073741823,1073741823,1073741823:h11
1073741823,1073741823,1073741823,1073610751,1073676287,1073655807,1072586751,1073119231,1073340415,1073446911,1073602559,1073740799,1073741823,1073741823,1073741823:h11
1073741823,1073741823,1073741823,1073610751,1073676287,1072611327,1072586751,1073119231,1073340415,1073446911,1073602559,1073740799,1073741823,1073741823,1073741823:h11
1073741823,1073741823,1073741823,1073610751,1073676287,1073659903,1072586751,1073119231,1073340415,1072398335,1073602559,1073740799,1073741823,1073741823,1073741823:g6
1073741823,1073741823,1073741823,1073610751,1073676287,1073659903,1072586751,1073119231,1073340415,1073381375,1073602559,1073740799,1073741823,1073741823,1073741823:g6
1073741823,1073741823,1073741823,1073610751,1073676287,1069465599,1072586751,1073119231,1073340415,1073446911,1073602559,1073740799,1073741823,1073741823,1073741823:h11
1073741823,1073741823,1073741823,1073610751,1073676287,1073659903,1072586751,1068924927,1073340415,1073446911,1073602559,1073740799,1073741823,1073741823,1073741823:h11
1073741823,1073741823,1073741823,1073610751,1073676287,1073659903,1072586751,1072070655,1073340415,1073446911,1073602559,1073740799,1073741823,1073741823,1073741823:g6
1073741823,1073741823,1073741823,1073610751,1073676287,1073659903,1072586751,1073119231,1073340415,1069252607,1073602559,1073740799,1073741823,1073741823,1073741823:g6
1073741823,1073741823,1073741823,1073610751,1073672191,1073659903,1072586751,1073119231,1073340415,1073446911,1073602559,1073740799,1073741823,1073741823,1073741823:g10
1073741823,1073741823,1073741823,1073610751,1072627711,1073659903,1072586751,1073119231,1073340415,1073446911,1073602559,1073740799,1073741823,1073741823,1073741823:g10
1073741823,1073741823,1073741823,1073610751,1073676287,1073659903,1072324607,1073119231,1073340415,1073446911,1073602559,1073740799,1073741823,1073741823,1073741823:h11
1073741823,1073741823,1073741823,1073610751,1073676287,1073659903,1072586751,1073119231,1072291839,1073446911,1073602559,1073740799,1073741823,1073741823,1073741823:g6
1073741823,1073741823,1073741823,1073610751,1073676287,1073659903,1072586751,1073119231,1073340415,1073445887,1073602559,1073740799,1073741823,1073741823,1073741823:g6
1073741823,1073741823,1073741823,1073610751,1073676287,1073659903,1072586751,1073118207,1073340415,1073446911,1073602559,1073740799,1073741823,1073741823,1073741823:g8
1073741823,1073741823,1073741823,1073610751,1073676287,1073659903,1072586751,1073115135,1073340415,1073446911,1073602559,1073740799,1073741823,1073741823,1073741823:h9
1073741823,1073741823,1073741823,1073610751,1073676287,1073658879,1072586751,1073119231,1073340415,1073446911,1073602559,1073740799,1073741823,1073741823,1073741823:g8
1073741823,1073741823,1073741823,1073610751,1073676287,1073397759,1072586751,1073119231,1073340415,1073446911,1073602559,1073740799,1073741823,1073741823,1073741823:h11
1073741823,1073741823,1073741823,1073610751,1073676287,1073659903,1072586751,1073119231,1073324031,1073446911,1073602559,1073740799,1073741823,1073741823,1073741823:f8
1073741823,1073741823,1073741823,1073741823,1072693247,1073659903,1072586751,1073119231,1073340415,1073446911,1073602559,1073740799,1073741823,1073741823,1073741823:h11
1073741823,1073741823,1073741823,1073741823,1073741823,1073659903,1072324607,1073119231,1073340415,1073446911,1073602559,1073740799,1073741823,1073741823,1073741823:h11
1073741823,1073741823,1073741823,1073741823,1073741823,1073659903,1072586751,1073119231,1072291839,1073446911,1073602559,1073740799,1073741823,1073741823,1073741823:h11
1073741823,1073741823,1073741823,1073741823,1073741823,1073659903,1072586751,1073119231,1073340415,1073445887,1073602559,1073740799,1073741823,1073741823,1073741823:h11
1073741823,1073741823,1073741823,1073741823,1073741823,1073659903,1072586751,1073118207,1073340415,1073446911,1073602559,1073740799,1073741823,1073741823,1073741823:h11
1073741823,1073741823,1073741823,1073741823,1073741823,1073659903,1072586751,1073115135,1073340415,1073446911,1073602559,1073740799,1073741823,1073741823,1073741823:h11
1073741823,1073741823,1073741823,1073741823,1073741823,1073658879,1072586751,1073119231,1073340415,1073446911,1073602559,1073740799,1073741823,1073741823,1073741823:h11
1073741823,1073741823,1073741823,1073741823,1073741823,1073397759,1072586751,1073119231,1073340415,1073446911,1073602559,1073740799,1073741823,1073741823,1073741823:h11
1073741823,1073741823,1073741823,1073741823,1073741823,1073659903,1072586751,1073119231,1073324031,1073446911,1073602559,1073740799,1073741823,1073741823,1073741823:f8
1073741823,1073741823,1073741823,1073741823,1072693247,1073725439,1072586751,1073119231,1073340415,1073446911,1073733631,1073740799,1073741823,1073741823,1073741823:g8
1073741823,1073741823,1073741823,1073741823,1073741823,1073725439,1072324607,1073119231,1073340415,1073446911,1073733631,1073740799,1073741823,1073741823,1073741823:h9
1073741823,1073741823,1073741823,1073741823,1073741823,1073725439,1072586751,1073119231,1072291839,1073446911,1073733631,1073740799,1073741823,1073741823,1073741823:g8
1073741823,1073741823,1073741823,1073741823,1073741823,1073725439,1072586751,1073119231,1073340415,1073445887,1073733631,1073740799,1073741823,1073741823,1073741823:g8
1073741823,1073741823,1073741823,1073741823,1073741823,1073725439,1072586751,1073118207,1073340415,1073446911,1073733631,1073740799,1073741823,1073741823,1073741823:g8
1073741823,1073741823,1073741823,1073741823,1073741823,1073725439,1072586751,1073115135,1073340415,1073446911,1073733631,1073740799,1073741823,1073741823,1073741823:h9
1073741823,1073741823,1073741823,1073741823,1073741823,1073724415,1072586751,1073119231,1073340415,1073446911,1073733631,1073740799,1073741823,1073741823,1073741823:g8
1073741823,1073741823,1073741823,1073741823,1073741823,1073463295,1072586751,1073119231,1073340415,1073446911,1073733631,1073740799,1073741823,1073741823,1073741823:g8
1073741823,1073741823,1073741823,1073741823,1073741823,1073725439,1072586751,1073119231,1073324031,1073446911,1073733631,1073740799,1073741823,1073741823,1073741823:f8
1073741823,1073741823,1073741823,1073741823,1073741823,1073725439,1072586751,1073117119,1073324031,1073446911,1073733631,1073740799,1073741823,1073741823,1073741823:g10
1073741823,1073741823,1073741823,1073741823,1073741823,1073725439,1072586751,1073116927,1073324031,1073446911,1073733631,1073740799,1073741823,1073741823,1073741823:g10
1073741823,1073741823,1073741823,1073741823,1073741823,1073725375,1072586751,1073117183,1073324031,1073446911,1073733631,1073740799,1073741823,1073741823,1073741823:g10
1073741823,1073741823,1073741823,1073741823,1073741823,1073725439,1072586751,1073117183,1073324031,1073446911,1073733631,1073740799,1073741823,1073741759,1073741823:g10
1073741823,1073741823,1073741823,1073741823,1073741823,1073725439,1072586751,1073117183,1073324031,1073446911,1073733631,1073740735,1073741823,1073741823,1073741823:g10
1073741823,1073741823,1073741823,1073741823,1073741823,1073725439,1072586751,1073117183,1073324031,1073446911,1073733631,1073740543,1073741823,1073741823,1073741823:g10
1073741823,1073741823,1073741823,1073741823,1073741823,1073725439,1072586751,1073117183,1073324031,1073446847,1073733631,1073740799,1073741823,1073741823,1073741823:f6
1073741823,1073741823,1073741823,1073741823,1073741823,1073725439,1072586751,1073117183,1073324031,1073446911,1073733631,1073740799,1073741823,1073725439,1073741823:f6
1073741823,1073741823,1073741823,1073741823,1073741823,1073725439,1072586751,1073117183,1073324031,1073446911,1073733631,1073740799,1073741823,1073740799,1073741823:g10
1073741823,1073741823,1073741823,1073741823,1073741823,1073725439,1072586751,1073117183,1073324031,1073446911,1073733631,1073740799,1073740799,1073741823,1073741823:f6
1073741823,1073741823,1073741823,1073741823,1073741823,1073725439,1072586751,1073117183,1073324031,1073446911,1073733631,1073740799,1073741567,1073741823,1073741823:g10
1073741823,1073741823,1073741823,1073741823,1073741823,1073725439,1072586751,1073117183,1073324031,1073446911,1073733375,1073740799,1073741823,1073741823,1073741823:f6
1073741823,1073741823,1073741823,1073741823,1073741823,1073725439,1072586751,1073117183,1073324031,1073446911,1073732607,1073740799,1073741823,1073741823,1073741823:e7
1073741823,1073741823,1073741823,1073741823,1073741823,1073725439,1072586751,1073117183,1073324031,1073446911,1073733631,1073740799,1073676287,1073741823,1073741823:f6
1073741823,1073741823,1073741823,1073741823,1073741823,1073725439,1072586751,1073117183,1073324031,1073446911,1073733631,1073740799,1073737727,1073741823,1073741823:f6
1073741823,1073741823,1073741823,1073741823,1073741823,1073725439,1072586751,1073117183,1073324031,1073446911,1073733631,1073736703,1073741823,1073741823,1073741823:f6
1073741823,1073741823,1073741823,1073740799,1073741823,1073725439,1072586751,1073117183,1073324031,1073446911,1073733631,1073740799,1073741823,1073741823,1073741823:g10
1073741823,1073741823,1073741823,1073725439,1073741823,1073725439,1072586751,1073117183,1073324031,1073446911,1073733631,1073740799,1073741823,1073741823,1073741823:g10
1073741823,1073741823,1073741823,1073479679,1073741823,1073725439,1072586751,1073117183,1073324031,1073446911,1073733631,1073740799,1073741823,1073741823,1073741823:g10
1073741823,1073741823,1073741823,1073741823,1073741823,1073725439,1072586751,1073117183,1073323007,1073446911,1073733631,1073740799,1073741823,1073741823,1073741823:e7
1073741823,1073741823,1073741823,1073741823,1073740799,1073725439,1072586751,1073117183,1073324031,1073446911,1073733631,1073740799,1073741823,1073741823,1073741823:g10
1073741823,1073741823,1073741823,1073741823,1073725439,1073725439,1072586751,1073117183,1073324031,1073446911,1073733631,1073740799,1073741823,1073741823,1073741823:g10
1073741823,1073741823,1073741823,1073741823,1073479679,1073725439,1072586751,1073117183,1073324031,1073446911,1073733631,1073740799,1073741823,1073741823,1073741823:g10
1073741823,1073741823,1073741823,1073741823,1056964607,1073725439,1072586751,1073117183,1073324031,1073446911,1073733631,1073740799,1073741823,1073741823,1073741823:g10
1073741823,1073741823,1073741823,1073741823,1073741823,1073725439,1055809535,1073117183,1073324031,1073446911,1073733631,1073740799,1073741823,1073741823,1073741823:e7
1073741823,1073741823,1073741823,1073741823,1073741823,1073725439,1072586751,1073117183,1056546815,1073446911,1073733631,1073740799,1073741823,1073741823,1073741823:f6
1073741823,1073741823,1073741823,1073741823,1073741823,1073725439,1072586751,1073117183,1073324031,1073446911,1073733631,1073724415,1073741823,1073741823,1073741823:f6
1073741823,1073741823,1073741823,1073741823,1073741823,1073725439,1072586751,1073117183,1073324031,1073446911,1073733631,1069546495,1073741823,1073741823,1073741823:f6
1073741823,1073741823,1073741823,1073741823,1073741823,1073725439,1072586751,1073117183,1073324031,1073446911,1073733631,1073478655,1073741823,1073741823,1073741823:e7
1073741823,1073741823,1073741823,1073741823,1073741823,1073725439,1072586751,1073117183,1073323775,1073446911,1073733631,1073740799,1073741823,1073741823,1073741823:g10
1073741823,1073741823,1073741823,1073741823,1073741823,1073725439,1072586495,1073117183,1073324031,1073446911,1073733631,1073740799,1073741823,1073741823,1073741823:f6
1073741823,1073741823,1073741823,1073741823,1073741823,1073725439,1072585727,1073117183,1073324031,1073446911,1073733631,1073740799,1073741823,1073741823,1073741823:e7
1073741823,1073741823,1073741823,1073741823,1073741567,1073725439,1072586751,1073117183,1073324031,1073446911,1073733631,1073740799,1073741823,1073741823,1073741823:g10
1073741823,1073741823,1073741823,1073741823,1073741823,1073725439,1072586751,1073117183,1073324031,1073446911,1073717247,1073740799,1073741823,1073741823,1073741823:f6
1073741823,1073741823,1073741823,1073741823,1073741823,1073725439,1068392447,1073117183,1073324031,1073446911,1073733631,1073740799,1073741823,1073741823,1073741823:e7
1073741823,1073741823,1073741823,1073741823,1073741823,1073725439,1072586751,1073117183,1069129727,1073446911,1073733631,1073740799,1073741823,1073741823,1073741823:f6
1073741823,1073741823,1073741823,1073741823,1073741823,1073725439,1072586751,1073117183,1073324031,1073446911,1069539327,1073740799,1073741823,1073741823,1073741823:e7
1073741823,1073741823,1073741823,1073741823,1073741823,1073725439,1072586751,1073117183,1073324031,1073446911,1073471487,1073740799,1073741823,1073741823,1073741823:f6
1073741823,1073741823,1073741823,1073741823,1073741823,1073725439,1072586751,1073117183,1073324031,1073446911,1072685055,1073740799,1073741823,1073741823,1073741823:f6
1073741823,1073741823,1073741823,1073741823,1073741823,1073725439,1072586751,1073117183,1073324031,1073446911,1073668095,1073740799,1073741823,1073741823,1073741823:f6
1073741823,1073741823,1073741823,1073741823,1073741823,1073725439,1072586751,1073117183,1073324031,1073442815,1073733631,1073740799,1073741823,1073741823,1073741823:e7
1073741823,1073741823,1073741823,1073741823,1073741823,1073721343,1072586751,1073117183,1073324031,1073446911,1073733631,1073740799,1073741823,1073741823,1073741823:g10
1073741823,1073741823,1073741823,1073741823,1073741823,1072676863,1072586751,1073117183,1073324031,1073446911,1073733631,1073740799,1073741823,1073741823,1073741823:e7
1073741823,1073741823,1073741823,1073741823,1073741823,1073725439,1072586751,1073117183,1073324031,1072398335,1073733631,1073740799,1073741823,1073741823,1073741823:f6
1073741823,1073741823,1073741823,1073741823,1073741823,1073725439,1072586751,1073117183,1073324031,1073381375,1073733631,1073740799,1073741823,1073741823,1073741823:f6
1073741823,1073741823,1073741823,1073741823,1073741823,1069531135,1072586751,1073117183,1073324031,1073446911,1073733631,1073740799,1073741823,1073741823,1073741823:g10
1073741823,1073741823,1073741823,1073741823,1073741823,1073725439,1072586751,1068922879,1073324031,1073446911,1073733631,1073740799,1073741823,1073741823,1073741823:g10
1073741823,1073741823,1073741823,1073741823,1073741823,1073725439,1072586751,1072068607,1073324031,1073446911,1073733631,1073740799,1073741823,1073741823,1073741823:f6
1073741823,1073741823,1073741823,1073741823,1073741823,1073725439,1072586751,1073117183,1073324031,1069252607,1073733631,1073740799,1073741823,1073741823,1073741823:f6
1073741823,1073741823,1073741823,1073741823,1073737727,1073725439,1072586751,1073117183,1073324031,1073446911,1073733631,1073740799,1073741823,1073741823,1073741823:g10
1073741823,1073741823,1073741823,1073741823,1073676287,1073725439,1072586751,1073117183,1073324031,1073446911,1073733631,1073740799,1073741823,1073741823,1073741823:e7
1073741823,1073741823,1073741823,1073741823,1073741823,1073659903,1072586751,1073117183,1073324031,1073446911,1073733631,1073740799,1073741823,1073741823,1073741823:e7
1073741823,1073741823,1073741823,1073741823,1072693247,1073725439,1072586751,1073117183,1073324031,1073446911,1073733631,1073740799,1073741823,1073741823,1073741823:g10
1073741823,1073741823,1073741823,1073741823,1073741823,1073725439,1072324607,1073117183,1073324031,1073446911,1073733631,1073740799,1073741823,1073741823,1073741823:e7
1073741823,1073741823,1073741823,1073741823,1073741823,1073725439,1072586751,1073117183,1072275455,1073446911,1073733631,1073740799,1073741823,1073741823,1073741823:f6
1073741823,1073741823,1073741823,1073741823,1073741823,1073725439,1072586751,1073117183,1073324031,1073445887,1073733631,1073740799,1073741823,1073741823,1073741823:f6
1073741823,1073741823,1073741823,1073741823,1073741823,1073725439,1072586751,1073113087,1073324031,1073446911,1073733631,1073740799,1073741823,1073741823,1073741823:f6
1073741823,1073741823,1073741823,1073741823,1073741823,1073724415,1072586751,1073117183,1073324031,1073446911,1073733631,1073740799,1073741823,1073741823,1073741823:e7
1073741823,1073741823,1073741823,1073741823,1073741823,1073463295,1072586751,1073117183,1073324031,1073446911,1073733631,1073740799,1073741823,1073741823,1073741823:g10
1073741823,1073741823,1073741823,1073741823,1073741823,1073725439,1072586751,1073119231,1073348607,1073446911,1073733631,1073725439,1073741823,1073741823,1073741823:f12
1073741823,1073741823,1073741823,1073741823,1073741823,1073725439,1072586751,1073119231,1073348607,1073446911,1073733631,1069547519,1073741823,1073741823,1073741823:f12
1073741823,1073741823,1073741823,1073741823,1073741823,1073725439,1072586751,1073119231,1073348607,1073446911,1073733631,1073479679,1073741823,1073741823,1073741823:f12
1073741823,1073741823,1073741823,1073741823,1073741823,1073725439,1072586751,1073119231,1073348351,1073446911,1073733631,1073741823,1073741823,1073741823,1073741823:f12
1073741823,1073741823,1073741823,1073741823,1073741823,1073725439,1072586495,1073119231,1073348607,1073446911,1073733631,1073741823,1073741823,1073741823,1073741823:f12
1073741823,1073741823,1073741823,1073741823,1073741823,1073725439,1072585727,1073119231,1073348607,1073446911,1073733631,1073741823,1073741823,1073741823,1073741823:f12
1073741823,1073741823,1073741823,1073741823,1073741567,1073725439,1072586751,1073119231,1073348607,1073446911,1073733631,1073741823,1073741823,1073741823,1073741823:f12
1073741823,1073741823,1073741823,1073741823,1073741823,1073725439,1072586751,1073119231,1073348607,1073446911,1073717247,1073741823,1073741823,1073741823,1073741823:f12
1073741823,1073741823,1073741823,1073741823,1073741823,1073725439,1068392447,1073119231,1073348607,1073446911,1073733631,1073741823,1073741823,1073741823,1073741823:f12
1073741823,1073741823,1073741823,1073741823,1073741823,1073725439,1072586751,1073119231,1069154303,1073446911,1073733631,1073741823,1073741823,1073741823,1073741823:f12
1073741823,1073741823,1073741823,1073741823,1073741823,1073725439,1072586751,1073119231,1073348607,1073446911,1069539327,1073741823,1073741823,1073741823,1073741823:f12
1073741823,1073741823,1073741823,1073741823,1073741823,1073725439,1072586751,1073119231,1073348607,1073446911,1073471487,1073741823,1073741823,1073741823,1073741823:f12
1073741823,1073741823,1073741823,1073741823,1073741823,1073725439,1072586751,1073119231,1073348607,1073446911,1072685055,1073741823,1073741823,1073741823,1073741823:f12
1073741823,1073741823,1073741823,1073741823,1073741823,1073725439,1072586751,1073119231,1073348607,1073446911,1073668095,1073741823,1073741823,1073741823,1073741823:f12
1073741823,1073741823,1073741823,1073741823,1073741823,1073725439,1072586751,1073119231,1073348607,1073442815,1073733631,1073741823,1073741823,1073741823,1073741823:f12
1073741823,1073741823,1073741823,1073741823,1073741823,1073721343,1072586751,1073119231,1073348607,1073446911,1073733631,1073741823,1073741823,1073741823,1073741823:f12
1073741823,1073741823,1073741823,1073741823,1073741823,1072676863,1072586751,1073119231,1073348607,1073446911,1073733631,1073741823,1073741823,1073741823,1073741823:f12
1073741823,1073741823,1073741823,1073741823,1073741823,1073725439,1072586751,1073119231,1073348607,1072398335,1073733631,1073741823,1073741823,1073741823,1073741823:f12
1073741823,1073741823,1073741823,1073741823,1073741823,1073725439,1072586751,1073119231,1073348607,1073381375,1073733631,1073741823,1073741823,1073741823,1073741823:f12
1073741823,1073741823,1073741823,1073741823,1073741823,1069531135,1072586751,1073119231,1073348607,1073446911,1073733631,1073741823,1073741823,1073741823,1073741823:f12
1073741823,1073741823,1073741823,1073741823,1073741823,1073725439,1072586751,1068924927,1073348607,1073446911,1073733631,1073741823,1073741823,1073741823,1073741823:f12
1073741823,1073741823,1073741823,1073741823,1073741823,1073725439,1072586751,1072070655,1073348607,1073446911,1073733631,1073741823,1073741823,1073741823,1073741823:f12
1073741823,1073741823,1073741823,1073741823,1073741823,1073725439,1072586751,1073119231,1073348607,1069252607,1073733631,1073741823,1073741823,1073741823,1073741823:f12
1073741823,1073741823,1073741823,1073741823,1073737727,1073725439,1072586751,1073119231,1073348607,1073446911,1073733631,1073741823,1073741823,1073741823,1073741823:f12
1073741823,1073741823,1073741823,1073741823,1073676287,1073725439,1072586751,1073119231,1073348607,1073446911,1073733631,1073741823,1073741823,1073741823,1073741823:f12
1073741823,1073741823,1073741823,1073741823,1073741823,1073659903,1072586751,1073119231,1073348607,1073446911,1073733631,1073741823,1073741823,1073741823,1073741823:f12
1073741823,1073741823,1073741823,1073741823,1072693247,1073725439,1072586751,1073119231,1073348607,1073446911,1073733631,1073741823,1073741823,1073741823,1073741823:f12
1073741823,1073741823,1073741823,1073741823,1073741823,1073725439,1072324607,1073119231,1073348607,1073446911,1073733631,1073741823,1073741823,1073741823,1073741823:f12
1073741823,1073741823,1073741823,1073741823,1073741823,1073725439,1072586751,1073119231,1072300031,1073446911,1073733631,1073741823,1073741823,1073741823,1073741823:f12
1073741823,1073741823,1073741823,1073741823,1073741823,1073725439,1072586751,1073119231,1073348607,1073445887,1073733631,1073741823,1073741823,1073741823,1073741823:f12
1073741823,1073741823,1073741823,1073741823,1073741823,1073725439,1072586751,1073119231,1073344511,1073446911,1073733631,1073741823,1073741823,1073741823,1073741823:f12
1073741823,1073741823,1073741823,1073741823,1073741823,1073725439,1072586751,1073118207,1073348607,1073446911,1073733631,1073741823,1073741823,1073741823,1073741823:f12
1073741823,1073741823,1073741823,1073741823,1073741823,1073725439,1072586751,1073115135,1073348607,1073446911,1073733631,1073741823,1073741823,1073741823,1073741823:f12
1073741823,1073741823,1073741823,1073741823,1073741823,1073724415,1072586751,1073119231,1073348607,1073446911,1073733631,1073741823,1073741823,1073741823,1073741823:f12
1073741823,1073741823,1073741823,1073741823,1073741823,1073463295,1072586751,1073119231,1073348607,1073446911,1073733631,1073741823,1073741823,1073741823,1073741823:f12
1073741823,1073741823,1073741823,1073741823,1073741823,1073725439,1072586751,1073119231,1073332223,1073446911,1073733631,1073741823,1073741823,1073741823,1073741823:f12
