1073741823,1073741823,1073741823,1073741823,1073725439,1073586175,1073135615,1062633471,1073740799,1073479679,1073741823,1073741823,1073741823,1073741823,1073741823:l9
1073741823,1073741823,1073741823,1073741823,1073725439,1073586175,1006026751,1062633471,1065352191,1073479679,1073741823,1073741823,1073741823,1073741823,1073741823:m10
1073741823,1073741823,1073741823,1073741823,1073725439,1073586175,1073135615,1062633471,998243327,1073479679,1073741823,1073741823,1073741823,1073741823,1073741823:m10
1073741823,1073741823,1073741823,1073741823,1073725439,1073586175,1073135615,1062633471,1065352191,1073479679,1006632959,1073741823,1073741823,1073741823,1073741823:m10
1073741823,1073741823,1073741823,1073741823,1073725439,1073586175,1073135615,1062633471,1065352191,1073479679,1069547519,1073741823,1073741823,1073741823,1073741823:m10
1073741823,1073741823,1073741823,1073741823,1073725439,1073586175,1073135615,1062633471,1065352191,1073479679,1073741759,1073741823,1073741823,1073741823,1073741823:m10
1073741823,1073741823,1073741823,1073741823,1073725439,1073586175,1073135615,1062633471,1065352191,1073479423,1073741823,1073741823,1073741823,1073741823,1073741823:m10
1073741823,1073741823,1073741823,1073741823,1073725439,1073586175,1073135615,1062633471,1065352127,1073479679,1073741823,1073741823,1073741823,1073741823,1073741823:m10
1073741823,1073741823,1073741823,1073741823,1073725439,1073586175,1073135615,1062633471,1065351935,1073479679,1073741823,1073741823,1073741823,1073741823,1073741823:m10
1073741823,1073741823,1073741823,1073741823,1073725439,1073586175,1073135551,1062633471,1065352191,1073479679,1073741823,1073741823,1073741823,1073741823,1073741823:m10
1073741823,1073741823,1073741823,1073741823,1073725439,1073586175,1073135615,1062633471,1065352191,1073479679,1073725439,1073741823,1073741823,1073741823,1073741823:m10
1073741823,1073741823,1073741823,1073741823,1073725439,1073586175,1073135615,1062633471,1065352191,1073479679,1073740799,1073741823,1073741823,1073741823,1073741823:m10
1073741823,1073741823,1073741823,1073741823,1073725439,1006477311,1073135615,1062633471,1065352191,1073479679,1073741823,1073741823,1073741823,1073741823,1073741823:m10
1073741823,1073741823,1073741823,1073741823,1073725439,1073586175,1056358399,1062633471,1065352191,1073479679,1073741823,1073741823,1073741823,1073741823,1073741823:m10
1073741823,1073741823,1073741823,1073741823,1073725439,1073586175,1073135615,995524607,1065352191,1073479679,1073741823,1073741823,1073741823,1073741823,1073741823:m10
1073741823,1073741823,1073741823,1073741823,1073725439,1073586175,1073135615,1062633471,1065352191,1006370815,1073741823,1073741823,1073741823,1073741823,1073741823:m10
1073741823,1073741823,1073741823,1073741823,1073725439,1073586175,1073135615,1062633471,1048574975,1073479679,1073741823,1073741823,1073741823,1073741823,1073741823:m10
1073741823,1073741823,1073740799,1073741823,1073725439,1073586175,1073135615,1062633471,1065352191,1073479679,1073741823,1073741823,1073741823,1073741823,1073741823:m10
1073741823,1073741823,1073725439,1073741823,1073725439,1073586175,1073135615,1062633471,1065352191,1073479679,1073741823,1073741823,1073741823,1073741823,1073741823:m10
1073741823,1073741823,1073479679,1073741823,1073725439,1073586175,1073135615,1062633471,1065352191,1073479679,1073741823,1073741823,1073741823,1073741823,1073741823:m10
1073741823,1073741823,1073741823,1073741823,1069531135,1073586175,1073135615,1062633471,1065352191,1073479679,1073741823,1073741823,1073741823,1073741823,1073741823:m10
1073741823,1073741823,1073741823,1073741823,1073725439,1073586175,1073135615,1062633471,1065352191,1073475583,1073741823,1073741823,1073741823,1073741823,1073741823:m10
1073741823,1073741823,1073741823,1073741823,1073725439,1056808959,1073135615,1062633471,1065352191,1073479679,1073741823,1073741823,1073741823,1073741823,1073741823:m10
1073741823,1073741823,1073741823,1073741823,1073725439,1073586175,1068941311,1062633471,1065352191,1073479679,1073741823,1073741823,1073741823,1073741823,1073741823:m10
1073741823,1073741823,1073741823,1073741823,1073725439,1073586175,1073135615,1045856255,1065352191,1073479679,1073741823,1073741823,1073741823,1073741823,1073741823:m10
1073741823,1073741823,1073741823,1073741823,1073725439,1073586175,1073135615,1062633471,1065352191,1056702463,1073741823,1073741823,1073741823,1073741823,1073741823:m8
1073741823,1073741823,1073741823,1073740799,1073725439,1073586175,1073135615,1062633471,1065352191,1073479679,1073741823,1073741823,1073741823,1073741823,1073741823:m10
1073741823,1073741823,1073741823,1073725439,1073725439,1073586175,1073135615,1062633471,1065352191,1073479679,1073741823,1073741823,1073741823,1073741823,1073741823:m10
1073741823,1073741823,1073741823,1073479679,1073725439,1073586175,1073135615,1062633471,1065352191,1073479679,1073741823,1073741823,1073741823,1073741823,1073741823:m10
1073741823,1073741823,1073741823,1073741823,1073725439,1073586175,1073135615,1062633215,1065352191,1073479679,1073741823,1073741823,1073741823,1073741823,1073741823:m10
1073741823,1073741823,1073741823,1073741823,1073725439,1073585919,1073135615,1062633471,1065352191,1073479679,1073741823,1073741823,1073741823,1073741823,1073741823:m10
1073741823,1073741823,1073741823,1073741567,1073725439,1073586175,1073135615,1062633471,1065352191,1073479679,1073741823,1073741823,1073741823,1073741823,1073741823:m10
1073741823,1073741823,1073741823,1073741823,1073725439,1073586175,1073134591,1062633471,1065352191,1073479679,1073741823,1073741823,1073741823,1073741823,1073741823:m10
1073741823,1073741823,1073741823,1073741823,1073724415,1073586175,1073135615,1062633471,1065352191,1073479679,1073741823,1073741823,1073741823,1073741823,1073741823:m10
1073741823,1073741823,1073741823,1073737727,1073725439,1073586175,1073135615,1062633471,1065352191,1073479679,1073741823,1073741823,1073741823,1073741823,1073741823:m10
1073741823,1073741823,1073741823,1073676287,1073725439,1073586175,1073135615,1062633471,1065352191,1073479679,1073741823,1073741823,1073741823,1073741823,1073741823:m10
1073741823,1073741823,1073741823,1072693247,1073725439,1073586175,1073135615,1062633471,1065352191,1073479679,1073741823,1073741823,1073741823,1073741823,1073741823:m10
1073741823,1073741823,1073741823,1073741823,1073463295,1073586175,1073135615,1062633471,1065352191,1073479679,1073741823,1073741823,1073741823,1073741823,1073741823:m10
1073741823,1073741823,1073741823,1073741823,1073725439,1072537599,1073135615,1062633471,1065352191,1073479679,1073741823,1073741823,1073741823,1073741823,1073741823:m10
1073741823,1073741823,1073741823,1073741823,1073725439,1073586175,1073135615,1062633471,1065352191,1073479679,1073741823,1073725439,1073741823,1073741823,1073741823:m10
1073741823,1073741823,1073741823,1073741823,1073725439,1073586175,1073135615,1062633471,1065352191,1073479679,1073676287,1073741823,1073741823,1073741823,1073741823:m10
1073741823,1073741823,1073741823,1073741823,1073725439,1073586175,1073135615,1062633471,1065352191,1073414143,1073741823,1073741823,1073741823,1073741823,1073741823:m10
1073741823,1073741823,1073741823,1073741823,1073725439,1073586175,1073135615,1062633471,1065352191,1072431103,1073741823,1073741823,1073741823,1073741823,1073741823:m10
1073741823,1073741823,1073741823,1073741823,1073725439,1073586175,1073135615,1062633471,1065352191,1073479679,1073741823,1069547519,1073741823,1073741823,1073741823:m10
1073741823,1073741823,1073741823,1073741823,1073725439,1073586175,1073135615,1062633471,1065352191,1073479679,1072693247,1073741823,1073741823,1073741823,1073741823:m10
1073741823,1073741823,1073741823,1073741823,1073725439,1073586175,1073135615,1062633471,1065352191,1073479679,1073741823,1073479679,1073741823,1073741823,1073741823:m10
1073741823,1073741823,1073741823,1073741823,1073725439,1073586175,1073135615,1062633471,1065352191,1073479679,1073479679,1073741823,1073741823,1073741823,1073741823:m10
1073741823,1073741823,1073741823,1073741823,1073725439,1069391871,1073135615,1062633471,1065352191,1073479679,1073741823,1073741823,1073741823,1073741823,1073741823:m10
1073741823,1073741823,1073741823,1073741823,1073725439,1073586175,1073135615,1062633471,1065352191,1069285375,1073741823,1073741823,1073741823,1073741823,1073741823:m10
1073741823,1073741823,1073741823,1073741823,1073725439,1073586175,1073135615,1062633471,1065090047,1073479679,1073741823,1073741823,1073741823,1073741823,1073741823:m10
1073741823,1073741823,1073741823,1073741823,1073721343,1073586175,1073135615,1062633471,1065352191,1073479679,1073741823,1073741823,1073741823,1073741823,1073741823:m10
1073741823,1073741823,1073741823,1073741823,1073659903,1073586175,1073135615,1062633471,1065352191,1073479679,1073741823,1073741823,1073741823,1073741823,1073741823:m10
1073741823,1073741823,1073741823,1073741823,1072676863,1073586175,1073135615,1062633471,1065352191,1073479679,1073741823,1073741823,1073741823,1073741823,1073741823:m10
1073741823,1073741823,1073741823,1073741823,1073725439,1073586175,1072087039,1062633471,1065352191,1073479679,1073741823,1073741823,1073741823,1073741823,1073741823:m10
1073741823,1073741823,1073741823,1073741823,1073725439,1073586175,1073135615,1062633471,1064303615,1073479679,1073741823,1073741823,1073741823,1073741823,1073741823:m10
1073741823,1073741823,1073741823,1073741823,1073725439,1073586175,1073135615,1062633471,1065352191,1073478655,1073741823,1073741823,1073741823,1073741823,1073741823:m10
1073741823,1073741823,1073741823,1073741823,1073725439,1073586175,1073135615,1062633471,1065348095,1073479679,1073741823,1073741823,1073741823,1073741823,1073741823:m10
1073741823,1073741823,1073741823,1073741823,1073725439,1073586175,1073135615,1062632447,1065352191,1073479679,1073741823,1073741823,1073741823,1073741823,1073741823:m10
1073741823,1073741823,1073741823,1073741823,1073725439,1073586175,1073135615,1062629375,1065352191,1073479679,1073741823,1073741823,1073741823,1073741823,1073741823:m10
1073741823,1073741823,1073741823,1073741823,1073725439,1073585151,1073135615,1062633471,1065352191,1073479679,1073741823,1073741823,1073741823,1073741823,1073741823:m10
1073741823,1073741823,1073741823,1073741823,1073725439,1073586175,1073131519,1062633471,1065352191,1073479679,1073741823,1073741823,1073741823,1073741823,1073741823:m10
1073741823,1073741823,1073741823,1073741823,1073725439,1073324031,1073135615,1062633471,1065352191,1073479679,1073741823,1073741823,1073741823,1073741823,1073741823:m10
1073741823,1073741823,1073741823,1073741823,1073725439,1073586175,1073135615,1062633471,1065286655,1073479679,1073741823,1073741823,1073741823,1073741823,1073741823:m10
1073741823,1073741823,1073741823,1073741823,1073725439,1073586175,1073135615,1062633471,1065352191,1073463295,1073741823,1073741823,1073741823,1073741823,1073741823:m10
1073741823,1073741823,1073741823,1073741823,1073725439,1073586175,1073135615,1062633471,1065335807,1073479679,1073741823,1073741823,1073741823,1073741823,1073741823:m10
