1073741823,1073741823,1073741823,1073741823,805289983,1073586175,1073135615,1062633471,1073741823,1073479679,1073741823,1073741823,1073741823,1073741823,1073741823:l9
1073741823,1073741823,1073741823,1073741823,805289983,1073586175,1006026751,1062633471,1065353215,1073479679,1073741823,1073741823,1073741823,1073741823,1073741823:m10
1073741823,1073741823,1073741823,1073741823,805289983,1073586175,1073135615,1062633471,998244351,1073479679,1073741823,1073741823,1073741823,1073741823,1073741823:m10
1073741823,1073741823,1073741823,1073741823,805289983,1073586175,1073135615,1062633471,1065353215,1073479679,1006632959,1073741823,1073741823,1073741823,1073741823:m10
1073741823,1073741823,1073741823,1073741823,805289983,1073586175,1073135615,1062633471,1065353215,1073479679,1069547519,1073741823,1073741823,1073741823,1073741823:m10
1073741823,1073741823,1073741823,1073741823,788512767,1073586175,1073135615,1062633471,1065353215,1073479679,1073741823,1073741823,1073741823,1073741823,1073741823:m10
1073741823,1073741823,1073741823,1073741823,738181119,1073586175,1073135615,1062633471,1065353215,1073479679,1073741823,1073741823,1073741823,1073741823,1073741823:m10
1073741823,1073741823,1056964607,1073741823,805289983,1073586175,1073135615,1062633471,1065353215,1073479679,1073741823,1073741823,1073741823,1073741823,1073741823:m10
1073741823,1073741823,1073741823,1006632959,805289983,1073586175,1073135615,1062633471,1065353215,1073479679,1073741823,1073741823,1073741823,1073741823,1073741823:m10
1073741823,1073741823,805306367,1073741823,805289983,1073586175,1073135615,1062633471,1065353215,1073479679,1073741823,1073741823,1073741823,1073741823,1073741823:m10
1073741823,1073741823,1073741823,805306367,805289983,1073586175,1073135615,1062633471,1065353215,1073479679,1073741823,1073741823,1073741823,1073741823,1073741823:m10
1073741823,1073741823,1073741823,1073741823,805289983,1073586175,804700159,1062633471,1065353215,1073479679,1073741823,1073741823,1073741823,1073741823,1073741823:m10
1073741823,1073741823,1073741823,1073741823,805289983,805150719,1073135615,1062633471,1065353215,1073479679,1073741823,1073741823,1073741823,1073741823,1073741823:m10
1073741823,1073741823,1073741823,1073741823,805289983,1006477311,1073135615,1062633471,1065353215,1073479679,1073741823,1073741823,1073741823,1073741823,1073741823:m10
1073741823,1073741823,1073741823,1073741823,805289983,1073586175,1056358399,1062633471,1065353215,1073479679,1073741823,1073741823,1073741823,1073741823,1073741823:m10
1073741823,1073741823,1073741823,1073741823,805289983,1073586175,1073135615,995524607,1065353215,1073479679,1073741823,1073741823,1073741823,1073741823,1073741823:m10
1073741823,1073741823,1073741823,1073741823,805289983,1073586175,1073135615,1062633471,1065353215,1006370815,1073741823,1073741823,1073741823,1073741823,1073741823:m10
1073741823,1073741823,1073741823,1073741823,805289983,1073586175,1073135615,1062633471,1048575999,1073479679,1073741823,1073741823,1073741823,1073741823,1073741823:m10
1073741823,1073741823,1073740799,1073741823,805289983,1073586175,1073135615,1062633471,1065353215,1073479679,1073741823,1073741823,1073741823,1073741823,1073741823:m10
1073741823,1073741823,1073725439,1073741823,805289983,1073586175,1073135615,1062633471,1065353215,1073479679,1073741823,1073741823,1073741823,1073741823,1073741823:m10
1073741823,1073741823,1073479679,1073741823,805289983,1073586175,1073135615,1062633471,1065353215,1073479679,1073741823,1073741823,1073741823,1073741823,1073741823:m10
1073741823,1073741823,1073741823,1073741823,801095679,1073586175,1073135615,1062633471,1065353215,1073479679,1073741823,1073741823,1073741823,1073741823,1073741823:m10
1073741823,1073741823,1073741823,1073741823,805289983,1073586175,1073135615,1062633471,1065353215,1073475583,1073741823,1073741823,1073741823,1073741823,1073741823:m10
1073741823,1073741823,1073741823,1073741823,805289983,1056808959,1073135615,1062633471,1065353215,1073479679,1073741823,1073741823,1073741823,1073741823,1073741823:m10
1073741823,1073741823,1073741823,1073741823,805289983,1073586175,1068941311,1062633471,1065353215,1073479679,1073741823,1073741823,1073741823,1073741823,1073741823:m10
1073741823,1073741823,1073741823,1073741823,805289983,1073586175,1073135615,1045856255,1065353215,1073479679,1073741823,1073741823,1073741823,1073741823,1073741823:m10
1073741823,1073741823,1073741823,1073741823,805289983,1073586175,1073135615,1062633471,1065353215,1056702463,1073741823,1073741823,1073741823,1073741823,1073741823:m8
1073741823,1073741823,1073741823,1073740799,805289983,1073586175,1073135615,1062633471,1065353215,1073479679,1073741823,1073741823,1073741823,1073741823,1073741823:m10
1073741823,1073741823,1073741823,1073725439,805289983,1073586175,1073135615,1062633471,1065353215,1073479679,1073741823,1073741823,1073741823,1073741823,1073741823:m10
1073741823,1073741823,1073741823,1073479679,805289983,1073586175,1073135615,1062633471,1065353215,1073479679,1073741823,1073741823,1073741823,1073741823,1073741823:m10
1073741823,1073741823,1073741823,1073741823,805289983,1073586175,1073135615,1062633215,1065353215,1073479679,1073741823,1073741823,1073741823,1073741823,1073741823:m10
1073741823,1073741823,1073741823,1073741823,805289983,1073585919,1073135615,1062633471,1065353215,1073479679,1073741823,1073741823,1073741823,1073741823,1073741823:m10
1073741823,1073741823,1073741823,1073741567,805289983,1073586175,1073135615,1062633471,1065353215,1073479679,1073741823,1073741823,1073741823,1073741823,1073741823:m10
1073741823,1073741823,1073741823,1073741823,805289983,1073586175,1073135615,1062633471,1065352191,1073479679,1073741823,1073741823,1073741823,1073741823,1073741823:m10
1073741823,1073741823,1073741823,1073741823,805289983,1073586175,1073134591,1062633471,1065353215,1073479679,1073741823,1073741823,1073741823,1073741823,1073741823:m10
1073741823,1073741823,1073741823,1073741823,805288959,1073586175,1073135615,1062633471,1065353215,1073479679,1073741823,1073741823,1073741823,1073741823,1073741823:m10
1073741823,1073741823,1073741823,1073737727,805289983,1073586175,1073135615,1062633471,1065353215,1073479679,1073741823,1073741823,1073741823,1073741823,1073741823:m10
1073741823,1073741823,1073741823,1073676287,805289983,1073586175,1073135615,1062633471,1065353215,1073479679,1073741823,1073741823,1073741823,1073741823,1073741823:m10
1073741823,1073741823,1073741823,1072693247,805289983,1073586175,1073135615,1062633471,1065353215,1073479679,1073741823,1073741823,1073741823,1073741823,1073741823:m10
1073741823,1073741823,1073741823,1073741823,805027839,1073586175,1073135615,1062633471,1065353215,1073479679,1073741823,1073741823,1073741823,1073741823,1073741823:m10
1073741823,1073741823,1073741823,1073741823,805289983,1072537599,1073135615,1062633471,1065353215,1073479679,1073741823,1073741823,1073741823,1073741823,1073741823:m10
1073741823,1073741823,1073741823,1073741823,805289983,1073586175,1073135615,1062633471,1065353215,1073479679,1073741823,1073725439,1073741823,1073741823,1073741823:m10
1073741823,1073741823,1073741823,1073741823,805289983,1073586175,1073135615,1062633471,1065353215,1073479679,1073676287,1073741823,1073741823,1073741823,1073741823:m10
1073741823,1073741823,1073741823,1073741823,805289983,1073586175,1073135615,1062633471,1065353215,1073414143,1073741823,1073741823,1073741823,1073741823,1073741823:m10
1073741823,1073741823,1073741823,1073741823,805289983,1073586175,1073135615,1062633471,1065353215,1072431103,1073741823,1073741823,1073741823,1073741823,1073741823:m10
1073741823,1073741823,1073741823,1073741823,805289983,1073586175,1073135615,1062633471,1065353215,1073479679,1073741823,1069547519,1073741823,1073741823,1073741823:m10
1073741823,1073741823,1073741823,1073741823,805289983,1073586175,1073135615,1062633471,1065353215,1073479679,1072693247,1073741823,1073741823,1073741823,1073741823:m10
1073741823,1073741823,1073741823,1073741823,805289983,1073586175,1073135615,1062633471,1065353215,1073479679,1073741823,1073479679,1073741823,1073741823,1073741823:m10
1073741823,1073741823,1073741823,1073741823,805289983,1073586175,1073135615,1062633471,1065353215,1073479679,1073479679,1073741823,1073741823,1073741823,1073741823:m10
1073741823,1073741823,1073741823,1073741823,805289983,1069391871,1073135615,1062633471,1065353215,1073479679,1073741823,1073741823,1073741823,1073741823,1073741823:m10
1073741823,1073741823,1073741823,1073741823,805289983,1073586175,1073135615,1062633471,1065353215,1069285375,1073741823,1073741823,1073741823,1073741823,1073741823:m10
1073741823,1073741823,1073741823,1073741823,805289983,1073586175,1073135615,1062633471,1065091071,1073479679,1073741823,1073741823,1073741823,1073741823,1073741823:m10
1073741823,1073741823,1073741823,1073741823,805285887,1073586175,1073135615,1062633471,1065353215,1073479679,1073741823,1073741823,1073741823,1073741823,1073741823:m10
1073741823,1073741823,1073741823,1073741823,805224447,1073586175,1073135615,1062633471,1065353215,1073479679,1073741823,1073741823,1073741823,1073741823,1073741823:m10
1073741823,1073741823,1073741823,1073741823,804241407,1073586175,1073135615,1062633471,1065353215,1073479679,1073741823,1073741823,1073741823,1073741823,1073741823:m10
1073741823,1073741823,1073741823,1073741823,805289983,1073586175,1072087039,1062633471,1065353215,1073479679,1073741823,1073741823,1073741823,1073741823,1073741823:m10
1073741823,1073741823,1073741823,1073741823,805289983,1073586175,1073135615,1062633471,1064304639,1073479679,1073741823,1073741823,1073741823,1073741823,1073741823:m10
1073741823,1073741823,1073741823,1073741823,805289983,1073586175,1073135615,1062633471,1065353215,1073478655,1073741823,1073741823,1073741823,1073741823,1073741823:m10
1073741823,1073741823,1073741823,1073741823,805289983,1073586175,1073135615,1062633471,1065349119,1073479679,1073741823,1073741823,1073741823,1073741823,1073741823:m10
1073741823,1073741823,1073741823,1073741823,805289983,1073586175,1073135615,1062632447,1065353215,1073479679,1073741823,1073741823,1073741823,1073741823,1073741823:m10
1073741823,1073741823,1073741823,1073741823,805289983,1073586175,1073135615,1062629375,1065353215,1073479679,1073741823,1073741823,1073741823,1073741823,1073741823:m10
1073741823,1073741823,1073741823,1073741823,805289983,1073585151,1073135615,1062633471,1065353215,1073479679,1073741823,1073741823,1073741823,1073741823,1073741823:m10
1073741823,1073741823,1073741823,1073741823,805289983,1073586175,1073131519,1062633471,1065353215,1073479679,1073741823,1073741823,1073741823,1073741823,1073741823:m10
1073741823,1073741823,1073741823,1073741823,805289983,1073324031,1073135615,1062633471,1065353215,1073479679,1073741823,1073741823,1073741823,1073741823,1073741823:m10
1073741823,1073741823,1073741823,1073741823,805289983,1073586175,1073135615,1062633471,1065287679,1073479679,1073741823,1073741823,1073741823,1073741823,1073741823:m10
1073741823,1073741823,1073741823,1073741823,805289983,1073586175,1073135615,1062633471,1065353215,1073463295,1073741823,1073741823,1073741823,1073741823,1073741823:m10
1073741823,1073741823,1073741823,1073741823,805289983,1073586175,1073135615,1062633471,1065336831,1073479679,1073741823,1073741823,1073741823,1073741823,1073741823:m10
