1073741823,1073741823,1073741823,1073741823,1073725439,1073585919,1073135615,1062633471,1073741823,1073479679,1073741823,1073741823,1073741823,1073741823,1073741823:l9
1073741823,1073741823,1073741823,1073741823,1073725439,1073585919,1006026751,1062633471,1065353215,1073479679,1073741823,1073741823,1073741823,1073741823,1073741823:m10
1073741823,1073741823,1073741823,1073741823,1073725439,1073585919,1073135615,1062633471,998244351,1073479679,1073741823,1073741823,1073741823,1073741823,1073741823:m10
1073741823,1073741823,1073741823,1073741823,1073725439,1073585919,1073135615,1062633471,1065353215,1073479679,1006632959,1073741823,1073741823,1073741823,1073741823:m10
1073741823,1073741823,1073741823,1073741823,1073725439,1073585919,1073135615,1062633471,1065353215,1073479679,1069547519,1073741823,1073741823,1073741823,1073741823:m10
1073741823,1073741823,1073741823,1073741823,1073725439,1073585919,1073135615,1062633455,1065353215,1073479679,1073741823,1073741823,1073741823,1073741823,1073741823:m10
1073741823,1073741823,1073741823,1073741823,1073725439,1073585919,1073135551,1062633471,1065353215,1073479679,1073741823,1073741823,1073741823,1073741823,1073741823:m10
1073741823,1073741823,1073741823,1073741823,1073725439,1073585903,1073135615,1062633471,1065353215,1073479679,1073741823,1073741823,1073741823,1073741823,1073741823:m10
1073741823,1073741823,1073741823,1073741823,1073725439,1073585855,1073135615,1062633471,1065353215,1073479679,1073741823,1073741823,1073741823,1073741823,1073741823:m10
1073741823,1073741823,1073741823,1073741807,1073725439,1073585919,1073135615,1062633471,1065353215,1073479679,1073741823,1073741823,1073741823,1073741823,1073741823:m10
1073741823,1073741823,1073741823,1073741823,1073725375,1073585919,1073135615,1062633471,1065353215,1073479679,1073741823,1073741823,1073741823,1073741823,1073741823:m10
1073741823,1073741823,1073741823,1073741823,1073725183,1073585919,1073135615,1062633471,1065353215,1073479679,1073741823,1073741823,1073741823,1073741823,1073741823:m10
1073741823,1073741823,1073741823,1073741823,1073725439,1073585919,1073135359,1062633471,1065353215,1073479679,1073741823,1073741823,1073741823,1073741823,1073741823:m10
1073741823,1073741823,1073741823,1073741823,1073725439,1006477055,1073135615,1062633471,1065353215,1073479679,1073741823,1073741823,1073741823,1073741823,1073741823:m10
1073741823,1073741823,1073741823,1073741823,1073725439,1073585919,1056358399,1062633471,1065353215,1073479679,1073741823,1073741823,1073741823,1073741823,1073741823:m10
1073741823,1073741823,1073741823,1073741823,1073725439,1073585919,1073135615,995524607,1065353215,1073479679,1073741823,1073741823,1073741823,1073741823,1073741823:m10
1073741823,1073741823,1073741823,1073741823,1073725439,1073585919,1073135615,1062633471,1065353215,1006370815,1073741823,1073741823,1073741823,1073741823,1073741823:m10
1073741823,1073741823,1073741823,1073741823,1073725439,1073585919,1073135615,1062633471,1048575999,1073479679,1073741823,1073741823,1073741823,1073741823,1073741823:m10
1073741823,1073741823,1073740799,1073741823,1073725439,1073585919,1073135615,1062633471,1065353215,1073479679,1073741823,1073741823,1073741823,1073741823,1073741823:m10
1073741823,1073741823,1073725439,1073741823,1073725439,1073585919,1073135615,1062633471,1065353215,1073479679,1073741823,1073741823,1073741823,1073741823,1073741823:m10
1073741823,1073741823,1073479679,1073741823,1073725439,1073585919,1073135615,1062633471,1065353215,1073479679,1073741823,1073741823,1073741823,1073741823,1073741823:m10
1073741823,1073741823,1073741823,1073741823,1069531135,1073585919,1073135615,1062633471,1065353215,1073479679,1073741823,1073741823,1073741823,1073741823,1073741823:m10
1073741823,1073741823,1073741823,1073741823,1073725439,1073585919,1073135615,1062633471,1065353215,1073475583,1073741823,1073741823,1073741823,1073741823,1073741823:m10
1073741823,1073741823,1073741823,1073741823,1073725439,1056808703,1073135615,1062633471,1065353215,1073479679,1073741823,1073741823,1073741823,1073741823,1073741823:m10
1073741823,1073741823,1073741823,1073741823,1073725439,1073585919,1068941311,1062633471,1065353215,1073479679,1073741823,1073741823,1073741823,1073741823,1073741823:m10
1073741823,1073741823,1073741823,1073741823,1073725439,1073585919,1073135615,1045856255,1065353215,1073479679,1073741823,1073741823,1073741823,1073741823,1073741823:m10
1073741823,1073741823,1073741823,1073741823,1073725439,1073585919,1073135615,1062633471,1065353215,1056702463,1073741823,1073741823,1073741823,1073741823,1073741823:m8
1073741823,1073741823,1073741823,1073740799,1073725439,1073585919,1073135615,1062633471,1065353215,1073479679,1073741823,1073741823,1073741823,1073741823,1073741823:m10
1073741823,1073741823,1073741823,1073725439,1073725439,1073585919,1073135615,1062633471,1065353215,1073479679,1073741823,1073741823,1073741823,1073741823,1073741823:m10
1073741823,1073741823,1073741823,1073479679,1073725439,1073585919,1073135615,1062633471,1065353215,1073479679,1073741823,1073741823,1073741823,1073741823,1073741823:m10
1073741823,1073741823,1073741823,1073741823,1073725439,1073585919,1073135615,1062633215,1065353215,1073479679,1073741823,1073741823,1073741823,1073741823,1073741823:m10
1073741823,1073741823,1073741823,1073741567,1073725439,1073585919,1073135615,1062633471,1065353215,1073479679,1073741823,1073741823,1073741823,1073741823,1073741823:m10
1073741823,1073741823,1073741823,1073741823,1073725439,1073585919,1073135615,1062633471,1065352191,1073479679,1073741823,1073741823,1073741823,1073741823,1073741823:m10
1073741823,1073741823,1073741823,1073741823,1073725439,1073585919,1073134591,1062633471,1065353215,1073479679,1073741823,1073741823,1073741823,1073741823,1073741823:m10
1073741823,1073741823,1073741823,1073741823,1073724415,1073585919,1073135615,1062633471,1065353215,1073479679,1073741823,1073741823,1073741823,1073741823,1073741823:m10
1073741823,1073741823,1073741823,1073737727,1073725439,1073585919,1073135615,1062633471,1065353215,1073479679,1073741823,1073741823,1073741823,1073741823,1073741823:m10
1073741823,1073741823,1073741823,1073676287,1073725439,1073585919,1073135615,1062633471,1065353215,1073479679,1073741823,1073741823,1073741823,1073741823,1073741823:m10
1073741823,1073741823,1073741823,1072693247,1073725439,1073585919,1073135615,1062633471,1065353215,1073479679,1073741823,1073741823,1073741823,1073741823,1073741823:m10
1073741823,1073741823,1073741823,1073741823,1073463295,1073585919,1073135615,1062633471,1065353215,1073479679,1073741823,1073741823,1073741823,1073741823,1073741823:m10
1073741823,1073741823,1073741823,1073741823,1073725439,1072537343,1073135615,1062633471,1065353215,1073479679,1073741823,1073741823,1073741823,1073741823,1073741823:m10
1073741823,1073741823,1073741823,1073741823,1073725439,1073585919,1073135615,1062633471,1065353215,1073479679,1073741823,1073725439,1073741823,1073741823,1073741823:m10
1073741823,1073741823,1073741823,1073741823,1073725439,1073585919,1073135615,1062633471,1065353215,1073479679,1073676287,1073741823,1073741823,1073741823,1073741823:m10
1073741823,1073741823,1073741823,1073741823,1073725439,1073585919,1073135615,1062633471,1065353215,1073414143,1073741823,1073741823,1073741823,1073741823,1073741823:m10
1073741823,1073741823,1073741823,1073741823,1073725439,1073585919,1073135615,1062633471,1065353215,1072431103,1073741823,1073741823,1073741823,1073741823,1073741823:m10
1073741823,1073741823,1073741823,1073741823,1073725439,1073585919,1073135615,1062633471,1065353215,1073479679,1073741823,1069547519,1073741823,1073741823,1073741823:m10
1073741823,1073741823,1073741823,1073741823,1073725439,1073585919,1073135615,1062633471,1065353215,1073479679,1072693247,1073741823,1073741823,1073741823,1073741823:m10
1073741823,1073741823,1073741823,1073741823,1073725439,1073585919,1073135615,1062633471,1065353215,1073479679,1073741823,1073479679,1073741823,1073741823,1073741823:m10
1073741823,1073741823,1073741823,1073741823,1073725439,1073585919,1073135615,1062633471,1065353215,1073479679,1073479679,1073741823,1073741823,1073741823,1073741823:m10
1073741823,1073741823,1073741823,1073741823,1073725439,1069391615,1073135615,1062633471,1065353215,1073479679,1073741823,1073741823,1073741823,1073741823,1073741823:m10
1073741823,1073741823,1073741823,1073741823,1073725439,1073585919,1073135615,1062633471,1065353215,1069285375,1073741823,1073741823,1073741823,1073741823,1073741823:m10
1073741823,1073741823,1073741823,1073741823,1073725439,1073585919,1073135615,1062633471,1065091071,1073479679,1073741823,1073741823,1073741823,1073741823,1073741823:m10
1073741823,1073741823,1073741823,1073741823,1073721343,1073585919,1073135615,1062633471,1065353215,1073479679,1073741823,1073741823,1073741823,1073741823,1073741823:m10
1073741823,1073741823,1073741823,1073741823,1073659903,1073585919,1073135615,1062633471,1065353215,1073479679,1073741823,1073741823,1073741823,1073741823,1073741823:m10
1073741823,1073741823,1073741823,1073741823,1072676863,1073585919,1073135615,1062633471,1065353215,1073479679,1073741823,1073741823,1073741823,1073741823,1073741823:m10
1073741823,1073741823,1073741823,1073741823,1073725439,1073585919,1072087039,1062633471,1065353215,1073479679,1073741823,1073741823,1073741823,1073741823,1073741823:m10
1073741823,1073741823,1073741823,1073741823,1073725439,1073585919,1073135615,1062633471,1064304639,1073479679,1073741823,1073741823,1073741823,1073741823,1073741823:m10
1073741823,1073741823,1073741823,1073741823,1073725439,1073585919,1073135615,1062633471,1065353215,1073478655,1073741823,1073741823,1073741823,1073741823,1073741823:m10
1073741823,1073741823,1073741823,1073741823,1073725439,1073585919,1073135615,1062633471,1065349119,1073479679,1073741823,1073741823,1073741823,1073741823,1073741823:m10
1073741823,1073741823,1073741823,1073741823,1073725439,1073585919,1073135615,1062632447,1065353215,1073479679,1073741823,1073741823,1073741823,1073741823,1073741823:m10
1073741823,1073741823,1073741823,1073741823,1073725439,1073585919,1073135615,1062629375,1065353215,1073479679,1073741823,1073741823,1073741823,1073741823,1073741823:m10
1073741823,1073741823,1073741823,1073741823,1073725439,1073584895,1073135615,1062633471,1065353215,1073479679,1073741823,1073741823,1073741823,1073741823,1073741823:m10
1073741823,1073741823,1073741823,1073741823,1073725439,1073585919,1073131519,1062633471,1065353215,1073479679,1073741823,1073741823,1073741823,1073741823,1073741823:m10
1073741823,1073741823,1073741823,1073741823,1073725439,1073323775,1073135615,1062633471,1065353215,1073479679,1073741823,1073741823,1073741823,1073741823,1073741823:m10
1073741823,1073741823,1073741823,1073741823,1073725439,1073585919,1073135615,1062633471,1065287679,1073479679,1073741823,1073741823,1073741823,1073741823,1073741823:m10
1073741823,1073741823,1073741823,1073741823,1073725439,1073585919,1073135615,1062633471,1065353215,1073463295,1073741823,1073741823,1073741823,1073741823,1073741823:m10
1073741823,1073741823,1073741823,1073741823,1073725439,1073585919,1073135615,1062633471,1065336831,1073479679,1073741823,1073741823,1073741823,1073741823,1073741823:m10
