1073741823,1073741823,1073741823,1073741823,1073725439,1073324031,1073135615,1062633471,1073741823,1073479679,1073741823,1073741823,1073741823,1073741823,1073741823:l9
1073741823,1073741823,1073741823,1073741823,1073725439,1073324031,1006026751,1062633471,1065353215,1073479679,1073741823,1073741823,1073741823,1073741823,1073741823:m10
1073741823,1073741823,1073741823,1073741823,1073725439,1073324031,1073135615,1062633471,998244351,1073479679,1073741823,1073741823,1073741823,1073741823,1073741823:m10
1073741823,1073741823,1073741823,1073741823,1073725439,1073324031,1073135615,1062633471,1065353215,1073479679,1006632959,1073741823,1073741823,1073741823,1073741823:m10
1073741823,1073741823,1073741823,1073741823,1073725439,1073324031,1073135615,1062633471,1065353215,1073479679,1069547519,1073741823,1073741823,1073741823,1073741823:m10
1073741823,1073741823,1073741823,1069547519,1073725439,1073324031,1073135615,1062633471,1065353215,1073479679,1073741823,1073741823,1073741823,1073741823,1073741823:m10
1073741823,1073741823,1073741823,1073741823,1073725439,1006215167,1073135615,1062633471,1065353215,1073479679,1073741823,1073741823,1073741823,1073741823,1073741823:m10
1073741823,1073741823,1073741823,1073741823,1073725439,1073324031,1056358399,1062633471,1065353215,1073479679,1073741823,1073741823,1073741823,1073741823,1073741823:m10
1073741823,1073741823,1073741823,1073741823,1073725439,1073324031,1073135615,995524607,1065353215,1073479679,1073741823,1073741823,1073741823,1073741823,1073741823:m10
1073741823,1073741823,1073741823,1073741823,1073725439,1073324031,1073135615,1062633471,1065353215,1006370815,1073741823,1073741823,1073741823,1073741823,1073741823:m10
1073741823,1073741823,1073741823,1073741823,1073725439,1073324031,1073135615,1062633471,1048575999,1073479679,1073741823,1073741823,1073741823,1073741823,1073741823:m10
1073741823,1073741823,1073740799,1073741823,1073725439,1073324031,1073135615,1062633471,1065353215,1073479679,1073741823,1073741823,1073741823,1073741823,1073741823:m10
1073741823,1073741823,1073725439,1073741823,1073725439,1073324031,1073135615,1062633471,1065353215,1073479679,1073741823,1073741823,1073741823,1073741823,1073741823:m10
1073741823,1073741823,1073479679,1073741823,1073725439,1073324031,1073135615,1062633471,1065353215,1073479679,1073741823,1073741823,1073741823,1073741823,1073741823:m10
1073741823,1073741823,1073741823,1073741823,1069531135,1073324031,1073135615,1062633471,1065353215,1073479679,1073741823,1073741823,1073741823,1073741823,1073741823:m10
1073741823,1073741823,1073741823,1073741823,1073725439,1073324031,1073135615,1062633471,1065353215,1073475583,1073741823,1073741823,1073741823,1073741823,1073741823:m10
1073741823,1073741823,1073741823,1073741823,1073725439,1056546815,1073135615,1062633471,1065353215,1073479679,1073741823,1073741823,1073741823,1073741823,1073741823:m10
1073741823,1073741823,1073741823,1073741823,1073725439,1073324031,1068941311,1062633471,1065353215,1073479679,1073741823,1073741823,1073741823,1073741823,1073741823:m10
1073741823,1073741823,1073741823,1073741823,1073725439,1073324031,1073135615,1045856255,1065353215,1073479679,1073741823,1073741823,1073741823,1073741823,1073741823:m10
1073741823,1073741823,1073741823,1073741823,1073725439,1073324031,1073135615,1062633471,1065353215,1056702463,1073741823,1073741823,1073741823,1073741823,1073741823:k10
1073741823,1073741823,1073741823,1073741823,1073725439,1073324031,1073135615,1062633471,1065353215,1054605311,1073741823,1073676287,1073741823,1073741823,1073741823:m8
1073741823,1073741823,1073741823,1073741823,1073725439,1073324031,1073135615,1062633471,1065353215,1054605311,1073741823,1072693247,1073741823,1073741823,1073741823:m8
1073741823,1073741823,1073741823,1073741823,1073725439,1073324031,1073135615,794198015,1065353215,1054605311,1073741823,1073741823,1073741823,1073741823,1073741823:m8
1073741823,1073741823,1073741823,1073741823,1073725439,1073324031,1073135615,1062633471,1065353215,786169855,1073741823,1073741823,1073741823,1073741823,1073741823:m8
1073741823,1073741823,1073741823,1073741823,1073725439,1073324031,1073135615,1062633471,1065353215,1054605311,1073741823,805306367,1073741823,1073741823,1073741823:m8
1073741823,1073741823,1073741823,1073741823,1073725439,1073324031,1073135615,1062633471,1065353215,1054605311,1073741823,1056964607,1073741823,1073741823,1073741823:m8
1073741823,1073741823,1073741823,1073741823,1073725439,1073324031,1073135615,1062633471,1065353215,1054605311,1056964607,1073741823,1073741823,1073741823,1073741823:m8
1073741823,1073741823,1073741823,1073741823,1073725439,1073324031,1006026751,1062633471,1065353215,1054605311,1073741823,1073741823,1073741823,1073741823,1073741823:k7
1073741823,1073741823,1073741823,1073741823,1073725439,1073324031,1073135615,1062633471,998244351,1054605311,1073741823,1073741823,1073741823,1073741823,1073741823:m8
1073741823,1073741823,1073741823,1073741823,1073725439,1073324031,1073135615,1062633471,1065353215,1054605311,1006632959,1073741823,1073741823,1073741823,1073741823:m8
1073741823,1073741823,1073741823,1073741823,1073725439,1073324031,1073135615,1062633471,1065353215,1054605311,1069547519,1073741823,1073741823,1073741823,1073741823:m8
1073741823,1073741823,1073741823,1069547519,1073725439,1073324031,1073135615,1062633471,1065353215,1054605311,1073741823,1073741823,1073741823,1073741823,1073741823:m8
1073741823,1073741823,1073741823,1073741823,1073725439,1006215167,1073135615,1062633471,1065353215,1054605311,1073741823,1073741823,1073741823,1073741823,1073741823:m8
1073741823,1073741823,1073741823,1073741823,1073725439,1073324031,1056358399,1062633471,1065353215,1054605311,1073741823,1073741823,1073741823,1073741823,1073741823:m8
1073741823,1073741823,1073741823,1073741823,1073725439,1073324031,1073135615,995524607,1065353215,1054605311,1073741823,1073741823,1073741823,1073741823,1073741823:k7
1073741823,1073741823,1073741823,1073741823,1073725439,1073324031,1073135615,1062633471,1065353215,987496447,1073741823,1073741823,1073741823,1073741823,1073741823:m8
1073741823,1073741823,1073741823,1073741823,1073725439,1073324031,1073135615,1062633471,1048575999,1054605311,1073741823,1073741823,1073741823,1073741823,1073741823:m8
1073741823,1073741823,1073740799,1073741823,1073725439,1073324031,1073135615,1062633471,1065353215,1054605311,1073741823,1073741823,1073741823,1073741823,1073741823:m8
1073741823,1073741823,1073725439,1073741823,1073725439,1073324031,1073135615,1062633471,1065353215,1054605311,1073741823,1073741823,1073741823,1073741823,1073741823:h4
1073741823,1073740799,1073725439,1073709055,1073725439,1073324031,1073135615,1062633471,1065353215,1054605311,1073741823,1073741823,1073741823,1073741823,1073741823:m8
1073741823,1073479679,1073725439,1073709055,1073725439,1073324031,1073135615,1062633471,1065353215,1054605311,1073741823,1073741823,1073741823,1073741823,1073741823:m8
1073741823,1073741823,1073721343,1073709055,1073725439,1073324031,1073135615,1062633471,1065353215,1054605311,1073741823,1073741823,1073741823,1073741823,1073741823:m8
1073740799,1073741823,1073725439,1073709055,1073725439,1073324031,1073135615,1062633471,1065353215,1054605311,1073741823,1073741823,1073741823,1073741823,1073741823:m8
1073741823,1073737727,1073725439,1073709055,1073725439,1073324031,1073135615,1062633471,1065353215,1054605311,1073741823,1073741823,1073741823,1073741823,1073741823:m8
1073725439,1073741823,1073725439,1073709055,1073725439,1073324031,1073135615,1062633471,1065353215,1054605311,1073741823,1073741823,1073741823,1073741823,1073741823:m8
1073741823,1073725439,1073725439,1073709055,1073725439,1073324031,1073135615,1062633471,1065353215,1054605311,1073741823,1073741823,1073741823,1073741823,1073741823:m8
1073479679,1073741823,1073725439,1073709055,1073725439,1073324031,1073135615,1062633471,1065353215,1054605311,1073741823,1073741823,1073741823,1073741823,1073741823:m8
1073741823,1073676287,1073725439,1073709055,1073725439,1073324031,1073135615,1062633471,1065353215,1054605311,1073741823,1073741823,1073741823,1073741823,1073741823:m8
1073741823,1073741823,1073659903,1073709055,1073725439,1073324031,1073135615,1062633471,1065353215,1054605311,1073741823,1073741823,1073741823,1073741823,1073741823:m8
1073741823,1073741823,1073725439,1073709055,1073725439,1073324031,1073135615,1062633471,1065353215,1054605311,1073741823,1073676287,1073741823,1073741823,1073741823:m8
1073741823,1073741823,1073725439,1073709055,1073725439,1073324031,1073135615,1062633471,1065353215,1054605311,1073741823,1072693247,1073741823,1073741823,1073741823:m8
1073741823,1073741823,1073725439,1073709055,1073725439,1073324031,1073135615,794198015,1065353215,1054605311,1073741823,1073741823,1073741823,1073741823,1073741823:m8
1073741823,1073741823,1073725439,1073709055,1073725439,1073324031,1073135615,1062633471,1065353215,786169855,1073741823,1073741823,1073741823,1073741823,1073741823:m8
1073741823,1073741823,1073725439,1073709055,1073725439,1073324031,1073135615,1062633471,1065353215,1054605311,1073741823,805306367,1073741823,1073741823,1073741823:m8
1073741823,1073741823,1073725439,1073709055,1073725439,1073324031,1073135615,1062633471,1065353215,1054605311,1073741823,1056964607,1073741823,1073741823,1073741823:m8
1073741823,1073741823,1073725439,1073709055,1073725439,1073324031,1073135615,1062633471,1065353215,1054605311,1056964607,1073741823,1073741823,1073741823,1073741823:m8
1073741823,1073741823,1073725439,1073709055,1073725439,1073324031,1006026751,1062633471,1065353215,1054605311,1073741823,1073741823,1073741823,1073741823,1073741823:k7
1073741823,1073741823,1073725439,1073709055,1073725439,1073324031,1073135615,1062633471,998244351,1054605311,1073741823,1073741823,1073741823,1073741823,1073741823:m8
1073741823,1073741823,1073725439,1073709055,1073725439,1073324031,1073135615,1062633471,1065353215,1054605311,1006632959,1073741823,1073741823,1073741823,1073741823:m8
1073741823,1073741823,1073725439,1073709055,1073725439,1073324031,1073135615,1062633471,1065353215,1054605311,1069547519,1073741823,1073741823,1073741823,1073741823:m8
1073741823,1073741823,1073725439,1069514751,1073725439,1073324031,1073135615,1062633471,1065353215,1054605311,1073741823,1073741823,1073741823,1073741823,1073741823:m8
1073741823,1073741823,1073725439,1073709055,1073725439,1006215167,1073135615,1062633471,1065353215,1054605311,1073741823,1073741823,1073741823,1073741823,1073741823:m8
1073741823,1073741823,1073725439,1073709055,1073725439,1073324031,1056358399,1062633471,1065353215,1054605311,1073741823,1073741823,1073741823,1073741823,1073741823:m8
1073741823,1073741823,1073725439,1073709055,1073725439,1073324031,1073135615,995524607,1065353215,1054605311,1073741823,1073741823,1073741823,1073741823,1073741823:k7
1073741823,1073741823,1073725439,1073709055,1073725439,1073324031,1073135615,1062633471,1065353215,987496447,1073741823,1073741823,1073741823,1073741823,1073741823:m8
1073741823,1073741823,1073725439,1073709055,1073725439,1073324031,1073135615,1062633471,1048575999,1054605311,1073741823,1073741823,1073741823,1073741823,1073741823:m8
1073741823,1073741823,1073724415,1073709055,1073725439,1073324031,1073135615,1062633471,1065353215,1054605311,1073741823,1073741823,1073741823,1073741823,1073741823:m8
1073741823,1073741823,1073463295,1073709055,1073725439,1073324031,1073135615,1062633471,1065353215,1054605311,1073741823,1073741823,1073741823,1073741823,1073741823:m8
1073741823,1073741823,1073725439,1073709055,1069531135,1073324031,1073135615,1062633471,1065353215,1054605311,1073741823,1073741823,1073741823,1073741823,1073741823:m8
1073741823,1073741823,1073725439,1073709055,1073725439,1073324031,1073135615,1062633471,1065353215,1054601215,1073741823,1073741823,1073741823,1073741823,1073741823:m8
1073741823,1073741823,1073725439,1073709055,1073725439,1056546815,1073135615,1062633471,1065353215,1054605311,1073741823,1073741823,1073741823,1073741823,1073741823:m8
1073741823,1073741823,1073725439,1073709055,1073725439,1073324031,1068941311,1062633471,1065353215,1054605311,1073741823,1073741823,1073741823,1073741823,1073741823:m8
1073741823,1073741823,1073725439,1073709055,1073725439,1073324031,1073135615,1045856255,1065353215,1054605311,1073741823,1073741823,1073741823,1073741823,1073741823:k7
1073741823,1073741823,1073725439,1073708031,1073725439,1073324031,1073135615,1062633471,1065353215,1054605311,1073741823,1073741823,1073741823,1073741823,1073741823:m8
1073741823,1073741823,1073725439,1073446911,1073725439,1073324031,1073135615,1062633471,1065353215,1054605311,1073741823,1073741823,1073741823,1073741823,1073741823:m8
1073741823,1073741823,1073725439,1073709055,1073725439,1073324031,1073135615,1062633215,1065353215,1054605311,1073741823,1073741823,1073741823,1073741823,1073741823:m8
1073741823,1073741823,1073725439,1073709055,1073725439,1073323775,1073135615,1062633471,1065353215,1054605311,1073741823,1073741823,1073741823,1073741823,1073741823:m8
1073741823,1073741823,1073725439,1073708799,1073725439,1073324031,1073135615,1062633471,1065353215,1054605311,1073741823,1073741823,1073741823,1073741823,1073741823:m8
1073741823,1073741823,1073725439,1073709055,1073725439,1073324031,1073135615,1062633471,1065352191,1054605311,1073741823,1073741823,1073741823,1073741823,1073741823:m8
1073741823,1073741823,1073725439,1073709055,1073725439,1073324031,1073134591,1062633471,1065353215,1054605311,1073741823,1073741823,1073741823,1073741823,1073741823:m8
1073741823,1073741823,1073725439,1073709055,1073724415,1073324031,1073135615,1062633471,1065353215,1054605311,1073741823,1073741823,1073741823,1073741823,1073741823:m8
1073741823,1073741823,1073725439,1073704959,1073725439,1073324031,1073135615,1062633471,1065353215,1054605311,1073741823,1073741823,1073741823,1073741823,1073741823:m8
1073741823,1073741823,1073725439,1073643519,1073725439,1073324031,1073135615,1062633471,1065353215,1054605311,1073741823,1073741823,1073741823,1073741823,1073741823:m8
1073741823,1073741823,1073725439,1072660479,1073725439,1073324031,1073135615,1062633471,1065353215,1054605311,1073741823,1073741823,1073741823,1073741823,1073741823:m8
1073741823,1073741823,1073725439,1073709055,1073463295,1073324031,1073135615,1062633471,1065353215,1054605311,1073741823,1073741823,1073741823,1073741823,1073741823:m8
1073741823,1073741823,1073725439,1073709055,1073725439,1072275455,1073135615,1062633471,1065353215,1054605311,1073741823,1073741823,1073741823,1073741823,1073741823:m8
1073741823,1073741823,1073725439,1073709055,1073725439,1073324031,1073135615,1062633471,1065353215,1054605311,1073741823,1073725439,1073741823,1073741823,1073741823:m8
1073741823,1073741823,1073725439,1073709055,1073725439,1073324031,1073135615,1062633471,1065353215,1054605311,1073676287,1073741823,1073741823,1073741823,1073741823:m8
1073741823,1073741823,1073725439,1073709055,1073725439,1073324031,1073135615,1062633471,1065353215,1054539775,1073741823,1073741823,1073741823,1073741823,1073741823:m8
1073741823,1073741823,1073725439,1073709055,1073725439,1073324031,1073135615,1062633471,1065353215,1054605311,1073741823,1069547519,1073741823,1073741823,1073741823:m8
1073741823,1073741823,1073725439,1073709055,1073725439,1073324031,1073135615,1062633471,1065353215,1054605311,1072693247,1073741823,1073741823,1073741823,1073741823:m8
1073741823,1073741823,1073725439,1073709055,1073725439,1073324031,1073135615,1062633471,1065353215,1054605311,1073741823,1073479679,1073741823,1073741823,1073741823:m8
1073741823,1073741823,1073725439,1073709055,1073725439,1073324031,1073135615,1062633471,1065353215,1054605311,1073479679,1073741823,1073741823,1073741823,1073741823:k7
1073741823,1073741823,1073725439,1073709055,1073725439,1069129727,1073135615,1062633471,1065353215,1054605311,1073741823,1073741823,1073741823,1073741823,1073741823:m8
1073741823,1073741823,1073725439,1073709055,1073725439,1073324031,1073135615,1062633471,1065353215,1050411007,1073741823,1073741823,1073741823,1073741823,1073741823:m8
1073741823,1073741823,1073725439,1073709055,1073725439,1073324031,1073135615,1062633471,1065091071,1054605311,1073741823,1073741823,1073741823,1073741823,1073741823:m8
1073741823,1073741823,1073725439,1073709055,1073721343,1073324031,1073135615,1062633471,1065353215,1054605311,1073741823,1073741823,1073741823,1073741823,1073741823:m8
1073741823,1073741823,1073725439,1073709055,1073659903,1073324031,1073135615,1062633471,1065353215,1054605311,1073741823,1073741823,1073741823,1073741823,1073741823:m8
1073741823,1073741823,1073725439,1073709055,1072676863,1073324031,1073135615,1062633471,1065353215,1054605311,1073741823,1073741823,1073741823,1073741823,1073741823:m8
1073741823,1073741823,1073725439,1073709055,1073725439,1073324031,1072087039,1062633471,1065353215,1054605311,1073741823,1073741823,1073741823,1073741823,1073741823:m8
1073741823,1073741823,1073725439,1073709055,1073725439,1073324031,1073135615,1062633471,1064304639,1054605311,1073741823,1073741823,1073741823,1073741823,1073741823:m8
1073741823,1073741823,1073725439,1073709055,1073725439,1073324031,1073135615,1062633471,1065353215,1054604287,1073741823,1073741823,1073741823,1073741823,1073741823:m8
1073741823,1073741823,1073725439,1073709055,1073725439,1073324031,1073135615,1062633471,1065349119,1054605311,1073741823,1073741823,1073741823,1073741823,1073741823:m8
1073741823,1073741823,1073725439,1073709055,1073725439,1073324031,1073135615,1062632447,1065353215,1054605311,1073741823,1073741823,1073741823,1073741823,1073741823:m8
1073741823,1073741823,1073725439,1073709055,1073725439,1073324031,1073135615,1062629375,1065353215,1054605311,1073741823,1073741823,1073741823,1073741823,1073741823:m8
1073741823,1073741823,1073725439,1073709055,1073725439,1073323007,1073135615,1062633471,1065353215,1054605311,1073741823,1073741823,1073741823,1073741823,1073741823:m8
1073741823,1073741823,1073725439,1073709055,1073725439,1073324031,1073131519,1062633471,1065353215,1054605311,1073741823,1073741823,1073741823,1073741823,1073741823:m8
1073741823,1073741823,1073725439,1073709055,1073725439,1073324031,1073135615,1062633471,1065287679,1054605311,1073741823,1073741823,1073741823,1073741823,1073741823:m8
1073741823,1073741823,1073725439,1073709055,1073725439,1073324031,1073135615,1062633471,1065353215,1054588927,1073741823,1073741823,1073741823,1073741823,1073741823:m8
1073741823,1073741823,1073725439,1073709055,1073725439,1073324031,1073135615,1062633471,1065336831,1054605311,1073741823,1073741823,1073741823,1073741823,1073741823:m8
1073741823,1073741823,1073479679,1073741823,1073725439,1073324031,1073135615,1062633471,1065353215,1054605311,1073741823,1073741823,1073741823,1073741823,1073741823:m8
1073741823,1073741823,1073741823,1073741823,1069531135,1073324031,1073135615,1062633471,1065353215,1054605311,1073741823,1073741823,1073741823,1073741823,1073741823:m8
1073741823,1073741823,1073741823,1073741823,1073725439,1073324031,1073135615,1062633471,1065353215,1054601215,1073741823,1073741823,1073741823,1073741823,1073741823:m8
1073741823,1073741823,1073741823,1073741823,1073725439,1056546815,1073135615,1062633471,1065353215,1054605311,1073741823,1073741823,1073741823,1073741823,1073741823:m8
1073741823,1073741823,1073741823,1073741823,1073725439,1073324031,1068941311,1062633471,1065353215,1054605311,1073741823,1073741823,1073741823,1073741823,1073741823:m8
1073741823,1073741823,1073741823,1073741823,1073725439,1073324031,1073135615,1045856255,1065353215,1054605311,1073741823,1073741823,1073741823,1073741823,1073741823:k7
1073741823,1073741823,1073741823,1073740799,1073725439,1073324031,1073135615,1062633471,1065353215,1054605311,1073741823,1073741823,1073741823,1073741823,1073741823:m8
1073741823,1073741823,1073741823,1073725439,1073725439,1073324031,1073135615,1062633471,1065353215,1054605311,1073741823,1073741823,1073741823,1073741823,1073741823:h3
1073740799,1073741823,1073709055,1073725439,1073725439,1073324031,1073135615,1062633471,1065353215,1054605311,1073741823,1073741823,1073741823,1073741823,1073741823:m8
1073741823,1073737727,1073709055,1073725439,1073725439,1073324031,1073135615,1062633471,1065353215,1054605311,1073741823,1073741823,1073741823,1073741823,1073741823:m8
1073725439,1073741823,1073709055,1073725439,1073725439,1073324031,1073135615,1062633471,1065353215,1054605311,1073741823,1073741823,1073741823,1073741823,1073741823:m8
1073479679,1073741823,1073709055,1073725439,1073725439,1073324031,1073135615,1062633471,1065353215,1054605311,1073741823,1073741823,1073741823,1073741823,1073741823:m8
1073741823,1073676287,1073709055,1073725439,1073725439,1073324031,1073135615,1062633471,1065353215,1054605311,1073741823,1073741823,1073741823,1073741823,1073741823:m8
1073741823,1073740799,1073709055,1073725439,1073725439,1073324031,1073135615,1062633471,1065353215,1054605311,1073741823,1073741823,1073741823,1073741823,1073741823:m8
1073741823,1073741823,1073704959,1073725439,1073725439,1073324031,1073135615,1062633471,1065353215,1054605311,1073741823,1073741823,1073741823,1073741823,1073741823:m8
1073741823,1073725439,1073709055,1073725439,1073725439,1073324031,1073135615,1062633471,1065353215,1054605311,1073741823,1073741823,1073741823,1073741823,1073741823:m8
1073741823,1073479679,1073709055,1073725439,1073725439,1073324031,1073135615,1062633471,1065353215,1054605311,1073741823,1073741823,1073741823,1073741823,1073741823:m8
1073741823,1073741823,1073643519,1073725439,1073725439,1073324031,1073135615,1062633471,1065353215,1054605311,1073741823,1073741823,1073741823,1073741823,1073741823:m8
1073741823,1073741823,1073709055,1073725439,1073725439,1073324031,1073135615,1062633471,1065353215,1054605311,1073741823,1073676287,1073741823,1073741823,1073741823:m8
1073741823,1073741823,1073709055,1073725439,1073725439,1073324031,1073135615,1062633471,1065353215,1054605311,1073741823,1072693247,1073741823,1073741823,1073741823:m8
1073741823,1073741823,1073709055,1073725439,1073725439,1073324031,1073135615,794198015,1065353215,1054605311,1073741823,1073741823,1073741823,1073741823,1073741823:m8
1073741823,1073741823,1073709055,1073725439,1073725439,1073324031,1073135615,1062633471,1065353215,786169855,1073741823,1073741823,1073741823,1073741823,1073741823:m8
1073741823,1073741823,1073709055,1073725439,1073725439,1073324031,1073135615,1062633471,1065353215,1054605311,1073741823,805306367,1073741823,1073741823,1073741823:m8
1073741823,1073741823,1073709055,1073725439,1073725439,1073324031,1073135615,1062633471,1065353215,1054605311,1073741823,1056964607,1073741823,1073741823,1073741823:m8
1073741823,1073741823,1073709055,1073725439,1073725439,1073324031,1073135615,1062633471,1065353215,1054605311,1056964607,1073741823,1073741823,1073741823,1073741823:m8
1073741823,1073741823,1073709055,1073725439,1073725439,1073324031,1006026751,1062633471,1065353215,1054605311,1073741823,1073741823,1073741823,1073741823,1073741823:k7
1073741823,1073741823,1073709055,1073725439,1073725439,1073324031,1073135615,1062633471,998244351,1054605311,1073741823,1073741823,1073741823,1073741823,1073741823:m8
1073741823,1073741823,1073709055,1073725439,1073725439,1073324031,1073135615,1062633471,1065353215,1054605311,1006632959,1073741823,1073741823,1073741823,1073741823:m8
1073741823,1073741823,1073709055,1073725439,1073725439,1073324031,1073135615,1062633471,1065353215,1054605311,1069547519,1073741823,1073741823,1073741823,1073741823:m8
1073741823,1073741823,1073709055,1069531135,1073725439,1073324031,1073135615,1062633471,1065353215,1054605311,1073741823,1073741823,1073741823,1073741823,1073741823:m8
1073741823,1073741823,1073709055,1073725439,1073725439,1006215167,1073135615,1062633471,1065353215,1054605311,1073741823,1073741823,1073741823,1073741823,1073741823:m8
1073741823,1073741823,1073709055,1073725439,1073725439,1073324031,1056358399,1062633471,1065353215,1054605311,1073741823,1073741823,1073741823,1073741823,1073741823:m8
1073741823,1073741823,1073709055,1073725439,1073725439,1073324031,1073135615,995524607,1065353215,1054605311,1073741823,1073741823,1073741823,1073741823,1073741823:k7
1073741823,1073741823,1073709055,1073725439,1073725439,1073324031,1073135615,1062633471,1065353215,987496447,1073741823,1073741823,1073741823,1073741823,1073741823:m8
1073741823,1073741823,1073709055,1073725439,1073725439,1073324031,1073135615,1062633471,1048575999,1054605311,1073741823,1073741823,1073741823,1073741823,1073741823:m8
1073741823,1073741823,1073708031,1073725439,1073725439,1073324031,1073135615,1062633471,1065353215,1054605311,1073741823,1073741823,1073741823,1073741823,1073741823:m8
1073741823,1073741823,1073446911,1073725439,1073725439,1073324031,1073135615,1062633471,1065353215,1054605311,1073741823,1073741823,1073741823,1073741823,1073741823:m8
1073741823,1073741823,1073709055,1073725439,1069531135,1073324031,1073135615,1062633471,1065353215,1054605311,1073741823,1073741823,1073741823,1073741823,1073741823:m8
1073741823,1073741823,1073709055,1073725439,1073725439,1073324031,1073135615,1062633471,1065353215,1054601215,1073741823,1073741823,1073741823,1073741823,1073741823:m8
1073741823,1073741823,1073709055,1073725439,1073725439,1056546815,1073135615,1062633471,1065353215,1054605311,1073741823,1073741823,1073741823,1073741823,1073741823:m8
1073741823,1073741823,1073709055,1073725439,1073725439,1073324031,1068941311,1062633471,1065353215,1054605311,1073741823,1073741823,1073741823,1073741823,1073741823:m8
1073741823,1073741823,1073709055,1073725439,1073725439,1073324031,1073135615,1045856255,1065353215,1054605311,1073741823,1073741823,1073741823,1073741823,1073741823:k7
1073741823,1073741823,1073709055,1073724415,1073725439,1073324031,1073135615,1062633471,1065353215,1054605311,1073741823,1073741823,1073741823,1073741823,1073741823:m8
1073741823,1073741823,1073709055,1073463295,1073725439,1073324031,1073135615,1062633471,1065353215,1054605311,1073741823,1073741823,1073741823,1073741823,1073741823:m8
1073741823,1073741823,1073709055,1073725439,1073725439,1073324031,1073135615,1062633215,1065353215,1054605311,1073741823,1073741823,1073741823,1073741823,1073741823:m8
1073741823,1073741823,1073709055,1073725439,1073725439,1073323775,1073135615,1062633471,1065353215,1054605311,1073741823,1073741823,1073741823,1073741823,1073741823:m8
1073741823,1073741823,1073709055,1073725183,1073725439,1073324031,1073135615,1062633471,1065353215,1054605311,1073741823,1073741823,1073741823,1073741823,1073741823:m8
1073741823,1073741823,1073709055,1073725439,1073725439,1073324031,1073135615,1062633471,1065352191,1054605311,1073741823,1073741823,1073741823,1073741823,1073741823:m8
1073741823,1073741823,1073709055,1073725439,1073725439,1073324031,1073134591,1062633471,1065353215,1054605311,1073741823,1073741823,1073741823,1073741823,1073741823:m8
1073741823,1073741823,1073709055,1073725439,1073724415,1073324031,1073135615,1062633471,1065353215,1054605311,1073741823,1073741823,1073741823,1073741823,1073741823:m8
1073741823,1073741823,1073709055,1073721343,1073725439,1073324031,1073135615,1062633471,1065353215,1054605311,1073741823,1073741823,1073741823,1073741823,1073741823:m8
1073741823,1073741823,1073709055,1073659903,1073725439,1073324031,1073135615,1062633471,1065353215,1054605311,1073741823,1073741823,1073741823,1073741823,1073741823:m8
1073741823,1073741823,1073709055,1072676863,1073725439,1073324031,1073135615,1062633471,1065353215,1054605311,1073741823,1073741823,1073741823,1073741823,1073741823:m8
1073741823,1073741823,1073709055,1073725439,1073463295,1073324031,1073135615,1062633471,1065353215,1054605311,1073741823,1073741823,1073741823,1073741823,1073741823:m8
1073741823,1073741823,1073709055,1073725439,1073725439,1072275455,1073135615,1062633471,1065353215,1054605311,1073741823,1073741823,1073741823,1073741823,1073741823:m8
1073741823,1073741823,1073709055,1073725439,1073725439,1073324031,1073135615,1062633471,1065353215,1054605311,1073741823,1073725439,1073741823,1073741823,1073741823:m8
1073741823,1073741823,1073709055,1073725439,1073725439,1073324031,1073135615,1062633471,1065353215,1054605311,1073676287,1073741823,1073741823,1073741823,1073741823:m8
1073741823,1073741823,1073709055,1073725439,1073725439,1073324031,1073135615,1062633471,1065353215,1054539775,1073741823,1073741823,1073741823,1073741823,1073741823:m8
1073741823,1073741823,1073709055,1073725439,1073725439,1073324031,1073135615,1062633471,1065353215,1054605311,1073741823,1069547519,1073741823,1073741823,1073741823:m8
1073741823,1073741823,1073709055,1073725439,1073725439,1073324031,1073135615,1062633471,1065353215,1054605311,1072693247,1073741823,1073741823,1073741823,1073741823:m8
1073741823,1073741823,1073709055,1073725439,1073725439,1073324031,1073135615,1062633471,1065353215,1054605311,1073741823,1073479679,1073741823,1073741823,1073741823:m8
1073741823,1073741823,1073709055,1073725439,1073725439,1073324031,1073135615,1062633471,1065353215,1054605311,1073479679,1073741823,1073741823,1073741823,1073741823:k7
1073741823,1073741823,1073709055,1073725439,1073725439,1069129727,1073135615,1062633471,1065353215,1054605311,1073741823,1073741823,1073741823,1073741823,1073741823:m8
1073741823,1073741823,1073709055,1073725439,1073725439,1073324031,1073135615,1062633471,1065353215,1050411007,1073741823,1073741823,1073741823,1073741823,1073741823:m8
1073741823,1073741823,1073709055,1073725439,1073725439,1073324031,1073135615,1062633471,1065091071,1054605311,1073741823,1073741823,1073741823,1073741823,1073741823:m8
1073741823,1073741823,1073709055,1073725439,1073721343,1073324031,1073135615,1062633471,1065353215,1054605311,1073741823,1073741823,1073741823,1073741823,1073741823:m8
1073741823,1073741823,1073709055,1073725439,1073659903,1073324031,1073135615,1062633471,1065353215,1054605311,1073741823,1073741823,1073741823,1073741823,1073741823:m8
1073741823,1073741823,1073709055,1073725439,1072676863,1073324031,1073135615,1062633471,1065353215,1054605311,1073741823,1073741823,1073741823,1073741823,1073741823:m8
1073741823,1073741823,1073709055,1073725439,1073725439,1073324031,1072087039,1062633471,1065353215,1054605311,1073741823,1073741823,1073741823,1073741823,1073741823:m8
1073741823,1073741823,1073709055,1073725439,1073725439,1073324031,1073135615,1062633471,1064304639,1054605311,1073741823,1073741823,1073741823,1073741823,1073741823:m8
1073741823,1073741823,1073709055,1073725439,1073725439,1073324031,1073135615,1062633471,1065353215,1054604287,1073741823,1073741823,1073741823,1073741823,1073741823:m8
1073741823,1073741823,1073709055,1073725439,1073725439,1073324031,1073135615,1062633471,1065349119,1054605311,1073741823,1073741823,1073741823,1073741823,1073741823:m8
1073741823,1073741823,1073709055,1073725439,1073725439,1073324031,1073135615,1062632447,1065353215,1054605311,1073741823,1073741823,1073741823,1073741823,1073741823:m8
1073741823,1073741823,1073709055,1073725439,1073725439,1073324031,1073135615,1062629375,1065353215,1054605311,1073741823,1073741823,1073741823,1073741823,1073741823:m8
1073741823,1073741823,1073709055,1073725439,1073725439,1073323007,1073135615,1062633471,1065353215,1054605311,1073741823,1073741823,1073741823,1073741823,1073741823:m8
1073741823,1073741823,1073709055,1073725439,1073725439,1073324031,1073131519,1062633471,1065353215,1054605311,1073741823,1073741823,1073741823,1073741823,1073741823:m8
1073741823,1073741823,1073709055,1073725439,1073725439,1073324031,1073135615,1062633471,1065287679,1054605311,1073741823,1073741823,1073741823,1073741823,1073741823:m8
1073741823,1073741823,1073709055,1073725439,1073725439,1073324031,1073135615,1062633471,1065353215,1054588927,1073741823,1073741823,1073741823,1073741823,1073741823:m8
1073741823,1073741823,1073709055,1073725439,1073725439,1073324031,1073135615,1062633471,1065336831,1054605311,1073741823,1073741823,1073741823,1073741823,1073741823:m8
1073741823,1073741823,1073741823,1073479679,1073725439,1073324031,1073135615,1062633471,1065353215,1054605311,1073741823,1073741823,1073741823,1073741823,1073741823:m8
1073741823,1073741823,1073741823,1073741823,1073725439,1073324031,1073135615,1062633215,1065353215,1054605311,1073741823,1073741823,1073741823,1073741823,1073741823:m8
1073741823,1073741823,1073741823,1073741823,1073725439,1073323775,1073135615,1062633471,1065353215,1054605311,1073741823,1073741823,1073741823,1073741823,1073741823:m8
1073741823,1073741823,1073741823,1073741567,1073725439,1073324031,1073135615,1062633471,1065353215,1054605311,1073741823,1073741823,1073741823,1073741823,1073741823:m8
1073741823,1073741823,1073741823,1073741823,1073725439,1073324031,1073135615,1062633471,1065352191,1054605311,1073741823,1073741823,1073741823,1073741823,1073741823:m8
1073741823,1073741823,1073741823,1073741823,1073725439,1073324031,1073134591,1062633471,1065353215,1054605311,1073741823,1073741823,1073741823,1073741823,1073741823:m8
1073741823,1073741823,1073741823,1073741823,1073724415,1073324031,1073135615,1062633471,1065353215,1054605311,1073741823,1073741823,1073741823,1073741823,1073741823:m8
1073741823,1073741823,1073741823,1073737727,1073725439,1073324031,1073135615,1062633471,1065353215,1054605311,1073741823,1073741823,1073741823,1073741823,1073741823:m8
1073741823,1073741823,1073741823,1073676287,1073725439,1073324031,1073135615,1062633471,1065353215,1054605311,1073741823,1073741823,1073741823,1073741823,1073741823:m8
1073741823,1073741823,1073741823,1072693247,1073725439,1073324031,1073135615,1062633471,1065353215,1054605311,1073741823,1073741823,1073741823,1073741823,1073741823:m8
1073741823,1073741823,1073741823,1073741823,1073463295,1073324031,1073135615,1062633471,1065353215,1054605311,1073741823,1073741823,1073741823,1073741823,1073741823:m8
1073741823,1073741823,1073741823,1073741823,1073725439,1072275455,1073135615,1062633471,1065353215,1054605311,1073741823,1073741823,1073741823,1073741823,1073741823:m8
1073741823,1073741823,1073741823,1073741823,1073725439,1073324031,1073135615,1062633471,1065353215,1054605311,1073741823,1073725439,1073741823,1073741823,1073741823:m8
1073741823,1073741823,1073741823,1073741823,1073725439,1073324031,1073135615,1062633471,1065353215,1054605311,1073676287,1073741823,1073741823,1073741823,1073741823:m8
1073741823,1073741823,1073741823,1073741823,1073725439,1073324031,1073135615,1062633471,1065353215,1054539775,1073741823,1073741823,1073741823,1073741823,1073741823:m8
1073741823,1073741823,1073741823,1073741823,1073725439,1073324031,1073135615,1062633471,1065353215,1054605311,1073741823,1069547519,1073741823,1073741823,1073741823:m8
1073741823,1073741823,1073741823,1073741823,1073725439,1073324031,1073135615,1062633471,1065353215,1054605311,1072693247,1073741823,1073741823,1073741823,1073741823:m8
1073741823,1073741823,1073741823,1073741823,1073725439,1073324031,1073135615,1062633471,1065353215,1054605311,1073741823,1073479679,1073741823,1073741823,1073741823:m8
1073741823,1073741823,1073741823,1073741823,1073725439,1073324031,1073135615,1062633471,1065353215,1054605311,1073479679,1073741823,1073741823,1073741823,1073741823:k7
1073741823,1073741823,1073741823,1073741823,1073725439,1069129727,1073135615,1062633471,1065353215,1054605311,1073741823,1073741823,1073741823,1073741823,1073741823:m8
1073741823,1073741823,1073741823,1073741823,1073725439,1073324031,1073135615,1062633471,1065353215,1050411007,1073741823,1073741823,1073741823,1073741823,1073741823:m8
1073741823,1073741823,1073741823,1073741823,1073725439,1073324031,1073135615,1062633471,1065091071,1054605311,1073741823,1073741823,1073741823,1073741823,1073741823:m8
1073741823,1073741823,1073741823,1073741823,1073721343,1073324031,1073135615,1062633471,1065353215,1054605311,1073741823,1073741823,1073741823,1073741823,1073741823:m8
1073741823,1073741823,1073741823,1073741823,1073659903,1073324031,1073135615,1062633471,1065353215,1054605311,1073741823,1073741823,1073741823,1073741823,1073741823:m8
1073741823,1073741823,1073741823,1073741823,1072676863,1073324031,1073135615,1062633471,1065353215,1054605311,1073741823,1073741823,1073741823,1073741823,1073741823:m8
1073741823,1073741823,1073741823,1073741823,1073725439,1073324031,1072087039,1062633471,1065353215,1054605311,1073741823,1073741823,1073741823,1073741823,1073741823:m8
1073741823,1073741823,1073741823,1073741823,1073725439,1073324031,1073135615,1062633471,1064304639,1054605311,1073741823,1073741823,1073741823,1073741823,1073741823:m8
1073741823,1073741823,1073741823,1073741823,1073725439,1073324031,1073135615,1062633471,1065353215,1054604287,1073741823,1073741823,1073741823,1073741823,1073741823:m8
1073741823,1073741823,1073741823,1073741823,1073725439,1073324031,1073135615,1062633471,1065349119,1054605311,1073741823,1073741823,1073741823,1073741823,1073741823:m8
1073741823,1073741823,1073741823,1073741823,1073725439,1073324031,1073135615,1062632447,1065353215,1054605311,1073741823,1073741823,1073741823,1073741823,1073741823:m8
1073741823,1073741823,1073741823,1073741823,1073725439,1073324031,1073135615,1062629375,1065353215,1054605311,1073741823,1073741823,1073741823,1073741823,1073741823:m8
1073741823,1073741823,1073741823,1073741823,1073725439,1073323007,1073135615,1062633471,1065353215,1054605311,1073741823,1073741823,1073741823,1073741823,1073741823:m8
1073741823,1073741823,1073741823,1073741823,1073725439,1073324031,1073131519,1062633471,1065353215,1054605311,1073741823,1073741823,1073741823,1073741823,1073741823:m8
1073741823,1073741823,1073741823,1073741823,1073725439,1073324031,1073135615,1062633471,1065287679,1054605311,1073741823,1073741823,1073741823,1073741823,1073741823:m8
1073741823,1073741823,1073741823,1073741823,1073725439,1073324031,1073135615,1062633471,1065353215,1054588927,1073741823,1073741823,1073741823,1073741823,1073741823:m8
1073741823,1073741823,1073741823,1073741823,1073725439,1073324031,1073135615,1062633471,1065336831,1054605311,1073741823,1073741823,1073741823,1073741823,1073741823:m8
1073741823,1073741823,1073741823,1073740799,1073725439,1073324031,1073135615,1062633471,1065353215,1073479679,1073741823,1073741823,1073741823,1073741823,1073741823:m10
1073741823,1073741823,1073741823,1073725439,1073725439,1073324031,1073135615,1062633471,1065353215,1073479679,1073741823,1073741823,1073741823,1073741823,1073741823:m10
1073741823,1073741823,1073741823,1073479679,1073725439,1073324031,1073135615,1062633471,1065353215,1073479679,1073741823,1073741823,1073741823,1073741823,1073741823:m10
1073741823,1073741823,1073741823,1073741823,1073725439,1073324031,1073135615,1062633215,1065353215,1073479679,1073741823,1073741823,1073741823,1073741823,1073741823:m10
1073741823,1073741823,1073741823,1073741823,1073725439,1073323775,1073135615,1062633471,1065353215,1073479679,1073741823,1073741823,1073741823,1073741823,1073741823:m10
1073741823,1073741823,1073741823,1073741567,1073725439,1073324031,1073135615,1062633471,1065353215,1073479679,1073741823,1073741823,1073741823,1073741823,1073741823:m10
1073741823,1073741823,1073741823,1073741823,1073725439,1073324031,1073135615,1062633471,1065352191,1073479679,1073741823,1073741823,1073741823,1073741823,1073741823:m10
1073741823,1073741823,1073741823,1073741823,1073725439,1073324031,1073134591,1062633471,1065353215,1073479679,1073741823,1073741823,1073741823,1073741823,1073741823:m10
1073741823,1073741823,1073741823,1073741823,1073724415,1073324031,1073135615,1062633471,1065353215,1073479679,1073741823,1073741823,1073741823,1073741823,1073741823:m10
1073741823,1073741823,1073741823,1073737727,1073725439,1073324031,1073135615,1062633471,1065353215,1073479679,1073741823,1073741823,1073741823,1073741823,1073741823:m10
1073741823,1073741823,1073741823,1073676287,1073725439,1073324031,1073135615,1062633471,1065353215,1073479679,1073741823,1073741823,1073741823,1073741823,1073741823:m10
1073741823,1073741823,1073741823,1072693247,1073725439,1073324031,1073135615,1062633471,1065353215,1073479679,1073741823,1073741823,1073741823,1073741823,1073741823:m10
1073741823,1073741823,1073741823,1073741823,1073463295,1073324031,1073135615,1062633471,1065353215,1073479679,1073741823,1073741823,1073741823,1073741823,1073741823:m10
1073741823,1073741823,1073741823,1073741823,1073725439,1072275455,1073135615,1062633471,1065353215,1073479679,1073741823,1073741823,1073741823,1073741823,1073741823:m10
1073741823,1073741823,1073741823,1073741823,1073725439,1073324031,1073135615,1062633471,1065353215,1073479679,1073741823,1073725439,1073741823,1073741823,1073741823:m10
1073741823,1073741823,1073741823,1073741823,1073725439,1073324031,1073135615,1062633471,1065353215,1073479679,1073676287,1073741823,1073741823,1073741823,1073741823:m10
1073741823,1073741823,1073741823,1073741823,1073725439,1073324031,1073135615,1062633471,1065353215,1073414143,1073741823,1073741823,1073741823,1073741823,1073741823:m10
1073741823,1073741823,1073741823,1073741823,1073725439,1073324031,1073135615,1062633471,1065353215,1072431103,1073741823,1073741823,1073741823,1073741823,1073741823:m10
1073741823,1073741823,1073741823,1073741823,1073725439,1073324031,1073135615,1062633471,1065353215,1073479679,1073741823,1069547519,1073741823,1073741823,1073741823:m10
1073741823,1073741823,1073741823,1073741823,1073725439,1073324031,1073135615,1062633471,1065353215,1073479679,1072693247,1073741823,1073741823,1073741823,1073741823:m10
1073741823,1073741823,1073741823,1073741823,1073725439,1073324031,1073135615,1062633471,1065353215,1073479679,1073741823,1073479679,1073741823,1073741823,1073741823:m10
1073741823,1073741823,1073741823,1073741823,1073725439,1073324031,1073135615,1062633471,1065353215,1073479679,1073479679,1073741823,1073741823,1073741823,1073741823:m10
1073741823,1073741823,1073741823,1073741823,1073725439,1069129727,1073135615,1062633471,1065353215,1073479679,1073741823,1073741823,1073741823,1073741823,1073741823:m10
1073741823,1073741823,1073741823,1073741823,1073725439,1073324031,1073135615,1062633471,1065353215,1069285375,1073741823,1073741823,1073741823,1073741823,1073741823:m10
1073741823,1073741823,1073741823,1073741823,1073725439,1073324031,1073135615,1062633471,1065091071,1073479679,1073741823,1073741823,1073741823,1073741823,1073741823:m10
1073741823,1073741823,1073741823,1073741823,1073721343,1073324031,1073135615,1062633471,1065353215,1073479679,1073741823,1073741823,1073741823,1073741823,1073741823:m10
1073741823,1073741823,1073741823,1073741823,1073659903,1073324031,1073135615,1062633471,1065353215,1073479679,1073741823,1073741823,1073741823,1073741823,1073741823:m10
1073741823,1073741823,1073741823,1073741823,1072676863,1073324031,1073135615,1062633471,1065353215,1073479679,1073741823,1073741823,1073741823,1073741823,1073741823:m10
1073741823,1073741823,1073741823,1073741823,1073725439,1073324031,1072087039,1062633471,1065353215,1073479679,1073741823,1073741823,1073741823,1073741823,1073741823:m10
1073741823,1073741823,1073741823,1073741823,1073725439,1073324031,1073135615,1062633471,1064304639,1073479679,1073741823,1073741823,1073741823,1073741823,1073741823:m10
1073741823,1073741823,1073741823,1073741823,1073725439,1073324031,1073135615,1062633471,1065353215,1073478655,1073741823,1073741823,1073741823,1073741823,1073741823:m10
1073741823,1073741823,1073741823,1073741823,1073725439,1073324031,1073135615,1062633471,1065349119,1073479679,1073741823,1073741823,1073741823,1073741823,1073741823:m10
1073741823,1073741823,1073741823,1073741823,1073725439,1073324031,1073135615,1062632447,1065353215,1073479679,1073741823,1073741823,1073741823,1073741823,1073741823:m10
1073741823,1073741823,1073741823,1073741823,1073725439,1073324031,1073135615,1062629375,1065353215,1073479679,1073741823,1073741823,1073741823,1073741823,1073741823:m10
1073741823,1073741823,1073741823,1073741823,1073725439,1073323007,1073135615,1062633471,1065353215,1073479679,1073741823,1073741823,1073741823,1073741823,1073741823:m10
1073741823,1073741823,1073741823,1073741823,1073725439,1073324031,1073131519,1062633471,1065353215,1073479679,1073741823,1073741823,1073741823,1073741823,1073741823:m10
1073741823,1073741823,1073741823,1073741823,1073725439,1073324031,1073135615,1062633471,1065287679,1073479679,1073741823,1073741823,1073741823,1073741823,1073741823:m10
1073741823,1073741823,1073741823,1073741823,1073725439,1073324031,1073135615,1062633471,1065353215,1073463295,1073741823,1073741823,1073741823,1073741823,1073741823:m10
1073741823,1073741823,1073741823,1073741823,1073725439,1073324031,1073135615,1062633471,1065336831,1073479679,1073741823,1073741823,1073741823,1073741823,1073741823:m10
