1073741823,1073741823,1073741823,1073741823,1073741823,1073740799,1073668095,1062633471,1073348607,1071628287,1072431103,1073741823,1073741823,1073741823,1073741823:l6
1073741823,1073741823,1073741823,1073479679,1073741823,1065352191,1073668095,1062633471,1073348607,1071628287,1072431103,1073741823,1073741823,1073741823,1073741823:k7
1073741823,1073741823,1073741823,1069547519,1073741823,1065352191,1073668095,1062633471,1073348607,1071628287,1072431103,1073741823,1073741823,1073741823,1073741823:k7
1073741823,1073741823,1073741823,1073741823,1069547519,1065352191,1073668095,1062633471,1073348607,1071628287,1072431103,1073741823,1073741823,1073741823,1073741823:k7
1073741823,1073741823,1073741823,1006632959,1073741823,1065352191,1073668095,1062633471,1073348607,1071628287,1072431103,1073741823,1073741823,1073741823,1073741823:k7
1073741823,1073741823,1073741823,1073741823,1056964607,1065352191,1073668095,1062633471,1073348607,1071628287,1072431103,1073741823,1073741823,1073741823,1073741823:k7
1073741823,1073741823,1072693247,1073741823,1056964607,1065352191,1071570943,1062633471,1073348607,1071628287,1072431103,1073741823,1073741823,1073741823,1073741823:l7
1073741823,1073741823,1056964607,1073741823,1056964607,1065352191,1071570943,1062633471,1073348607,1071628287,1072431103,1073741823,1073741823,1073741823,1073741823:l7
1073741823,1073741823,1073741823,1056964607,1056964607,1065352191,1071570943,1062633471,1073348607,1071628287,1072431103,1073741823,1073741823,1073741823,1073741823:k5
1073741823,1073741823,805306367,1073741823,1056964607,1065352191,1071570943,1062633471,1073348607,1071628287,1072431103,1073741823,1073741823,1073741823,1073741823:l7
1073741823,1073741823,1073741823,1073741823,788529151,1065352191,1071570943,1062633471,1073348607,1071628287,1072431103,1073741823,1073741823,1073741823,1073741823:k5
1073741823,1073741823,1073741823,1073741823,989855743,1065352191,1071570943,1062633471,1073348607,1071628287,1072431103,1073741823,1073741823,1073741823,1073741823:k5
1073741823,1073741823,1073741823,1073741823,1056964607,1065352191,803135487,1062633471,1073348607,1071628287,1072431103,1073741823,1073741823,1073741823,1073741823:k5
1073741823,1073741823,1073741823,1073479679,1056964607,1065352191,1071570943,1062633471,1073348607,1071628287,1072431103,1073741823,1073741823,1073741823,1073741823:l9
1073741823,1073741823,1073741823,1069547519,1056964607,1065352191,1071570943,1062633471,1073348607,1071628287,1072431103,1073741823,1073741823,1073741823,1073741823:l7
1073741823,1073741823,1073741823,1073741823,1052770303,1065352191,1071570943,1062633471,1073348607,1071628287,1072431103,1073741823,1073741823,1073741823,1073741823:k5
1073741823,1073741823,1073741823,1006632959,1056964607,1065352191,1071570943,1062633471,1073348607,1071628287,1072431103,1073741823,1073741823,1073741823,1073741823:l7
1073741823,1073741823,1073741823,1073741823,1056964607,1065352191,1071570943,1062633471,1073348607,1071628287,1072431103,1073741823,1073725439,1073741823,1073741823:l7
1073741823,1073741823,1073741823,1073741823,1056964607,1065352191,1071570943,1062633471,1073348607,1071628287,1072431103,1073741823,1069547519,1073741823,1073741823:l7
1073741823,1073741823,1073741823,1073741823,1056964607,1065352191,1071570943,1062633471,1073348607,1071628287,1072431103,1073741823,1073479679,1073741823,1073741823:k6
1073741823,1073741823,1073741823,1073741823,1056964607,998243327,1071570943,1062633471,1073348607,1071628287,1072431103,1073741823,1073741823,1073741823,1073741823:l7
1073741823,1073741823,1073741823,1073741823,1056964607,1065352191,1054793727,1062633471,1073348607,1071628287,1072431103,1073741823,1073741823,1073741823,1073741823:l9
1073741823,1073741823,1073741823,1073741823,1056964607,1065352191,1071570943,995524607,1073348607,1071628287,1072431103,1073741823,1073741823,1073741823,1073741823:k5
1073741823,1073741823,1073741823,1073741823,1056964607,1065352191,1071570943,1062633471,1073348607,1004519423,1072431103,1073741823,1073741823,1073741823,1073741823:l7
1073741823,1073741823,1073741823,1073741823,1056964607,1065352191,1071570943,1062633471,1073348607,1071628287,1072431103,1073741823,1073676287,1073741823,1073741823:l7
1073741823,1073741823,1073741823,1073741823,1056964607,1065352191,1071570943,1062633471,1056571391,1071628287,1072431103,1073741823,1073741823,1073741823,1073741823:l7
1073741823,1073741823,1073741823,1073741823,1056964607,1065352191,1071570943,1062633471,1073348607,1071628287,1055653887,1073741823,1073741823,1073741823,1073741823:k6
1073741823,1073741823,1073741823,1073741823,1056964607,1065352191,1071570943,1062633471,1073348607,1071628287,1072431103,1073741823,1056964607,1073741823,1073741823:l7
1073741823,1073741823,1073741823,1073741823,1056964607,1065352191,1071570943,1062633471,1073348607,1071628287,1072431103,1069547519,1073741823,1073741823,1073741823:l7
1073741823,1073741823,1073741823,1073741823,1056964607,1065352191,1071570943,1062633471,1073348607,1071628287,1072431103,1073741823,1072693247,1073741823,1073741823:l7
1073741823,1073741823,1073741823,1073741823,1056964607,1065352191,1071570943,1062633471,1073348607,1071628287,1072431103,1073676287,1073741823,1073741823,1073741823:l7
1073741823,1073741823,1073741823,1073741823,1056964607,1065352191,1071570943,1062633471,1073348607,1071628287,1072431103,1056964607,1073741823,1073741823,1073741823:l7
1073741823,1073741823,1073741823,1073741823,1056964607,1065352191,1071570943,1062633471,1073348607,1071628287,1072431103,1072693247,1073741823,1073741823,1073741823:l7
1073741823,1073741823,1073741823,1073741823,1056964607,1064303615,1071570943,1062633471,1073348607,1071628287,1072431103,1073741823,1073741823,1073741823,1073741823:n8
1073741823,1073741823,1073741823,1073741823,1056964607,1048574975,1071570943,1062633471,1073348607,1071628287,1072431103,1073741823,1073741823,1073741823,1073741823:l7
1073741823,1073741823,1073741823,1073741823,1056964607,1065352191,1071570943,1045856255,1073348607,1071628287,1072431103,1073741823,1073741823,1073741823,1073741823:l9
1073741823,1073741823,1073741823,1073741823,1056964607,1065352191,1071570943,1062633471,1073348607,1054851071,1072431103,1073741823,1073741823,1073741823,1073741823:l7
1073741823,1073741823,1073741823,1073741823,1056964607,1065352191,1071570943,1062633407,1073348607,1071628287,1072431103,1073741823,1073741823,1073741823,1073741823:l7
1073741823,1073741823,1073741823,1073741823,1056964607,1065352127,1071570943,1062633471,1073348607,1071628287,1072431103,1073741823,1073741823,1073741823,1073741823:l7
1073741823,1073741823,1073741823,1073741823,1056964607,1065351935,1071570943,1062633471,1073348607,1071628287,1072431103,1073741823,1073741823,1073741823,1073741823:l7
1073741823,1073741823,1073741823,1073741759,1056964607,1065352191,1071570943,1062633471,1073348607,1071628287,1072431103,1073741823,1073741823,1073741823,1073741823:l7
1073741823,1073741823,1073741823,1073740799,1056964607,1065352191,1071570943,1062633471,1073348607,1071628287,1072431103,1073741823,1073741823,1073741823,1073741823:l7
1073741823,1073741823,1073741823,1073741823,1056963583,1065352191,1071570943,1062633471,1073348607,1071628287,1072431103,1073741823,1073741823,1073741823,1073741823:k6
1073741823,1073741823,1073741823,1073725439,1056964607,1065352191,1071570943,1062633471,1073348607,1071628287,1072431103,1073741823,1073741823,1073741823,1073741823:l7
1073741823,1073741823,1073741823,1073741823,1056964607,1065352191,1071570943,1062633471,1073348351,1071628287,1072431103,1073741823,1073741823,1073741823,1073741823:l7
1073741823,1073741823,1073741823,1073741823,1056964607,1065352191,1071570687,1062633471,1073348607,1071628287,1072431103,1073741823,1073741823,1073741823,1073741823:l7
1073741823,1073741823,1073741823,1073741823,1056964607,1065352191,1071569919,1062633471,1073348607,1071628287,1072431103,1073741823,1073741823,1073741823,1073741823:l7
1073741823,1073741823,1073741823,1073741823,1056964351,1065352191,1071570943,1062633471,1073348607,1071628287,1072431103,1073741823,1073741823,1073741823,1073741823:l7
1073741823,1073741823,1073741823,1073741823,1056964607,1065348095,1071570943,1062633471,1073348607,1071628287,1072431103,1073741823,1073741823,1073741823,1073741823:k6
1073741823,1073741823,1073741823,1073741823,1056964607,1065352191,1071570943,1062633471,1073348607,1071628287,1072431103,1073740799,1073741823,1073741823,1073741823:l7
1073741823,1073741823,1073741823,1073741823,1056964607,1065352191,1071570943,1062633471,1073348607,1071624191,1072431103,1073741823,1073741823,1073741823,1073741823:l7
1073741823,1073741823,1073741823,1073741823,1056964607,1065352191,1071570943,1062633471,1073348607,1071628287,1072431103,1073479679,1073741823,1073741823,1073741823:l7
1073741823,1073741823,1073741823,1073741823,1056964607,1065352191,1071570943,1062633471,1073348607,1071628287,1072431103,1073725439,1073741823,1073741823,1073741823:l7
1073741823,1073741823,1073741823,1073741823,1056964607,1065352191,1071570943,1062633471,1073348607,1071628287,1072427007,1073741823,1073741823,1073741823,1073741823:k6
1073741823,1073741823,1073741823,1073741823,1056964607,1065352191,1071570943,1062633471,1073348607,1071628287,1072365567,1073741823,1073741823,1073741823,1073741823:k6
1073741823,1073741823,1073741823,1073741823,1056964607,1065352191,1071570943,1062633471,1073348607,1071628287,1072414719,1073741823,1073741823,1073741823,1073741823:k6
1073741823,1073741823,1073741823,1073741823,1056964607,1065352191,1071570943,1062633471,1073348607,1071562751,1072431103,1073741823,1073741823,1073741823,1073741823:l7
1073741823,1073741823,1073741823,1073741823,1056964607,1065352191,1067376639,1062633471,1073348607,1071628287,1072431103,1073741823,1073741823,1073741823,1073741823:k5
1073741823,1073741823,1073741823,1073741823,1056964607,1065352191,1071570943,1062633471,1069154303,1071628287,1072431103,1073741823,1073741823,1073741823,1073741823:k5
1073741823,1073741823,1073741823,1073741823,1056964607,1065352191,1071570943,1062633471,1073348607,1071628287,1068236799,1073741823,1073741823,1073741823,1073741823:k6
1073741823,1073741823,1073741823,1073741823,1056964607,1065352191,1071570943,1062633471,1073348607,1067433983,1072431103,1073741823,1073741823,1073741823,1073741823:l7
1073741823,1073741823,1073741823,1073741823,1056960511,1065352191,1071570943,1062633471,1073348607,1071628287,1072431103,1073741823,1073741823,1073741823,1073741823:l7
1073741823,1073741823,1073741823,1073741823,1056899071,1065352191,1071570943,1062633471,1073348607,1071628287,1072431103,1073741823,1073741823,1073741823,1073741823:k6
1073741823,1073741823,1073741823,1073741823,1056964607,1065286655,1071570943,1062633471,1073348607,1071628287,1072431103,1073741823,1073741823,1073741823,1073741823:k5
1073741823,1073741823,1073741823,1073741823,1055916031,1065352191,1071570943,1062633471,1073348607,1071628287,1072431103,1073741823,1073741823,1073741823,1073741823:k6
1073741823,1073741823,1073741823,1073741823,1056964607,1065352191,1071308799,1062633471,1073348607,1071628287,1072431103,1073741823,1073741823,1073741823,1073741823:k5
1073741823,1073741823,1073741823,1073741823,1056964607,1065352191,1071570943,1062633471,1072300031,1071628287,1072431103,1073741823,1073741823,1073741823,1073741823:l9
1073741823,1073741823,1073741823,1073741823,1056964607,1065352191,1071570943,1062633471,1073348607,1071627263,1072431103,1073741823,1073741823,1073741823,1073741823:l7
1073741823,1073741823,1073741823,1073741823,1056964607,1065352191,1071570943,1062633471,1073344511,1071628287,1072431103,1073741823,1073741823,1073741823,1073741823:l7
1073741823,1073741823,1073741823,1073741823,1056964607,1065352191,1071570943,1062632447,1073348607,1071628287,1072431103,1073741823,1073741823,1073741823,1073741823:l7
1073741823,1073741823,1073741823,1073741823,1056964607,1065352191,1071570943,1062629375,1073348607,1071628287,1072431103,1073741823,1073741823,1073741823,1073741823:l7
1073741823,1073741823,1073741823,1073741823,1056964607,1065335807,1071570943,1062633471,1073348607,1071628287,1072431103,1073741823,1073741823,1073741823,1073741823:l7
1073741823,1073741823,1073741823,1073741823,1056964607,1065352191,1071554559,1062633471,1073348607,1071628287,1072431103,1073741823,1073741823,1073741823,1073741823:k6
1073741823,1073741823,1073741823,1073741823,1056964607,1065090047,1071570943,1062633471,1073348607,1071628287,1072431103,1073741823,1073741823,1073741823,1073741823:l7
1073741823,1073741823,1073741823,1073741823,1056964607,1065352191,1071570943,1062633471,1073348607,1071366143,1072431103,1073741823,1073741823,1073741823,1073741823:k6
1073741823,1073741823,1073741823,1073741823,1056964607,1065352191,1071570943,1062633471,1073332223,1071628287,1072431103,1073741823,1073741823,1073741823,1073741823:k5
1073741823,1073741823,1073741823,1073741823,1073741823,1065352191,1073668095,1062633471,1073348607,1071628287,1072431103,1073741823,1073725439,1073741823,1073741823:k7
1073741823,1073741823,1073741823,1073741823,1073741823,1065352191,1073668095,1062633471,1073348607,1071628287,1072431103,1073741823,1069547519,1073741823,1073741823:k7
1073741823,1073741823,1073741823,1073741823,1073741823,1065352191,1073668095,1062633471,1073348607,1071628287,1072431103,1073741823,1073479679,1073741823,1073741823:k7
1073741823,1073741823,1073741823,1073741823,1073741823,998243327,1073668095,1062633471,1073348607,1071628287,1072431103,1073741823,1073741823,1073741823,1073741823:k7
1073741823,1073741823,1073741823,1073741823,1073741823,1065352191,1056890879,1062633471,1073348607,1071628287,1072431103,1073741823,1073741823,1073741823,1073741823:k7
1073741823,1073741823,1073741823,1073741823,1073741823,1065352191,1073668095,995524607,1073348607,1071628287,1072431103,1073741823,1073741823,1073741823,1073741823:k7
1073741823,1073741823,1073741823,1073741823,1073741823,1065352191,1073668095,1062633471,1073348607,1004519423,1072431103,1073741823,1073741823,1073741823,1073741823:k7
1073741823,1073741823,1073741823,1073741823,1073741823,1065352191,1073668095,1062633471,1073348607,1071628287,1072431103,1073741823,1073676287,1073741823,1073741823:k7
1073741823,1073741823,1073741823,1073741823,1073741823,1065352191,1073668095,1062633471,1056571391,1071628287,1072431103,1073741823,1073741823,1073741823,1073741823:k7
1073741823,1073741823,1073741823,1073741823,1073741823,1065352191,1073668095,1062633471,1073348607,1071628287,1055653887,1073741823,1073741823,1073741823,1073741823:k7
1073741823,1073741823,1073741823,1073741823,1073741823,1065352191,1073668095,1062633471,1073348607,1071628287,1072431103,1073741823,1056964607,1073741823,1073741823:k7
1073741823,1073741823,1073741823,1073741823,1073741823,1065352191,1073668095,1062633471,1073348607,1071628287,1072431103,1069547519,1073741823,1073741823,1073741823:k7
1073741823,1073741823,1073741823,1073741823,1073741823,1065352191,1073668095,1062633471,1073348607,1071628287,1072431103,1073741823,1072693247,1073741823,1073741823:k7
1073741823,1073741823,1073741823,1073741823,1073741823,1065352191,1073668095,1062633471,1073348607,1071628287,1072431103,1073676287,1073741823,1073741823,1073741823:k7
1073741823,1073741823,1073741823,1073741823,1073741823,1065352191,1073668095,1062633471,1073348607,1071628287,1072431103,1056964607,1073741823,1073741823,1073741823:k7
1073741823,1073741823,1073741823,1073741823,1073741823,1065352191,1073668095,1062633471,1073348607,1071628287,1072431103,1072693247,1073741823,1073741823,1073741823:k7
1073741823,1073741823,1073741823,1073741823,1073741823,1064303615,1073668095,1062633471,1073348607,1071628287,1072431103,1073741823,1073741823,1073741823,1073741823:k7
1073741823,1073741823,1073741823,1073479679,1073741823,1064303615,1071570943,1062633471,1073348607,1071628287,1072431103,1073741823,1073741823,1073741823,1073741823:m5
1073741823,1073741823,1073741823,1069547519,1073741823,1064303615,1071570943,1062633471,1073348607,1071628287,1072431103,1073741823,1073741823,1073741823,1073741823:m5
1073741823,1073741823,1073741823,1006632959,1073741823,1064303615,1071570943,1062633471,1073348607,1071628287,1072431103,1073741823,1073741823,1073741823,1073741823:m5
1073741823,1073741823,1073741823,1073676287,1073741823,1064303615,1071570943,1062633471,1073348607,1071628287,1072431103,1073741823,1073741823,1073741823,1073741823:m5
1073741823,1073741823,1073741823,1073741823,1073479679,1064303615,1071570943,1062633471,1073348607,1071628287,1072431103,1073741823,1073741823,1073741823,1073741823:m5
1073741823,1073741823,1073741823,1072693247,1073741823,1064303615,1071570943,1062633471,1073348607,1071628287,1072431103,1073741823,1073741823,1073741823,1073741823:m5
1073741823,1073741823,1073741823,1056964607,1073741823,1064303615,1071570943,1062633471,1073348607,1071628287,1072431103,1073741823,1073741823,1073741823,1073741823:m5
1073741823,1073741823,1073741823,1073741823,1069547519,1064303615,1071570943,1062633471,1073348607,1071628287,1072431103,1073741823,1073741823,1073741823,1073741823:m5
1073741823,1073741823,1073741823,1073741823,1056964607,1064303615,1071570943,1062633471,1073348607,1071628287,1072431103,1073741823,1073741823,1073741823,1073741823:n8
1073741823,1073741823,1073741823,1073741823,1073741823,1064303615,1071570943,1062633471,1073348607,1071628287,1072431103,1073741823,1073725439,1073741823,1073741823:m5
1073741823,1073741823,1073741823,1073741823,1073741823,1064303615,1071570943,1062633471,1073348607,1071628287,1072431103,1073741823,1069547519,1073741823,1073741823:m5
1073741823,1073741823,1073741823,1073741823,1073741823,1064303615,1071570943,1062633471,1073348607,1071628287,1072431103,1073741823,1073479679,1073741823,1073741823:m5
1073741823,1073741823,1073741823,1073741823,1073741823,997194751,1071570943,1062633471,1073348607,1071628287,1072431103,1073741823,1073741823,1073741823,1073741823:m5
1073741823,1073741823,1073741823,1073741823,1073741823,1064303615,1054793727,1062633471,1073348607,1071628287,1072431103,1073741823,1073741823,1073741823,1073741823:m5
1073741823,1073741823,1073741823,1073741823,1073741823,1064303615,1071570943,995524607,1073348607,1071628287,1072431103,1073741823,1073741823,1073741823,1073741823:m5
1073741823,1073741823,1073741823,1073741823,1073741823,1064303615,1071570943,1062633471,1073348607,1004519423,1072431103,1073741823,1073741823,1073741823,1073741823:m5
1073741823,1073741823,1073741823,1073741823,1073741823,1064303615,1071570943,1062633471,1073348607,1071628287,1072431103,1073741823,1073676287,1073741823,1073741823:m5
1073741823,1073741823,1073741823,1073741823,1073741823,1064303615,1071570943,1062633471,1056571391,1071628287,1072431103,1073741823,1073741823,1073741823,1073741823:m5
1073741823,1073741823,1073741823,1073741823,1073741823,1064303615,1071570943,1062633471,1073348607,1071628287,1055653887,1073741823,1073741823,1073741823,1073741823:m5
1073741823,1073741823,1073741823,1073741823,1073741823,1064303615,1071570943,1062633471,1073348607,1071628287,1072431103,1073741823,1056964607,1073741823,1073741823:m5
1073741823,1073741823,1073741823,1073741823,1073741823,1064303615,1071570943,1062633471,1073348607,1071628287,1072431103,1069547519,1073741823,1073741823,1073741823:m5
1073741823,1073741823,1073741823,1073741823,1073741823,1064303615,1071570943,1062633471,1073348607,1071628287,1072431103,1073741823,1072693247,1073741823,1073741823:m5
1073741823,1073741823,1073741823,1073741823,1073741823,1064303615,1071570943,1062633471,1073348607,1071628287,1072431103,1073676287,1073741823,1073741823,1073741823:m5
1073741823,1073741823,1073741823,1073741823,1073741823,1064303615,1071570943,1062633471,1073348607,1071628287,1072431103,1056964607,1073741823,1073741823,1073741823:m5
1073741823,1073741823,1073741823,1073741823,1073741823,1064303615,1071570943,1062633471,1073348607,1071628287,1072431103,1072693247,1073741823,1073741823,1073741823:m5
1073741823,1073741823,1073741823,1073741823,1073741823,1047526399,1071570943,1062633471,1073348607,1071628287,1072431103,1073741823,1073741823,1073741823,1073741823:m5
1073741823,1073741823,1073741823,1073741823,1073741823,1064303615,1071570943,1045856255,1073348607,1071628287,1072431103,1073741823,1073741823,1073741823,1073741823:m5
1073741823,1073741823,1073741823,1073741823,1073741823,1064303615,1071570943,1062633471,1073348607,1054851071,1072431103,1073741823,1073741823,1073741823,1073741823:m5
1073741823,1073741823,1073741823,1073741823,1073741823,1064303615,1071570943,1062633407,1073348607,1071628287,1072431103,1073741823,1073741823,1073741823,1073741823:m5
1073741823,1073741823,1073741823,1073741823,1073741823,1064303551,1071570943,1062633471,1073348607,1071628287,1072431103,1073741823,1073741823,1073741823,1073741823:m5
1073741823,1073741823,1073741823,1073741823,1073741823,1064303359,1071570943,1062633471,1073348607,1071628287,1072431103,1073741823,1073741823,1073741823,1073741823:m5
1073741823,1073741823,1073741823,1073741759,1073741823,1064303615,1071570943,1062633471,1073348607,1071628287,1072431103,1073741823,1073741823,1073741823,1073741823:m5
1073741823,1073741823,1073741823,1073740799,1073741823,1064303615,1071570943,1062633471,1073348607,1071628287,1072431103,1073741823,1073741823,1073741823,1073741823:m5
1073741823,1073741823,1073741823,1073741823,1073740799,1064303615,1071570943,1062633471,1073348607,1071628287,1072431103,1073741823,1073741823,1073741823,1073741823:m5
1073741823,1073741823,1073741823,1073725439,1073741823,1064303615,1071570943,1062633471,1073348607,1071628287,1072431103,1073741823,1073741823,1073741823,1073741823:m5
1073741823,1073741823,1073741823,1073741823,1073741823,1064303615,1071570943,1062633471,1073348351,1071628287,1072431103,1073741823,1073741823,1073741823,1073741823:m5
1073741823,1073741823,1073741823,1073741823,1073741823,1064303615,1071570687,1062633471,1073348607,1071628287,1072431103,1073741823,1073741823,1073741823,1073741823:m5
1073741823,1073741823,1073741823,1073741823,1073741823,1064303615,1071569919,1062633471,1073348607,1071628287,1072431103,1073741823,1073741823,1073741823,1073741823:m5
1073741823,1073741823,1073741823,1073741823,1073741567,1064303615,1071570943,1062633471,1073348607,1071628287,1072431103,1073741823,1073741823,1073741823,1073741823:m5
1073741823,1073741823,1073741823,1073741823,1073741823,1064299519,1071570943,1062633471,1073348607,1071628287,1072431103,1073741823,1073741823,1073741823,1073741823:m5
1073741823,1073741823,1073741823,1073741823,1073741823,1064303615,1071570943,1062633471,1073348607,1071628287,1072431103,1073740799,1073741823,1073741823,1073741823:m5
1073741823,1073741823,1073741823,1073741823,1073741823,1064303615,1071570943,1062633471,1073348607,1071624191,1072431103,1073741823,1073741823,1073741823,1073741823:m5
1073741823,1073741823,1073741823,1073741823,1073741823,1064303615,1071570943,1062633471,1073348607,1071628287,1072431103,1073479679,1073741823,1073741823,1073741823:m5
1073741823,1073741823,1073741823,1073741823,1073741823,1064303615,1071570943,1062633471,1073348607,1071628287,1072431103,1073725439,1073741823,1073741823,1073741823:m5
1073741823,1073741823,1073741823,1073741823,1073741823,1064303615,1071570943,1062633471,1073348607,1071628287,1072427007,1073741823,1073741823,1073741823,1073741823:m5
1073741823,1073741823,1073741823,1073741823,1073741823,1064303615,1071570943,1062633471,1073348607,1071628287,1072365567,1073741823,1073741823,1073741823,1073741823:m5
1073741823,1073741823,1073741823,1073741823,1073741823,1064303615,1071570943,1062633471,1073348607,1071628287,1072414719,1073741823,1073741823,1073741823,1073741823:m5
1073741823,1073741823,1073741823,1073741823,1073741823,1064303615,1071570943,1062633471,1073348607,1071562751,1072431103,1073741823,1073741823,1073741823,1073741823:m5
1073741823,1073741823,1073741823,1073741823,1073741823,1064303615,1067376639,1062633471,1073348607,1071628287,1072431103,1073741823,1073741823,1073741823,1073741823:m5
1073741823,1073741823,1073741823,1073741823,1073741823,1064303615,1071570943,1062633471,1069154303,1071628287,1072431103,1073741823,1073741823,1073741823,1073741823:m5
1073741823,1073741823,1073741823,1073741823,1073741823,1064303615,1071570943,1062633471,1073348607,1071628287,1068236799,1073741823,1073741823,1073741823,1073741823:m5
1073741823,1073741823,1073741823,1073741823,1073741823,1064303615,1071570943,1062633471,1073348607,1067433983,1072431103,1073741823,1073741823,1073741823,1073741823:m5
1073741823,1073741823,1073741823,1073741823,1073737727,1064303615,1071570943,1062633471,1073348607,1071628287,1072431103,1073741823,1073741823,1073741823,1073741823:m5
1073741823,1073741823,1073741823,1073741823,1073676287,1064303615,1071570943,1062633471,1073348607,1071628287,1072431103,1073741823,1073741823,1073741823,1073741823:m5
1073741823,1073741823,1073741823,1073741823,1073741823,1064238079,1071570943,1062633471,1073348607,1071628287,1072431103,1073741823,1073741823,1073741823,1073741823:m5
1073741823,1073741823,1073741823,1073741823,1072693247,1064303615,1071570943,1062633471,1073348607,1071628287,1072431103,1073741823,1073741823,1073741823,1073741823:m5
1073741823,1073741823,1073741823,1073741823,1073741823,1064303615,1071308799,1062633471,1073348607,1071628287,1072431103,1073741823,1073741823,1073741823,1073741823:m5
1073741823,1073741823,1073741823,1073741823,1073741823,1064303615,1071570943,1062633471,1072300031,1071628287,1072431103,1073741823,1073741823,1073741823,1073741823:m5
1073741823,1073741823,1073741823,1073741823,1073741823,1064303615,1071570943,1062633471,1073348607,1071627263,1072431103,1073741823,1073741823,1073741823,1073741823:m5
1073741823,1073741823,1073741823,1073741823,1073741823,1064303615,1071570943,1062633471,1073344511,1071628287,1072431103,1073741823,1073741823,1073741823,1073741823:m5
1073741823,1073741823,1073741823,1073741823,1073741823,1064303615,1071570943,1062632447,1073348607,1071628287,1072431103,1073741823,1073741823,1073741823,1073741823:m5
1073741823,1073741823,1073741823,1073741823,1073741823,1064303615,1071570943,1062629375,1073348607,1071628287,1072431103,1073741823,1073741823,1073741823,1073741823:m5
1073741823,1073741823,1073741823,1073741823,1073741823,1064287231,1071570943,1062633471,1073348607,1071628287,1072431103,1073741823,1073741823,1073741823,1073741823:m5
1073741823,1073741823,1073741823,1073741823,1073741823,1064303615,1071554559,1062633471,1073348607,1071628287,1072431103,1073741823,1073741823,1073741823,1073741823:m5
1073741823,1073741823,1073741823,1073741823,1073741823,1064041471,1071570943,1062633471,1073348607,1071628287,1072431103,1073741823,1073741823,1073741823,1073741823:m5
1073741823,1073741823,1073741823,1073741823,1073741823,1064303615,1071570943,1062633471,1073348607,1071366143,1072431103,1073741823,1073741823,1073741823,1073741823:m5
1073741823,1073741823,1073741823,1073741823,1073741823,1064303615,1071570943,1062633471,1073332223,1071628287,1072431103,1073741823,1073741823,1073741823,1073741823:m5
1073741823,1073741823,1073741823,1073741823,1073741823,1048574975,1073668095,1062633471,1073348607,1071628287,1072431103,1073741823,1073741823,1073741823,1073741823:k7
1073741823,1073741823,1073741823,1073741823,1073741823,1065352191,1073668095,1045856255,1073348607,1071628287,1072431103,1073741823,1073741823,1073741823,1073741823:k7
1073741823,1073741823,1073741823,1073741823,1073741823,1065352191,1073668095,1062633471,1073348607,1054851071,1072431103,1073741823,1073741823,1073741823,1073741823:k7
1073741823,1073741823,1073741823,1073741823,1073741823,1065352191,1073668095,1062633407,1073348607,1071628287,1072431103,1073741823,1073741823,1073741823,1073741823:k7
1073741823,1073741823,1073741823,1073741823,1073741823,1065352127,1073668095,1062633471,1073348607,1071628287,1072431103,1073741823,1073741823,1073741823,1073741823:k7
1073741823,1073741823,1073741823,1073741823,1073741823,1065351935,1073668095,1062633471,1073348607,1071628287,1072431103,1073741823,1073741823,1073741823,1073741823:k7
1073741823,1073741823,1073741823,1073741759,1073741823,1065352191,1073668095,1062633471,1073348607,1071628287,1072431103,1073741823,1073741823,1073741823,1073741823:k7
1073741823,1073741823,1073741823,1073740799,1073741823,1065352191,1073668095,1062633471,1073348607,1071628287,1072431103,1073741823,1073741823,1073741823,1073741823:k7
1073741823,1073741823,1073741823,1073741823,1073740799,1065352191,1073668095,1062633471,1073348607,1071628287,1072431103,1073741823,1073741823,1073741823,1073741823:k7
1073741823,1073741823,1073741823,1073725439,1073741823,1065352191,1073668095,1062633471,1073348607,1071628287,1072431103,1073741823,1073741823,1073741823,1073741823:k7
1073741823,1073741823,1073741823,1073741823,1073741823,1065352191,1073668095,1062633471,1073348351,1071628287,1072431103,1073741823,1073741823,1073741823,1073741823:k7
1073741823,1073741823,1073741823,1073741823,1073741823,1065352191,1073667839,1062633471,1073348607,1071628287,1072431103,1073741823,1073741823,1073741823,1073741823:k7
1073741823,1073741823,1073741823,1073741823,1073741823,1065352191,1073667071,1062633471,1073348607,1071628287,1072431103,1073741823,1073741823,1073741823,1073741823:k7
1073741823,1073741823,1073741823,1073741823,1073741567,1065352191,1073668095,1062633471,1073348607,1071628287,1072431103,1073741823,1073741823,1073741823,1073741823:k7
1073741823,1073741823,1073741823,1073741823,1073741823,1065348095,1073668095,1062633471,1073348607,1071628287,1072431103,1073741823,1073741823,1073741823,1073741823:k7
1073741823,1073741823,1073741823,1073741823,1073741823,1065352191,1073668095,1062633471,1073348607,1071628287,1072431103,1073740799,1073741823,1073741823,1073741823:k7
1073741823,1073741823,1073741823,1073741823,1073741823,1065352191,1073668095,1062633471,1073348607,1071624191,1072431103,1073741823,1073741823,1073741823,1073741823:k7
1073741823,1073741823,1073741823,1073741823,1073741823,1065352191,1073668095,1062633471,1073348607,1071628287,1072431103,1073479679,1073741823,1073741823,1073741823:k7
1073741823,1073741823,1073741823,1073741823,1073741823,1065352191,1073668095,1062633471,1073348607,1071628287,1072431103,1073725439,1073741823,1073741823,1073741823:k7
1073741823,1073741823,1073741823,1073741823,1073741823,1065352191,1073668095,1062633471,1073348607,1071628287,1072427007,1073741823,1073741823,1073741823,1073741823:k7
1073741823,1073741823,1073741823,1073741823,1073741823,1065352191,1073668095,1062633471,1073348607,1071628287,1072365567,1073741823,1073741823,1073741823,1073741823:k7
1073741823,1073741823,1073741823,1073741823,1073741823,1065352191,1073668095,1062633471,1073348607,1071628287,1072414719,1073741823,1073741823,1073741823,1073741823:k7
1073741823,1073741823,1073741823,1073741823,1073741823,1065352191,1073668095,1062633471,1073348607,1071562751,1072431103,1073741823,1073741823,1073741823,1073741823:k7
1073741823,1073741823,1073741823,1073741823,1073741823,1065352191,1069473791,1062633471,1073348607,1071628287,1072431103,1073741823,1073741823,1073741823,1073741823:k7
1073741823,1073741823,1073741823,1073741823,1073741823,1065352191,1073668095,1062633471,1069154303,1071628287,1072431103,1073741823,1073741823,1073741823,1073741823:k7
1073741823,1073741823,1073741823,1073741823,1073741823,1065352191,1073668095,1062633471,1073348607,1071628287,1068236799,1073741823,1073741823,1073741823,1073741823:k7
1073741823,1073741823,1073741823,1073741823,1073741823,1065352191,1073668095,1062633471,1073348607,1067433983,1072431103,1073741823,1073741823,1073741823,1073741823:k7
1073741823,1073741823,1073741823,1073741823,1073737727,1065352191,1073668095,1062633471,1073348607,1071628287,1072431103,1073741823,1073741823,1073741823,1073741823:k7
1073741823,1073741823,1073741823,1073741823,1073676287,1065352191,1073668095,1062633471,1073348607,1071628287,1072431103,1073741823,1073741823,1073741823,1073741823:k7
1073741823,1073741823,1073741823,1073741823,1073741823,1065286655,1073668095,1062633471,1073348607,1071628287,1072431103,1073741823,1073741823,1073741823,1073741823:k7
1073741823,1073741823,1073741823,1073741823,1072693247,1065352191,1073668095,1062633471,1073348607,1071628287,1072431103,1073741823,1073741823,1073741823,1073741823:k7
1073741823,1073741823,1073741823,1073741823,1073741823,1065352191,1072619519,1062633471,1073348607,1071628287,1072431103,1073741823,1073741823,1073741823,1073741823:l7
1073741823,1073741823,1073741823,1073741823,1073479679,1065352191,1064230911,1062633471,1073348607,1071628287,1072431103,1073741823,1073741823,1073741823,1073741823:l5
1073741823,1073741823,1073741823,1073741823,1006632959,1065352191,1064230911,1062633471,1073348607,1071628287,1072431103,1073741823,1073741823,1073741823,1073741823:l5
1073741823,1073741823,1073741823,1073741823,1073741823,1065352191,997122047,1062633471,1073348607,1071628287,1072431103,1073741823,1073741823,1073741823,1073741823:l5
1073741823,1073741823,1073741823,1073741823,1073741823,1065352191,1064230911,1062633471,1006239743,1071628287,1072431103,1073741823,1073741823,1073741823,1073741823:l5
1073741823,1073741823,1073741823,1073479679,1073741823,1065352191,1064230911,1062633471,1073348607,1071628287,1072431103,1073741823,1073741823,1073741823,1073741823:l5
1073741823,1073741823,1073741823,1069547519,1073741823,1065352191,1064230911,1062633471,1073348607,1071628287,1072431103,1073741823,1073741823,1073741823,1073741823:l9
1073741823,1073741823,1073741823,1073741823,1069547519,1065352191,1064230911,1062633471,1073348607,1071628287,1072431103,1073741823,1073741823,1073741823,1073741823:l9
1073741823,1073741823,1073741823,1006632959,1073741823,1065352191,1064230911,1062633471,1073348607,1071628287,1072431103,1073741823,1073741823,1073741823,1073741823:l5
1073741823,1073741823,1073741823,1073741823,1056964607,1065352191,1064230911,1062633471,1073348607,1071628287,1072431103,1073741823,1073741823,1073741823,1073741823:l5
1073741823,1073741823,1073741823,1073741823,1073741823,1065352191,1064230911,1062633471,1073348607,1071628287,1072431103,1073741823,1073725439,1073741823,1073741823:l5
1073741823,1073741823,1073741823,1073741823,1073741823,1065352191,1064230911,1062633471,1073348607,1071628287,1072431103,1073741823,1069547519,1073741823,1073741823:l5
1073741823,1073741823,1073741823,1073741823,1073741823,1065352191,1064230911,1062633471,1073348607,1071628287,1072431103,1073741823,1073479679,1073741823,1073741823:l5
1073741823,1073741823,1073741823,1073741823,1073741823,998243327,1064230911,1062633471,1073348607,1071628287,1072431103,1073741823,1073741823,1073741823,1073741823:l5
1073741823,1073741823,1073741823,1073741823,1073741823,1065352191,1047453695,1062633471,1073348607,1071628287,1072431103,1073741823,1073741823,1073741823,1073741823:l5
1073741823,1073741823,1073741823,1073741823,1073741823,1065352191,1064230911,995524607,1073348607,1071628287,1072431103,1073741823,1073741823,1073741823,1073741823:l5
1073741823,1073741823,1073741823,1073741823,1073741823,1065352191,1064230911,1062633471,1073348607,1004519423,1072431103,1073741823,1073741823,1073741823,1073741823:l5
1073741823,1073741823,1073741823,1073741823,1073741823,1065352191,1064230911,1062633471,1073348607,1071628287,1072431103,1073741823,1073676287,1073741823,1073741823:l5
1073741823,1073741823,1073741823,1073741823,1073741823,1065352191,1064230911,1062633471,1056571391,1071628287,1072431103,1073741823,1073741823,1073741823,1073741823:l5
1073741823,1073741823,1073741823,1073741823,1073741823,1065352191,1064230911,1062633471,1073348607,1071628287,1055653887,1073741823,1073741823,1073741823,1073741823:l5
1073741823,1073741823,1073741823,1073741823,1073741823,1065352191,1064230911,1062633471,1073348607,1071628287,1072431103,1073741823,1056964607,1073741823,1073741823:l5
1073741823,1073741823,1073741823,1073741823,1073741823,1065352191,1064230911,1062633471,1073348607,1071628287,1072431103,1069547519,1073741823,1073741823,1073741823:l5
1073741823,1073741823,1073741823,1073741823,1073741823,1065352191,1064230911,1062633471,1073348607,1071628287,1072431103,1073741823,1072693247,1073741823,1073741823:l5
1073741823,1073741823,1073741823,1073741823,1073741823,1065352191,1064230911,1062633471,1073348607,1071628287,1072431103,1073676287,1073741823,1073741823,1073741823:l5
1073741823,1073741823,1073741823,1073741823,1073741823,1065352191,1064230911,1062633471,1073348607,1071628287,1072431103,1056964607,1073741823,1073741823,1073741823:l5
1073741823,1073741823,1073741823,1073741823,1073741823,1065352191,1064230911,1062633471,1073348607,1071628287,1072431103,1072693247,1073741823,1073741823,1073741823:l5
1073741823,1073741823,1073741823,1073741823,1073741823,1064303615,1064230911,1062633471,1073348607,1071628287,1072431103,1073741823,1073741823,1073741823,1073741823:l5
1073741823,1073741823,1073741823,1073741823,1073741823,1048574975,1064230911,1062633471,1073348607,1071628287,1072431103,1073741823,1073741823,1073741823,1073741823:l5
1073741823,1073741823,1073741823,1073741823,1073741823,1065352191,1064230911,1045856255,1073348607,1071628287,1072431103,1073741823,1073741823,1073741823,1073741823:l5
1073741823,1073741823,1073741823,1073741823,1073741823,1065352191,1064230911,1062633471,1073348607,1054851071,1072431103,1073741823,1073741823,1073741823,1073741823:l5
1073741823,1073741823,1073741823,1073741823,1073741823,1065352191,1064230911,1062633407,1073348607,1071628287,1072431103,1073741823,1073741823,1073741823,1073741823:l5
1073741823,1073741823,1073741823,1073741823,1073741823,1065352127,1064230911,1062633471,1073348607,1071628287,1072431103,1073741823,1073741823,1073741823,1073741823:l5
1073741823,1073741823,1073741823,1073741823,1073741823,1065351935,1064230911,1062633471,1073348607,1071628287,1072431103,1073741823,1073741823,1073741823,1073741823:l5
1073741823,1073741823,1073741823,1073741759,1073741823,1065352191,1064230911,1062633471,1073348607,1071628287,1072431103,1073741823,1073741823,1073741823,1073741823:l5
1073741823,1073741823,1073741823,1073740799,1073741823,1065352191,1064230911,1062633471,1073348607,1071628287,1072431103,1073741823,1073741823,1073741823,1073741823:l5
1073741823,1073741823,1073741823,1073741823,1073740799,1065352191,1064230911,1062633471,1073348607,1071628287,1072431103,1073741823,1073741823,1073741823,1073741823:l5
1073741823,1073741823,1073741823,1073725439,1073741823,1065352191,1064230911,1062633471,1073348607,1071628287,1072431103,1073741823,1073741823,1073741823,1073741823:l5
1073741823,1073741823,1073741823,1073741823,1073741823,1065352191,1064230911,1062633471,1073348351,1071628287,1072431103,1073741823,1073741823,1073741823,1073741823:l5
1073741823,1073741823,1073741823,1073741823,1073741823,1065352191,1064230655,1062633471,1073348607,1071628287,1072431103,1073741823,1073741823,1073741823,1073741823:l5
1073741823,1073741823,1073741823,1073741823,1073741823,1065352191,1064229887,1062633471,1073348607,1071628287,1072431103,1073741823,1073741823,1073741823,1073741823:l5
1073741823,1073741823,1073741823,1073741823,1073741567,1065352191,1064230911,1062633471,1073348607,1071628287,1072431103,1073741823,1073741823,1073741823,1073741823:l5
1073741823,1073741823,1073741823,1073741823,1073741823,1065348095,1064230911,1062633471,1073348607,1071628287,1072431103,1073741823,1073741823,1073741823,1073741823:l5
1073741823,1073741823,1073741823,1073741823,1073741823,1065352191,1064230911,1062633471,1073348607,1071628287,1072431103,1073740799,1073741823,1073741823,1073741823:l5
1073741823,1073741823,1073741823,1073741823,1073741823,1065352191,1064230911,1062633471,1073348607,1071624191,1072431103,1073741823,1073741823,1073741823,1073741823:l5
1073741823,1073741823,1073741823,1073741823,1073741823,1065352191,1064230911,1062633471,1073348607,1071628287,1072431103,1073479679,1073741823,1073741823,1073741823:l5
1073741823,1073741823,1073741823,1073741823,1073741823,1065352191,1064230911,1062633471,1073348607,1071628287,1072431103,1073725439,1073741823,1073741823,1073741823:l5
1073741823,1073741823,1073741823,1073741823,1073741823,1065352191,1064230911,1062633471,1073348607,1071628287,1072427007,1073741823,1073741823,1073741823,1073741823:l5
1073741823,1073741823,1073741823,1073741823,1073741823,1065352191,1064230911,1062633471,1073348607,1071628287,1072365567,1073741823,1073741823,1073741823,1073741823:l5
1073741823,1073741823,1073741823,1073741823,1073741823,1065352191,1064230911,1062633471,1073348607,1071628287,1072414719,1073741823,1073741823,1073741823,1073741823:l5
1073741823,1073741823,1073741823,1073741823,1073741823,1065352191,1064230911,1062633471,1073348607,1071562751,1072431103,1073741823,1073741823,1073741823,1073741823:l5
1073741823,1073741823,1073741823,1073741823,1073741823,1065352191,1064230911,1062633471,1069154303,1071628287,1072431103,1073741823,1073741823,1073741823,1073741823:k5
1073741823,1073741823,1073676287,1073741823,1071644671,1065352191,1064230911,1062633471,1069154303,1071628287,1072431103,1073741823,1073741823,1073741823,1073741823:n8
1073741823,1073741823,1072693247,1073741823,1071644671,1065352191,1064230911,1062633471,1069154303,1071628287,1072431103,1073741823,1073741823,1073741823,1073741823:n8
1073741823,1073741823,1073741823,1072693247,1071644671,1065352191,1064230911,1062633471,1069154303,1071628287,1072431103,1073741823,1073741823,1073741823,1073741823:j4
1073741823,1073741823,1056964607,1073741823,1071644671,1065352191,1064230911,1062633471,1069154303,1071628287,1072431103,1073741823,1073741823,1073741823,1073741823:j4
1073741823,1073741823,1073741823,1073741823,1071644671,1065352191,1064230911,1062633471,1069154303,1071628287,1005322239,1073741823,1073741823,1073741823,1073741823:n8
1073741823,1073741823,1073741823,1073741823,1071382527,1065352191,1064230911,1062633471,1069154303,1071628287,1072431103,1073741823,1073741823,1073741823,1073741823:n8
1073741823,1073741823,1073741823,1073741823,1004535807,1065352191,1064230911,1062633471,1069154303,1071628287,1072431103,1073741823,1073741823,1073741823,1073741823:j4
1073741823,1073741823,1073741823,1073741823,1071644671,1065352191,997122047,1062633471,1069154303,1071628287,1072431103,1073741823,1073741823,1073741823,1073741823:j4
1073741823,1073741823,1073741823,1073741823,1071644671,1065352191,1064230911,1062633471,1002045439,1071628287,1072431103,1073741823,1073741823,1073741823,1073741823:n8
1073741823,1073741823,1073741823,1073479679,1071644671,1065352191,1064230911,1062633471,1069154303,1071628287,1072431103,1073741823,1073741823,1073741823,1073741823:l5
1073741823,1073741823,1073741823,1069547519,1071644671,1065352191,1064230911,1062633471,1069154303,1071628287,1072431103,1073741823,1073741823,1073741823,1073741823:j4
1073741823,1073741823,1073741823,1073741823,1067450367,1065352191,1064230911,1062633471,1069154303,1071628287,1072431103,1073741823,1073741823,1073741823,1073741823:n8
1073741823,1073741823,1073741823,1006632959,1071644671,1065352191,1064230911,1062633471,1069154303,1071628287,1072431103,1073741823,1073741823,1073741823,1073741823:j4
1073741823,1073741823,1073741823,1073741823,1054867455,1065352191,1064230911,1062633471,1069154303,1071628287,1072431103,1073741823,1073741823,1073741823,1073741823:j4
1073741823,1073741823,1073741823,1073741823,1071644671,1065352191,1064230911,1062633471,1069154303,1071628287,1072431103,1073741823,1073725439,1073741823,1073741823:j4
1073741823,1073741823,1073741823,1073741823,1071644671,1065352191,1064230911,1062633471,1069154303,1071628287,1072431103,1073741823,1069547519,1073741823,1073741823:j4
1073741823,1073741823,1073741823,1073741823,1071644671,1065352191,1064230911,1062633471,1069154303,1071628287,1072431103,1073741823,1073479679,1073741823,1073741823:n8
1073741823,1073741823,1073741823,1073741823,1071644671,998243327,1064230911,1062633471,1069154303,1071628287,1072431103,1073741823,1073741823,1073741823,1073741823:j4
1073741823,1073741823,1073741823,1073741823,1071644671,1065352191,1047453695,1062633471,1069154303,1071628287,1072431103,1073741823,1073741823,1073741823,1073741823:l5
1073741823,1073741823,1073741823,1073741823,1071644671,1065352191,1064230911,995524607,1069154303,1071628287,1072431103,1073741823,1073741823,1073741823,1073741823:j4
1073741823,1073741823,1073741823,1073741823,1071644671,1065352191,1064230911,1062633471,1069154303,1004519423,1072431103,1073741823,1073741823,1073741823,1073741823:j4
1073741823,1073741823,1073741823,1073741823,1071644671,1065352191,1064230911,1062633471,1069154303,1071628287,1072431103,1073741823,1073676287,1073741823,1073741823:j4
1073741823,1073741823,1073741823,1073741823,1071644671,1065352191,1064230911,1062633471,1052377087,1071628287,1072431103,1073741823,1073741823,1073741823,1073741823:j4
1073741823,1073741823,1073741823,1073741823,1071644671,1065352191,1064230911,1062633471,1069154303,1071628287,1055653887,1073741823,1073741823,1073741823,1073741823:n8
1073741823,1073741823,1073741823,1073741823,1071644671,1065352191,1064230911,1062633471,1069154303,1071628287,1072431103,1073741823,1056964607,1073741823,1073741823:j4
1073741823,1073741823,1073741823,1073741823,1071644671,1065352191,1064230911,1062633471,1069154303,1071628287,1072431103,1069547519,1073741823,1073741823,1073741823:j4
1073741823,1073741823,1073741823,1073741823,1071644671,1065352191,1064230911,1062633471,1069154303,1071628287,1072431103,1073741823,1072693247,1073741823,1073741823:j4
1073741823,1073741823,1073741823,1073741823,1071644671,1065352191,1064230911,1062633471,1069154303,1071628287,1072431103,1073676287,1073741823,1073741823,1073741823:j4
1073741823,1073741823,1073741823,1073741823,1071644671,1065352191,1064230911,1062633471,1069154303,1071628287,1072431103,1056964607,1073741823,1073741823,1073741823:j4
1073741823,1073741823,1073741823,1073741823,1071644671,1065352191,1064230911,1062633471,1069154303,1071628287,1072431103,1072693247,1073741823,1073741823,1073741823:j4
1073741823,1073741823,1073741823,1073741823,1071644671,1064303615,1064230911,1062633471,1069154303,1071628287,1072431103,1073741823,1073741823,1073741823,1073741823:j4
1073741823,1073741823,1073741823,1073741823,1071644671,1048574975,1064230911,1062633471,1069154303,1071628287,1072431103,1073741823,1073741823,1073741823,1073741823:j4
1073741823,1073741823,1073741823,1073741823,1071644671,1065352191,1064230911,1045856255,1069154303,1071628287,1072431103,1073741823,1073741823,1073741823,1073741823:j4
1073741823,1073741823,1073741823,1073741823,1071644671,1065352191,1064230911,1062633471,1069154303,1054851071,1072431103,1073741823,1073741823,1073741823,1073741823:j4
1073741823,1073741823,1073741823,1073741823,1071644671,1065352191,1064230911,1062633407,1069154303,1071628287,1072431103,1073741823,1073741823,1073741823,1073741823:j4
1073741823,1073741823,1073741823,1073741823,1071644671,1065352127,1064230911,1062633471,1069154303,1071628287,1072431103,1073741823,1073741823,1073741823,1073741823:j4
1073741823,1073741823,1073741823,1073741823,1071644671,1065351935,1064230911,1062633471,1069154303,1071628287,1072431103,1073741823,1073741823,1073741823,1073741823:j4
1073741823,1073741823,1073741823,1073741759,1071644671,1065352191,1064230911,1062633471,1069154303,1071628287,1072431103,1073741823,1073741823,1073741823,1073741823:j4
1073741823,1073741823,1073741823,1073740799,1071644671,1065352191,1064230911,1062633471,1069154303,1071628287,1072431103,1073741823,1073741823,1073741823,1073741823:j4
1073741823,1073741823,1073741823,1073741823,1071643647,1065352191,1064230911,1062633471,1069154303,1071628287,1072431103,1073741823,1073741823,1073741823,1073741823:n8
1073741823,1073741823,1073741823,1073725439,1071644671,1065352191,1064230911,1062633471,1069154303,1071628287,1072431103,1073741823,1073741823,1073741823,1073741823:n8
1073741823,1073741823,1073741823,1073741823,1071644671,1065352191,1064230911,1062633471,1069154047,1071628287,1072431103,1073741823,1073741823,1073741823,1073741823:j4
1073741823,1073741823,1073741823,1073741823,1071644671,1065352191,1064230655,1062633471,1069154303,1071628287,1072431103,1073741823,1073741823,1073741823,1073741823:j4
1073741823,1073741823,1073741823,1073741823,1071644671,1065352191,1064229887,1062633471,1069154303,1071628287,1072431103,1073741823,1073741823,1073741823,1073741823:j4
1073741823,1073741823,1073741823,1073741823,1071644415,1065352191,1064230911,1062633471,1069154303,1071628287,1072431103,1073741823,1073741823,1073741823,1073741823:j4
1073741823,1073741823,1073741823,1073741823,1071644671,1065348095,1064230911,1062633471,1069154303,1071628287,1072431103,1073741823,1073741823,1073741823,1073741823:n8
1073741823,1073741823,1073741823,1073741823,1071644671,1065352191,1064230911,1062633471,1069154303,1071628287,1072431103,1073740799,1073741823,1073741823,1073741823:j4
1073741823,1073741823,1073741823,1073741823,1071644671,1065352191,1064230911,1062633471,1069154303,1071624191,1072431103,1073741823,1073741823,1073741823,1073741823:j4
1073741823,1073741823,1073741823,1073741823,1071644671,1065352191,1064230911,1062633471,1069154303,1071628287,1072431103,1073479679,1073741823,1073741823,1073741823:j4
1073741823,1073741823,1073741823,1073741823,1071644671,1065352191,1064230911,1062633471,1069154303,1071628287,1072431103,1073725439,1073741823,1073741823,1073741823:j4
1073741823,1073741823,1073741823,1073741823,1071644671,1065352191,1064230911,1062633471,1069154303,1071628287,1072427007,1073741823,1073741823,1073741823,1073741823:n8
1073741823,1073741823,1073741823,1073741823,1071644671,1065352191,1064230911,1062633471,1069154303,1071628287,1072365567,1073741823,1073741823,1073741823,1073741823:n8
1073741823,1073741823,1073741823,1073741823,1071644671,1065352191,1064230911,1062633471,1069154303,1071628287,1072414719,1073741823,1073741823,1073741823,1073741823:n8
1073741823,1073741823,1073741823,1073741823,1071644671,1065352191,1064230911,1062633471,1069154303,1071562751,1072431103,1073741823,1073741823,1073741823,1073741823:j4
1073741823,1073741823,1073741823,1073741823,1071644671,1065352191,1064230911,1062633471,1069154303,1071628287,1068236799,1073741823,1073741823,1073741823,1073741823:n8
1073741823,1073741823,1073741823,1073741823,1071644671,1065352191,1064230911,1062633471,1069154303,1067433983,1072431103,1073741823,1073741823,1073741823,1073741823:j4
1073741823,1073741823,1073741823,1073741823,1071640575,1065352191,1064230911,1062633471,1069154303,1071628287,1072431103,1073741823,1073741823,1073741823,1073741823:n8
1073741823,1073741823,1073741823,1073741823,1071579135,1065352191,1064230911,1062633471,1069154303,1071628287,1072431103,1073741823,1073741823,1073741823,1073741823:n8
1073741823,1073741823,1073741823,1073741823,1071644671,1065286655,1064230911,1062633471,1069154303,1071628287,1072431103,1073741823,1073741823,1073741823,1073741823:n8
1073741823,1073741823,1073741823,1073741823,1071644671,1065352191,1063968767,1062633471,1069154303,1071628287,1072431103,1073741823,1073741823,1073741823,1073741823:j4
1073741823,1073741823,1073741823,1073741823,1071644671,1065352191,1064230911,1062633471,1068105727,1071628287,1072431103,1073741823,1073741823,1073741823,1073741823:n8
1073741823,1073741823,1073741823,1073741823,1071644671,1065352191,1064230911,1062633471,1069154303,1071627263,1072431103,1073741823,1073741823,1073741823,1073741823:j4
1073741823,1073741823,1073741823,1073741823,1071644671,1065352191,1064230911,1062633471,1069150207,1071628287,1072431103,1073741823,1073741823,1073741823,1073741823:j4
1073741823,1073741823,1073741823,1073741823,1071644671,1065352191,1064230911,1062632447,1069154303,1071628287,1072431103,1073741823,1073741823,1073741823,1073741823:n8
1073741823,1073741823,1073741823,1073741823,1071644671,1065352191,1064230911,1062629375,1069154303,1071628287,1072431103,1073741823,1073741823,1073741823,1073741823:j4
1073741823,1073741823,1073741823,1073741823,1071644671,1065335807,1064230911,1062633471,1069154303,1071628287,1072431103,1073741823,1073741823,1073741823,1073741823:n8
1073741823,1073741823,1073741823,1073741823,1071644671,1065352191,1064214527,1062633471,1069154303,1071628287,1072431103,1073741823,1073741823,1073741823,1073741823:n8
1073741823,1073741823,1073741823,1073741823,1071644671,1065090047,1064230911,1062633471,1069154303,1071628287,1072431103,1073741823,1073741823,1073741823,1073741823:j4
1073741823,1073741823,1073741823,1073741823,1071644671,1065352191,1064230911,1062633471,1069154303,1071366143,1072431103,1073741823,1073741823,1073741823,1073741823:n8
1073741823,1073741823,1073741823,1073741823,1071644671,1065352191,1064230911,1062633471,1069137919,1071628287,1072431103,1073741823,1073741823,1073741823,1073741823:j4
1073741823,1073741823,1073741823,1073741823,1073741823,1065352191,1064230911,1062633471,1073348607,1071628287,1068236799,1073741823,1073741823,1073741823,1073741823:l5
1073741823,1073741823,1073741823,1073741823,1073741823,1065352191,1064230911,1062633471,1073348607,1067433983,1072431103,1073741823,1073741823,1073741823,1073741823:l5
1073741823,1073741823,1073741823,1073741823,1073737727,1065352191,1064230911,1062633471,1073348607,1071628287,1072431103,1073741823,1073741823,1073741823,1073741823:l5
1073741823,1073741823,1073741823,1073741823,1073676287,1065352191,1064230911,1062633471,1073348607,1071628287,1072431103,1073741823,1073741823,1073741823,1073741823:l5
1073741823,1073741823,1073741823,1073741823,1073741823,1065286655,1064230911,1062633471,1073348607,1071628287,1072431103,1073741823,1073741823,1073741823,1073741823:l5
1073741823,1073741823,1073741823,1073741823,1072693247,1065352191,1064230911,1062633471,1073348607,1071628287,1072431103,1073741823,1073741823,1073741823,1073741823:l5
1073741823,1073741823,1073741823,1073741823,1073741823,1065352191,1063968767,1062633471,1073348607,1071628287,1072431103,1073741823,1073741823,1073741823,1073741823:l5
1073741823,1073741823,1073741823,1073741823,1073741823,1065352191,1064230911,1062633471,1072300031,1071628287,1072431103,1073741823,1073741823,1073741823,1073741823:l5
1073741823,1073741823,1073741823,1073741823,1073741823,1065352191,1064230911,1062633471,1073348607,1071627263,1072431103,1073741823,1073741823,1073741823,1073741823:l5
1073741823,1073741823,1073741823,1073741823,1073741823,1065352191,1064230911,1062633471,1073344511,1071628287,1072431103,1073741823,1073741823,1073741823,1073741823:l5
1073741823,1073741823,1073741823,1073741823,1073741823,1065352191,1064230911,1062632447,1073348607,1071628287,1072431103,1073741823,1073741823,1073741823,1073741823:l5
1073741823,1073741823,1073741823,1073741823,1073741823,1065352191,1064230911,1062629375,1073348607,1071628287,1072431103,1073741823,1073741823,1073741823,1073741823:l5
1073741823,1073741823,1073741823,1073741823,1073741823,1065335807,1064230911,1062633471,1073348607,1071628287,1072431103,1073741823,1073741823,1073741823,1073741823:l5
1073741823,1073741823,1073741823,1073741823,1073741823,1065352191,1064214527,1062633471,1073348607,1071628287,1072431103,1073741823,1073741823,1073741823,1073741823:l5
1073741823,1073741823,1073741823,1073741823,1073741823,1065090047,1064230911,1062633471,1073348607,1071628287,1072431103,1073741823,1073741823,1073741823,1073741823:l5
1073741823,1073741823,1073741823,1073741823,1073741823,1065352191,1064230911,1062633471,1073348607,1071366143,1072431103,1073741823,1073741823,1073741823,1073741823:l5
1073741823,1073741823,1073741823,1073741823,1073741823,1065352191,1064230911,1062633471,1073332223,1071628287,1072431103,1073741823,1073741823,1073741823,1073741823:l5
1073741823,1073741823,1073741823,1073741823,1073741823,1065352191,1073405951,1062633471,1073348607,1071628287,1072431103,1073741823,1073741823,1073741823,1073741823:k7
1073741823,1073741823,1073741823,1073741823,1073741823,1065352191,1073668095,1062633471,1072300031,1071628287,1072431103,1073741823,1073741823,1073741823,1073741823:k7
1073741823,1073741823,1073741823,1073479679,1073741823,1065352191,1071570943,1062633471,1072300031,1071628287,1072431103,1073741823,1073741823,1073741823,1073741823:m5
1073741823,1073741823,1073741823,1069547519,1073741823,1065352191,1071570943,1062633471,1072300031,1071628287,1072431103,1073741823,1073741823,1073741823,1073741823:m5
1073741823,1073741823,1073741823,1073741823,1069547519,1065352191,1071570943,1062633471,1072300031,1071628287,1072431103,1073741823,1073741823,1073741823,1073741823:m5
1073741823,1073741823,1073741823,1006632959,1073741823,1065352191,1071570943,1062633471,1072300031,1071628287,1072431103,1073741823,1073741823,1073741823,1073741823:m5
1073741823,1073741823,1073741823,1073741823,1056964607,1065352191,1071570943,1062633471,1072300031,1071628287,1072431103,1073741823,1073741823,1073741823,1073741823:l9
1073741823,1073741823,1073741823,1073741823,1073741823,1065352191,1071570943,1062633471,1072300031,1071628287,1072431103,1073741823,1073725439,1073741823,1073741823:m5
1073741823,1073741823,1073741823,1073741823,1073741823,1065352191,1071570943,1062633471,1072300031,1071628287,1072431103,1073741823,1069547519,1073741823,1073741823:m5
1073741823,1073741823,1073741823,1073741823,1073741823,1065352191,1071570943,1062633471,1072300031,1071628287,1072431103,1073741823,1073479679,1073741823,1073741823:m5
1073741823,1073741823,1073741823,1073741823,1073741823,998243327,1071570943,1062633471,1072300031,1071628287,1072431103,1073741823,1073741823,1073741823,1073741823:m5
1073741823,1073741823,1073741823,1073741823,1073741823,1065352191,1054793727,1062633471,1072300031,1071628287,1072431103,1073741823,1073741823,1073741823,1073741823:m5
1073741823,1073741823,1073741823,1073741823,1073741823,1065352191,1071570943,995524607,1072300031,1071628287,1072431103,1073741823,1073741823,1073741823,1073741823:m5
1073741823,1073741823,1073741823,1073741823,1073741823,1065352191,1071570943,1062633471,1072300031,1004519423,1072431103,1073741823,1073741823,1073741823,1073741823:m5
1073741823,1073741823,1073741823,1073741823,1073741823,1065352191,1071570943,1062633471,1072300031,1071628287,1072431103,1073741823,1073676287,1073741823,1073741823:m5
1073741823,1073741823,1073741823,1073741823,1073741823,1065352191,1071570943,1062633471,1055522815,1071628287,1072431103,1073741823,1073741823,1073741823,1073741823:m5
1073741823,1073741823,1073741823,1073741823,1073741823,1065352191,1071570943,1062633471,1072300031,1071628287,1055653887,1073741823,1073741823,1073741823,1073741823:m5
1073741823,1073741823,1073741823,1073741823,1073741823,1065352191,1071570943,1062633471,1072300031,1071628287,1072431103,1073741823,1056964607,1073741823,1073741823:m5
1073741823,1073741823,1073741823,1073741823,1073741823,1065352191,1071570943,1062633471,1072300031,1071628287,1072431103,1069547519,1073741823,1073741823,1073741823:m5
1073741823,1073741823,1073741823,1073741823,1073741823,1065352191,1071570943,1062633471,1072300031,1071628287,1072431103,1073741823,1072693247,1073741823,1073741823:m5
1073741823,1073741823,1073741823,1073741823,1073741823,1065352191,1071570943,1062633471,1072300031,1071628287,1072431103,1073676287,1073741823,1073741823,1073741823:m5
1073741823,1073741823,1073741823,1073741823,1073741823,1065352191,1071570943,1062633471,1072300031,1071628287,1072431103,1056964607,1073741823,1073741823,1073741823:m5
1073741823,1073741823,1073741823,1073741823,1073741823,1065352191,1071570943,1062633471,1072300031,1071628287,1072431103,1072693247,1073741823,1073741823,1073741823:m5
1073741823,1073741823,1073741823,1073741823,1073741823,1064303615,1071570943,1062633471,1072300031,1071628287,1072431103,1073741823,1073741823,1073741823,1073741823:m5
1073741823,1073741823,1073741823,1073741823,1073741823,1048574975,1071570943,1062633471,1072300031,1071628287,1072431103,1073741823,1073741823,1073741823,1073741823:m5
1073741823,1073741823,1073741823,1073741823,1073741823,1065352191,1071570943,1045856255,1072300031,1071628287,1072431103,1073741823,1073741823,1073741823,1073741823:m5
1073741823,1073741823,1073741823,1073741823,1073741823,1065352191,1071570943,1062633471,1072300031,1054851071,1072431103,1073741823,1073741823,1073741823,1073741823:m5
1073741823,1073741823,1073741823,1073741823,1073741823,1065352191,1071570943,1062633407,1072300031,1071628287,1072431103,1073741823,1073741823,1073741823,1073741823:m5
1073741823,1073741823,1073741823,1073741823,1073741823,1065352127,1071570943,1062633471,1072300031,1071628287,1072431103,1073741823,1073741823,1073741823,1073741823:m5
1073741823,1073741823,1073741823,1073741823,1073741823,1065351935,1071570943,1062633471,1072300031,1071628287,1072431103,1073741823,1073741823,1073741823,1073741823:m5
1073741823,1073741823,1073741823,1073741759,1073741823,1065352191,1071570943,1062633471,1072300031,1071628287,1072431103,1073741823,1073741823,1073741823,1073741823:m5
1073741823,1073741823,1073741823,1073740799,1073741823,1065352191,1071570943,1062633471,1072300031,1071628287,1072431103,1073741823,1073741823,1073741823,1073741823:m5
1073741823,1073741823,1073741823,1073741823,1073740799,1065352191,1071570943,1062633471,1072300031,1071628287,1072431103,1073741823,1073741823,1073741823,1073741823:m5
1073741823,1073741823,1073741823,1073725439,1073741823,1065352191,1071570943,1062633471,1072300031,1071628287,1072431103,1073741823,1073741823,1073741823,1073741823:m5
1073741823,1073741823,1073741823,1073741823,1073741823,1065352191,1071570943,1062633471,1072299775,1071628287,1072431103,1073741823,1073741823,1073741823,1073741823:m5
1073741823,1073741823,1073741823,1073741823,1073741823,1065352191,1071570687,1062633471,1072300031,1071628287,1072431103,1073741823,1073741823,1073741823,1073741823:m5
1073741823,1073741823,1073741823,1073741823,1073741823,1065352191,1071569919,1062633471,1072300031,1071628287,1072431103,1073741823,1073741823,1073741823,1073741823:m5
1073741823,1073741823,1073741823,1073741823,1073741567,1065352191,1071570943,1062633471,1072300031,1071628287,1072431103,1073741823,1073741823,1073741823,1073741823:m5
1073741823,1073741823,1073741823,1073741823,1073741823,1065348095,1071570943,1062633471,1072300031,1071628287,1072431103,1073741823,1073741823,1073741823,1073741823:m5
1073741823,1073741823,1073741823,1073741823,1073741823,1065352191,1071570943,1062633471,1072300031,1071628287,1072431103,1073740799,1073741823,1073741823,1073741823:m5
1073741823,1073741823,1073741823,1073741823,1073741823,1065352191,1071570943,1062633471,1072300031,1071624191,1072431103,1073741823,1073741823,1073741823,1073741823:m5
1073741823,1073741823,1073741823,1073741823,1073741823,1065352191,1071570943,1062633471,1072300031,1071628287,1072431103,1073479679,1073741823,1073741823,1073741823:m5
1073741823,1073741823,1073741823,1073741823,1073741823,1065352191,1071570943,1062633471,1072300031,1071628287,1072431103,1073725439,1073741823,1073741823,1073741823:m5
1073741823,1073741823,1073741823,1073741823,1073741823,1065352191,1071570943,1062633471,1072300031,1071628287,1072427007,1073741823,1073741823,1073741823,1073741823:m5
1073741823,1073741823,1073741823,1073741823,1073741823,1065352191,1071570943,1062633471,1072300031,1071628287,1072365567,1073741823,1073741823,1073741823,1073741823:m5
1073741823,1073741823,1073741823,1073741823,1073741823,1065352191,1071570943,1062633471,1072300031,1071628287,1072414719,1073741823,1073741823,1073741823,1073741823:m5
1073741823,1073741823,1073741823,1073741823,1073741823,1065352191,1071570943,1062633471,1072300031,1071562751,1072431103,1073741823,1073741823,1073741823,1073741823:m5
1073741823,1073741823,1073741823,1073741823,1073741823,1065352191,1067376639,1062633471,1072300031,1071628287,1072431103,1073741823,1073741823,1073741823,1073741823:m5
1073741823,1073741823,1073741823,1073741823,1073741823,1065352191,1071570943,1062633471,1068105727,1071628287,1072431103,1073741823,1073741823,1073741823,1073741823:m5
1073741823,1073741823,1073741823,1073741823,1073741823,1065352191,1071570943,1062633471,1072300031,1071628287,1068236799,1073741823,1073741823,1073741823,1073741823:m5
1073741823,1073741823,1073741823,1073741823,1073741823,1065352191,1071570943,1062633471,1072300031,1067433983,1072431103,1073741823,1073741823,1073741823,1073741823:m5
1073741823,1073741823,1073741823,1073741823,1073737727,1065352191,1071570943,1062633471,1072300031,1071628287,1072431103,1073741823,1073741823,1073741823,1073741823:m5
1073741823,1073741823,1073741823,1073741823,1073676287,1065352191,1071570943,1062633471,1072300031,1071628287,1072431103,1073741823,1073741823,1073741823,1073741823:m5
1073741823,1073741823,1073741823,1073741823,1073741823,1065286655,1071570943,1062633471,1072300031,1071628287,1072431103,1073741823,1073741823,1073741823,1073741823:m5
1073741823,1073741823,1073741823,1073741823,1072693247,1065352191,1071570943,1062633471,1072300031,1071628287,1072431103,1073741823,1073741823,1073741823,1073741823:m5
1073741823,1073741823,1073741823,1073741823,1073741823,1065352191,1071308799,1062633471,1072300031,1071628287,1072431103,1073741823,1073741823,1073741823,1073741823:m5
1073741823,1073741823,1073741823,1073741823,1073741823,1065352191,1071570943,1062633471,1072300031,1071627263,1072431103,1073741823,1073741823,1073741823,1073741823:m5
1073741823,1073741823,1073741823,1073741823,1073741823,1065352191,1071570943,1062633471,1072295935,1071628287,1072431103,1073741823,1073741823,1073741823,1073741823:m5
1073741823,1073741823,1073741823,1073741823,1073741823,1065352191,1071570943,1062632447,1072300031,1071628287,1072431103,1073741823,1073741823,1073741823,1073741823:m5
1073741823,1073741823,1073741823,1073741823,1073741823,1065352191,1071570943,1062629375,1072300031,1071628287,1072431103,1073741823,1073741823,1073741823,1073741823:m5
1073741823,1073741823,1073741823,1073741823,1073741823,1065335807,1071570943,1062633471,1072300031,1071628287,1072431103,1073741823,1073741823,1073741823,1073741823:m5
1073741823,1073741823,1073741823,1073741823,1073741823,1065352191,1071554559,1062633471,1072300031,1071628287,1072431103,1073741823,1073741823,1073741823,1073741823:m5
1073741823,1073741823,1073741823,1073741823,1073741823,1065090047,1071570943,1062633471,1072300031,1071628287,1072431103,1073741823,1073741823,1073741823,1073741823:m5
1073741823,1073741823,1073741823,1073741823,1073741823,1065352191,1071570943,1062633471,1072300031,1071366143,1072431103,1073741823,1073741823,1073741823,1073741823:m5
1073741823,1073741823,1073741823,1073741823,1073741823,1065352191,1071570943,1062633471,1072283647,1071628287,1072431103,1073741823,1073741823,1073741823,1073741823:m5
1073741823,1073741823,1073741823,1073741823,1073741823,1065352191,1073668095,1062633471,1073348607,1071627263,1072431103,1073741823,1073741823,1073741823,1073741823:k7
1073741823,1073741823,1073741823,1073741823,1073741823,1065352191,1073668095,1062633471,1073344511,1071628287,1072431103,1073741823,1073741823,1073741823,1073741823:k7
1073741823,1073741823,1073741823,1073741823,1073741823,1065352191,1073668095,1062632447,1073348607,1071628287,1072431103,1073741823,1073741823,1073741823,1073741823:k7
1073741823,1073741823,1073741823,1073741823,1073741823,1065352191,1073668095,1062629375,1073348607,1071628287,1072431103,1073741823,1073741823,1073741823,1073741823:k7
1073741823,1073741823,1073741823,1073741823,1073741823,1065335807,1073668095,1062633471,1073348607,1071628287,1072431103,1073741823,1073741823,1073741823,1073741823:k7
1073741823,1073741823,1073741823,1073741823,1073741823,1065352191,1073651711,1062633471,1073348607,1071628287,1072431103,1073741823,1073741823,1073741823,1073741823:k7
1073741823,1073741823,1073741823,1073741823,1073741823,1065090047,1073668095,1062633471,1073348607,1071628287,1072431103,1073741823,1073741823,1073741823,1073741823:k7
1073741823,1073741823,1073741823,1073741823,1073741823,1065352191,1073668095,1062633471,1073348607,1071366143,1072431103,1073741823,1073741823,1073741823,1073741823:k7
1073741823,1073741823,1073741823,1073741823,1073741823,1065352191,1073668095,1062633471,1073332223,1071628287,1072431103,1073741823,1073741823,1073741823,1073741823:k7
