1073741823,1073741823,1073741823,1073741823,1073741823,1073740799,1073668095,1062633471,1073348607,1071628287,1005584383,1073741823,1073741823,1073741823,1073741823:l6
1073741823,1073741823,1073741823,1073479679,1073741823,1065352191,1073668095,1062633471,1073348607,1071628287,1005584383,1073741823,1073741823,1073741823,1073741823:l9
1073741823,1073741823,1073741823,1069547519,1073741823,1065352191,1073668095,1062633471,1073348607,1071628287,1005584383,1073741823,1073741823,1073741823,1073741823:l9
1073741823,1073741823,1073741823,1073741823,1069547519,1065352191,1073668095,1062633471,1073348607,1071628287,1005584383,1073741823,1073741823,1073741823,1073741823:k7
1073741823,1073741823,1073741823,1006632959,1073741823,1065352191,1073668095,1062633471,1073348607,1071628287,1005584383,1073741823,1073741823,1073741823,1073741823:l9
1073741823,1073741823,1073741823,1073741823,1056964607,1065352191,1073668095,1062633471,1073348607,1071628287,1005584383,1073741823,1073741823,1073741823,1073741823:l9
1073741823,1073741823,1073741823,1073741823,1073741823,1065352191,1073668095,1062633471,1073348607,1071628287,1005584383,1073741823,1069547519,1073741823,1073741823:l9
1073741823,1073741823,1073741823,1073741823,1073741823,1065352191,1073668095,1062633471,1006239743,1071628287,1005584383,1073741823,1073741823,1073741823,1073741823:l9
1073741823,1073741823,1073741823,1073741823,1073741823,1065352191,1073668095,1062633471,1073348607,803192831,1005584383,1073741823,1073741823,1073741823,1073741823:l9
1073741823,1073741823,1073741823,1073741823,1073741823,1065352191,1073668095,1062633471,1073348607,1071628287,737148927,1073741823,1073741823,1073741823,1073741823:l9
1073741823,1073741823,1073741823,1073741823,1073741823,1065352191,1073668095,1062633471,1073348607,1071628287,1005584383,805306367,1073741823,1073741823,1073741823:l9
1073741823,1073741823,1073741823,1073741823,1073741823,1065352191,1073668095,1062633471,1073348607,1071628287,1005584383,1073741823,1006632959,1073741823,1073741823:l9
1073741823,1073741823,1073741823,1073741823,1073741823,1065352191,1073668095,1062633471,1073348607,1071628287,1005584383,1006632959,1073741823,1073741823,1073741823:l9
1073741823,1073741823,1073741823,1073741823,1073741823,998243327,1073668095,1062633471,1073348607,1071628287,1005584383,1073741823,1073741823,1073741823,1073741823:l9
1073741823,1073741823,1073741823,1073741823,1073741823,1065352191,1056890879,1062633471,1073348607,1071628287,1005584383,1073741823,1073741823,1073741823,1073741823:l9
1073741823,1073741823,1073741823,1073741823,1073741823,1065352191,1073668095,995524607,1073348607,1071628287,1005584383,1073741823,1073741823,1073741823,1073741823:k7
1073741823,1073741823,1073741823,1073741823,1073741823,1065352191,1073668095,1062633471,1073348607,1004519423,1005584383,1073741823,1073741823,1073741823,1073741823:l9
1073741823,1073741823,1073741823,1073741823,1073741823,1065352191,1073668095,1062633471,1073348607,1071628287,1005584383,1073741823,1073676287,1073741823,1073741823:l9
1073741823,1073741823,1073741823,1073741823,1073741823,1065352191,1073668095,1062633471,1056571391,1071628287,1005584383,1073741823,1073741823,1073741823,1073741823:k7
1073741823,1073741823,1073741823,1073741823,1073741823,1065352191,1073668095,1062633471,1073348607,1071628287,988807167,1073741823,1073741823,1073741823,1073741823:k7
1073741823,1073741823,1073741823,1073741823,1073741823,1065352191,1073668095,1062633471,1073348607,1071628287,1005584383,1073741823,1056964607,1073741823,1073741823:l9
1073741823,1073741823,1073741823,1073741823,1073741823,1065352191,1073668095,1062633471,1073348607,1071628287,1005584383,1069547519,1073741823,1073741823,1073741823:l9
1073741823,1073741823,1073741823,1073741823,1073741823,1065352191,1073668095,1062633471,1073348607,1071628287,1005584383,1073741823,1072693247,1073741823,1073741823:l9
1073741823,1073741823,1073741823,1073741823,1073741823,1065352191,1073668095,1062633471,1073348607,1071628287,1005584383,1073676287,1073741823,1073741823,1073741823:l9
1073741823,1073741823,1073741823,1073741823,1073741823,1065352191,1073668095,1062633471,1073348607,1071628287,1005584383,1056964607,1073741823,1073741823,1073741823:l9
1073741823,1073741823,1073741823,1073741823,1073741823,1065352191,1073668095,1062633471,1073348607,1071628287,1005584383,1072693247,1073741823,1073741823,1073741823:l9
1073741823,1073741823,1073741823,1073741823,1073741823,1064303615,1073668095,1062633471,1073348607,1071628287,1005584383,1073741823,1073741823,1073741823,1073741823:l9
1073741823,1073741823,1073741823,1073741823,1073741823,1048574975,1073668095,1062633471,1073348607,1071628287,1005584383,1073741823,1073741823,1073741823,1073741823:l9
1073741823,1073741823,1073741823,1073741823,1073741823,1065352191,1073668095,1045856255,1073348607,1071628287,1005584383,1073741823,1073741823,1073741823,1073741823:k7
1073741823,1073741823,1073741823,1073741823,1073741823,1065352191,1073668095,1062633471,1073348607,1054851071,1005584383,1073741823,1073741823,1073741823,1073741823:l9
1073741823,1073741823,1073741823,1073741823,1073741823,1065352191,1073668095,1062633407,1073348607,1071628287,1005584383,1073741823,1073741823,1073741823,1073741823:l9
1073741823,1073741823,1073741823,1073741823,1073741823,1065352127,1073668095,1062633471,1073348607,1071628287,1005584383,1073741823,1073741823,1073741823,1073741823:l9
1073741823,1073741823,1073741823,1073741823,1073741823,1065351935,1073668095,1062633471,1073348607,1071628287,1005584383,1073741823,1073741823,1073741823,1073741823:l9
1073741823,1073741823,1073741823,1073741759,1073741823,1065352191,1073668095,1062633471,1073348607,1071628287,1005584383,1073741823,1073741823,1073741823,1073741823:l9
1073741823,1073741823,1073741823,1073740799,1073741823,1065352191,1073668095,1062633471,1073348607,1071628287,1005584383,1073741823,1073741823,1073741823,1073741823:l9
1073741823,1073741823,1073741823,1073741823,1073740799,1065352191,1073668095,1062633471,1073348607,1071628287,1005584383,1073741823,1073741823,1073741823,1073741823:k7
1073741823,1073741823,1073741823,1073725439,1073741823,1065352191,1073668095,1062633471,1073348607,1071628287,1005584383,1073741823,1073741823,1073741823,1073741823:l9
1073741823,1073741823,1073741823,1073741823,1073741823,1065352191,1073668095,1062633471,1073348351,1071628287,1005584383,1073741823,1073741823,1073741823,1073741823:l9
1073741823,1073741823,1073741823,1073741823,1073741823,1065352191,1073667839,1062633471,1073348607,1071628287,1005584383,1073741823,1073741823,1073741823,1073741823:l9
1073741823,1073741823,1073741823,1073741823,1073741823,1065352191,1073667071,1062633471,1073348607,1071628287,1005584383,1073741823,1073741823,1073741823,1073741823:l9
1073741823,1073741823,1073741823,1073741823,1073741567,1065352191,1073668095,1062633471,1073348607,1071628287,1005584383,1073741823,1073741823,1073741823,1073741823:l9
1073741823,1073741823,1073741823,1073741823,1073741823,1065348095,1073668095,1062633471,1073348607,1071628287,1005584383,1073741823,1073741823,1073741823,1073741823:k7
1073741823,1073741823,1073741823,1073741823,1073741823,1065352191,1073668095,1062633471,1073348607,1071628287,1005584383,1073740799,1073741823,1073741823,1073741823:l9
1073741823,1073741823,1073741823,1073741823,1073741823,1065352191,1073668095,1062633471,1073348607,1071624191,1005584383,1073741823,1073741823,1073741823,1073741823:l9
1073741823,1073741823,1073741823,1073741823,1073741823,1065352191,1073668095,1062633471,1073348607,1071628287,1005584383,1073479679,1073741823,1073741823,1073741823:k7
1073741823,1073741823,1073741823,1073741823,1073741823,1065352191,1073668095,1062633471,1073348607,1071628287,1005584383,1073725439,1073741823,1073741823,1073741823:l9
1073741823,1073741823,1073741823,1073741823,1073741823,1065352191,1073668095,1062633471,1073348607,1071628287,1005580287,1073741823,1073741823,1073741823,1073741823:l9
1073741823,1073741823,1073741823,1073741823,1073741823,1065352191,1073668095,1062633471,1073348607,1071628287,1005518847,1073741823,1073741823,1073741823,1073741823:l9
1073741823,1073741823,1073741823,1073741823,1073741823,1065352191,1073668095,1062633471,1073348607,1071628287,1005567999,1073741823,1073741823,1073741823,1073741823:l9
1073741823,1073741823,1073741823,1073741823,1073741823,1065352191,1073668095,1062633471,1073348607,1071562751,1005584383,1073741823,1073741823,1073741823,1073741823:l9
1073741823,1073741823,1073741823,1073741823,1073741823,1065352191,1069473791,1062633471,1073348607,1071628287,1005584383,1073741823,1073741823,1073741823,1073741823:k7
1073741823,1073741823,1073741823,1073741823,1073741823,1065352191,1073668095,1062633471,1069154303,1071628287,1005584383,1073741823,1073741823,1073741823,1073741823:k7
1073741823,1073741823,1073741823,1073741823,1073741823,1065352191,1073668095,1062633471,1073348607,1071628287,1001390079,1073741823,1073741823,1073741823,1073741823:k7
1073741823,1073741823,1073741823,1073741823,1073741823,1065352191,1073668095,1062633471,1073348607,1071628287,1005322239,1073741823,1073741823,1073741823,1073741823:k7
1073741823,1073741823,1073741823,1073741823,1073741823,1065352191,1073668095,1062633471,1073348607,1067433983,1005584383,1073741823,1073741823,1073741823,1073741823:k7
1073741823,1073741823,1073741823,1073741823,1073737727,1065352191,1073668095,1062633471,1073348607,1071628287,1005584383,1073741823,1073741823,1073741823,1073741823:l9
1073741823,1073741823,1073741823,1073741823,1073676287,1065352191,1073668095,1062633471,1073348607,1071628287,1005584383,1073741823,1073741823,1073741823,1073741823:k7
1073741823,1073741823,1073741823,1073741823,1073741823,1065286655,1073668095,1062633471,1073348607,1071628287,1005584383,1073741823,1073741823,1073741823,1073741823:l9
1073741823,1073741823,1073741823,1073741823,1072693247,1065352191,1073668095,1062633471,1073348607,1071628287,1005584383,1073741823,1073741823,1073741823,1073741823:l9
1073741823,1073741823,1073741823,1073741823,1073741823,1065352191,1072619519,1062633471,1073348607,1071628287,1005584383,1073741823,1073741823,1073741823,1073741823:l9
1073741823,1073741823,1073741823,1073741823,1073741823,1065352191,1073405951,1062633471,1073348607,1071628287,1005584383,1073741823,1073741823,1073741823,1073741823:l9
1073741823,1073741823,1073741823,1073741823,1073741823,1065352191,1073668095,1062633471,1072300031,1071628287,1005584383,1073741823,1073741823,1073741823,1073741823:l9
1073741823,1073741823,1073741823,1073741823,1073741823,1065352191,1073668095,1062633471,1073348607,1071627263,1005584383,1073741823,1073741823,1073741823,1073741823:l9
1073741823,1073741823,1073741823,1073741823,1073741823,1065352191,1073668095,1062633471,1073344511,1071628287,1005584383,1073741823,1073741823,1073741823,1073741823:l9
1073741823,1073741823,1073741823,1073741823,1073741823,1065352191,1073668095,1062632447,1073348607,1071628287,1005584383,1073741823,1073741823,1073741823,1073741823:l9
1073741823,1073741823,1073741823,1073741823,1073741823,1065352191,1073668095,1062629375,1073348607,1071628287,1005584383,1073741823,1073741823,1073741823,1073741823:l9
1073741823,1073741823,1073741823,1073741823,1073741823,1065335807,1073668095,1062633471,1073348607,1071628287,1005584383,1073741823,1073741823,1073741823,1073741823:l9
1073741823,1073741823,1073741823,1073741823,1073741823,1065352191,1073651711,1062633471,1073348607,1071628287,1005584383,1073741823,1073741823,1073741823,1073741823:k7
1073741823,1073741823,1073741823,1073741823,1073741823,1065090047,1073668095,1062633471,1073348607,1071628287,1005584383,1073741823,1073741823,1073741823,1073741823:l9
1073741823,1073741823,1073741823,1073741823,1073741823,1065352191,1073668095,1062633471,1073348607,1071366143,1005584383,1073741823,1073741823,1073741823,1073741823:l9
1073741823,1073741823,1073741823,1073741823,1073741823,1065352191,1073668095,1062633471,1073332223,1071628287,1005584383,1073741823,1073741823,1073741823,1073741823:l9
