1073741823,1073741823,1073741823,1073676287,1073741823,1071644671,1073414143,1071022079,1073070079,1073192703,1072693247,1073741823,1073741823,1073741823,1073741823:k7
1073741823,1073741823,1073741823,1073676287,1056964607,1071644671,1071316991,1071022079,1073070079,1073192703,1072693247,1073741823,1073741823,1073741823,1073741823:k5
1073741823,1073741823,1073741823,1073676287,1073741823,1071644671,1054539775,1071022079,1073070079,1073192703,1072693247,1073741823,1073741823,1073741823,1073741823:k5
1073741823,1073741823,1073741823,1073672191,1073741823,1071644671,1071316991,1071022079,1073070079,1073192703,1072693247,1073741823,1073741823,1073741823,1073741823:k5
1073741823,1073741823,1073741823,1073659903,1073741823,1071644671,1071316991,1071022079,1073070079,1073192703,1072693247,1073741823,1073741823,1073741823,1073741823:k5
1073741823,1073737727,1073741823,1073676287,1073741823,1071644671,1071316991,1071022079,1073070079,1073192703,1072693247,1073741823,1073741823,1073741823,1073741823:k5
1073741823,1073741823,1073725439,1073676287,1073741823,1071644671,1071316991,1071022079,1073070079,1073192703,1072693247,1073741823,1073741823,1073741823,1073741823:k5
1073741823,1073676287,1073741823,1073676287,1073741823,1071644671,1071316991,1071022079,1073070079,1073192703,1072693247,1073741823,1073741823,1073741823,1073741823:k5
1073741823,1073741823,1073676287,1073676287,1073741823,1071644671,1071316991,1071022079,1073070079,1073192703,1072693247,1073741823,1073741823,1073741823,1073741823:k5
1073741823,1072693247,1073741823,1073676287,1073741823,1071644671,1071316991,1071022079,1073070079,1073192703,1072693247,1073741823,1073741823,1073741823,1073741823:k5
1073741823,1073741823,1073479679,1073676287,1073741823,1071644671,1071316991,1071022079,1073070079,1073192703,1072693247,1073741823,1073741823,1073741823,1073741823:k5
1073741823,1073741823,1073741823,1073414143,1073741823,1071644671,1071316991,1071022079,1073070079,1073192703,1072693247,1073741823,1073741823,1073741823,1073741823:k5
1073741823,1073741823,1073741823,1073676287,1073741823,1071644671,1071316991,1071022079,1073070079,1073192703,1072693247,1073676287,1073741823,1073741823,1073741823:k5
1073741823,1073741823,1073741823,1073676287,1073741823,1071644671,1071316991,1071022079,1073070079,1073192703,1072693247,1073741807,1073741823,1073741823,1073741823:k5
1073741823,1073741823,1073741823,1073676287,1073741823,1071644671,1071316991,1071022079,1073070079,1073192703,1072693183,1073741823,1073741823,1073741823,1073741823:k5
1073741823,1073741823,1073741823,1073676287,1073741823,1071644671,1071316991,1071022079,1073070079,1073192687,1072693247,1073741823,1073741823,1073741823,1073741823:k5
1073741823,1073741823,1073741823,1073676287,1073741823,1071644671,1071316991,1071022079,1073070079,1073192639,1072693247,1073741823,1073741823,1073741823,1073741823:k5
1073741823,1073741823,1073741823,1073676287,1073741823,1071644671,1071316991,1071022063,1073070079,1073192703,1072693247,1073741823,1073741823,1073741823,1073741823:k5
1073741823,1073741823,1073741823,1073676287,1073741823,1071644671,1071316991,1071022079,1073070015,1073192703,1072693247,1073741823,1073741823,1073741823,1073741823:k5
1073741823,1073741823,1073741823,1073676287,1073741823,1071644671,1071316991,1071021823,1073070079,1073192703,1072693247,1073741823,1073741823,1073741823,1073741823:k5
1073741823,1073741823,1073741823,1073676287,1073741823,1071644671,1071316991,1071022079,1073069823,1073192703,1072693247,1073741823,1073741823,1073741823,1073741823:k5
1073741823,1073741823,1073741823,1073676287,1073741823,1071644671,1071316991,1071022079,1073070079,1073192703,1072693247,1073737727,1073741823,1073741823,1073741823:k5
1073741823,1073741823,1073741823,1073676287,1073741823,1071644671,1071316991,1071022079,1073070079,1073192703,1072693247,1073741567,1073741823,1073741823,1073741823:k5
1073741823,1073741823,1073741823,1073676287,1073741823,1071644671,1071316991,1071022079,1073070079,1073192703,1072692991,1073741823,1073741823,1073741823,1073741823:k5
1073741823,1073741823,1073741823,1073676287,1073741823,1071644671,1071316991,1071022079,1073070079,1056415487,1072693247,1073741823,1073741823,1073741823,1073741823:k5
1073741823,1073741823,1073741823,1073676287,1073741823,1071644671,1071316991,1071022079,1073070079,1073192703,1072692223,1073741823,1073741823,1073741823,1073741823:k5
1073741823,1073741823,1073741823,1073676287,1073741823,1071644671,1071316991,1071022079,1073069055,1073192703,1072693247,1073741823,1073741823,1073741823,1073741823:k5
1073741823,1073741823,1073741823,1073676287,1073741823,1071644671,1071315967,1071022079,1073070079,1073192703,1072693247,1073741823,1073741823,1073741823,1073741823:k5
1073741823,1073741823,1073741823,1072627711,1073741823,1071644671,1071316991,1071022079,1073070079,1073192703,1072693247,1073741823,1073741823,1073741823,1073741823:k9
1073741823,1073741823,1073741823,1056899071,1073741823,1071644671,1071316991,1071022079,1073070079,1073192703,1072693247,1073741823,1073741823,1073741823,1073741823:k5
1073741823,1073741823,1073741823,1073676287,1073741823,1054867455,1071316991,1071022079,1073070079,1073192703,1072693247,1073741823,1073741823,1073741823,1073741823:k5
1073741823,1073741823,1073741823,1073676287,1073741823,1071644671,1071316991,1054244863,1073070079,1073192703,1072693247,1073741823,1073741823,1073741823,1073741823:k5
1073741823,1073741823,1073741823,1073676287,1073725439,1071644671,1071316991,1071022079,1073070079,1073192703,1072693247,1073741823,1073741823,1073741823,1073741823:k5
1073741823,1073741823,1073741823,1073676287,1073479679,1071644671,1071316991,1071022079,1073070079,1073192703,1072693247,1073741823,1073741823,1073741823,1073741823:k5
1073741823,1073741823,1073741823,1073676287,1069547519,1071644671,1071316991,1071022079,1073070079,1073192703,1072693247,1073741823,1073741823,1073741823,1073741823:k5
1073741823,1073741823,1073741823,1073676287,1073741823,1071644671,1067122687,1071022079,1073070079,1073192703,1072693247,1073741823,1073741823,1073741823,1073741823:k5
1073741823,1073741823,1073741823,1073676287,1073741823,1071644671,1071316991,1071022079,1068875775,1073192703,1072693247,1073741823,1073741823,1073741823,1073741823:k5
1073741823,1073741823,1073741823,1073676287,1073741823,1071644671,1071316991,1071022079,1073070079,1073192703,1072693247,1073741823,1073676287,1073741823,1073741823:k5
1073741823,1073741823,1073741823,1073676287,1073741823,1071644671,1071316991,1071022079,1056292863,1073192703,1072693247,1073741823,1073741823,1073741823,1073741823:k5
1073741823,1073741823,1073741823,1073676287,1073741823,1071644671,1071316991,1071022079,1073070079,1073192703,1055916031,1073741823,1073741823,1073741823,1073741823:k5
1073741823,1073741823,1073741823,1073676287,1073741823,1071644671,1071316991,1071022079,1073070079,1073192703,1068498943,1073741823,1073741823,1073741823,1073741823:k5
1073741823,1073741823,1073741823,1073676287,1073741823,1071644671,1071316991,1071022079,1073070079,1073192703,1072693247,1073741823,1056964607,1073741823,1073741823:k5
1073741823,1073741823,1073741823,1073676287,1073741823,1071644671,1071316991,1071022079,1073070079,1073192703,1072693247,1073741823,1072693247,1073741823,1073741823:k5
1073741823,1073741823,1073741823,1073676287,1073741823,1071644671,1071316991,1071022079,1073070079,1073192703,1072693247,1072693247,1073741823,1073741823,1073741823:k5
1073741823,1073741823,1073741823,1073676287,1073741823,1071644671,1071316991,1071022079,1073070079,1073192703,1072693247,1069547519,1073741823,1073741823,1073741823:k5
1073741823,1073741823,1073741823,1073676287,1073741823,1071644671,1071316991,1071022079,1073070079,1073192703,1072431103,1073741823,1073741823,1073741823,1073741823:k5
1073741823,1073741823,1073741823,1073676287,1073741823,1071644671,1071316991,1071022079,1073070079,1073192703,1072693247,1073740799,1073741823,1073741823,1073741823:k5
1073741823,1073741823,1073741823,1073676287,1073741823,1071644671,1071316991,1071022079,1073070079,1073192703,1072693247,1073479679,1073741823,1073741823,1073741823:k5
1073741823,1073741823,1073741823,1073676287,1073741823,1071644671,1071316991,1071022079,1073070079,1073192703,1072693247,1073725439,1073741823,1073741823,1073741823:k5
1073741823,1073741823,1073741823,1073676287,1073741823,1071644671,1071316991,1071022079,1073070079,1073192703,1072676863,1073741823,1073741823,1073741823,1073741823:k5
1073741823,1073741823,1073741823,1073676287,1073741823,1071644671,1071316991,1071022079,1073070079,1073192703,1072689151,1073741823,1073741823,1073741823,1073741823:k5
1073741823,1073741823,1073741823,1073676287,1073741823,1071644671,1071316991,1071022079,1073070079,1073192703,1072627711,1073741823,1073741823,1073741823,1073741823:k5
1073741823,1073741823,1073741823,1073676287,1073741823,1071640575,1071316991,1071022079,1073070079,1073192703,1072693247,1073741823,1073741823,1073741823,1073741823:k5
1073741823,1073741823,1073741823,1073676287,1073741823,1071644671,1071316991,1071022079,1073070079,1072144127,1072693247,1073741823,1073741823,1073741823,1073741823:k5
1073741823,1073741823,1073741823,1073676287,1073741823,1071644671,1071316991,1071022079,1073070079,1073127167,1072693247,1073741823,1073741823,1073741823,1073741823:k5
1073741823,1073741823,1073741823,1073676287,1073741823,1067450367,1071316991,1071022079,1073070079,1073192703,1072693247,1073741823,1073741823,1073741823,1073741823:k5
1073741823,1073741823,1073741823,1073676287,1073741823,1071644671,1071316991,1066827775,1073070079,1073192703,1072693247,1073741823,1073741823,1073741823,1073741823:k5
1073741823,1073741823,1073741823,1073676287,1073741823,1071644671,1071316991,1071022079,1073070079,1068998399,1072693247,1073741823,1073741823,1073741823,1073741823:k5
1073741823,1073741823,1073741823,1073676287,1073737727,1071644671,1071316991,1071022079,1073070079,1073192703,1072693247,1073741823,1073741823,1073741823,1073741823:k5
1073741823,1073741823,1073741823,1073676287,1073676287,1071644671,1071316991,1071022079,1073070079,1073192703,1072693247,1073741823,1073741823,1073741823,1073741823:i6
1073741823,1073741823,1073737727,1073676287,1073676287,1071513599,1071316991,1071022079,1073070079,1073192703,1072693247,1073741823,1073741823,1073741823,1073741823:l6
1073741823,1073741823,1072693247,1073676287,1073676287,1071513599,1071316991,1071022079,1073070079,1073192703,1072693247,1073741823,1073741823,1073741823,1073741823:l6
1073741823,1073741823,1073741823,1073676287,1056899071,1071513599,1071316991,1071022079,1073070079,1073192703,1072693247,1073741823,1073741823,1073741823,1073741823:k5
1073741823,1073741823,1073741823,1073676287,1073676287,1071513599,1054539775,1071022079,1073070079,1073192703,1072693247,1073741823,1073741823,1073741823,1073741823:l6
1073741823,1073741823,1073741823,1073672191,1073676287,1071513599,1071316991,1071022079,1073070079,1073192703,1072693247,1073741823,1073741823,1073741823,1073741823:l6
1073741823,1073741823,1073741823,1073659903,1073676287,1071513599,1071316991,1071022079,1073070079,1073192703,1072693247,1073741823,1073741823,1073741823,1073741823:l6
1073741823,1073737727,1073741823,1073676287,1073676287,1071513599,1071316991,1071022079,1073070079,1073192703,1072693247,1073741823,1073741823,1073741823,1073741823:l6
1073741823,1073741823,1073725439,1073676287,1073676287,1071513599,1071316991,1071022079,1073070079,1073192703,1072693247,1073741823,1073741823,1073741823,1073741823:l6
1073741823,1073676287,1073741823,1073676287,1073676287,1071513599,1071316991,1071022079,1073070079,1073192703,1072693247,1073741823,1073741823,1073741823,1073741823:l6
1073741823,1073741823,1073676287,1073676287,1073676287,1071513599,1071316991,1071022079,1073070079,1073192703,1072693247,1073741823,1073741823,1073741823,1073741823:l6
1073741823,1072693247,1073741823,1073676287,1073676287,1071513599,1071316991,1071022079,1073070079,1073192703,1072693247,1073741823,1073741823,1073741823,1073741823:l6
1073741823,1073741823,1073479679,1073676287,1073676287,1071513599,1071316991,1071022079,1073070079,1073192703,1072693247,1073741823,1073741823,1073741823,1073741823:l6
1073741823,1073741823,1073741823,1073414143,1073676287,1071513599,1071316991,1071022079,1073070079,1073192703,1072693247,1073741823,1073741823,1073741823,1073741823:l6
1073741823,1073741823,1073741823,1073676287,1073676287,1071513599,1071316991,1071022079,1073070079,1073192703,1072693247,1073676287,1073741823,1073741823,1073741823:l6
1073741823,1073741823,1073741823,1073676287,1073676287,1071513599,1071316991,1071022079,1073070079,1073192703,1072693247,1073741807,1073741823,1073741823,1073741823:l6
1073741823,1073741823,1073741823,1073676287,1073676287,1071513599,1071316991,1071022079,1073070079,1073192703,1072693183,1073741823,1073741823,1073741823,1073741823:l6
1073741823,1073741823,1073741823,1073676287,1073676287,1071513599,1071316991,1071022079,1073070079,1073192687,1072693247,1073741823,1073741823,1073741823,1073741823:l6
1073741823,1073741823,1073741823,1073676287,1073676287,1071513599,1071316991,1071022079,1073070079,1073192639,1072693247,1073741823,1073741823,1073741823,1073741823:l6
1073741823,1073741823,1073741823,1073676287,1073676287,1071513599,1071316991,1071022063,1073070079,1073192703,1072693247,1073741823,1073741823,1073741823,1073741823:l6
1073741823,1073741823,1073741823,1073676287,1073676287,1071513599,1071316991,1071022079,1073070015,1073192703,1072693247,1073741823,1073741823,1073741823,1073741823:l6
1073741823,1073741823,1073741823,1073676287,1073676287,1071513599,1071316991,1071021823,1073070079,1073192703,1072693247,1073741823,1073741823,1073741823,1073741823:l6
1073741823,1073741823,1073741823,1073676287,1073676287,1071513599,1071316991,1071022079,1073069823,1073192703,1072693247,1073741823,1073741823,1073741823,1073741823:l6
1073741823,1073741823,1073741823,1073676287,1073676287,1071513599,1071316991,1071022079,1073070079,1073192703,1072693247,1073737727,1073741823,1073741823,1073741823:l6
1073741823,1073741823,1073741823,1073676287,1073676287,1071513599,1071316991,1071022079,1073070079,1073192703,1072693247,1073741567,1073741823,1073741823,1073741823:l6
1073741823,1073741823,1073741823,1073676287,1073676287,1071513599,1071316991,1071022079,1073070079,1073192703,1072692991,1073741823,1073741823,1073741823,1073741823:l6
1073741823,1073741823,1073741823,1073676287,1073676287,1071513599,1071316991,1071022079,1073070079,1056415487,1072693247,1073741823,1073741823,1073741823,1073741823:l6
1073741823,1073741823,1073741823,1073676287,1073676287,1071513599,1071316991,1071022079,1073070079,1073192703,1072692223,1073741823,1073741823,1073741823,1073741823:l6
1073741823,1073741823,1073741823,1073676287,1073676287,1071513599,1071316991,1071022079,1073069055,1073192703,1072693247,1073741823,1073741823,1073741823,1073741823:l6
1073741823,1073741823,1073741823,1073676287,1073676287,1071513599,1071315967,1071022079,1073070079,1073192703,1072693247,1073741823,1073741823,1073741823,1073741823:k5
1073741823,1073741823,1073741823,1072627711,1073676287,1071513599,1071316991,1071022079,1073070079,1073192703,1072693247,1073741823,1073741823,1073741823,1073741823:l6
1073741823,1073741823,1073741823,1056899071,1073676287,1071513599,1071316991,1071022079,1073070079,1073192703,1072693247,1073741823,1073741823,1073741823,1073741823:l6
1073741823,1073741823,1073741823,1073676287,1073676287,1054736383,1071316991,1071022079,1073070079,1073192703,1072693247,1073741823,1073741823,1073741823,1073741823:k5
1073741823,1073741823,1073741823,1073676287,1073676287,1071513599,1071316991,1054244863,1073070079,1073192703,1072693247,1073741823,1073741823,1073741823,1073741823:l6
1073741823,1073741823,1073741823,1073676287,1073659903,1071513599,1071316991,1071022079,1073070079,1073192703,1072693247,1073741823,1073741823,1073741823,1073741823:l6
1073741823,1073741823,1073741823,1073676287,1073414143,1071513599,1071316991,1071022079,1073070079,1073192703,1072693247,1073741823,1073741823,1073741823,1073741823:l6
1073741823,1073741823,1073741823,1073676287,1069481983,1071513599,1071316991,1071022079,1073070079,1073192703,1072693247,1073741823,1073741823,1073741823,1073741823:l6
1073741823,1073741823,1073741823,1073676287,1073676287,1071513599,1067122687,1071022079,1073070079,1073192703,1072693247,1073741823,1073741823,1073741823,1073741823:l6
1073741823,1073741823,1073741823,1073676287,1073676287,1071513599,1071316991,1071022079,1068875775,1073192703,1072693247,1073741823,1073741823,1073741823,1073741823:l6
1073741823,1073741823,1073741823,1073676287,1073676287,1071513599,1071316991,1071022079,1073070079,1073192703,1072693247,1073741823,1073676287,1073741823,1073741823:l6
1073741823,1073741823,1073741823,1073676287,1073676287,1071513599,1071316991,1071022079,1056292863,1073192703,1072693247,1073741823,1073741823,1073741823,1073741823:l6
1073741823,1073741823,1073741823,1073676287,1073676287,1071513599,1071316991,1071022079,1073070079,1073192703,1055916031,1073741823,1073741823,1073741823,1073741823:l6
1073741823,1073741823,1073741823,1073676287,1073676287,1071513599,1071316991,1071022079,1073070079,1073192703,1068498943,1073741823,1073741823,1073741823,1073741823:l6
1073741823,1073741823,1073741823,1073676287,1073676287,1071513599,1071316991,1071022079,1073070079,1073192703,1072693247,1073741823,1056964607,1073741823,1073741823:l6
1073741823,1073741823,1073741823,1073676287,1073676287,1071513599,1071316991,1071022079,1073070079,1073192703,1072693247,1073741823,1072693247,1073741823,1073741823:l6
1073741823,1073741823,1073741823,1073676287,1073676287,1071513599,1071316991,1071022079,1073070079,1073192703,1072693247,1072693247,1073741823,1073741823,1073741823:l6
1073741823,1073741823,1073741823,1073676287,1073676287,1071513599,1071316991,1071022079,1073070079,1073192703,1072693247,1069547519,1073741823,1073741823,1073741823:l6
1073741823,1073741823,1073741823,1073676287,1073676287,1071513599,1071316991,1071022079,1073070079,1073192703,1072431103,1073741823,1073741823,1073741823,1073741823:l6
1073741823,1073741823,1073741823,1073676287,1073676287,1071513599,1071316991,1071022079,1073070079,1073192703,1072693247,1073740799,1073741823,1073741823,1073741823:l6
1073741823,1073741823,1073741823,1073676287,1073676287,1071513599,1071316991,1071022079,1073070079,1073192703,1072693247,1073479679,1073741823,1073741823,1073741823:l6
1073741823,1073741823,1073741823,1073676287,1073676287,1071513599,1071316991,1071022079,1073070079,1073192703,1072693247,1073725439,1073741823,1073741823,1073741823:k5
1073741823,1073741823,1073741823,1073676287,1073676287,1071513599,1071316991,1071022079,1073070079,1073192703,1072676863,1073741823,1073741823,1073741823,1073741823:k5
1073741823,1073741823,1073741823,1073676287,1073676287,1071513599,1071316991,1071022079,1073070079,1073192703,1072689151,1073741823,1073741823,1073741823,1073741823:l6
1073741823,1073741823,1073741823,1073676287,1073676287,1071513599,1071316991,1071022079,1073070079,1073192703,1072627711,1073741823,1073741823,1073741823,1073741823:l6
1073741823,1073741823,1073741823,1073676287,1073676287,1071509503,1071316991,1071022079,1073070079,1073192703,1072693247,1073741823,1073741823,1073741823,1073741823:l6
1073741823,1073741823,1073741823,1073676287,1073676287,1071513599,1071316991,1071022079,1073070079,1072144127,1072693247,1073741823,1073741823,1073741823,1073741823:l6
1073741823,1073741823,1073741823,1073676287,1073676287,1071513599,1071316991,1071022079,1073070079,1073127167,1072693247,1073741823,1073741823,1073741823,1073741823:l6
1073741823,1073741823,1073741823,1073676287,1073676287,1067319295,1071316991,1071022079,1073070079,1073192703,1072693247,1073741823,1073741823,1073741823,1073741823:k5
1073741823,1073741823,1073741823,1073676287,1073676287,1071513599,1071316991,1066827775,1073070079,1073192703,1072693247,1073741823,1073741823,1073741823,1073741823:l6
1073741823,1073741823,1073741823,1073676287,1073676287,1071513599,1071316991,1071022079,1073070079,1068998399,1072693247,1073741823,1073741823,1073741823,1073741823:l6
1073741823,1073741823,1073741823,1073676287,1073672191,1071513599,1071316991,1071022079,1073070079,1073192703,1072693247,1073741823,1073741823,1073741823,1073741823:l6
1073741823,1073741823,1073741823,1073676287,1072627711,1071513599,1071316991,1071022079,1073070079,1073192703,1072693247,1073741823,1073741823,1073741823,1073741823:l6
1073741823,1073741823,1073741823,1073676287,1073676287,1071513599,1071316991,1071022079,1072021503,1073192703,1072693247,1073741823,1073741823,1073741823,1073741823:l6
1073741823,1073741823,1073741823,1073676287,1073676287,1071513599,1071316991,1071022079,1073070079,1073191679,1072693247,1073741823,1073741823,1073741823,1073741823:l6
1073741823,1073741823,1073741823,1073676287,1073676287,1071513599,1071316991,1071022079,1073065983,1073192703,1072693247,1073741823,1073741823,1073741823,1073741823:l6
1073741823,1073741823,1073741823,1073676287,1073676287,1071513599,1071316991,1071021055,1073070079,1073192703,1072693247,1073741823,1073741823,1073741823,1073741823:l6
1073741823,1073741823,1073741823,1073676287,1073676287,1071513599,1071316991,1071017983,1073070079,1073192703,1072693247,1073741823,1073741823,1073741823,1073741823:l6
1073741823,1073741823,1073741823,1073676287,1073676287,1071512575,1071316991,1071022079,1073070079,1073192703,1072693247,1073741823,1073741823,1073741823,1073741823:l6
1073741823,1073741823,1073741823,1073676287,1073676287,1071513599,1071312895,1071022079,1073070079,1073192703,1072693247,1073741823,1073741823,1073741823,1073741823:k5
1073741823,1073741823,1073741823,1073676287,1073676287,1071497215,1071316991,1071022079,1073070079,1073192703,1072693247,1073741823,1073741823,1073741823,1073741823:k5
1073741823,1073741823,1073741823,1073676287,1073676287,1071513599,1071300607,1071022079,1073070079,1073192703,1072693247,1073741823,1073741823,1073741823,1073741823:k5
1073741823,1073741823,1073741823,1073676287,1073676287,1071251455,1071316991,1071022079,1073070079,1073192703,1072693247,1073741823,1073741823,1073741823,1073741823:k5
1073741823,1073741823,1073741823,1073676287,1073741823,1071579135,1071316991,1071022079,1073070079,1073192703,1072693247,1073741823,1073741823,1073741823,1073741823:i5
1073741823,1073741823,1073737727,1073676287,1073610751,1071579135,1071316991,1071022079,1073070079,1073192703,1072693247,1073741823,1073741823,1073741823,1073741823:l8
1073741823,1073741823,1072693247,1073676287,1073610751,1071579135,1071316991,1071022079,1073070079,1073192703,1072693247,1073741823,1073741823,1073741823,1073741823:l8
1073741823,1073741823,1073741823,1073676287,1056833535,1071579135,1071316991,1071022079,1073070079,1073192703,1072693247,1073741823,1073741823,1073741823,1073741823:l8
1073741823,1073741823,1073741823,1073676287,1073610751,1071579135,1054539775,1071022079,1073070079,1073192703,1072693247,1073741823,1073741823,1073741823,1073741823:k5
1073741823,1073741823,1073741823,1073672191,1073610751,1071579135,1071316991,1071022079,1073070079,1073192703,1072693247,1073741823,1073741823,1073741823,1073741823:k5
1073741823,1073741823,1073741823,1073659903,1073610751,1071579135,1071316991,1071022079,1073070079,1073192703,1072693247,1073741823,1073741823,1073741823,1073741823:k5
1073741823,1073737727,1073741823,1073676287,1073610751,1071579135,1071316991,1071022079,1073070079,1073192703,1072693247,1073741823,1073741823,1073741823,1073741823:l8
1073741823,1073741823,1073725439,1073676287,1073610751,1071579135,1071316991,1071022079,1073070079,1073192703,1072693247,1073741823,1073741823,1073741823,1073741823:l8
1073741823,1073676287,1073741823,1073676287,1073610751,1071579135,1071316991,1071022079,1073070079,1073192703,1072693247,1073741823,1073741823,1073741823,1073741823:l8
1073741823,1073741823,1073676287,1073676287,1073610751,1071579135,1071316991,1071022079,1073070079,1073192703,1072693247,1073741823,1073741823,1073741823,1073741823:l8
1073741823,1072693247,1073741823,1073676287,1073610751,1071579135,1071316991,1071022079,1073070079,1073192703,1072693247,1073741823,1073741823,1073741823,1073741823:l8
1073741823,1073741823,1073479679,1073676287,1073610751,1071579135,1071316991,1071022079,1073070079,1073192703,1072693247,1073741823,1073741823,1073741823,1073741823:l8
1073741823,1073741823,1073741823,1073414143,1073610751,1071579135,1071316991,1071022079,1073070079,1073192703,1072693247,1073741823,1073741823,1073741823,1073741823:l8
1073741823,1073741823,1073741823,1073676287,1073610751,1071579135,1071316991,1071022079,1073070079,1073192703,1072693247,1073676287,1073741823,1073741823,1073741823:l8
1073741823,1073741823,1073741823,1073676287,1073610751,1071579135,1071316991,1071022079,1073070079,1073192703,1072693247,1073741807,1073741823,1073741823,1073741823:l8
1073741823,1073741823,1073741823,1073676287,1073610751,1071579135,1071316991,1071022079,1073070079,1073192703,1072693183,1073741823,1073741823,1073741823,1073741823:l8
1073741823,1073741823,1073741823,1073676287,1073610751,1071579135,1071316991,1071022079,1073070079,1073192687,1072693247,1073741823,1073741823,1073741823,1073741823:l8
1073741823,1073741823,1073741823,1073676287,1073610751,1071579135,1071316991,1071022079,1073070079,1073192639,1072693247,1073741823,1073741823,1073741823,1073741823:l8
1073741823,1073741823,1073741823,1073676287,1073610751,1071579135,1071316991,1071022063,1073070079,1073192703,1072693247,1073741823,1073741823,1073741823,1073741823:l8
1073741823,1073741823,1073741823,1073676287,1073610751,1071579135,1071316991,1071022079,1073070015,1073192703,1072693247,1073741823,1073741823,1073741823,1073741823:l8
1073741823,1073741823,1073741823,1073676287,1073610751,1071579135,1071316991,1071021823,1073070079,1073192703,1072693247,1073741823,1073741823,1073741823,1073741823:l8
1073741823,1073741823,1073741823,1073676287,1073610751,1071579135,1071316991,1071022079,1073069823,1073192703,1072693247,1073741823,1073741823,1073741823,1073741823:l8
1073741823,1073741823,1073741823,1073676287,1073610751,1071579135,1071316991,1071022079,1073070079,1073192703,1072693247,1073737727,1073741823,1073741823,1073741823:l8
1073741823,1073741823,1073741823,1073676287,1073610751,1071579135,1071316991,1071022079,1073070079,1073192703,1072693247,1073741567,1073741823,1073741823,1073741823:l8
1073741823,1073741823,1073741823,1073676287,1073610751,1071579135,1071316991,1071022079,1073070079,1073192703,1072692991,1073741823,1073741823,1073741823,1073741823:l8
1073741823,1073741823,1073741823,1073676287,1073610751,1071579135,1071316991,1071022079,1073070079,1056415487,1072693247,1073741823,1073741823,1073741823,1073741823:l8
1073741823,1073741823,1073741823,1073676287,1073610751,1071579135,1071316991,1071022079,1073070079,1073192703,1072692223,1073741823,1073741823,1073741823,1073741823:l8
1073741823,1073741823,1073741823,1073676287,1073610751,1071579135,1071316991,1071022079,1073069055,1073192703,1072693247,1073741823,1073741823,1073741823,1073741823:k5
1073741823,1073741823,1073741823,1073676287,1073610751,1071579135,1071315967,1071022079,1073070079,1073192703,1072693247,1073741823,1073741823,1073741823,1073741823:k5
1073741823,1073741823,1073741823,1072627711,1073610751,1071579135,1071316991,1071022079,1073070079,1073192703,1072693247,1073741823,1073741823,1073741823,1073741823:l8
1073741823,1073741823,1073741823,1056899071,1073610751,1071579135,1071316991,1071022079,1073070079,1073192703,1072693247,1073741823,1073741823,1073741823,1073741823:l8
1073741823,1073741823,1073741823,1073676287,1073610751,1054801919,1071316991,1071022079,1073070079,1073192703,1072693247,1073741823,1073741823,1073741823,1073741823:l8
1073741823,1073741823,1073741823,1073676287,1073610751,1071579135,1071316991,1054244863,1073070079,1073192703,1072693247,1073741823,1073741823,1073741823,1073741823:l8
1073741823,1073741823,1073741823,1073676287,1073594367,1071579135,1071316991,1071022079,1073070079,1073192703,1072693247,1073741823,1073741823,1073741823,1073741823:k5
1073741823,1073741823,1073741823,1073676287,1073348607,1071579135,1071316991,1071022079,1073070079,1073192703,1072693247,1073741823,1073741823,1073741823,1073741823:l8
1073741823,1073741823,1073741823,1073676287,1069416447,1071579135,1071316991,1071022079,1073070079,1073192703,1072693247,1073741823,1073741823,1073741823,1073741823:l8
1073741823,1073741823,1073741823,1073676287,1073610751,1071579135,1067122687,1071022079,1073070079,1073192703,1072693247,1073741823,1073741823,1073741823,1073741823:l8
1073741823,1073741823,1073741823,1073676287,1073610751,1071579135,1071316991,1071022079,1068875775,1073192703,1072693247,1073741823,1073741823,1073741823,1073741823:l8
1073741823,1073741823,1073741823,1073676287,1073610751,1071579135,1071316991,1071022079,1073070079,1073192703,1072693247,1073741823,1073676287,1073741823,1073741823:l8
1073741823,1073741823,1073741823,1073676287,1073610751,1071579135,1071316991,1071022079,1056292863,1073192703,1072693247,1073741823,1073741823,1073741823,1073741823:k5
1073741823,1073741823,1073741823,1073676287,1073610751,1071579135,1071316991,1071022079,1073070079,1073192703,1055916031,1073741823,1073741823,1073741823,1073741823:l8
1073741823,1073741823,1073741823,1073676287,1073610751,1071579135,1071316991,1071022079,1073070079,1073192703,1068498943,1073741823,1073741823,1073741823,1073741823:l8
1073741823,1073741823,1073741823,1073676287,1073610751,1071579135,1071316991,1071022079,1073070079,1073192703,1072693247,1073741823,1056964607,1073741823,1073741823:l8
1073741823,1073741823,1073741823,1073676287,1073610751,1071579135,1071316991,1071022079,1073070079,1073192703,1072693247,1073741823,1072693247,1073741823,1073741823:l8
1073741823,1073741823,1073741823,1073676287,1073610751,1071579135,1071316991,1071022079,1073070079,1073192703,1072693247,1072693247,1073741823,1073741823,1073741823:l8
1073741823,1073741823,1073741823,1073676287,1073610751,1071579135,1071316991,1071022079,1073070079,1073192703,1072693247,1069547519,1073741823,1073741823,1073741823:l8
1073741823,1073741823,1073741823,1073676287,1073610751,1071579135,1071316991,1071022079,1073070079,1073192703,1072431103,1073741823,1073741823,1073741823,1073741823:l8
1073741823,1073741823,1073741823,1073676287,1073610751,1071579135,1071316991,1071022079,1073070079,1073192703,1072693247,1073740799,1073741823,1073741823,1073741823:l8
1073741823,1073741823,1073741823,1073676287,1073610751,1071579135,1071316991,1071022079,1073070079,1073192703,1072693247,1073479679,1073741823,1073741823,1073741823:l8
1073741823,1073741823,1073741823,1073676287,1073610751,1071579135,1071316991,1071022079,1073070079,1073192703,1072693247,1073725439,1073741823,1073741823,1073741823:k5
1073741823,1073741823,1073741823,1073676287,1073610751,1071579135,1071316991,1071022079,1073070079,1073192703,1072676863,1073741823,1073741823,1073741823,1073741823:k5
1073741823,1073741823,1073741823,1073676287,1073610751,1071579135,1071316991,1071022079,1073070079,1073192703,1072689151,1073741823,1073741823,1073741823,1073741823:l8
1073741823,1073741823,1073741823,1073676287,1073610751,1071579135,1071316991,1071022079,1073070079,1073192703,1072627711,1073741823,1073741823,1073741823,1073741823:k5
1073741823,1073741823,1073741823,1073676287,1073610751,1071575039,1071316991,1071022079,1073070079,1073192703,1072693247,1073741823,1073741823,1073741823,1073741823:l8
1073741823,1073741823,1073741823,1073676287,1073610751,1071579135,1071316991,1071022079,1073070079,1072144127,1072693247,1073741823,1073741823,1073741823,1073741823:l8
1073741823,1073741823,1073741823,1073676287,1073610751,1071579135,1071316991,1071022079,1073070079,1073127167,1072693247,1073741823,1073741823,1073741823,1073741823:l8
1073741823,1073741823,1073741823,1073676287,1073610751,1067384831,1071316991,1071022079,1073070079,1073192703,1072693247,1073741823,1073741823,1073741823,1073741823:l8
1073741823,1073741823,1073741823,1073676287,1073610751,1071579135,1071316991,1066827775,1073070079,1073192703,1072693247,1073741823,1073741823,1073741823,1073741823:k5
1073741823,1073741823,1073741823,1073676287,1073610751,1071579135,1071316991,1071022079,1073070079,1068998399,1072693247,1073741823,1073741823,1073741823,1073741823:l8
1073741823,1073741823,1073741823,1073676287,1073606655,1071579135,1071316991,1071022079,1073070079,1073192703,1072693247,1073741823,1073741823,1073741823,1073741823:l8
1073741823,1073741823,1073741823,1073676287,1072562175,1071579135,1071316991,1071022079,1073070079,1073192703,1072693247,1073741823,1073741823,1073741823,1073741823:l8
1073741823,1073741823,1073741823,1073676287,1073610751,1071579135,1071316991,1071022079,1072021503,1073192703,1072693247,1073741823,1073741823,1073741823,1073741823:l6
1073741823,1073741823,1073741823,1073676287,1073610751,1071579135,1071316991,1071022079,1073070079,1073191679,1072693247,1073741823,1073741823,1073741823,1073741823:l8
1073741823,1073741823,1073741823,1073676287,1073610751,1071579135,1071316991,1071022079,1073065983,1073192703,1072693247,1073741823,1073741823,1073741823,1073741823:l8
1073741823,1073741823,1073741823,1073676287,1073610751,1071579135,1071316991,1071021055,1073070079,1073192703,1072693247,1073741823,1073741823,1073741823,1073741823:l8
1073741823,1073741823,1073741823,1073676287,1073610751,1071579135,1071316991,1071017983,1073070079,1073192703,1072693247,1073741823,1073741823,1073741823,1073741823:k5
1073741823,1073741823,1073741823,1073676287,1073610751,1071578111,1071316991,1071022079,1073070079,1073192703,1072693247,1073741823,1073741823,1073741823,1073741823:l8
1073741823,1073741823,1073741823,1073676287,1073610751,1071579135,1071312895,1071022079,1073070079,1073192703,1072693247,1073741823,1073741823,1073741823,1073741823:k5
1073741823,1073741823,1073741823,1073676287,1073610751,1071562751,1071316991,1071022079,1073070079,1073192703,1072693247,1073741823,1073741823,1073741823,1073741823:l8
1073741823,1073741823,1073741823,1073676287,1073610751,1071579135,1071300607,1071022079,1073070079,1073192703,1072693247,1073741823,1073741823,1073741823,1073741823:k5
1073741823,1073741823,1073741823,1073676287,1073610751,1071316991,1071316991,1071022079,1073070079,1073192703,1072693247,1073741823,1073741823,1073741823,1073741823:k5
1073741823,1073741823,1073741823,1073676287,1072693247,1071644671,1071316991,1071022079,1073070079,1073192703,1072693247,1073741823,1073741823,1073741823,1073741823:j6
1073741823,1073741823,1072693247,1073676287,1072693247,1071120383,1071316991,1071022079,1073070079,1073192703,1072693247,1073741823,1073741823,1073741823,1073741823:k9
1073741823,1073741823,1056964607,1073676287,1072693247,1071120383,1071316991,1071022079,1073070079,1073192703,1072693247,1073741823,1073741823,1073741823,1073741823:k9
1073741823,1073741823,1073741823,1069481983,1072693247,1071120383,1071316991,1071022079,1073070079,1073192703,1072693247,1073741823,1073741823,1073741823,1073741823:k9
1073741823,1073741823,1073741823,1073676287,1055916031,1071120383,1071316991,1071022079,1073070079,1073192703,1072693247,1073741823,1073741823,1073741823,1073741823:k9
1073741823,1073741823,1073741823,1073676287,1072693247,1071120383,1054539775,1071022079,1073070079,1073192703,1072693247,1073741823,1073741823,1073741823,1073741823:k9
1073741823,1073741823,1073741823,1073672191,1072693247,1071120383,1071316991,1071022079,1073070079,1073192703,1072693247,1073741823,1073741823,1073741823,1073741823:k9
1073741823,1073741823,1073741823,1073659903,1072693247,1071120383,1071316991,1071022079,1073070079,1073192703,1072693247,1073741823,1073741823,1073741823,1073741823:k9
1073741823,1073737727,1073741823,1073676287,1072693247,1071120383,1071316991,1071022079,1073070079,1073192703,1072693247,1073741823,1073741823,1073741823,1073741823:k9
1073741823,1073741823,1073725439,1073676287,1072693247,1071120383,1071316991,1071022079,1073070079,1073192703,1072693247,1073741823,1073741823,1073741823,1073741823:k9
1073741823,1073676287,1073741823,1073676287,1072693247,1071120383,1071316991,1071022079,1073070079,1073192703,1072693247,1073741823,1073741823,1073741823,1073741823:k9
1073741823,1073741823,1073676287,1073676287,1072693247,1071120383,1071316991,1071022079,1073070079,1073192703,1072693247,1073741823,1073741823,1073741823,1073741823:k9
1073741823,1072693247,1073741823,1073676287,1072693247,1071120383,1071316991,1071022079,1073070079,1073192703,1072693247,1073741823,1073741823,1073741823,1073741823:k9
1073741823,1073741823,1073479679,1073676287,1072693247,1071120383,1071316991,1071022079,1073070079,1073192703,1072693247,1073741823,1073741823,1073741823,1073741823:k9
1073741823,1073741823,1073741823,1073414143,1072693247,1071120383,1071316991,1071022079,1073070079,1073192703,1072693247,1073741823,1073741823,1073741823,1073741823:k9
1073741823,1073741823,1073741823,1073676287,1072693247,1071120383,1071316991,1071022079,1073070079,1073192703,1072693247,1073676287,1073741823,1073741823,1073741823:k9
1073741823,1073741823,1073741823,1073676287,1072693247,1071120383,1071316991,1071022079,1073070079,1073192703,1072693247,1073741807,1073741823,1073741823,1073741823:k9
1073741823,1073741823,1073741823,1073676287,1072693247,1071120383,1071316991,1071022079,1073070079,1073192703,1072693183,1073741823,1073741823,1073741823,1073741823:k9
1073741823,1073741823,1073741823,1073676287,1072693247,1071120383,1071316991,1071022079,1073070079,1073192687,1072693247,1073741823,1073741823,1073741823,1073741823:k9
1073741823,1073741823,1073741823,1073676287,1072693247,1071120383,1071316991,1071022079,1073070079,1073192639,1072693247,1073741823,1073741823,1073741823,1073741823:k9
1073741823,1073741823,1073741823,1073676287,1072693247,1071120383,1071316991,1071022063,1073070079,1073192703,1072693247,1073741823,1073741823,1073741823,1073741823:k9
1073741823,1073741823,1073741823,1073676287,1072693247,1071120383,1071316991,1071022079,1073070015,1073192703,1072693247,1073741823,1073741823,1073741823,1073741823:k9
1073741823,1073741823,1073741823,1073676287,1072693247,1071120383,1071316991,1071021823,1073070079,1073192703,1072693247,1073741823,1073741823,1073741823,1073741823:k9
1073741823,1073741823,1073741823,1073676287,1072693247,1071120383,1071316991,1071022079,1073069823,1073192703,1072693247,1073741823,1073741823,1073741823,1073741823:k9
1073741823,1073741823,1073741823,1073676287,1072693247,1071120383,1071316991,1071022079,1073070079,1073192703,1072693247,1073737727,1073741823,1073741823,1073741823:k9
1073741823,1073741823,1073741823,1073676287,1072693247,1071120383,1071316991,1071022079,1073070079,1073192703,1072693247,1073741567,1073741823,1073741823,1073741823:k9
1073741823,1073741823,1073741823,1073676287,1072693247,1071120383,1071316991,1071022079,1073070079,1073192703,1072692991,1073741823,1073741823,1073741823,1073741823:k9
1073741823,1073741823,1073741823,1073676287,1072693247,1071120383,1071316991,1071022079,1073070079,1056415487,1072693247,1073741823,1073741823,1073741823,1073741823:k9
1073741823,1073741823,1073741823,1073676287,1072693247,1071120383,1071316991,1071022079,1073070079,1073192703,1072692223,1073741823,1073741823,1073741823,1073741823:k9
1073741823,1073741823,1073741823,1073676287,1072693247,1071120383,1071316991,1071022079,1073069055,1073192703,1072693247,1073741823,1073741823,1073741823,1073741823:k9
1073741823,1073741823,1073741823,1073676287,1072693247,1071120383,1071315967,1071022079,1073070079,1073192703,1072693247,1073741823,1073741823,1073741823,1073741823:k9
1073741823,1073741823,1073741823,1072627711,1072693247,1071120383,1071316991,1071022079,1073070079,1073192703,1072693247,1073741823,1073741823,1073741823,1073741823:k9
1073741823,1073741823,1073741823,1056899071,1072693247,1071120383,1071316991,1071022079,1073070079,1073192703,1072693247,1073741823,1073741823,1073741823,1073741823:k9
1073741823,1073741823,1073741823,1073676287,1072693247,1054343167,1071316991,1071022079,1073070079,1073192703,1072693247,1073741823,1073741823,1073741823,1073741823:k9
1073741823,1073741823,1073741823,1073676287,1072693247,1071120383,1071316991,1054244863,1073070079,1073192703,1072693247,1073741823,1073741823,1073741823,1073741823:k9
1073741823,1073741823,1073741823,1073676287,1072676863,1071120383,1071316991,1071022079,1073070079,1073192703,1072693247,1073741823,1073741823,1073741823,1073741823:k9
1073741823,1073741823,1073741823,1073676287,1072431103,1071120383,1071316991,1071022079,1073070079,1073192703,1072693247,1073741823,1073741823,1073741823,1073741823:k9
1073741823,1073741823,1073741823,1073676287,1068498943,1071120383,1071316991,1071022079,1073070079,1073192703,1072693247,1073741823,1073741823,1073741823,1073741823:k9
1073741823,1073741823,1073741823,1073676287,1072693247,1071120383,1067122687,1071022079,1073070079,1073192703,1072693247,1073741823,1073741823,1073741823,1073741823:k9
1073741823,1073741823,1073741823,1073676287,1072693247,1071120383,1071316991,1071022079,1068875775,1073192703,1072693247,1073741823,1073741823,1073741823,1073741823:l6
1073741823,1073741823,1073741823,1073676287,1072693247,1071120383,1071316991,1071022079,1073070079,1073192703,1072693247,1073741823,1073676287,1073741823,1073741823:k9
1073741823,1073741823,1073741823,1073676287,1072693247,1071120383,1071316991,1071022079,1056292863,1073192703,1072693247,1073741823,1073741823,1073741823,1073741823:l6
1073741823,1073741823,1073741823,1073676287,1072693247,1071120383,1071316991,1071022079,1073070079,1073192703,1055916031,1073741823,1073741823,1073741823,1073741823:k9
1073741823,1073741823,1073741823,1073676287,1072693247,1071120383,1071316991,1071022079,1073070079,1073192703,1068498943,1073741823,1073741823,1073741823,1073741823:k9
1073741823,1073741823,1073741823,1073676287,1072693247,1071120383,1071316991,1071022079,1073070079,1073192703,1072693247,1073741823,1056964607,1073741823,1073741823:k9
1073741823,1073741823,1073741823,1073676287,1072693247,1071120383,1071316991,1071022079,1073070079,1073192703,1072693247,1073741823,1072693247,1073741823,1073741823:k9
1073741823,1073741823,1073741823,1073676287,1072693247,1071120383,1071316991,1071022079,1073070079,1073192703,1072693247,1072693247,1073741823,1073741823,1073741823:k9
1073741823,1073741823,1073741823,1073676287,1072693247,1071120383,1071316991,1071022079,1073070079,1073192703,1072693247,1069547519,1073741823,1073741823,1073741823:k9
1073741823,1073741823,1073741823,1073676287,1072693247,1071120383,1071316991,1071022079,1073070079,1073192703,1072431103,1073741823,1073741823,1073741823,1073741823:k9
1073741823,1073741823,1073741823,1073676287,1072693247,1071120383,1071316991,1071022079,1073070079,1073192703,1072693247,1073740799,1073741823,1073741823,1073741823:k9
1073741823,1073741823,1073741823,1073676287,1072693247,1071120383,1071316991,1071022079,1073070079,1073192703,1072693247,1073479679,1073741823,1073741823,1073741823:k9
1073741823,1073741823,1073741823,1073676287,1072693247,1071120383,1071316991,1071022079,1073070079,1073192703,1072693247,1073725439,1073741823,1073741823,1073741823:k9
1073741823,1073741823,1073741823,1073676287,1072693247,1071120383,1071316991,1071022079,1073070079,1073192703,1072676863,1073741823,1073741823,1073741823,1073741823:k9
1073741823,1073741823,1073741823,1073676287,1072693247,1071120383,1071316991,1071022079,1073070079,1073192703,1072689151,1073741823,1073741823,1073741823,1073741823:k9
1073741823,1073741823,1073741823,1073676287,1072693247,1071120383,1071316991,1071022079,1073070079,1073192703,1072627711,1073741823,1073741823,1073741823,1073741823:k9
1073741823,1073741823,1073741823,1073676287,1072693247,1071116287,1071316991,1071022079,1073070079,1073192703,1072693247,1073741823,1073741823,1073741823,1073741823:k9
1073741823,1073741823,1073741823,1073676287,1072693247,1071120383,1071316991,1071022079,1073070079,1072144127,1072693247,1073741823,1073741823,1073741823,1073741823:l6
1073741823,1073741823,1073741823,1073676287,1072693247,1071120383,1071316991,1071022079,1073070079,1073127167,1072693247,1073741823,1073741823,1073741823,1073741823:k9
1073741823,1073741823,1073741823,1073676287,1072693247,1066926079,1071316991,1071022079,1073070079,1073192703,1072693247,1073741823,1073741823,1073741823,1073741823:k9
1073741823,1073741823,1073741823,1073676287,1072693247,1071120383,1071316991,1066827775,1073070079,1073192703,1072693247,1073741823,1073741823,1073741823,1073741823:l6
1073741823,1073741823,1073741823,1073676287,1072693247,1071120383,1071316991,1071022079,1073070079,1068998399,1072693247,1073741823,1073741823,1073741823,1073741823:k9
1073741823,1073741823,1073741823,1073676287,1072689151,1071120383,1071316991,1071022079,1073070079,1073192703,1072693247,1073741823,1073741823,1073741823,1073741823:k9
1073741823,1073741823,1073741823,1073676287,1072627711,1071120383,1071316991,1071022079,1073070079,1073192703,1072693247,1073741823,1073741823,1073741823,1073741823:i6
1073741823,1073741823,1073737727,1073676287,1072627711,1070989311,1071316991,1071022079,1073070079,1073192703,1072693247,1073741823,1073741823,1073741823,1073741823:h6
1073741823,1073741823,1072693247,1073676287,1072627711,1070989311,1071316991,1071022079,1073070079,1073192703,1072693247,1073741823,1073741823,1073741823,1073741823:h6
1073741823,1073741823,1056964607,1073676287,1072627711,1070989311,1071316991,1071022079,1073070079,1073192703,1072693247,1073741823,1073741823,1073741823,1073741823:h6
1073741823,1073741823,1073741823,1069481983,1072627711,1070989311,1071316991,1071022079,1073070079,1073192703,1072693247,1073741823,1073741823,1073741823,1073741823:h6
1073741823,1073741823,1073741823,1073676287,1055850495,1070989311,1071316991,1071022079,1073070079,1073192703,1072693247,1073741823,1073741823,1073741823,1073741823:h6
1073741823,1073741823,1073741823,1073676287,1072627711,1070989311,1054539775,1071022079,1073070079,1073192703,1072693247,1073741823,1073741823,1073741823,1073741823:h6
1073741823,1073741823,1073741823,1073672191,1072627711,1070989311,1071316991,1071022079,1073070079,1073192703,1072693247,1073741823,1073741823,1073741823,1073741823:h6
1073741823,1073741823,1073741823,1073659903,1072627711,1070989311,1071316991,1071022079,1073070079,1073192703,1072693247,1073741823,1073741823,1073741823,1073741823:h6
1073741823,1073737727,1073741823,1073676287,1072627711,1070989311,1071316991,1071022079,1073070079,1073192703,1072693247,1073741823,1073741823,1073741823,1073741823:h6
1073741823,1073741823,1073725439,1073676287,1072627711,1070989311,1071316991,1071022079,1073070079,1073192703,1072693247,1073741823,1073741823,1073741823,1073741823:h6
1073741823,1073676287,1073741823,1073676287,1072627711,1070989311,1071316991,1071022079,1073070079,1073192703,1072693247,1073741823,1073741823,1073741823,1073741823:h6
1073741823,1073741823,1073676287,1073676287,1072627711,1070989311,1071316991,1071022079,1073070079,1073192703,1072693247,1073741823,1073741823,1073741823,1073741823:h6
1073741823,1072693247,1073741823,1073676287,1072627711,1070989311,1071316991,1071022079,1073070079,1073192703,1072693247,1073741823,1073741823,1073741823,1073741823:h6
1073741823,1073741823,1073479679,1073676287,1072627711,1070989311,1071316991,1071022079,1073070079,1073192703,1072693247,1073741823,1073741823,1073741823,1073741823:h6
1073741823,1073741823,1073741823,1073414143,1072627711,1070989311,1071316991,1071022079,1073070079,1073192703,1072693247,1073741823,1073741823,1073741823,1073741823:h6
1073741823,1073741823,1073741823,1073676287,1072627711,1070989311,1071316991,1071022079,1073070079,1073192703,1072693247,1073676287,1073741823,1073741823,1073741823:h6
1073741823,1073741823,1073741823,1073676287,1072627711,1070989311,1071316991,1071022079,1073070079,1073192703,1072693247,1073741807,1073741823,1073741823,1073741823:h6
1073741823,1073741823,1073741823,1073676287,1072627711,1070989311,1071316991,1071022079,1073070079,1073192703,1072693183,1073741823,1073741823,1073741823,1073741823:h6
1073741823,1073741823,1073741823,1073676287,1072627711,1070989311,1071316991,1071022079,1073070079,1073192687,1072693247,1073741823,1073741823,1073741823,1073741823:h6
1073741823,1073741823,1073741823,1073676287,1072627711,1070989311,1071316991,1071022079,1073070079,1073192639,1072693247,1073741823,1073741823,1073741823,1073741823:h6
1073741823,1073741823,1073741823,1073676287,1072627711,1070989311,1071316991,1071022063,1073070079,1073192703,1072693247,1073741823,1073741823,1073741823,1073741823:h6
1073741823,1073741823,1073741823,1073676287,1072627711,1070989311,1071316991,1071022079,1073070015,1073192703,1072693247,1073741823,1073741823,1073741823,1073741823:h6
1073741823,1073741823,1073741823,1073676287,1072627711,1070989311,1071316991,1071021823,1073070079,1073192703,1072693247,1073741823,1073741823,1073741823,1073741823:h6
1073741823,1073741823,1073741823,1073676287,1072627711,1070989311,1071316991,1071022079,1073069823,1073192703,1072693247,1073741823,1073741823,1073741823,1073741823:h6
1073741823,1073741823,1073741823,1073676287,1072627711,1070989311,1071316991,1071022079,1073070079,1073192703,1072693247,1073737727,1073741823,1073741823,1073741823:h6
1073741823,1073741823,1073741823,1073676287,1072627711,1070989311,1071316991,1071022079,1073070079,1073192703,1072693247,1073741567,1073741823,1073741823,1073741823:h6
1073741823,1073741823,1073741823,1073676287,1072627711,1070989311,1071316991,1071022079,1073070079,1073192703,1072692991,1073741823,1073741823,1073741823,1073741823:h6
1073741823,1073741823,1073741823,1073676287,1072627711,1070989311,1071316991,1071022079,1073070079,1056415487,1072693247,1073741823,1073741823,1073741823,1073741823:h6
1073741823,1073741823,1073741823,1073676287,1072627711,1070989311,1071316991,1071022079,1073070079,1073192703,1072692223,1073741823,1073741823,1073741823,1073741823:h6
1073741823,1073741823,1073741823,1073676287,1072627711,1070989311,1071316991,1071022079,1073069055,1073192703,1072693247,1073741823,1073741823,1073741823,1073741823:h6
1073741823,1073741823,1073741823,1073676287,1072627711,1070989311,1071315967,1071022079,1073070079,1073192703,1072693247,1073741823,1073741823,1073741823,1073741823:h6
1073741823,1073741823,1073741823,1072627711,1072627711,1070989311,1071316991,1071022079,1073070079,1073192703,1072693247,1073741823,1073741823,1073741823,1073741823:h6
1073741823,1073741823,1073741823,1056899071,1072627711,1070989311,1071316991,1071022079,1073070079,1073192703,1072693247,1073741823,1073741823,1073741823,1073741823:h6
1073741823,1073741823,1073741823,1073676287,1072627711,1054212095,1071316991,1071022079,1073070079,1073192703,1072693247,1073741823,1073741823,1073741823,1073741823:h6
1073741823,1073741823,1073741823,1073676287,1072627711,1070989311,1071316991,1054244863,1073070079,1073192703,1072693247,1073741823,1073741823,1073741823,1073741823:h6
1073741823,1073741823,1073741823,1073676287,1072611327,1070989311,1071316991,1071022079,1073070079,1073192703,1072693247,1073741823,1073741823,1073741823,1073741823:h6
1073741823,1073741823,1073741823,1073676287,1072365567,1070989311,1071316991,1071022079,1073070079,1073192703,1072693247,1073741823,1073741823,1073741823,1073741823:h6
1073741823,1073741823,1073741823,1073676287,1068433407,1070989311,1071316991,1071022079,1073070079,1073192703,1072693247,1073741823,1073741823,1073741823,1073741823:h6
1073741823,1073741823,1073741823,1073676287,1072627711,1070989311,1067122687,1071022079,1073070079,1073192703,1072693247,1073741823,1073741823,1073741823,1073741823:h6
1073741823,1073741823,1073741823,1073676287,1072627711,1070989311,1071316991,1071022079,1068875775,1073192703,1072693247,1073741823,1073741823,1073741823,1073741823:h6
1073741823,1073741823,1073741823,1073676287,1072627711,1070989311,1071316991,1071022079,1073070079,1073192703,1072693247,1073741823,1073676287,1073741823,1073741823:h6
1073741823,1073741823,1073741823,1073676287,1072627711,1070989311,1071316991,1071022079,1056292863,1073192703,1072693247,1073741823,1073741823,1073741823,1073741823:h6
1073741823,1073741823,1073741823,1073676287,1072627711,1070989311,1071316991,1071022079,1073070079,1073192703,1055916031,1073741823,1073741823,1073741823,1073741823:h6
1073741823,1073741823,1073741823,1073676287,1072627711,1070989311,1071316991,1071022079,1073070079,1073192703,1068498943,1073741823,1073741823,1073741823,1073741823:h6
1073741823,1073741823,1073741823,1073676287,1072627711,1070989311,1071316991,1071022079,1073070079,1073192703,1072693247,1073741823,1056964607,1073741823,1073741823:h6
1073741823,1073741823,1073741823,1073676287,1072627711,1070989311,1071316991,1071022079,1073070079,1073192703,1072693247,1073741823,1072693247,1073741823,1073741823:h6
1073741823,1073741823,1073741823,1073676287,1072627711,1070989311,1071316991,1071022079,1073070079,1073192703,1072693247,1072693247,1073741823,1073741823,1073741823:h6
1073741823,1073741823,1073741823,1073676287,1072627711,1070989311,1071316991,1071022079,1073070079,1073192703,1072693247,1069547519,1073741823,1073741823,1073741823:h6
1073741823,1073741823,1073741823,1073676287,1072627711,1070989311,1071316991,1071022079,1073070079,1073192703,1072431103,1073741823,1073741823,1073741823,1073741823:h6
1073741823,1073741823,1073741823,1073676287,1072627711,1070989311,1071316991,1071022079,1073070079,1073192703,1072693247,1073740799,1073741823,1073741823,1073741823:h6
1073741823,1073741823,1073741823,1073676287,1072627711,1070989311,1071316991,1071022079,1073070079,1073192703,1072693247,1073479679,1073741823,1073741823,1073741823:h6
1073741823,1073741823,1073741823,1073676287,1072627711,1070989311,1071316991,1071022079,1073070079,1073192703,1072693247,1073725439,1073741823,1073741823,1073741823:h6
1073741823,1073741823,1073741823,1073676287,1072627711,1070989311,1071316991,1071022079,1073070079,1073192703,1072676863,1073741823,1073741823,1073741823,1073741823:h6
1073741823,1073741823,1073741823,1073676287,1072627711,1070989311,1071316991,1071022079,1073070079,1073192703,1072689151,1073741823,1073741823,1073741823,1073741823:h6
1073741823,1073741823,1073741823,1073676287,1072627711,1070989311,1071316991,1071022079,1073070079,1073192703,1072627711,1073741823,1073741823,1073741823,1073741823:h6
1073741823,1073741823,1073741823,1073676287,1072627711,1070985215,1071316991,1071022079,1073070079,1073192703,1072693247,1073741823,1073741823,1073741823,1073741823:l6
1073741823,1073741823,1073741823,1073676287,1072627711,1070989311,1071316991,1071022079,1073070079,1072144127,1072693247,1073741823,1073741823,1073741823,1073741823:h6
1073741823,1073741823,1073741823,1073676287,1072627711,1070989311,1071316991,1071022079,1073070079,1073127167,1072693247,1073741823,1073741823,1073741823,1073741823:h6
1073741823,1073741823,1073741823,1073676287,1072627711,1066795007,1071316991,1071022079,1073070079,1073192703,1072693247,1073741823,1073741823,1073741823,1073741823:k9
1073741823,1073741823,1073741823,1073676287,1072627711,1070989311,1071316991,1066827775,1073070079,1073192703,1072693247,1073741823,1073741823,1073741823,1073741823:h6
1073741823,1073741823,1073741823,1073676287,1072627711,1070989311,1071316991,1071022079,1073070079,1068998399,1072693247,1073741823,1073741823,1073741823,1073741823:h6
1073741823,1073741823,1073741823,1073676287,1072623615,1070989311,1071316991,1071022079,1073070079,1073192703,1072693247,1073741823,1073741823,1073741823,1073741823:h6
1073741823,1073741823,1073741823,1073676287,1072627711,1070989311,1071316991,1071022079,1072021503,1073192703,1072693247,1073741823,1073741823,1073741823,1073741823:h6
1073741823,1073741823,1073741823,1073676287,1072627711,1070989311,1071316991,1071022079,1073070079,1073191679,1072693247,1073741823,1073741823,1073741823,1073741823:h6
1073741823,1073741823,1073741823,1073676287,1072627711,1070989311,1071316991,1071022079,1073065983,1073192703,1072693247,1073741823,1073741823,1073741823,1073741823:h6
1073741823,1073741823,1073741823,1073676287,1072627711,1070989311,1071316991,1071021055,1073070079,1073192703,1072693247,1073741823,1073741823,1073741823,1073741823:h6
1073741823,1073741823,1073741823,1073676287,1072627711,1070989311,1071316991,1071017983,1073070079,1073192703,1072693247,1073741823,1073741823,1073741823,1073741823:h6
1073741823,1073741823,1073741823,1073676287,1072627711,1070988287,1071316991,1071022079,1073070079,1073192703,1072693247,1073741823,1073741823,1073741823,1073741823:h6
1073741823,1073741823,1073741823,1073676287,1072627711,1070989311,1071312895,1071022079,1073070079,1073192703,1072693247,1073741823,1073741823,1073741823,1073741823:h6
1073741823,1073741823,1073741823,1073676287,1072627711,1070972927,1071316991,1071022079,1073070079,1073192703,1072693247,1073741823,1073741823,1073741823,1073741823:l6
1073741823,1073741823,1073741823,1073676287,1072627711,1070989311,1071300607,1071022079,1073070079,1073192703,1072693247,1073741823,1073741823,1073741823,1073741823:h6
1073741823,1073741823,1073741823,1073676287,1072693247,1071054847,1071316991,1071022079,1073070079,1073192703,1072693247,1073741823,1073741823,1073741823,1073741823:i5
1073741823,1073741823,1073737727,1073676287,1072562175,1071054847,1071316991,1071022079,1073070079,1073192703,1072693247,1073741823,1073741823,1073741823,1073741823:l8
1073741823,1073741823,1072693247,1073676287,1072562175,1071054847,1071316991,1071022079,1073070079,1073192703,1072693247,1073741823,1073741823,1073741823,1073741823:h4
1073741823,1073741823,1056964607,1073676287,1072562175,1071054847,1071316991,1071022079,1073070079,1073192703,1072693247,1073741823,1073741823,1073741823,1073741823:h4
1073741823,1073741823,1073741823,1069481983,1072562175,1071054847,1071316991,1071022079,1073070079,1073192703,1072693247,1073741823,1073741823,1073741823,1073741823:h4
1073741823,1073741823,1073741823,1073676287,1055784959,1071054847,1071316991,1071022079,1073070079,1073192703,1072693247,1073741823,1073741823,1073741823,1073741823:h4
1073741823,1073741823,1073741823,1073676287,1072562175,1071054847,1054539775,1071022079,1073070079,1073192703,1072693247,1073741823,1073741823,1073741823,1073741823:h4
1073741823,1073741823,1073741823,1073672191,1072562175,1071054847,1071316991,1071022079,1073070079,1073192703,1072693247,1073741823,1073741823,1073741823,1073741823:h4
1073741823,1073741823,1073741823,1073659903,1072562175,1071054847,1071316991,1071022079,1073070079,1073192703,1072693247,1073741823,1073741823,1073741823,1073741823:l8
1073741823,1073737727,1073741823,1073676287,1072562175,1071054847,1071316991,1071022079,1073070079,1073192703,1072693247,1073741823,1073741823,1073741823,1073741823:h4
1073741823,1073741823,1073725439,1073676287,1072562175,1071054847,1071316991,1071022079,1073070079,1073192703,1072693247,1073741823,1073741823,1073741823,1073741823:h4
1073741823,1073676287,1073741823,1073676287,1072562175,1071054847,1071316991,1071022079,1073070079,1073192703,1072693247,1073741823,1073741823,1073741823,1073741823:h4
1073741823,1073741823,1073676287,1073676287,1072562175,1071054847,1071316991,1071022079,1073070079,1073192703,1072693247,1073741823,1073741823,1073741823,1073741823:h4
1073741823,1072693247,1073741823,1073676287,1072562175,1071054847,1071316991,1071022079,1073070079,1073192703,1072693247,1073741823,1073741823,1073741823,1073741823:h4
1073741823,1073741823,1073479679,1073676287,1072562175,1071054847,1071316991,1071022079,1073070079,1073192703,1072693247,1073741823,1073741823,1073741823,1073741823:h4
1073741823,1073741823,1073741823,1073414143,1072562175,1071054847,1071316991,1071022079,1073070079,1073192703,1072693247,1073741823,1073741823,1073741823,1073741823:h4
1073741823,1073741823,1073741823,1073676287,1072562175,1071054847,1071316991,1071022079,1073070079,1073192703,1072693247,1073676287,1073741823,1073741823,1073741823:h4
1073741823,1073741823,1073741823,1073676287,1072562175,1071054847,1071316991,1071022079,1073070079,1073192703,1072693247,1073741807,1073741823,1073741823,1073741823:h4
1073741823,1073741823,1073741823,1073676287,1072562175,1071054847,1071316991,1071022079,1073070079,1073192703,1072693183,1073741823,1073741823,1073741823,1073741823:h4
1073741823,1073741823,1073741823,1073676287,1072562175,1071054847,1071316991,1071022079,1073070079,1073192687,1072693247,1073741823,1073741823,1073741823,1073741823:h4
1073741823,1073741823,1073741823,1073676287,1072562175,1071054847,1071316991,1071022079,1073070079,1073192639,1072693247,1073741823,1073741823,1073741823,1073741823:h4
1073741823,1073741823,1073741823,1073676287,1072562175,1071054847,1071316991,1071022063,1073070079,1073192703,1072693247,1073741823,1073741823,1073741823,1073741823:h4
1073741823,1073741823,1073741823,1073676287,1072562175,1071054847,1071316991,1071022079,1073070015,1073192703,1072693247,1073741823,1073741823,1073741823,1073741823:h4
1073741823,1073741823,1073741823,1073676287,1072562175,1071054847,1071316991,1071021823,1073070079,1073192703,1072693247,1073741823,1073741823,1073741823,1073741823:h4
1073741823,1073741823,1073741823,1073676287,1072562175,1071054847,1071316991,1071022079,1073069823,1073192703,1072693247,1073741823,1073741823,1073741823,1073741823:h4
1073741823,1073741823,1073741823,1073676287,1072562175,1071054847,1071316991,1071022079,1073070079,1073192703,1072693247,1073737727,1073741823,1073741823,1073741823:h4
1073741823,1073741823,1073741823,1073676287,1072562175,1071054847,1071316991,1071022079,1073070079,1073192703,1072693247,1073741567,1073741823,1073741823,1073741823:h4
1073741823,1073741823,1073741823,1073676287,1072562175,1071054847,1071316991,1071022079,1073070079,1073192703,1072692991,1073741823,1073741823,1073741823,1073741823:h4
1073741823,1073741823,1073741823,1073676287,1072562175,1071054847,1071316991,1071022079,1073070079,1056415487,1072693247,1073741823,1073741823,1073741823,1073741823:h4
1073741823,1073741823,1073741823,1073676287,1072562175,1071054847,1071316991,1071022079,1073070079,1073192703,1072692223,1073741823,1073741823,1073741823,1073741823:h4
1073741823,1073741823,1073741823,1073676287,1072562175,1071054847,1071316991,1071022079,1073069055,1073192703,1072693247,1073741823,1073741823,1073741823,1073741823:h4
1073741823,1073741823,1073741823,1073676287,1072562175,1071054847,1071315967,1071022079,1073070079,1073192703,1072693247,1073741823,1073741823,1073741823,1073741823:h4
1073741823,1073741823,1073741823,1072627711,1072562175,1071054847,1071316991,1071022079,1073070079,1073192703,1072693247,1073741823,1073741823,1073741823,1073741823:h4
1073741823,1073741823,1073741823,1056899071,1072562175,1071054847,1071316991,1071022079,1073070079,1073192703,1072693247,1073741823,1073741823,1073741823,1073741823:h4
1073741823,1073741823,1073741823,1073676287,1072562175,1054277631,1071316991,1071022079,1073070079,1073192703,1072693247,1073741823,1073741823,1073741823,1073741823:h4
1073741823,1073741823,1073741823,1073676287,1072562175,1071054847,1071316991,1054244863,1073070079,1073192703,1072693247,1073741823,1073741823,1073741823,1073741823:h4
1073741823,1073741823,1073741823,1073676287,1072545791,1071054847,1071316991,1071022079,1073070079,1073192703,1072693247,1073741823,1073741823,1073741823,1073741823:h4
1073741823,1073741823,1073741823,1073676287,1072300031,1071054847,1071316991,1071022079,1073070079,1073192703,1072693247,1073741823,1073741823,1073741823,1073741823:h4
1073741823,1073741823,1073741823,1073676287,1068367871,1071054847,1071316991,1071022079,1073070079,1073192703,1072693247,1073741823,1073741823,1073741823,1073741823:h4
1073741823,1073741823,1073741823,1073676287,1072562175,1071054847,1067122687,1071022079,1073070079,1073192703,1072693247,1073741823,1073741823,1073741823,1073741823:h4
1073741823,1073741823,1073741823,1073676287,1072562175,1071054847,1071316991,1071022079,1068875775,1073192703,1072693247,1073741823,1073741823,1073741823,1073741823:h4
1073741823,1073741823,1073741823,1073676287,1072562175,1071054847,1071316991,1071022079,1073070079,1073192703,1072693247,1073741823,1073676287,1073741823,1073741823:h4
1073741823,1073741823,1073741823,1073676287,1072562175,1071054847,1071316991,1071022079,1056292863,1073192703,1072693247,1073741823,1073741823,1073741823,1073741823:h4
1073741823,1073741823,1073741823,1073676287,1072562175,1071054847,1071316991,1071022079,1073070079,1073192703,1055916031,1073741823,1073741823,1073741823,1073741823:h4
1073741823,1073741823,1073741823,1073676287,1072562175,1071054847,1071316991,1071022079,1073070079,1073192703,1068498943,1073741823,1073741823,1073741823,1073741823:h4
1073741823,1073741823,1073741823,1073676287,1072562175,1071054847,1071316991,1071022079,1073070079,1073192703,1072693247,1073741823,1056964607,1073741823,1073741823:h4
1073741823,1073741823,1073741823,1073676287,1072562175,1071054847,1071316991,1071022079,1073070079,1073192703,1072693247,1073741823,1072693247,1073741823,1073741823:h4
1073741823,1073741823,1073741823,1073676287,1072562175,1071054847,1071316991,1071022079,1073070079,1073192703,1072693247,1072693247,1073741823,1073741823,1073741823:h4
1073741823,1073741823,1073741823,1073676287,1072562175,1071054847,1071316991,1071022079,1073070079,1073192703,1072693247,1069547519,1073741823,1073741823,1073741823:h4
1073741823,1073741823,1073741823,1073676287,1072562175,1071054847,1071316991,1071022079,1073070079,1073192703,1072431103,1073741823,1073741823,1073741823,1073741823:h4
1073741823,1073741823,1073741823,1073676287,1072562175,1071054847,1071316991,1071022079,1073070079,1073192703,1072693247,1073740799,1073741823,1073741823,1073741823:h4
1073741823,1073741823,1073741823,1073676287,1072562175,1071054847,1071316991,1071022079,1073070079,1073192703,1072693247,1073479679,1073741823,1073741823,1073741823:h4
1073741823,1073741823,1073741823,1073676287,1072562175,1071054847,1071316991,1071022079,1073070079,1073192703,1072693247,1073725439,1073741823,1073741823,1073741823:h4
1073741823,1073741823,1073741823,1073676287,1072562175,1071054847,1071316991,1071022079,1073070079,1073192703,1072676863,1073741823,1073741823,1073741823,1073741823:h4
1073741823,1073741823,1073741823,1073676287,1072562175,1071054847,1071316991,1071022079,1073070079,1073192703,1072689151,1073741823,1073741823,1073741823,1073741823:h4
1073741823,1073741823,1073741823,1073676287,1072562175,1071054847,1071316991,1071022079,1073070079,1073192703,1072627711,1073741823,1073741823,1073741823,1073741823:h4
1073741823,1073741823,1073741823,1073676287,1072562175,1071050751,1071316991,1071022079,1073070079,1073192703,1072693247,1073741823,1073741823,1073741823,1073741823:h4
1073741823,1073741823,1073741823,1073676287,1072562175,1071054847,1071316991,1071022079,1073070079,1072144127,1072693247,1073741823,1073741823,1073741823,1073741823:h4
1073741823,1073741823,1073741823,1073676287,1072562175,1071054847,1071316991,1071022079,1073070079,1073127167,1072693247,1073741823,1073741823,1073741823,1073741823:h4
1073741823,1073741823,1073741823,1073676287,1072562175,1066860543,1071316991,1071022079,1073070079,1073192703,1072693247,1073741823,1073741823,1073741823,1073741823:h4
1073741823,1073741823,1073741823,1073676287,1072562175,1071054847,1071316991,1066827775,1073070079,1073192703,1072693247,1073741823,1073741823,1073741823,1073741823:l6
1073741823,1073741823,1073741823,1073676287,1072562175,1071054847,1071316991,1071022079,1073070079,1068998399,1072693247,1073741823,1073741823,1073741823,1073741823:h4
1073741823,1073741823,1073741823,1073676287,1072558079,1071054847,1071316991,1071022079,1073070079,1073192703,1072693247,1073741823,1073741823,1073741823,1073741823:h4
1073741823,1073741823,1073741823,1073676287,1072562175,1071054847,1071316991,1071022079,1072021503,1073192703,1072693247,1073741823,1073741823,1073741823,1073741823:h4
1073741823,1073741823,1073741823,1073676287,1072562175,1071054847,1071316991,1071022079,1073070079,1073191679,1072693247,1073741823,1073741823,1073741823,1073741823:h4
1073741823,1073741823,1073741823,1073676287,1072562175,1071054847,1071316991,1071022079,1073065983,1073192703,1072693247,1073741823,1073741823,1073741823,1073741823:h4
1073741823,1073741823,1073741823,1073676287,1072562175,1071054847,1071316991,1071021055,1073070079,1073192703,1072693247,1073741823,1073741823,1073741823,1073741823:h4
1073741823,1073741823,1073741823,1073676287,1072562175,1071054847,1071316991,1071017983,1073070079,1073192703,1072693247,1073741823,1073741823,1073741823,1073741823:h4
1073741823,1073741823,1073741823,1073676287,1072562175,1071053823,1071316991,1071022079,1073070079,1073192703,1072693247,1073741823,1073741823,1073741823,1073741823:h4
1073741823,1073741823,1073741823,1073676287,1072562175,1071054847,1071312895,1071022079,1073070079,1073192703,1072693247,1073741823,1073741823,1073741823,1073741823:h4
1073741823,1073741823,1073741823,1073676287,1072562175,1071038463,1071316991,1071022079,1073070079,1073192703,1072693247,1073741823,1073741823,1073741823,1073741823:h4
1073741823,1073741823,1073741823,1073676287,1072562175,1071054847,1071300607,1071022079,1073070079,1073192703,1072693247,1073741823,1073741823,1073741823,1073741823:h4
1073741823,1073741823,1073741823,1073676287,1072693247,1071120383,1071316991,1071022079,1072021503,1073192703,1072693247,1073741823,1073741823,1073741823,1073741823:l6
1073741823,1073741823,1073741823,1073676287,1072693247,1071120383,1071316991,1071022079,1073070079,1073191679,1072693247,1073741823,1073741823,1073741823,1073741823:k9
1073741823,1073741823,1073741823,1073676287,1072693247,1071120383,1071316991,1071022079,1073065983,1073192703,1072693247,1073741823,1073741823,1073741823,1073741823:k9
1073741823,1073741823,1073741823,1073676287,1072693247,1071120383,1071316991,1071021055,1073070079,1073192703,1072693247,1073741823,1073741823,1073741823,1073741823:k9
1073741823,1073741823,1073741823,1073676287,1072693247,1071120383,1071316991,1071017983,1073070079,1073192703,1072693247,1073741823,1073741823,1073741823,1073741823:k9
1073741823,1073741823,1073741823,1073676287,1072693247,1071119359,1071316991,1071022079,1073070079,1073192703,1072693247,1073741823,1073741823,1073741823,1073741823:k9
1073741823,1073741823,1073741823,1073676287,1072693247,1071120383,1071312895,1071022079,1073070079,1073192703,1072693247,1073741823,1073741823,1073741823,1073741823:k9
1073741823,1073741823,1073741823,1073676287,1072693247,1071103999,1071316991,1071022079,1073070079,1073192703,1072693247,1073741823,1073741823,1073741823,1073741823:k9
1073741823,1073741823,1073741823,1073676287,1072693247,1071120383,1071300607,1071022079,1073070079,1073192703,1072693247,1073741823,1073741823,1073741823,1073741823:k9
1073741823,1073741823,1073741823,1073676287,1073741823,1071644671,1071316991,1071022079,1072021503,1073192703,1072693247,1073741823,1073741823,1073741823,1073741823:l6
1073741823,1073741823,1073741823,1073676287,1073741823,1071644671,1071316991,1071022079,1073070079,1073191679,1072693247,1073741823,1073741823,1073741823,1073741823:k5
1073741823,1073741823,1073741823,1073676287,1073741823,1071644671,1071316991,1071022079,1073065983,1073192703,1072693247,1073741823,1073741823,1073741823,1073741823:k5
1073741823,1073741823,1073741823,1073676287,1073741823,1071644671,1071316991,1071021055,1073070079,1073192703,1072693247,1073741823,1073741823,1073741823,1073741823:k5
1073741823,1073741823,1073741823,1073676287,1073741823,1071644671,1071316991,1071017983,1073070079,1073192703,1072693247,1073741823,1073741823,1073741823,1073741823:k5
1073741823,1073741823,1073741823,1073676287,1073741823,1071643647,1071316991,1071022079,1073070079,1073192703,1072693247,1073741823,1073741823,1073741823,1073741823:k5
1073741823,1073741823,1073741823,1073676287,1073741823,1071644671,1071312895,1071022079,1073070079,1073192703,1072693247,1073741823,1073741823,1073741823,1073741823:k5
1073741823,1073741823,1073741823,1073676287,1073741823,1071628287,1071316991,1071022079,1073070079,1073192703,1072693247,1073741823,1073741823,1073741823,1073741823:k5
1073741823,1073741823,1073741823,1073676287,1073741823,1071644671,1071300607,1071022079,1073070079,1073192703,1072693247,1073741823,1073741823,1073741823,1073741823:k5
1073741823,1073741823,1073741823,1073676287,1073741823,1071382527,1071316991,1071022079,1073070079,1073192703,1072693247,1073741823,1073741823,1073741823,1073741823:k5
