1073741823,1073741823,1073741823,1073741823,1073737727,1073716223,1073668095,1073111039,1073348095,1073725439,1073741823,1073741823,1073741823,1073741823,1073741823:f7
1073741823,1073741823,1073741823,1073741823,1073737727,1073716223,1073665983,1073111039,1073348095,1073725439,1073741823,1073741823,1073741823,1073741823,1073741823:g9
1073741823,1073741823,1073741823,1073741823,1073737663,1073716223,1073666047,1073111039,1073348095,1073725439,1073741823,1073741823,1073741823,1073741823,1073741823:g9
1073741823,1073741823,1073741823,1073479679,1073737727,1073716223,1073666047,1073111039,1073348095,1073725439,1073741823,1073741823,1073741823,1073741823,1073741823:g9
1073741823,1073741823,1073741823,1073741823,1073737727,1073716223,1073666047,1073111039,1073348095,1073725439,1073741807,1073741823,1073741823,1073741823,1073741823:g9
1073741823,1073741823,1073741823,1073741823,1073737727,1073716223,1073666047,1073111039,1073348095,1073725375,1073741823,1073741823,1073741823,1073741823,1073741823:g9
1073741823,1073741823,1073741823,1073741823,1073737727,1073716223,1073666047,1073111039,1073348079,1073725439,1073741823,1073741823,1073741823,1073741823,1073741823:g9
1073741823,1073741823,1073741823,1073741823,1073737727,1073716223,1073666047,1073111039,1073348031,1073725439,1073741823,1073741823,1073741823,1073741823,1073741823:g9
1073741823,1073741823,1073741823,1073741823,1073737727,1073716223,1073666031,1073111039,1073348095,1073725439,1073741823,1073741823,1073741823,1073741823,1073741823:g9
1073741823,1073741823,1073741823,1073741823,1073737727,1073716223,1073666047,1073111039,1073348095,1073725439,1073741567,1073741823,1073741823,1073741823,1073741823:g9
1073741823,1073741823,1073741567,1073741823,1073737727,1073716223,1073666047,1073111039,1073348095,1073725439,1073741823,1073741823,1073741823,1073741823,1073741823:f4
1073741823,1073725439,1073741567,1073739775,1073737727,1073716223,1073666047,1073111039,1073348095,1073725439,1073741823,1073741823,1073741823,1073741823,1073741823:g9
1073741823,1073741823,1073741567,1073739775,1073737711,1073716223,1073666047,1073111039,1073348095,1073725439,1073741823,1073741823,1073741823,1073741823,1073741823:g9
1073741823,1073741823,1073741551,1073739775,1073737727,1073716223,1073666047,1073111039,1073348095,1073725439,1073741823,1073741823,1073741823,1073741823,1073741823:g9
1073741823,1073741823,1073741503,1073739775,1073737727,1073716223,1073666047,1073111039,1073348095,1073725439,1073741823,1073741823,1073741823,1073741823,1073741823:g9
1073741807,1073741823,1073741567,1073739775,1073737727,1073716223,1073666047,1073111039,1073348095,1073725439,1073741823,1073741823,1073741823,1073741823,1073741823:g9
1073741823,1073741759,1073741567,1073739775,1073737727,1073716223,1073666047,1073111039,1073348095,1073725439,1073741823,1073741823,1073741823,1073741823,1073741823:g9
1073741567,1073741823,1073741567,1073739775,1073737727,1073716223,1073666047,1073111039,1073348095,1073725439,1073741823,1073741823,1073741823,1073741823,1073741823:g9
1073741823,1073741567,1073741567,1073739775,1073737727,1073716223,1073666047,1073111039,1073348095,1073725439,1073741823,1073741823,1073741823,1073741823,1073741823:g9
1073737727,1073741823,1073741567,1073739775,1073737727,1073716223,1073666047,1073111039,1073348095,1073725439,1073741823,1073741823,1073741823,1073741823,1073741823:g9
1073741823,1073740799,1073741567,1073739775,1073737727,1073716223,1073666047,1073111039,1073348095,1073725439,1073741823,1073741823,1073741823,1073741823,1073741823:g9
1073741823,1073741823,1073740543,1073739775,1073737727,1073716223,1073666047,1073111039,1073348095,1073725439,1073741823,1073741823,1073741823,1073741823,1073741823:g9
1073741823,1073741823,1073741567,1073739775,1073737727,1073716223,1073665983,1073111039,1073348095,1073725439,1073741823,1073741823,1073741823,1073741823,1073741823:g9
1073741823,1073741823,1073741567,1073739775,1073737663,1073716223,1073666047,1073111039,1073348095,1073725439,1073741823,1073741823,1073741823,1073741823,1073741823:g9
1073741823,1073741823,1073741567,1073477631,1073737727,1073716223,1073666047,1073111039,1073348095,1073725439,1073741823,1073741823,1073741823,1073741823,1073741823:g9
1073741823,1073741823,1073741567,1073739775,1073737727,1073716223,1073666047,1073111039,1073348095,1073725439,1073741807,1073741823,1073741823,1073741823,1073741823:g9
1073741823,1073741823,1073741567,1073739775,1073737727,1073716223,1073666047,1073111039,1073348095,1073725375,1073741823,1073741823,1073741823,1073741823,1073741823:g9
1073741823,1073741823,1073741567,1073739775,1073737727,1073716223,1073666047,1073111039,1073348079,1073725439,1073741823,1073741823,1073741823,1073741823,1073741823:g9
1073741823,1073741823,1073741567,1073739775,1073737727,1073716223,1073666047,1073111039,1073348031,1073725439,1073741823,1073741823,1073741823,1073741823,1073741823:g9
1073741823,1073741823,1073741567,1073739775,1073737727,1073716223,1073666031,1073111039,1073348095,1073725439,1073741823,1073741823,1073741823,1073741823,1073741823:g9
1073741823,1073741823,1073741567,1073739775,1073737727,1073716223,1073666047,1073111039,1073348095,1073725439,1073741567,1073741823,1073741823,1073741823,1073741823:g9
1073741823,1073741823,1073737471,1073739775,1073737727,1073716223,1073666047,1073111039,1073348095,1073725439,1073741823,1073741823,1073741823,1073741823,1073741823:g9
1073741823,1073741823,1073676031,1073739775,1073737727,1073716223,1073666047,1073111039,1073348095,1073725439,1073741823,1073741823,1073741823,1073741823,1073741823:g9
1073741823,1073741823,1073741567,1073739519,1073737727,1073716223,1073666047,1073111039,1073348095,1073725439,1073741823,1073741823,1073741823,1073741823,1073741823:g9
1073741823,1073741823,1073741567,1073735679,1073737727,1073716223,1073666047,1073111039,1073348095,1073725439,1073741823,1073741823,1073741823,1073741823,1073741823:g9
1073741823,1073741823,1073741567,1073674239,1073737727,1073716223,1073666047,1073111039,1073348095,1073725439,1073741823,1073741823,1073741823,1073741823,1073741823:g9
1073741823,1073741823,1073741567,1073739775,1073721343,1073716223,1073666047,1073111039,1073348095,1073725439,1073741823,1073741823,1073741823,1073741823,1073741823:g9
1073741823,1073741823,1073741567,1073739775,1073737727,1073716223,1073666047,1073110975,1073348095,1073725439,1073741823,1073741823,1073741823,1073741823,1073741823:g9
1073741823,1073741823,1073741567,1073739775,1073737727,1073716159,1073666047,1073111039,1073348095,1073725439,1073741823,1073741823,1073741823,1073741823,1073741823:g9
1073741823,1073741823,1073741567,1073739711,1073737727,1073716223,1073666047,1073111039,1073348095,1073725439,1073741823,1073741823,1073741823,1073741823,1073741823:g9
1073741823,1073741823,1073741567,1073739775,1073736703,1073716223,1073666047,1073111039,1073348095,1073725439,1073741823,1073741823,1073741823,1073741823,1073741823:g9
1073741823,1073741823,1073741567,1073723391,1073737727,1073716223,1073666047,1073111039,1073348095,1073725439,1073741823,1073741823,1073741823,1073741823,1073741823:g9
1073741823,1073741823,1073741567,1073739775,1073737727,1073716223,1073665791,1073111039,1073348095,1073725439,1073741823,1073741823,1073741823,1073741823,1073741823:g9
1073741823,1073741823,1073741567,1073739775,1073737471,1073716223,1073666047,1073111039,1073348095,1073725439,1073741823,1073741823,1073741823,1073741823,1073741823:g9
1073741823,1073741823,1073741567,1073739775,1073737727,1072667647,1073666047,1073111039,1073348095,1073725439,1073741823,1073741823,1073741823,1073741823,1073741823:g9
1073741823,1073741823,1073741567,1073739775,1073737727,1073716223,1073666047,1073111039,1073348095,1073725183,1073741823,1073741823,1073741823,1073741823,1073741823:g9
1073741823,1073741823,1073741567,1073739775,1073737727,1073716223,1073666047,1073111039,1073347071,1073725439,1073741823,1073741823,1073741823,1073741823,1073741823:e8
1073741823,1073741823,1073741567,1073739775,1073737727,1073716223,1073666047,1073110783,1073348095,1073725439,1073741823,1073741823,1073741823,1073741823,1073741823:g9
1073741823,1073741823,1073741567,1073739775,1073737727,1073715967,1073666047,1073111039,1073348095,1073725439,1073741823,1073741823,1073741823,1073741823,1073741823:g9
1073741823,1073741823,1073741567,1073739775,1073737727,1073716223,1073666047,1073111039,1073348095,1073725439,1073741823,1073740799,1073741823,1073741823,1073741823:g9
1073741823,1073741823,1073741567,1073739775,1073737727,1073716223,1073666047,1073111039,1073348095,1073721343,1073741823,1073741823,1073741823,1073741823,1073741823:e8
1073741823,1073741823,1073741567,1073739775,1073737727,1073716223,1073666047,1073111039,1073348095,1073725439,1073741823,1073479679,1073741823,1073741823,1073741823:g9
1073741823,1073741823,1073741567,1073739775,1073737727,1073716223,1073666047,1073111039,1073348095,1073725439,1073741823,1073725439,1073741823,1073741823,1073741823:g9
1073741823,1073741823,1073741567,1073739775,1073737727,1073716223,1073666047,1073111039,1073348095,1073725439,1073737727,1073741823,1073741823,1073741823,1073741823:g9
1073741823,1073741823,1073741567,1073739775,1073737727,1073716223,1073666047,1073111039,1073348095,1073725439,1072693247,1073741823,1073741823,1073741823,1073741823:g9
1073741823,1073741823,1073741567,1073739775,1073737727,1073716223,1073666047,1073111039,1073348095,1073725439,1073676287,1073741823,1073741823,1073741823,1073741823:g9
1073741823,1073741823,1073741567,1073739775,1073737727,1073716223,1073666047,1073111039,1073348095,1073725439,1073725439,1073741823,1073741823,1073741823,1073741823:g9
1073741823,1073741823,1073741567,1073739775,1073737727,1073716223,1073666047,1073111039,1073348095,1073659903,1073741823,1073741823,1073741823,1073741823,1073741823:g9
1073741823,1073741823,1073741567,1073739775,1073737727,1073716223,1069471743,1073111039,1073348095,1073725439,1073741823,1073741823,1073741823,1073741823,1073741823:g9
1073741823,1073741823,1073741567,1073739775,1073737727,1073716223,1073666047,1073111039,1069153791,1073725439,1073741823,1073741823,1073741823,1073741823,1073741823:g9
1073741823,1073741823,1073741567,1073739775,1073737727,1073716223,1073666047,1073111039,1073348095,1073725439,1069547519,1073741823,1073741823,1073741823,1073741823:g9
1073741823,1073741823,1073741567,1073739775,1073737727,1073716223,1073666047,1073111039,1073348095,1072676863,1073741823,1073741823,1073741823,1073741823,1073741823:g9
1073741823,1073741823,1073741567,1073739775,1073737727,1073716223,1073666047,1073111039,1073348095,1073725439,1073479679,1073741823,1073741823,1073741823,1073741823:g9
1073741823,1073741823,1073741567,1073739775,1073737727,1069521919,1073666047,1073111039,1073348095,1073725439,1073741823,1073741823,1073741823,1073741823,1073741823:g9
1073741823,1073741823,1073741567,1073739775,1073737727,1073716223,1073666047,1068916735,1073348095,1073725439,1073741823,1073741823,1073741823,1073741823,1073741823:g9
1073741823,1073741823,1073741567,1073739775,1073737727,1073716223,1073666047,1072062463,1073348095,1073725439,1073741823,1073741823,1073741823,1073741823,1073741823:g9
1073741823,1073741823,1073741567,1073739775,1073737727,1073716223,1073666047,1073111039,1073348095,1069531135,1073741823,1073741823,1073741823,1073741823,1073741823:g9
1073741823,1073741823,1073741567,1073739775,1073672191,1073716223,1073666047,1073111039,1073348095,1073725439,1073741823,1073741823,1073741823,1073741823,1073741823:g9
1073741823,1073741823,1073741567,1073739775,1073737727,1073650687,1073666047,1073111039,1073348095,1073725439,1073741823,1073741823,1073741823,1073741823,1073741823:g9
1073741823,1073741823,1073741567,1073739775,1072689151,1073716223,1073666047,1073111039,1073348095,1073725439,1073741823,1073741823,1073741823,1073741823,1073741823:g9
1073741823,1073741823,1073741567,1073739775,1073737727,1073716223,1072617471,1073111039,1073348095,1073725439,1073741823,1073741823,1073741823,1073741823,1073741823:g9
1073741823,1073741823,1073741567,1073739775,1073737727,1073716223,1073403903,1073111039,1073348095,1073725439,1073741823,1073741823,1073741823,1073741823,1073741823:g9
1073741823,1073741823,1073741567,1073739775,1073737727,1073716223,1073666047,1073111039,1072299519,1073725439,1073741823,1073741823,1073741823,1073741823,1073741823:g9
1073741823,1073741823,1073741567,1073739775,1073737727,1073716223,1073666047,1073111039,1073348095,1073724415,1073741823,1073741823,1073741823,1073741823,1073741823:g9
1073741823,1073741823,1073741567,1073739775,1073737727,1073716223,1073666047,1073111039,1073343999,1073725439,1073741823,1073741823,1073741823,1073741823,1073741823:e8
1073741823,1073741823,1073741567,1073739775,1073737727,1073716223,1073666047,1073110015,1073348095,1073725439,1073741823,1073741823,1073741823,1073741823,1073741823:g9
1073741823,1073741823,1073741567,1073739775,1073737727,1073716223,1073649663,1073111039,1073348095,1073725439,1073741823,1073741823,1073741823,1073741823,1073741823:g9
1073741823,1073741823,1073741567,1073739775,1073737727,1073454079,1073666047,1073111039,1073348095,1073725439,1073741823,1073741823,1073741823,1073741823,1073741823:g9
1073741823,1073741823,1073741567,1073739775,1073737727,1073716223,1073666047,1073111039,1073348095,1073463295,1073741823,1073741823,1073741823,1073741823,1073741823:g9
1073741823,1073741823,1073741567,1073739775,1073737727,1073716223,1073666047,1073111039,1073331711,1073725439,1073741823,1073741823,1073741823,1073741823,1073741823:e8
1073741823,1073741823,1073737727,1073741823,1073737727,1073716223,1073666047,1073111039,1073348095,1073725439,1073741823,1073741823,1073741823,1073741823,1073741823:g9
1073741823,1073741823,1073676287,1073741823,1073737727,1073716223,1073666047,1073111039,1073348095,1073725439,1073741823,1073741823,1073741823,1073741823,1073741823:g9
1073741823,1073741823,1073741823,1073741567,1073737727,1073716223,1073666047,1073111039,1073348095,1073725439,1073741823,1073741823,1073741823,1073741823,1073741823:g9
1073741823,1073741823,1073741823,1073737727,1073737727,1073716223,1073666047,1073111039,1073348095,1073725439,1073741823,1073741823,1073741823,1073741823,1073741823:g9
1073741823,1073741823,1073741823,1073676287,1073737727,1073716223,1073666047,1073111039,1073348095,1073725439,1073741823,1073741823,1073741823,1073741823,1073741823:g9
1073741823,1073741823,1073741823,1073741823,1073721343,1073716223,1073666047,1073111039,1073348095,1073725439,1073741823,1073741823,1073741823,1073741823,1073741823:g9
1073741823,1073741823,1073741823,1073741823,1073737727,1073716223,1073666047,1073110975,1073348095,1073725439,1073741823,1073741823,1073741823,1073741823,1073741823:g9
1073741823,1073741823,1073741823,1073741823,1073737727,1073716159,1073666047,1073111039,1073348095,1073725439,1073741823,1073741823,1073741823,1073741823,1073741823:g9
1073741823,1073741823,1073741823,1073741759,1073737727,1073716223,1073666047,1073111039,1073348095,1073725439,1073741823,1073741823,1073741823,1073741823,1073741823:g9
1073741823,1073741823,1073741823,1073740799,1073737727,1073716223,1073666047,1073111039,1073348095,1073725439,1073741823,1073741823,1073741823,1073741823,1073741823:e3
1073741823,1073741823,1073741311,1073740799,1073737727,1073716223,1073665983,1073111039,1073348095,1073725439,1073741823,1073741823,1073741823,1073741823,1073741823:g9
1073741823,1073741823,1073741311,1073740799,1073737663,1073716223,1073666047,1073111039,1073348095,1073725439,1073741823,1073741823,1073741823,1073741823,1073741823:g9
1073741823,1073725439,1073741311,1073740799,1073737727,1073716223,1073666047,1073111039,1073348095,1073725439,1073741823,1073741823,1073741823,1073741823,1073741823:g9
1073741823,1073741823,1073741311,1073740799,1073737711,1073716223,1073666047,1073111039,1073348095,1073725439,1073741823,1073741823,1073741823,1073741823,1073741823:g9
1073741823,1073741823,1073741295,1073740799,1073737727,1073716223,1073666047,1073111039,1073348095,1073725439,1073741823,1073741823,1073741823,1073741823,1073741823:g9
1073741823,1073741823,1073741247,1073740799,1073737727,1073716223,1073666047,1073111039,1073348095,1073725439,1073741823,1073741823,1073741823,1073741823,1073741823:g9
1073741807,1073741823,1073741311,1073740799,1073737727,1073716223,1073666047,1073111039,1073348095,1073725439,1073741823,1073741823,1073741823,1073741823,1073741823:g9
1073741823,1073741759,1073741311,1073740799,1073737727,1073716223,1073666047,1073111039,1073348095,1073725439,1073741823,1073741823,1073741823,1073741823,1073741823:g9
1073741567,1073741823,1073741311,1073740799,1073737727,1073716223,1073666047,1073111039,1073348095,1073725439,1073741823,1073741823,1073741823,1073741823,1073741823:g9
1073741823,1073741567,1073741311,1073740799,1073737727,1073716223,1073666047,1073111039,1073348095,1073725439,1073741823,1073741823,1073741823,1073741823,1073741823:g9
1073737727,1073741823,1073741311,1073740799,1073737727,1073716223,1073666047,1073111039,1073348095,1073725439,1073741823,1073741823,1073741823,1073741823,1073741823:g9
1073741823,1073740799,1073741311,1073740799,1073737727,1073716223,1073666047,1073111039,1073348095,1073725439,1073741823,1073741823,1073741823,1073741823,1073741823:g9
1073741823,1073741823,1073740287,1073740799,1073737727,1073716223,1073666047,1073111039,1073348095,1073725439,1073741823,1073741823,1073741823,1073741823,1073741823:g9
1073741823,1073741823,1073741311,1073478655,1073737727,1073716223,1073666047,1073111039,1073348095,1073725439,1073741823,1073741823,1073741823,1073741823,1073741823:g9
1073741823,1073741823,1073741311,1073740799,1073737727,1073716223,1073666047,1073111039,1073348095,1073725439,1073741807,1073741823,1073741823,1073741823,1073741823:g9
1073741823,1073741823,1073741311,1073740799,1073737727,1073716223,1073666047,1073111039,1073348095,1073725375,1073741823,1073741823,1073741823,1073741823,1073741823:g9
1073741823,1073741823,1073741311,1073740799,1073737727,1073716223,1073666047,1073111039,1073348079,1073725439,1073741823,1073741823,1073741823,1073741823,1073741823:g9
1073741823,1073741823,1073741311,1073740799,1073737727,1073716223,1073666047,1073111039,1073348031,1073725439,1073741823,1073741823,1073741823,1073741823,1073741823:g9
1073741823,1073741823,1073741311,1073740799,1073737727,1073716223,1073666031,1073111039,1073348095,1073725439,1073741823,1073741823,1073741823,1073741823,1073741823:g9
1073741823,1073741823,1073741311,1073740799,1073737727,1073716223,1073666047,1073111039,1073348095,1073725439,1073741567,1073741823,1073741823,1073741823,1073741823:g9
1073741823,1073741823,1073737215,1073740799,1073737727,1073716223,1073666047,1073111039,1073348095,1073725439,1073741823,1073741823,1073741823,1073741823,1073741823:g9
1073741823,1073741823,1073675775,1073740799,1073737727,1073716223,1073666047,1073111039,1073348095,1073725439,1073741823,1073741823,1073741823,1073741823,1073741823:g9
1073741823,1073741823,1073741311,1073740543,1073737727,1073716223,1073666047,1073111039,1073348095,1073725439,1073741823,1073741823,1073741823,1073741823,1073741823:g9
1073741823,1073741823,1073741311,1073736703,1073737727,1073716223,1073666047,1073111039,1073348095,1073725439,1073741823,1073741823,1073741823,1073741823,1073741823:g9
1073741823,1073741823,1073741311,1073675263,1073737727,1073716223,1073666047,1073111039,1073348095,1073725439,1073741823,1073741823,1073741823,1073741823,1073741823:g9
1073741823,1073741823,1073741311,1073740799,1073721343,1073716223,1073666047,1073111039,1073348095,1073725439,1073741823,1073741823,1073741823,1073741823,1073741823:g9
1073741823,1073741823,1073741311,1073740799,1073737727,1073716223,1073666047,1073110975,1073348095,1073725439,1073741823,1073741823,1073741823,1073741823,1073741823:g9
1073741823,1073741823,1073741311,1073740799,1073737727,1073716159,1073666047,1073111039,1073348095,1073725439,1073741823,1073741823,1073741823,1073741823,1073741823:g9
1073741823,1073741823,1073741311,1073740735,1073737727,1073716223,1073666047,1073111039,1073348095,1073725439,1073741823,1073741823,1073741823,1073741823,1073741823:g9
1073741823,1073741823,1073741311,1073740799,1073736703,1073716223,1073666047,1073111039,1073348095,1073725439,1073741823,1073741823,1073741823,1073741823,1073741823:g9
1073741823,1073741823,1073741311,1073724415,1073737727,1073716223,1073666047,1073111039,1073348095,1073725439,1073741823,1073741823,1073741823,1073741823,1073741823:g9
1073741823,1073741823,1073741311,1073740799,1073737727,1073716223,1073665791,1073111039,1073348095,1073725439,1073741823,1073741823,1073741823,1073741823,1073741823:g9
1073741823,1073741823,1073741311,1073740799,1073737471,1073716223,1073666047,1073111039,1073348095,1073725439,1073741823,1073741823,1073741823,1073741823,1073741823:g9
1073741823,1073741823,1073741311,1073740799,1073737727,1072667647,1073666047,1073111039,1073348095,1073725439,1073741823,1073741823,1073741823,1073741823,1073741823:g9
1073741823,1073741823,1073741311,1073740799,1073737727,1073716223,1073666047,1073111039,1073348095,1073725183,1073741823,1073741823,1073741823,1073741823,1073741823:g9
1073741823,1073741823,1073741311,1073740799,1073737727,1073716223,1073666047,1073111039,1073347071,1073725439,1073741823,1073741823,1073741823,1073741823,1073741823:e8
1073741823,1073741823,1073741311,1073740799,1073737727,1073716223,1073666047,1073110783,1073348095,1073725439,1073741823,1073741823,1073741823,1073741823,1073741823:g9
1073741823,1073741823,1073741311,1073740799,1073737727,1073715967,1073666047,1073111039,1073348095,1073725439,1073741823,1073741823,1073741823,1073741823,1073741823:g9
1073741823,1073741823,1073741311,1073740799,1073737727,1073716223,1073666047,1073111039,1073348095,1073725439,1073741823,1073740799,1073741823,1073741823,1073741823:g9
1073741823,1073741823,1073741311,1073740799,1073737727,1073716223,1073666047,1073111039,1073348095,1073721343,1073741823,1073741823,1073741823,1073741823,1073741823:e8
1073741823,1073741823,1073741311,1073740799,1073737727,1073716223,1073666047,1073111039,1073348095,1073725439,1073741823,1073479679,1073741823,1073741823,1073741823:g9
1073741823,1073741823,1073741311,1073740799,1073737727,1073716223,1073666047,1073111039,1073348095,1073725439,1073741823,1073725439,1073741823,1073741823,1073741823:g9
1073741823,1073741823,1073741311,1073740799,1073737727,1073716223,1073666047,1073111039,1073348095,1073725439,1073737727,1073741823,1073741823,1073741823,1073741823:g9
1073741823,1073741823,1073741311,1073740799,1073737727,1073716223,1073666047,1073111039,1073348095,1073725439,1072693247,1073741823,1073741823,1073741823,1073741823:g9
1073741823,1073741823,1073741311,1073740799,1073737727,1073716223,1073666047,1073111039,1073348095,1073725439,1073676287,1073741823,1073741823,1073741823,1073741823:g9
1073741823,1073741823,1073741311,1073740799,1073737727,1073716223,1073666047,1073111039,1073348095,1073725439,1073725439,1073741823,1073741823,1073741823,1073741823:g9
1073741823,1073741823,1073741311,1073740799,1073737727,1073716223,1073666047,1073111039,1073348095,1073659903,1073741823,1073741823,1073741823,1073741823,1073741823:g9
1073741823,1073741823,1073741311,1073740799,1073737727,1073716223,1069471743,1073111039,1073348095,1073725439,1073741823,1073741823,1073741823,1073741823,1073741823:g9
1073741823,1073741823,1073741311,1073740799,1073737727,1073716223,1073666047,1073111039,1069153791,1073725439,1073741823,1073741823,1073741823,1073741823,1073741823:g9
1073741823,1073741823,1073741311,1073740799,1073737727,1073716223,1073666047,1073111039,1073348095,1073725439,1069547519,1073741823,1073741823,1073741823,1073741823:g9
1073741823,1073741823,1073741311,1073740799,1073737727,1073716223,1073666047,1073111039,1073348095,1072676863,1073741823,1073741823,1073741823,1073741823,1073741823:g9
1073741823,1073741823,1073741311,1073740799,1073737727,1073716223,1073666047,1073111039,1073348095,1073725439,1073479679,1073741823,1073741823,1073741823,1073741823:g9
1073741823,1073741823,1073741311,1073740799,1073737727,1069521919,1073666047,1073111039,1073348095,1073725439,1073741823,1073741823,1073741823,1073741823,1073741823:g9
1073741823,1073741823,1073741311,1073740799,1073737727,1073716223,1073666047,1068916735,1073348095,1073725439,1073741823,1073741823,1073741823,1073741823,1073741823:g9
1073741823,1073741823,1073741311,1073740799,1073737727,1073716223,1073666047,1072062463,1073348095,1073725439,1073741823,1073741823,1073741823,1073741823,1073741823:g9
1073741823,1073741823,1073741311,1073740799,1073737727,1073716223,1073666047,1073111039,1073348095,1069531135,1073741823,1073741823,1073741823,1073741823,1073741823:g9
1073741823,1073741823,1073741311,1073740799,1073672191,1073716223,1073666047,1073111039,1073348095,1073725439,1073741823,1073741823,1073741823,1073741823,1073741823:g9
1073741823,1073741823,1073741311,1073740799,1073737727,1073650687,1073666047,1073111039,1073348095,1073725439,1073741823,1073741823,1073741823,1073741823,1073741823:g9
1073741823,1073741823,1073741311,1073740799,1072689151,1073716223,1073666047,1073111039,1073348095,1073725439,1073741823,1073741823,1073741823,1073741823,1073741823:g9
1073741823,1073741823,1073741311,1073740799,1073737727,1073716223,1072617471,1073111039,1073348095,1073725439,1073741823,1073741823,1073741823,1073741823,1073741823:g9
1073741823,1073741823,1073741311,1073740799,1073737727,1073716223,1073403903,1073111039,1073348095,1073725439,1073741823,1073741823,1073741823,1073741823,1073741823:g9
1073741823,1073741823,1073741311,1073740799,1073737727,1073716223,1073666047,1073111039,1072299519,1073725439,1073741823,1073741823,1073741823,1073741823,1073741823:g9
1073741823,1073741823,1073741311,1073740799,1073737727,1073716223,1073666047,1073111039,1073348095,1073724415,1073741823,1073741823,1073741823,1073741823,1073741823:g9
1073741823,1073741823,1073741311,1073740799,1073737727,1073716223,1073666047,1073111039,1073343999,1073725439,1073741823,1073741823,1073741823,1073741823,1073741823:e8
1073741823,1073741823,1073741311,1073740799,1073737727,1073716223,1073666047,1073110015,1073348095,1073725439,1073741823,1073741823,1073741823,1073741823,1073741823:g9
1073741823,1073741823,1073741311,1073740799,1073737727,1073716223,1073649663,1073111039,1073348095,1073725439,1073741823,1073741823,1073741823,1073741823,1073741823:g9
1073741823,1073741823,1073741311,1073740799,1073737727,1073454079,1073666047,1073111039,1073348095,1073725439,1073741823,1073741823,1073741823,1073741823,1073741823:g9
1073741823,1073741823,1073741311,1073740799,1073737727,1073716223,1073666047,1073111039,1073348095,1073463295,1073741823,1073741823,1073741823,1073741823,1073741823:g9
1073741823,1073741823,1073741311,1073740799,1073737727,1073716223,1073666047,1073111039,1073331711,1073725439,1073741823,1073741823,1073741823,1073741823,1073741823:e8
1073741823,1073741823,1073741823,1073741823,1073736703,1073716223,1073666047,1073111039,1073348095,1073725439,1073741823,1073741823,1073741823,1073741823,1073741823:g9
1073741823,1073741823,1073741823,1073725439,1073737727,1073716223,1073666047,1073111039,1073348095,1073725439,1073741823,1073741823,1073741823,1073741823,1073741823:g9
1073741823,1073741823,1073741823,1073741823,1073737727,1073716223,1073665791,1073111039,1073348095,1073725439,1073741823,1073741823,1073741823,1073741823,1073741823:g9
1073741823,1073741823,1073741823,1073741823,1073737471,1073716223,1073666047,1073111039,1073348095,1073725439,1073741823,1073741823,1073741823,1073741823,1073741823:g9
1073741823,1073741823,1073741823,1073741823,1073737727,1072667647,1073666047,1073111039,1073348095,1073725439,1073741823,1073741823,1073741823,1073741823,1073741823:g9
1073741823,1073741823,1073741823,1073741823,1073737727,1073716223,1073666047,1073111039,1073348095,1073725183,1073741823,1073741823,1073741823,1073741823,1073741823:g9
1073741823,1073741823,1073741823,1073741823,1073737727,1073716223,1073666047,1073111039,1073347071,1073725439,1073741823,1073741823,1073741823,1073741823,1073741823:e8
1073741823,1073741823,1073741823,1073741823,1073737727,1073716223,1073666047,1073110783,1073348095,1073725439,1073741823,1073741823,1073741823,1073741823,1073741823:g9
1073741823,1073741823,1073741823,1073741823,1073737727,1073715967,1073666047,1073111039,1073348095,1073725439,1073741823,1073741823,1073741823,1073741823,1073741823:g9
1073741823,1073741823,1073741823,1073741823,1073737727,1073716223,1073666047,1073111039,1073348095,1073725439,1073741823,1073740799,1073741823,1073741823,1073741823:g9
1073741823,1073741823,1073741823,1073741823,1073737727,1073716223,1073666047,1073111039,1073348095,1073721343,1073741823,1073741823,1073741823,1073741823,1073741823:e8
1073741823,1073741823,1073741823,1073741823,1073737727,1073716223,1073666047,1073111039,1073348095,1073725439,1073741823,1073479679,1073741823,1073741823,1073741823:g9
1073741823,1073741823,1073741823,1073741823,1073737727,1073716223,1073666047,1073111039,1073348095,1073725439,1073741823,1073725439,1073741823,1073741823,1073741823:g9
1073741823,1073741823,1073741823,1073741823,1073737727,1073716223,1073666047,1073111039,1073348095,1073725439,1073737727,1073741823,1073741823,1073741823,1073741823:g9
1073741823,1073741823,1073741823,1073741823,1073737727,1073716223,1073666047,1073111039,1073348095,1073725439,1072693247,1073741823,1073741823,1073741823,1073741823:g9
1073741823,1073741823,1073741823,1073741823,1073737727,1073716223,1073666047,1073111039,1073348095,1073725439,1073676287,1073741823,1073741823,1073741823,1073741823:g9
1073741823,1073741823,1073741823,1073741823,1073737727,1073716223,1073666047,1073111039,1073348095,1073725439,1073725439,1073741823,1073741823,1073741823,1073741823:g9
1073741823,1073741823,1073741823,1073741823,1073737727,1073716223,1073666047,1073111039,1073348095,1073659903,1073741823,1073741823,1073741823,1073741823,1073741823:g9
1073741823,1073741823,1073741823,1073741823,1073737727,1073716223,1069471743,1073111039,1073348095,1073725439,1073741823,1073741823,1073741823,1073741823,1073741823:g9
1073741823,1073741823,1073741823,1073741823,1073737727,1073716223,1073666047,1073111039,1069153791,1073725439,1073741823,1073741823,1073741823,1073741823,1073741823:g9
1073741823,1073741823,1073741823,1073741823,1073737727,1073716223,1073666047,1073111039,1073348095,1073725439,1069547519,1073741823,1073741823,1073741823,1073741823:g9
1073741823,1073741823,1073741823,1073741823,1073737727,1073716223,1073666047,1073111039,1073348095,1072676863,1073741823,1073741823,1073741823,1073741823,1073741823:g9
1073741823,1073741823,1073741823,1073741823,1073737727,1073716223,1073666047,1073111039,1073348095,1073725439,1073479679,1073741823,1073741823,1073741823,1073741823:g9
1073741823,1073741823,1073741823,1073741823,1073737727,1069521919,1073666047,1073111039,1073348095,1073725439,1073741823,1073741823,1073741823,1073741823,1073741823:g9
1073741823,1073741823,1073741823,1073741823,1073737727,1073716223,1073666047,1068916735,1073348095,1073725439,1073741823,1073741823,1073741823,1073741823,1073741823:g9
1073741823,1073741823,1073741823,1073741823,1073737727,1073716223,1073666047,1072062463,1073348095,1073725439,1073741823,1073741823,1073741823,1073741823,1073741823:g9
1073741823,1073741823,1073741823,1073741823,1073737727,1073716223,1073666047,1073111039,1073348095,1069531135,1073741823,1073741823,1073741823,1073741823,1073741823:g9
1073741823,1073741823,1073741823,1073741823,1073672191,1073716223,1073666047,1073111039,1073348095,1073725439,1073741823,1073741823,1073741823,1073741823,1073741823:g9
1073741823,1073741823,1073741823,1073741823,1073737727,1073650687,1073666047,1073111039,1073348095,1073725439,1073741823,1073741823,1073741823,1073741823,1073741823:g9
1073741823,1073741823,1073741823,1073741823,1072689151,1073716223,1073666047,1073111039,1073348095,1073725439,1073741823,1073741823,1073741823,1073741823,1073741823:g9
1073741823,1073741823,1073741823,1073741823,1073737727,1073716223,1072617471,1073111039,1073348095,1073725439,1073741823,1073741823,1073741823,1073741823,1073741823:g9
1073741823,1073741823,1073741823,1073741823,1073737727,1073716223,1073403903,1073111039,1073348095,1073725439,1073741823,1073741823,1073741823,1073741823,1073741823:g9
1073741823,1073741823,1073741823,1073741823,1073737727,1073716223,1073666047,1073111039,1072299519,1073725439,1073741823,1073741823,1073741823,1073741823,1073741823:g9
1073741823,1073741823,1073741823,1073741823,1073737727,1073716223,1073666047,1073111039,1073348095,1073724415,1073741823,1073741823,1073741823,1073741823,1073741823:g9
1073741823,1073741823,1073741823,1073741823,1073737727,1073716223,1073666047,1073111039,1073343999,1073725439,1073741823,1073741823,1073741823,1073741823,1073741823:e8
1073741823,1073741823,1073741823,1073741823,1073737727,1073716223,1073666047,1073110015,1073348095,1073725439,1073741823,1073741823,1073741823,1073741823,1073741823:g9
1073741823,1073741823,1073741823,1073741823,1073737727,1073716223,1073649663,1073111039,1073348095,1073725439,1073741823,1073741823,1073741823,1073741823,1073741823:g9
1073741823,1073741823,1073741823,1073741823,1073737727,1073454079,1073666047,1073111039,1073348095,1073725439,1073741823,1073741823,1073741823,1073741823,1073741823:g9
1073741823,1073741823,1073741823,1073741823,1073737727,1073716223,1073666047,1073111039,1073348095,1073463295,1073741823,1073741823,1073741823,1073741823,1073741823:g9
1073741823,1073741823,1073741823,1073741823,1073737727,1073716223,1073666047,1073111039,1073331711,1073725439,1073741823,1073741823,1073741823,1073741823,1073741823:e8
