1073741823,1073741823,1073741823,1072693247,1073184767,1073332223,1073119231,1072070655,1073741823,1073479679,1073446911,1073741823,1073741823,1073741823,1073741823:h9
1073741823,1073741823,1073741823,1072693247,1073184767,1073332223,1073119231,1055293439,1073709055,1073479679,1073446911,1073741823,1073741823,1073741823,1073741823:h10
1073741823,1073741823,1073741823,1072693247,1073184767,1073332223,1073119231,1072070655,1073709055,1056702463,1073446911,1073741823,1073741823,1073741823,1073741823:h10
1073741823,1073741823,1073740799,1072693247,1073184767,1073332223,1073119231,1072070655,1073709055,1073479679,1073446911,1073741823,1073741823,1073741823,1073741823:h10
1073741823,1073741823,1073741823,1072693247,1073184767,1073332223,1073119231,1072070655,1073709055,1073479679,1069252607,1073741823,1073741823,1073741823,1073741823:h10
1073741823,1073741823,1073741823,1072693247,1073184767,1073332223,1073119231,1072070655,1073709055,1073479679,1073446911,1073741823,1069547519,1073741823,1073741823:h10
1073741823,1073741823,1073741823,1072693247,1073184767,1073332223,1073119231,1072070655,1073709055,1073479679,1073446911,1072693247,1073741823,1073741823,1073741823:h10
1073741823,1073741823,1073741823,1072693247,1073184767,1073332223,1073119231,1072070655,1073709055,1073479679,1073446911,1073741823,1073740799,1073741823,1073741823:h10
1073741823,1073741823,1073741823,1072693247,1073184767,1073332223,1073119231,1072070655,1073709055,1073479679,1073446911,1073737727,1073741823,1073741823,1073741823:h10
1073741823,1073741823,1073741823,1072693247,1073184767,1073332223,1073119231,1072070655,1073709055,1073479679,1073445887,1073741823,1073741823,1073741823,1073741823:h10
1073741823,1073741823,1073741823,1072693247,1073184767,1073332223,1073119231,1072070655,1073709055,1073479679,1073442815,1073741823,1073741823,1073741823,1073741823:h10
1073741823,1073741823,1073741823,1072693247,1073184767,1073332223,1073119231,1072070655,1073709055,1073479679,1073446911,1073741823,1073479679,1073741823,1073741823:h10
1073741823,1073741823,1073741823,1072693247,1073184767,1073332223,1073119231,1072070655,1073709055,1073479679,1073446911,1073676287,1073741823,1073741823,1073741823:h10
1073741823,1073741823,1073741823,1072693247,1073184767,1073332223,1073119231,1072070655,1073709055,1073479679,1073446911,1073741823,1073725439,1073741823,1073741823:h10
1073741823,1073741823,1073741823,1072693247,1073184767,1073332223,1073119231,1072070655,1069514751,1073479679,1073446911,1073741823,1073741823,1073741823,1073741823:h10
1073741823,1073676287,1073741823,1072693247,1073184767,1073332223,1073119231,1072070655,1073709055,1073479679,1073446911,1073741823,1073741823,1073741823,1073741823:h10
1073741823,1072693247,1073741823,1072693247,1073184767,1073332223,1073119231,1072070655,1073709055,1073479679,1073446911,1073741823,1073741823,1073741823,1073741823:h10
1073741823,1073741823,1072693247,1072693247,1073184767,1073332223,1073119231,1072070655,1073709055,1073479679,1073446911,1073741823,1073741823,1073741823,1073741823:h10
1073741823,1056964607,1073741823,1072693247,1073184767,1073332223,1073119231,1072070655,1073709055,1073479679,1073446911,1073741823,1073741823,1073741823,1073741823:h10
1073741823,1073741823,1073741823,1055916031,1073184767,1073332223,1073119231,1072070655,1073709055,1073479679,1073446911,1073741823,1073741823,1073741823,1073741823:h10
1073741823,1073741823,1073741823,1068498943,1073184767,1073332223,1073119231,1072070655,1073709055,1073479679,1073446911,1073741823,1073741823,1073741823,1073741823:h10
1073741823,1073741823,1073741823,1072693247,1073184767,1056555007,1073119231,1072070655,1073709055,1073479679,1073446911,1073741823,1073741823,1073741823,1073741823:h10
1073741823,1073741823,1073725439,1072693247,1073184767,1073332223,1073119231,1072070655,1073709055,1073479679,1073446911,1073741823,1073741823,1073741823,1073741823:h10
1073741823,1073741823,1073479679,1072693247,1073184767,1073332223,1073119231,1072070655,1073709055,1073479679,1073446911,1073741823,1073741823,1073741823,1073741823:h10
1073741823,1073741823,1069547519,1072693247,1073184767,1073332223,1073119231,1072070655,1073709055,1073479679,1073446911,1073741823,1073741823,1073741823,1073741823:h10
1073741823,1073741823,1073741823,1072693247,1068990463,1073332223,1073119231,1072070655,1073709055,1073479679,1073446911,1073741823,1073741823,1073741823,1073741823:h10
1073741823,1073741823,1073741823,1072693247,1073184767,1073332223,1068924927,1072070655,1073709055,1073479679,1073446911,1073741823,1073741823,1073741823,1073741823:h10
1073741823,1073741823,1073741823,1072692223,1073184767,1073332223,1073119231,1072070655,1073709055,1073479679,1073446911,1073741823,1073741823,1073741823,1073741823:h10
1073741823,1073741823,1073741823,1072676863,1073184767,1073332223,1073119231,1072070655,1073709055,1073479679,1073446911,1073741823,1073741823,1073741823,1073741823:h10
1073741823,1073741823,1073741823,1072431103,1073184767,1073332223,1073119231,1072070655,1073709055,1073479679,1073446911,1073741823,1073741823,1073741823,1073741823:h10
1073741823,1073741823,1073741823,1072693247,1073184767,1073332223,1073119231,1072070655,1073708031,1073479679,1073446911,1073741823,1073741823,1073741823,1073741823:h10
1073741823,1073741823,1073741823,1072693247,1073184767,1073332223,1073118207,1072070655,1073709055,1073479679,1073446911,1073741823,1073741823,1073741823,1073741823:h10
1073741823,1073741823,1073741823,1072693247,1073183743,1073332223,1073119231,1072070655,1073709055,1073479679,1073446911,1073741823,1073741823,1073741823,1073741823:h10
1073741823,1073741823,1073741823,1072693247,1073184767,1073332223,1073119231,1072070655,1073709055,1073475583,1073446911,1073741823,1073741823,1073741823,1073741823:h10
1073741823,1073741823,1073741823,1072693247,1073184767,1073328127,1073119231,1072070655,1073709055,1073479679,1073446911,1073741823,1073741823,1073741823,1073741823:h10
1073741823,1073741823,1073741823,1072689151,1073184767,1073332223,1073119231,1072070655,1073709055,1073479679,1073446911,1073741823,1073741823,1073741823,1073741823:h10
1073741823,1073741823,1073741823,1072627711,1073184767,1073332223,1073119231,1072070655,1073709055,1073479679,1073446911,1073741823,1073741823,1073741823,1073741823:h10
1073741823,1073741823,1073741823,1072693247,1073184767,1072283647,1073119231,1072070655,1073709055,1073479679,1073446911,1073741823,1073741823,1073741823,1073741823:h10
1073741823,1073741823,1073741823,1072693247,1073184767,1073332223,1073119231,1072070655,1073709055,1073479679,1073446911,1073725439,1073741823,1073741823,1073741823:h10
1073741823,1073741823,1073741823,1072693247,1073184767,1073332223,1073119231,1072070655,1073709055,1073479679,1073381375,1073741823,1073741823,1073741823,1073741823:h10
1073741823,1073741823,1073741823,1072693247,1073184767,1073332223,1073119231,1072070655,1073709055,1073414143,1073446911,1073741823,1073741823,1073741823,1073741823:h10
1073741823,1073741823,1073741823,1072693247,1073184767,1073332223,1073119231,1072070655,1073709055,1072431103,1073446911,1073741823,1073741823,1073741823,1073741823:h10
1073741823,1073741823,1073741823,1072693247,1073184767,1073332223,1073119231,1072070655,1073709055,1073479679,1073446911,1069547519,1073741823,1073741823,1073741823:h10
1073741823,1073741823,1073741823,1072693247,1073184767,1073332223,1073119231,1072070655,1073709055,1073479679,1072398335,1073741823,1073741823,1073741823,1073741823:h10
1073741823,1073741823,1073741823,1072693247,1073184767,1073332223,1073119231,1072070655,1073709055,1073479679,1073446911,1073479679,1073741823,1073741823,1073741823:h10
1073741823,1073741823,1073741823,1072693247,1073184767,1069137919,1073119231,1072070655,1073709055,1073479679,1073446911,1073741823,1073741823,1073741823,1073741823:h10
1073741823,1073741823,1073741823,1072693247,1073184767,1073332223,1073119231,1067876351,1073709055,1073479679,1073446911,1073741823,1073741823,1073741823,1073741823:h10
1073741823,1073741823,1073741823,1072693247,1073184767,1073332223,1073119231,1072070655,1073709055,1069285375,1073446911,1073741823,1073741823,1073741823,1073741823:h10
1073741823,1073741823,1073741823,1072693247,1073184767,1073332223,1073119231,1072070655,1073446911,1073479679,1073446911,1073741823,1073741823,1073741823,1073741823:h10
1073741823,1073741823,1073741823,1072693247,1073180671,1073332223,1073119231,1072070655,1073709055,1073479679,1073446911,1073741823,1073741823,1073741823,1073741823:h10
1073741823,1073741823,1073741823,1072693247,1073119231,1073332223,1073119231,1072070655,1073709055,1073479679,1073446911,1073741823,1073741823,1073741823,1073741823:h10
1073741823,1073741823,1073741823,1072693247,1072136191,1073332223,1073119231,1072070655,1073709055,1073479679,1073446911,1073741823,1073741823,1073741823,1073741823:h10
1073741823,1073741823,1073741823,1072693247,1073184767,1073332223,1072070655,1072070655,1073709055,1073479679,1073446911,1073741823,1073741823,1073741823,1073741823:h10
1073741823,1073741823,1073741823,1072693247,1073184767,1073332223,1073119231,1072070655,1072660479,1073479679,1073446911,1073741823,1073741823,1073741823,1073741823:h10
1073741823,1073741823,1073741823,1072693247,1073184767,1073332223,1073119231,1072070655,1073709055,1073478655,1073446911,1073741823,1073741823,1073741823,1073741823:h10
1073741823,1073741823,1073741823,1072693247,1073184767,1073332223,1073119231,1072070655,1073704959,1073479679,1073446911,1073741823,1073741823,1073741823,1073741823:h10
1073741823,1073741823,1073741823,1072693247,1073184767,1073332223,1073119231,1072069631,1073709055,1073479679,1073446911,1073741823,1073741823,1073741823,1073741823:h10
1073741823,1073741823,1073741823,1072693247,1073184767,1073332223,1073119231,1072066559,1073709055,1073479679,1073446911,1073741823,1073741823,1073741823,1073741823:h10
1073741823,1073741823,1073741823,1072693247,1073184767,1073331199,1073119231,1072070655,1073709055,1073479679,1073446911,1073741823,1073741823,1073741823,1073741823:h10
1073741823,1073741823,1073741823,1072693247,1073184767,1073332223,1073115135,1072070655,1073709055,1073479679,1073446911,1073741823,1073741823,1073741823,1073741823:h10
1073741823,1073741823,1073741823,1072693247,1073184767,1073332223,1073119231,1072070655,1073643519,1073479679,1073446911,1073741823,1073741823,1073741823,1073741823:h10
1073741823,1073741823,1073741823,1072693247,1073184767,1073332223,1073119231,1072070655,1073709055,1073463295,1073446911,1073741823,1073741823,1073741823,1073741823:g8
1073741823,1073741823,1073741823,1072693247,1073184767,1073332223,1073119231,1072062463,1073709055,1073463039,1073446911,1073741823,1073741823,1073741823,1073741823:f9
1073741823,1073741823,1073741823,1072693247,1073184767,1073332223,1073119231,1072062207,1073709055,1073463295,1073446911,1073741823,1073741823,1073741823,1073741823:f9
1073741823,1073741823,1073741823,1072693247,1073184767,1073331967,1073119231,1072062463,1073709055,1073463295,1073446911,1073741823,1073741823,1073741823,1073741823:f9
1073741823,1073741823,1073741823,1072693247,1073184767,1073332223,1073119231,1072062463,1073709055,1073463295,1073446911,1073740799,1073741823,1073741823,1073741823:f9
1073741823,1073741823,1073741823,1072693247,1073184767,1073332223,1073119231,1055285247,1073709055,1073463295,1073446911,1073741823,1073741823,1073741823,1073741823:f9
1073741823,1073741823,1073741823,1072693247,1073184767,1073332223,1073119231,1072062463,1073709055,1056686079,1073446911,1073741823,1073741823,1073741823,1073741823:f9
1073741823,1073741823,1073740799,1072693247,1073184767,1073332223,1073119231,1072062463,1073709055,1073463295,1073446911,1073741823,1073741823,1073741823,1073741823:f9
1073741823,1073741823,1073741823,1072693247,1073184767,1073332223,1073119231,1072062463,1073709055,1073463295,1069252607,1073741823,1073741823,1073741823,1073741823:f9
1073741823,1073741823,1073741823,1072693247,1073184767,1073332223,1073119231,1072062463,1073709055,1073463295,1073446911,1073741823,1069547519,1073741823,1073741823:f9
1073741823,1073741823,1073741823,1072693247,1073184767,1073332223,1073119231,1072062463,1073709055,1073463295,1073446911,1072693247,1073741823,1073741823,1073741823:f9
1073741823,1073741823,1073741823,1072693247,1073184767,1073332223,1073119231,1072062463,1073709055,1073463295,1073446911,1073741823,1073740799,1073741823,1073741823:f9
1073741823,1073741823,1073741823,1072693247,1073184767,1073332223,1073119231,1072062463,1073709055,1073463295,1073446911,1073737727,1073741823,1073741823,1073741823:f9
1073741823,1073741823,1073741823,1072693247,1073184767,1073332223,1073119231,1072062463,1073709055,1073463295,1073445887,1073741823,1073741823,1073741823,1073741823:f9
1073741823,1073741823,1073741823,1072693247,1073184767,1073332223,1073119231,1072062463,1073709055,1073463295,1073442815,1073741823,1073741823,1073741823,1073741823:f9
1073741823,1073741823,1073741823,1072693247,1073184767,1073332223,1073119231,1072062463,1073709055,1073463295,1073446911,1073741823,1073479679,1073741823,1073741823:f9
1073741823,1073741823,1073741823,1072693247,1073184767,1073332223,1073119231,1072062463,1073709055,1073463295,1073446911,1073676287,1073741823,1073741823,1073741823:f9
1073741823,1073741823,1073741823,1072693247,1073184767,1073332223,1073119231,1072062463,1073709055,1073463295,1073446911,1073741823,1073725439,1073741823,1073741823:f9
1073741823,1073741823,1073741823,1072693247,1073184767,1073332223,1073119231,1072062463,1069514751,1073463295,1073446911,1073741823,1073741823,1073741823,1073741823:f9
1073741823,1073676287,1073741823,1072693247,1073184767,1073332223,1073119231,1072062463,1073709055,1073463295,1073446911,1073741823,1073741823,1073741823,1073741823:f9
1073741823,1072693247,1073741823,1072693247,1073184767,1073332223,1073119231,1072062463,1073709055,1073463295,1073446911,1073741823,1073741823,1073741823,1073741823:f9
1073741823,1073741823,1072693247,1072693247,1073184767,1073332223,1073119231,1072062463,1073709055,1073463295,1073446911,1073741823,1073741823,1073741823,1073741823:f9
1073741823,1056964607,1073741823,1072693247,1073184767,1073332223,1073119231,1072062463,1073709055,1073463295,1073446911,1073741823,1073741823,1073741823,1073741823:f9
1073741823,1073741823,1073741823,1055916031,1073184767,1073332223,1073119231,1072062463,1073709055,1073463295,1073446911,1073741823,1073741823,1073741823,1073741823:f9
1073741823,1073741823,1073741823,1068498943,1073184767,1073332223,1073119231,1072062463,1073709055,1073463295,1073446911,1073741823,1073741823,1073741823,1073741823:f9
1073741823,1073741823,1073741823,1072693247,1073184767,1056555007,1073119231,1072062463,1073709055,1073463295,1073446911,1073741823,1073741823,1073741823,1073741823:f9
1073741823,1073741823,1073725439,1072693247,1073184767,1073332223,1073119231,1072062463,1073709055,1073463295,1073446911,1073741823,1073741823,1073741823,1073741823:f9
1073741823,1073741823,1073479679,1072693247,1073184767,1073332223,1073119231,1072062463,1073709055,1073463295,1073446911,1073741823,1073741823,1073741823,1073741823:f9
1073741823,1073741823,1069547519,1072693247,1073184767,1073332223,1073119231,1072062463,1073709055,1073463295,1073446911,1073741823,1073741823,1073741823,1073741823:f9
1073741823,1073741823,1073741823,1072693247,1068990463,1073332223,1073119231,1072062463,1073709055,1073463295,1073446911,1073741823,1073741823,1073741823,1073741823:f9
1073741823,1073741823,1073741823,1072693247,1073184767,1073332223,1068924927,1072062463,1073709055,1073463295,1073446911,1073741823,1073741823,1073741823,1073741823:f9
1073741823,1073741823,1073741823,1072692223,1073184767,1073332223,1073119231,1072062463,1073709055,1073463295,1073446911,1073741823,1073741823,1073741823,1073741823:f9
1073741823,1073741823,1073741823,1072676863,1073184767,1073332223,1073119231,1072062463,1073709055,1073463295,1073446911,1073741823,1073741823,1073741823,1073741823:f9
1073741823,1073741823,1073741823,1072431103,1073184767,1073332223,1073119231,1072062463,1073709055,1073463295,1073446911,1073741823,1073741823,1073741823,1073741823:f9
1073741823,1073741823,1073741823,1072693247,1073184767,1073332223,1073119231,1072062463,1073708031,1073463295,1073446911,1073741823,1073741823,1073741823,1073741823:g6
1073741823,1073741823,1073741823,1072692991,1073184767,1073324031,1073119231,1072062463,1073708031,1073463295,1073446911,1073741823,1073741823,1073741823,1073741823:g5
1073741823,1073741823,1073741823,1072693247,1073184767,1073324031,1073119231,1072062463,1073708031,1073463295,1073446847,1073741823,1073741823,1073741823,1073741823:g5
1073741823,1073741823,1073741823,1072693247,1073184767,1073324031,1073119231,1072062463,1073707967,1073463295,1073446911,1073741823,1073741823,1073741823,1073741823:g5
1073741823,1073741823,1073741823,1072693247,1073184767,1073324031,1073119231,1072062463,1073707775,1073463295,1073446911,1073741823,1073741823,1073741823,1073741823:g5
1073741823,1073741823,1073741823,1072693247,1073184767,1073324031,1073119167,1072062463,1073708031,1073463295,1073446911,1073741823,1073741823,1073741823,1073741823:g5
1073741823,1073741823,1073741823,1072693247,1073184767,1073324031,1073119231,1072062463,1073708031,1073463039,1073446911,1073741823,1073741823,1073741823,1073741823:g5
1073741823,1073741823,1073741823,1072693247,1073184767,1073324031,1073119231,1072062207,1073708031,1073463295,1073446911,1073741823,1073741823,1073741823,1073741823:g5
1073741823,1073741823,1073741823,1072693247,1073184767,1073323775,1073119231,1072062463,1073708031,1073463295,1073446911,1073741823,1073741823,1073741823,1073741823:g5
1073741823,1073741823,1073741823,1072693247,1073184767,1073324031,1073119231,1072062463,1073708031,1073463295,1073446911,1073740799,1073741823,1073741823,1073741823:g5
1073741823,1073741823,1073741823,1072693247,1073184767,1073324031,1073119231,1055285247,1073708031,1073463295,1073446911,1073741823,1073741823,1073741823,1073741823:g5
1073741823,1073741823,1073741823,1072693247,1073184767,1073324031,1073119231,1072062463,1073708031,1056686079,1073446911,1073741823,1073741823,1073741823,1073741823:g5
1073741823,1073741823,1073740799,1072693247,1073184767,1073324031,1073119231,1072062463,1073708031,1073463295,1073446911,1073741823,1073741823,1073741823,1073741823:g5
1073741823,1073741823,1073741823,1072693247,1073184767,1073324031,1073119231,1072062463,1073708031,1073463295,1069252607,1073741823,1073741823,1073741823,1073741823:g5
1073741823,1073741823,1073741823,1072693247,1073184767,1073324031,1073119231,1072062463,1073708031,1073463295,1073446911,1073741823,1069547519,1073741823,1073741823:g5
1073741823,1073741823,1073741823,1072693247,1073184767,1073324031,1073119231,1072062463,1073708031,1073463295,1073446911,1072693247,1073741823,1073741823,1073741823:g5
1073741823,1073741823,1073741823,1072693247,1073184767,1073324031,1073119231,1072062463,1073708031,1073463295,1073446911,1073741823,1073740799,1073741823,1073741823:g5
1073741823,1073741823,1073741823,1072693247,1073184767,1073324031,1073119231,1072062463,1073708031,1073463295,1073446911,1073737727,1073741823,1073741823,1073741823:g5
1073741823,1073741823,1073741823,1072693247,1073184767,1073324031,1073119231,1072062463,1073708031,1073463295,1073445887,1073741823,1073741823,1073741823,1073741823:g5
1073741823,1073741823,1073741823,1072693247,1073184767,1073324031,1073119231,1072062463,1073708031,1073463295,1073442815,1073741823,1073741823,1073741823,1073741823:g5
1073741823,1073741823,1073741823,1072693247,1073184767,1073324031,1073119231,1072062463,1073708031,1073463295,1073446911,1073741823,1073479679,1073741823,1073741823:g4
1073741823,1073741823,1073741823,1072693247,1073184767,1073324031,1073119231,1072062463,1073708031,1073463295,1073446911,1073676287,1073741823,1073741823,1073741823:g5
1073741823,1073741823,1073741823,1072693247,1073184767,1073324031,1073119231,1072062463,1073708031,1073463295,1073446911,1073741823,1073725439,1073741823,1073741823:g5
1073741823,1073741823,1073741823,1072693247,1073184767,1073324031,1073119231,1072062463,1069513727,1073463295,1073446911,1073741823,1073741823,1073741823,1073741823:g5
1073741823,1073676287,1073741823,1072693247,1073184767,1073324031,1073119231,1072062463,1073708031,1073463295,1073446911,1073741823,1073741823,1073741823,1073741823:g5
1073741823,1072693247,1073741823,1072693247,1073184767,1073324031,1073119231,1072062463,1073708031,1073463295,1073446911,1073741823,1073741823,1073741823,1073741823:g5
1073741823,1073741823,1072693247,1072693247,1073184767,1073324031,1073119231,1072062463,1073708031,1073463295,1073446911,1073741823,1073741823,1073741823,1073741823:g5
1073741823,1056964607,1073741823,1072693247,1073184767,1073324031,1073119231,1072062463,1073708031,1073463295,1073446911,1073741823,1073741823,1073741823,1073741823:g5
1073741823,1073741823,1073741823,1055916031,1073184767,1073324031,1073119231,1072062463,1073708031,1073463295,1073446911,1073741823,1073741823,1073741823,1073741823:g5
1073741823,1073741823,1073741823,1068498943,1073184767,1073324031,1073119231,1072062463,1073708031,1073463295,1073446911,1073741823,1073741823,1073741823,1073741823:g4
1073741823,1073741823,1073741823,1072693247,1073184767,1056546815,1073119231,1072062463,1073708031,1073463295,1073446911,1073741823,1073741823,1073741823,1073741823:g5
1073741823,1073741823,1073725439,1072693247,1073184767,1073324031,1073119231,1072062463,1073708031,1073463295,1073446911,1073741823,1073741823,1073741823,1073741823:g5
1073741823,1073741823,1073479679,1072693247,1073184767,1073324031,1073119231,1072062463,1073708031,1073463295,1073446911,1073741823,1073741823,1073741823,1073741823:g5
1073741823,1073741823,1069547519,1072693247,1073184767,1073324031,1073119231,1072062463,1073708031,1073463295,1073446911,1073741823,1073741823,1073741823,1073741823:g5
1073741823,1073741823,1073741823,1072693247,1068990463,1073324031,1073119231,1072062463,1073708031,1073463295,1073446911,1073741823,1073741823,1073741823,1073741823:g5
1073741823,1073741823,1073741823,1072693247,1073184767,1073324031,1068924927,1072062463,1073708031,1073463295,1073446911,1073741823,1073741823,1073741823,1073741823:g5
1073741823,1073741823,1073741823,1072692223,1073184767,1073324031,1073119231,1072062463,1073708031,1073463295,1073446911,1073741823,1073741823,1073741823,1073741823:g5
1073741823,1073741823,1073741823,1072676863,1073184767,1073324031,1073119231,1072062463,1073708031,1073463295,1073446911,1073741823,1073741823,1073741823,1073741823:g5
1073741823,1073741823,1073741823,1072431103,1073184767,1073324031,1073119231,1072062463,1073708031,1073463295,1073446911,1073741823,1073741823,1073741823,1073741823:g5
1073741823,1073741823,1073741823,1072693247,1073184767,1073324031,1073118207,1072062463,1073708031,1073463295,1073446911,1073741823,1073741823,1073741823,1073741823:g5
1073741823,1073741823,1073741823,1072693247,1073183743,1073324031,1073119231,1072062463,1073708031,1073463295,1073446911,1073741823,1073741823,1073741823,1073741823:g4
1073741823,1073741823,1073741823,1072693247,1073184767,1073324031,1073119231,1072062463,1073708031,1073459199,1073446911,1073741823,1073741823,1073741823,1073741823:g4
1073741823,1073741823,1073741823,1072689151,1073184767,1073324031,1073119231,1072062463,1073708031,1073463295,1073446911,1073741823,1073741823,1073741823,1073741823:f7
1073741823,1073741823,1073741823,1072627711,1073184767,1073324031,1073119231,1072062463,1073708031,1073463295,1073446911,1073741823,1073741823,1073741823,1073741823:g5
1073741823,1073741823,1073741823,1072693247,1073184767,1072275455,1073119231,1072062463,1073708031,1073463295,1073446911,1073741823,1073741823,1073741823,1073741823:g4
1073741823,1073741823,1073741823,1072693247,1073184767,1073324031,1073119231,1072062463,1073708031,1073463295,1073446911,1073725439,1073741823,1073741823,1073741823:g5
1073741823,1073741823,1073741823,1072693247,1073184767,1073324031,1073119231,1072062463,1073708031,1073463295,1073381375,1073741823,1073741823,1073741823,1073741823:g4
1073741823,1073741823,1073741823,1072693247,1073184767,1073324031,1073119231,1072062463,1073708031,1073397759,1073446911,1073741823,1073741823,1073741823,1073741823:g4
1073741823,1073741823,1073741823,1072693247,1073184767,1073324031,1073119231,1072062463,1073708031,1072414719,1073446911,1073741823,1073741823,1073741823,1073741823:g4
1073741823,1073741823,1073741823,1072693247,1073184767,1073324031,1073119231,1072062463,1073708031,1073463295,1073446911,1069547519,1073741823,1073741823,1073741823:g5
1073741823,1073741823,1073741823,1072693247,1073184767,1073324031,1073119231,1072062463,1073708031,1073463295,1072398335,1073741823,1073741823,1073741823,1073741823:g5
1073741823,1073741823,1073741823,1072693247,1073184767,1073324031,1073119231,1072062463,1073708031,1073463295,1073446911,1073479679,1073741823,1073741823,1073741823:g4
1073741823,1073741823,1073741823,1072693247,1073184767,1069129727,1073119231,1072062463,1073708031,1073463295,1073446911,1073741823,1073741823,1073741823,1073741823:g5
1073741823,1073741823,1073741823,1072693247,1073184767,1073324031,1073119231,1067868159,1073708031,1073463295,1073446911,1073741823,1073741823,1073741823,1073741823:g5
1073741823,1073741823,1073741823,1072693247,1073184767,1073324031,1073119231,1072062463,1073708031,1069268991,1073446911,1073741823,1073741823,1073741823,1073741823:g4
1073741823,1073741823,1073741823,1072693247,1073184767,1073324031,1073119231,1072062463,1073445887,1073463295,1073446911,1073741823,1073741823,1073741823,1073741823:g4
1073741823,1073741823,1073741823,1072693247,1073180671,1073324031,1073119231,1072062463,1073708031,1073463295,1073446911,1073741823,1073741823,1073741823,1073741823:f7
1073741823,1073741823,1073741823,1072693247,1073119231,1073324031,1073119231,1072062463,1073708031,1073463295,1073446911,1073741823,1073741823,1073741823,1073741823:f7
1073741823,1073741823,1073741823,1072693247,1072136191,1073324031,1073119231,1072062463,1073708031,1073463295,1073446911,1073741823,1073741823,1073741823,1073741823:g4
1073741823,1073741823,1073741823,1072693247,1073184767,1073324031,1072070655,1072062463,1073708031,1073463295,1073446911,1073741823,1073741823,1073741823,1073741823:g4
1073741823,1073741823,1073741823,1072693247,1073184767,1073324031,1073119231,1072062463,1072659455,1073463295,1073446911,1073741823,1073741823,1073741823,1073741823:g5
1073741823,1073741823,1073741823,1072693247,1073184767,1073324031,1073119231,1072062463,1073708031,1073462271,1073446911,1073741823,1073741823,1073741823,1073741823:g4
1073741823,1073741823,1073741823,1072693247,1073184767,1073324031,1073119231,1072062463,1073703935,1073463295,1073446911,1073741823,1073741823,1073741823,1073741823:g5
1073741823,1073741823,1073741823,1072693247,1073184767,1073324031,1073119231,1072061439,1073708031,1073463295,1073446911,1073741823,1073741823,1073741823,1073741823:g5
1073741823,1073741823,1073741823,1072693247,1073184767,1073323007,1073119231,1072062463,1073708031,1073463295,1073446911,1073741823,1073741823,1073741823,1073741823:g5
1073741823,1073741823,1073741823,1072693247,1073184767,1073324031,1073115135,1072062463,1073708031,1073463295,1073446911,1073741823,1073741823,1073741823,1073741823:f7
1073741823,1073741823,1073741823,1072693247,1073184767,1073324031,1073119231,1072062463,1073642495,1073463295,1073446911,1073741823,1073741823,1073741823,1073741823:g4
1073741823,1073741823,1073741823,1072693247,1073184767,1073332223,1073118207,1072062463,1073709055,1073463295,1073446911,1073741823,1073741823,1073741823,1073741823:f9
1073741823,1073741823,1073741823,1072693247,1073183743,1073332223,1073119231,1072062463,1073709055,1073463295,1073446911,1073741823,1073741823,1073741823,1073741823:f9
1073741823,1073741823,1073741823,1072693247,1073184767,1073332223,1073119231,1072062463,1073709055,1073459199,1073446911,1073741823,1073741823,1073741823,1073741823:f9
1073741823,1073741823,1073741823,1072693247,1073184767,1073328127,1073119231,1072062463,1073709055,1073463295,1073446911,1073741823,1073741823,1073741823,1073741823:f9
1073741823,1073741823,1073741823,1072689151,1073184767,1073332223,1073119231,1072062463,1073709055,1073463295,1073446911,1073741823,1073741823,1073741823,1073741823:f9
1073741823,1073741823,1073741823,1072627711,1073184767,1073332223,1073119231,1072062463,1073709055,1073463295,1073446911,1073741823,1073741823,1073741823,1073741823:f9
1073741823,1073741823,1073741823,1072693247,1073184767,1072283647,1073119231,1072062463,1073709055,1073463295,1073446911,1073741823,1073741823,1073741823,1073741823:f9
1073741823,1073741823,1073741823,1072693247,1073184767,1073332223,1073119231,1072062463,1073709055,1073463295,1073446911,1073725439,1073741823,1073741823,1073741823:f9
1073741823,1073741823,1073741823,1072693247,1073184767,1073332223,1073119231,1072062463,1073709055,1073463295,1073381375,1073741823,1073741823,1073741823,1073741823:f9
1073741823,1073741823,1073741823,1072693247,1073184767,1073332223,1073119231,1072062463,1073709055,1073397759,1073446911,1073741823,1073741823,1073741823,1073741823:f9
1073741823,1073741823,1073741823,1072693247,1073184767,1073332223,1073119231,1072062463,1073709055,1072414719,1073446911,1073741823,1073741823,1073741823,1073741823:f9
1073741823,1073741823,1073741823,1072693247,1073184767,1073332223,1073119231,1072062463,1073709055,1073463295,1073446911,1069547519,1073741823,1073741823,1073741823:f9
1073741823,1073741823,1073741823,1072693247,1073184767,1073332223,1073119231,1072062463,1073709055,1073463295,1072398335,1073741823,1073741823,1073741823,1073741823:f9
1073741823,1073741823,1073741823,1072693247,1073184767,1073332223,1073119231,1072062463,1073709055,1073463295,1073446911,1073479679,1073741823,1073741823,1073741823:f9
1073741823,1073741823,1073741823,1072693247,1073184767,1069137919,1073119231,1072062463,1073709055,1073463295,1073446911,1073741823,1073741823,1073741823,1073741823:f9
1073741823,1073741823,1073741823,1072693247,1073184767,1073332223,1073119231,1067868159,1073709055,1073463295,1073446911,1073741823,1073741823,1073741823,1073741823:f9
1073741823,1073741823,1073741823,1072693247,1073184767,1073332223,1073119231,1072062463,1073709055,1069268991,1073446911,1073741823,1073741823,1073741823,1073741823:f9
1073741823,1073741823,1073741823,1072693247,1073184767,1073332223,1073119231,1072062463,1073446911,1073463295,1073446911,1073741823,1073741823,1073741823,1073741823:f9
1073741823,1073741823,1073741823,1072693247,1073180671,1073332223,1073119231,1072062463,1073709055,1073463295,1073446911,1073741823,1073741823,1073741823,1073741823:f9
1073741823,1073741823,1073741823,1072693247,1073119231,1073332223,1073119231,1072062463,1073709055,1073463295,1073446911,1073741823,1073741823,1073741823,1073741823:f9
1073741823,1073741823,1073741823,1072693247,1072136191,1073332223,1073119231,1072062463,1073709055,1073463295,1073446911,1073741823,1073741823,1073741823,1073741823:f9
1073741823,1073741823,1073741823,1072693247,1073184767,1073332223,1072070655,1072062463,1073709055,1073463295,1073446911,1073741823,1073741823,1073741823,1073741823:f9
1073741823,1073741823,1073741823,1072693247,1073184767,1073332223,1073119231,1072062463,1072660479,1073463295,1073446911,1073741823,1073741823,1073741823,1073741823:f9
1073741823,1073741823,1073741823,1072693247,1073184767,1073332223,1073119231,1072062463,1073709055,1073462271,1073446911,1073741823,1073741823,1073741823,1073741823:f9
1073741823,1073741823,1073741823,1072693247,1073184767,1073332223,1073119231,1072062463,1073704959,1073463295,1073446911,1073741823,1073741823,1073741823,1073741823:f9
1073741823,1073741823,1073741823,1072693247,1073184767,1073332223,1073119231,1072061439,1073709055,1073463295,1073446911,1073741823,1073741823,1073741823,1073741823:f9
1073741823,1073741823,1073741823,1072693247,1073184767,1073331199,1073119231,1072062463,1073709055,1073463295,1073446911,1073741823,1073741823,1073741823,1073741823:f9
1073741823,1073741823,1073741823,1072693247,1073184767,1073332223,1073115135,1072062463,1073709055,1073463295,1073446911,1073741823,1073741823,1073741823,1073741823:f9
1073741823,1073741823,1073741823,1072693247,1073184767,1073332223,1073119231,1072062463,1073643519,1073463295,1073446911,1073741823,1073741823,1073741823,1073741823:f9
