1073741823,1073741823,1073741823,1072693247,1073217535,1073331967,1073119231,1073115135,1073479679,1073340415,1073709055,1073741823,1073741823,1073741823,1073741823:f9
1073741823,1073741823,1073741823,1072693247,1073217535,1073331967,1073119231,1073115135,1073477631,1073340415,1073708991,1073741823,1073741823,1073741823,1073741823:h10
1073741823,1073741823,1073741823,1072693247,1073217535,1073331967,1073119231,1073115135,1073477567,1073340415,1073709055,1073741823,1073741823,1073741823,1073741823:e8
1073741823,1073741823,1073741823,1072693247,1073217535,1073331967,1073119231,1073115135,1073477375,1073340415,1073709055,1073741823,1073741823,1073741823,1073741823:e8
1073741823,1073741823,1073741823,1072693247,1073217535,1073331967,1073119231,1073115119,1073477631,1073340415,1073709055,1073741823,1073741823,1073741823,1073741823:e8
1073741823,1073741823,1073741823,1072693247,1073217535,1073331967,1073119167,1073115135,1073477631,1073340415,1073709055,1073741823,1073741823,1073741823,1073741823:i12
1073741823,1073741823,1073741823,1072693247,1073217535,1073331951,1073119231,1073115135,1073477631,1073340415,1073709055,1073741823,1073741823,1073741823,1073741823:e8
1073741823,1073741823,1073741823,1072693247,1073217535,1073331903,1073119231,1073115135,1073477631,1073340415,1073709055,1073741823,1073741823,1073741823,1073741823:e8
1073741823,1073741823,1073741823,1072693231,1073217535,1073331967,1073119231,1073115135,1073477631,1073340415,1073709055,1073741823,1073741823,1073741823,1073741823:h10
1073741823,1073741823,1073741823,1072693247,1073217471,1073331967,1073119231,1073115135,1073477631,1073340415,1073709055,1073741823,1073741823,1073741823,1073741823:e8
1073741823,1073741823,1073741823,1072692991,1073217535,1073331967,1073119231,1073115135,1073477631,1073340415,1073709055,1073741823,1073741823,1073741823,1073741823:e8
1073741823,1073741823,1073741823,1072693247,1073217279,1073331967,1073119231,1073115135,1073477631,1073340415,1073709055,1073741823,1073741823,1073741823,1073741823:e8
1073741823,1073741823,1073741823,1072693247,1073217535,1073331967,1073118975,1073115135,1073477631,1073340415,1073709055,1073741823,1073741823,1073741823,1073741823:e8
1073741823,1073741823,1073741823,1072693247,1073217535,1073331967,1073119231,1073115135,1073477631,1073340415,1073709055,1073741567,1073741823,1073741823,1073741823:h10
1073741823,1073741823,1073741823,1072693247,1073217535,1073331967,1073119231,1073115135,1073477631,1073340415,1069514751,1073741823,1073741823,1073741823,1073741823:h10
1073741823,1073741823,1073741823,1072693247,1073217535,1073331967,1073119231,1073115135,1073477631,1073340415,1073709055,1072693247,1073741823,1073741823,1073741823:h10
1073741823,1073741823,1073741823,1072693247,1073217535,1073331967,1073119231,1073115135,1073477631,1073340159,1073709055,1073741823,1073741823,1073741823,1073741823:e8
1073741823,1073741823,1073741823,1072693247,1073217535,1073331967,1073119231,1073114879,1073477631,1073340415,1073709055,1073741823,1073741823,1073741823,1073741823:i12
1073741823,1073741823,1073741823,1072693247,1073217535,1073331967,1073119231,1073114879,1073477631,1073340415,1073709055,1073610751,1073741823,1073737727,1073741823:j13
1073741823,1073741823,1073741823,1072693247,1073217535,1073331967,1073119231,1073114879,1073477631,1073340415,1073709055,1073610751,1073741823,1072693247,1073741823:j13
1073741823,1073741823,1073741823,1072693247,1073217535,1073331967,1073119231,1073114879,1073477631,1073340415,1073709055,1073610751,1073741823,1073676287,1073741823:j13
1073741823,1073741823,1073741823,1072693247,1073217535,1073331967,1073119231,1073114879,1073477631,1073340415,1073709055,1073610751,1073676287,1073741823,1073741823:j13
1073741823,1073741823,1073741823,1072693247,1073217535,1073331967,1073119231,1073114879,1073477631,1073340399,1073709055,1073610751,1073741823,1073741823,1073741823:j13
1073741823,1073741823,1073741823,1072693247,1073217535,1073331967,1073119231,1073114815,1073477631,1073340415,1073709055,1073610751,1073741823,1073741823,1073741823:j13
1073741823,1073741823,1073741823,1072693247,1073217535,1073331967,1073119231,1073114879,1073477631,1073340415,1073708991,1073610751,1073741823,1073741823,1073741823:j13
1073741823,1073741823,1073741823,1072693247,1073217535,1073331967,1073119231,1073114879,1073477567,1073340415,1073709055,1073610751,1073741823,1073741823,1073741823:j13
1073741823,1073741823,1073741823,1072693247,1073217535,1073331967,1073119231,1073114879,1073477375,1073340415,1073709055,1073610751,1073741823,1073741823,1073741823:j13
1073741823,1073741823,1073741823,1072693247,1073217535,1073331967,1073119231,1073114863,1073477631,1073340415,1073709055,1073610751,1073741823,1073741823,1073741823:j13
1073741823,1073741823,1073741823,1072693247,1073217535,1073331967,1073119167,1073114879,1073477631,1073340415,1073709055,1073610751,1073741823,1073741823,1073741823:j13
1073741823,1073741823,1073741823,1072693247,1073217535,1073331951,1073119231,1073114879,1073477631,1073340415,1073709055,1073610751,1073741823,1073741823,1073741823:j13
1073741823,1073741823,1073741823,1072693247,1073217535,1073331903,1073119231,1073114879,1073477631,1073340415,1073709055,1073610751,1073741823,1073741823,1073741823:j13
1073741823,1073741823,1073741823,1072693231,1073217535,1073331967,1073119231,1073114879,1073477631,1073340415,1073709055,1073610751,1073741823,1073741823,1073741823:j13
1073741823,1073741823,1073741823,1072693247,1073217471,1073331967,1073119231,1073114879,1073477631,1073340415,1073709055,1073610751,1073741823,1073741823,1073741823:j13
1073741823,1073741823,1073741823,1072692991,1073217535,1073331967,1073119231,1073114879,1073477631,1073340415,1073709055,1073610751,1073741823,1073741823,1073741823:j13
1073741823,1073741823,1073741823,1072693247,1073217279,1073331967,1073119231,1073114879,1073477631,1073340415,1073709055,1073610751,1073741823,1073741823,1073741823:j13
1073741823,1073741823,1073741823,1072693247,1073217535,1073331967,1073118975,1073114879,1073477631,1073340415,1073709055,1073610751,1073741823,1073741823,1073741823:j13
1073741823,1073741823,1073741823,1072693247,1073217535,1073331967,1073119231,1073114879,1073477631,1073340415,1073709055,1073610495,1073741823,1073741823,1073741823:j13
1073741823,1073741823,1073741823,1072693247,1073217535,1073331967,1073119231,1073114879,1073477631,1073340415,1069514751,1073610751,1073741823,1073741823,1073741823:j13
1073741823,1073741823,1073741823,1072693247,1073217535,1073331967,1073119231,1073114879,1073477631,1073340415,1073709055,1072562175,1073741823,1073741823,1073741823:j13
1073741823,1073741823,1073741823,1072693247,1073217535,1073331967,1073119231,1073114879,1073477631,1073340159,1073709055,1073610751,1073741823,1073741823,1073741823:j13
1073741823,1073741823,1073741823,1072693247,1073217535,1073331967,1073119231,1073114879,1073477631,1073340415,1073709055,1073610751,1073740799,1073741823,1073741823:j13
1073741823,1073741823,1073741823,1072693247,1073217535,1073331967,1073119231,1073114879,1073477631,1073340415,1073709055,1073606655,1073741823,1073741823,1073741823:j13
1073741823,1073741823,1073741823,1072693247,1073217535,1073331967,1073119231,1073114879,1073477631,1073340415,1073708031,1073610751,1073741823,1073741823,1073741823:j13
1073741823,1073741823,1073741823,1072693247,1073217535,1073331967,1073119231,1073114879,1073477631,1073340415,1073704959,1073610751,1073741823,1073741823,1073741823:j13
1073741823,1073741823,1073741823,1072693247,1073217535,1073331967,1073119231,1073114879,1073477631,1073340415,1073709055,1073610751,1073479679,1073741823,1073741823:i11
1073741823,1073741823,1073741823,1072693247,1073217535,1073331967,1073119231,1073114879,1073477631,1073340415,1073577983,1073610751,1073475583,1073741823,1073741823:h10
1073741823,1073741823,1073741823,1072693247,1073217535,1073331967,1073119231,1073114879,1073477631,1073340415,1073577983,1073610751,1073479679,1073741823,1073725439:h10
1073741823,1073741823,1073741823,1072693247,1073217535,1073331967,1073119231,1073114879,1073477631,1073340415,1073577983,1073610751,1069285375,1073741823,1073741823:h10
1073741823,1073741823,1073741823,1072693247,1073217535,1073331967,1073119231,1073114879,1073477631,1073340415,1073577983,1073610751,1072431103,1073741823,1073741823:h10
1073741823,1073741823,1073741823,1072693247,1073217535,1073331967,1073119231,1073114879,1073477631,1073340415,1073577983,1073610751,1073479679,1073741823,1069547519:h10
1073741823,1073741823,1073741823,1072693247,1073217535,1073331967,1073119231,1073114879,1073477631,1073340415,1073577983,1073610751,1073479679,1073741823,1073479679:h10
1073741823,1073741823,1073741823,1072693247,1073217535,1073331967,1073119231,1073114879,1073477631,1073340415,1073577983,1073610751,1073479679,1073479679,1073741823:h10
1073741823,1073741823,1073741823,1072693247,1073217535,1073331967,1073119231,1073114879,1073477631,1073340415,1073577983,1073610751,1073479679,1073737727,1073741823:h10
1073741823,1073741823,1073741823,1072693247,1073217535,1073331967,1073119231,1073114879,1073477631,1073340415,1073577983,1073610751,1073479679,1072693247,1073741823:h10
1073741823,1073741823,1073741823,1072693247,1073217535,1073331967,1073119231,1073114879,1073477631,1073340415,1073577983,1073610751,1073479679,1073676287,1073741823:h10
1073741823,1073741823,1073741823,1072693247,1073217535,1073331967,1073119231,1073114879,1073477631,1073340415,1073577983,1073610751,1073414143,1073741823,1073741823:j11
1073741823,1073741823,1073741823,1072693247,1073217535,1073331967,1073119231,1073114879,1073477631,1073340399,1073577983,1073610751,1073479679,1073741823,1073741823:h10
1073741823,1073741823,1073741823,1072693247,1073217535,1073331967,1073119231,1073114815,1073477631,1073340415,1073577983,1073610751,1073479679,1073741823,1073741823:h10
1073741823,1073741823,1073741823,1072693247,1073217535,1073331967,1073119231,1073114879,1073477631,1073340415,1073577919,1073610751,1073479679,1073741823,1073741823:h10
1073741823,1073741823,1073741823,1072693247,1073217535,1073331967,1073119231,1073114879,1073477567,1073340415,1073577983,1073610751,1073479679,1073741823,1073741823:h10
1073741823,1073741823,1073741823,1072693247,1073217535,1073331967,1073119231,1073114879,1073477375,1073340415,1073577983,1073610751,1073479679,1073741823,1073741823:h10
1073741823,1073741823,1073741823,1072693247,1073217535,1073331967,1073119231,1073114863,1073477631,1073340415,1073577983,1073610751,1073479679,1073741823,1073741823:h10
1073741823,1073741823,1073741823,1072693247,1073217535,1073331967,1073119167,1073114879,1073477631,1073340415,1073577983,1073610751,1073479679,1073741823,1073741823:h10
1073741823,1073741823,1073741823,1072693247,1073217535,1073331951,1073119231,1073114879,1073477631,1073340415,1073577983,1073610751,1073479679,1073741823,1073741823:h10
1073741823,1073741823,1073741823,1072693247,1073217535,1073331903,1073119231,1073114879,1073477631,1073340415,1073577983,1073610751,1073479679,1073741823,1073741823:h10
1073741823,1073741823,1073741823,1072693231,1073217535,1073331967,1073119231,1073114879,1073477631,1073340415,1073577983,1073610751,1073479679,1073741823,1073741823:h10
1073741823,1073741823,1073741823,1072693247,1073217471,1073331967,1073119231,1073114879,1073477631,1073340415,1073577983,1073610751,1073479679,1073741823,1073741823:i13
1073741823,1073741823,1073741823,1072692991,1073217535,1073331967,1073119231,1073114879,1073477631,1073340415,1073577983,1073610751,1073479679,1073741823,1073741823:h10
1073741823,1073741823,1073741823,1072693247,1073217279,1073331967,1073119231,1073114879,1073477631,1073340415,1073577983,1073610751,1073479679,1073741823,1073741823:h10
1073741823,1073741823,1073741823,1072693247,1073217535,1073331967,1073118975,1073114879,1073477631,1073340415,1073577983,1073610751,1073479679,1073741823,1073741823:h10
1073741823,1073741823,1073741823,1072693247,1073217535,1073331967,1073119231,1073114879,1073477631,1073340415,1073577983,1073610495,1073479679,1073741823,1073741823:h10
1073741823,1073741823,1073741823,1072693247,1073217535,1073331967,1073119231,1073114879,1073477631,1073340415,1069383679,1073610751,1073479679,1073741823,1073741823:h10
1073741823,1073741823,1073741823,1072693247,1073217535,1073331967,1073119231,1073114879,1073477631,1073340415,1073577983,1072562175,1073479679,1073741823,1073741823:h10
1073741823,1073741823,1073741823,1072693247,1073217535,1073331967,1073119231,1073114879,1073477631,1073340159,1073577983,1073610751,1073479679,1073741823,1073741823:h10
1073741823,1073741823,1073741823,1072693247,1073217535,1073331967,1073119231,1073114879,1073477631,1073340415,1073577983,1073610751,1073478655,1073741823,1073741823:h10
1073741823,1073741823,1073741823,1072693247,1073217535,1073331967,1073119231,1073114879,1073477631,1073340415,1073577983,1073606655,1073479679,1073741823,1073741823:h10
1073741823,1073741823,1073741823,1072693247,1073217535,1073331967,1073119231,1073114879,1073477631,1073340415,1073576959,1073610751,1073479679,1073741823,1073741823:h10
1073741823,1073741823,1073741823,1072693247,1073217535,1073331967,1073119231,1073114879,1073477631,1073340415,1073573887,1073610751,1073479679,1073741823,1073741823:i13
1073741823,1073741823,1073741823,1072693247,1073217535,1073331967,1073119231,1073114879,1073477631,1073340415,1073577983,1073610751,1073463295,1073741823,1073741823:h10
1073741823,1073741823,1073741823,1072693247,1073217535,1073331967,1073119231,1073114879,1069283327,1073340415,1073577983,1073610751,1073479679,1073741823,1073741823:h10
1073741823,1073676287,1073741823,1072693247,1073217535,1073331967,1073119231,1073114879,1073477631,1073340415,1073577983,1073610751,1073479679,1073741823,1073741823:h10
1073741823,1072693247,1073741823,1072693247,1073217535,1073331967,1073119231,1073114879,1073477631,1073340415,1073577983,1073610751,1073479679,1073741823,1073741823:h10
1073741823,1073741823,1072693247,1072693247,1073217535,1073331967,1073119231,1073114879,1073477631,1073340415,1073577983,1073610751,1073479679,1073741823,1073741823:h10
1073741823,1056964607,1073741823,1072693247,1073217535,1073331967,1073119231,1073114879,1073477631,1073340415,1073577983,1073610751,1073479679,1073741823,1073741823:h10
1073741823,1073741823,1073741823,1055916031,1073217535,1073331967,1073119231,1073114879,1073477631,1073340415,1073577983,1073610751,1073479679,1073741823,1073741823:h10
1073741823,1073741823,1073741823,1068498943,1073217535,1073331967,1073119231,1073114879,1073477631,1073340415,1073577983,1073610751,1073479679,1073741823,1073741823:h10
1073741823,1073741823,1073741823,1072693247,1073217535,1056554751,1073119231,1073114879,1073477631,1073340415,1073577983,1073610751,1073479679,1073741823,1073741823:h10
1073741823,1073741823,1073725439,1072693247,1073217535,1073331967,1073119231,1073114879,1073477631,1073340415,1073577983,1073610751,1073479679,1073741823,1073741823:h10
1073741823,1073741823,1073479679,1072693247,1073217535,1073331967,1073119231,1073114879,1073477631,1073340415,1073577983,1073610751,1073479679,1073741823,1073741823:h10
1073741823,1073741823,1069547519,1072693247,1073217535,1073331967,1073119231,1073114879,1073477631,1073340415,1073577983,1073610751,1073479679,1073741823,1073741823:h10
1073741823,1073741823,1073741823,1072693247,1069023231,1073331967,1073119231,1073114879,1073477631,1073340415,1073577983,1073610751,1073479679,1073741823,1073741823:h10
1073741823,1073741823,1073741823,1072693247,1073217535,1073331967,1068924927,1073114879,1073477631,1073340415,1073577983,1073610751,1073479679,1073741823,1073741823:h10
1073741823,1073741823,1073741823,1072692223,1073217535,1073331967,1073119231,1073114879,1073477631,1073340415,1073577983,1073610751,1073479679,1073741823,1073741823:h10
1073741823,1073741823,1073741823,1072676863,1073217535,1073331967,1073119231,1073114879,1073477631,1073340415,1073577983,1073610751,1073479679,1073741823,1073741823:h10
1073741823,1073741823,1073741823,1072431103,1073217535,1073331967,1073119231,1073114879,1073477631,1073340415,1073577983,1073610751,1073479679,1073741823,1073741823:h10
1073741823,1073741823,1073741823,1072693247,1073217535,1073331967,1073118207,1073114879,1073477631,1073340415,1073577983,1073610751,1073479679,1073741823,1073741823:i13
1073741823,1073741823,1073741823,1072693247,1073216511,1073331967,1073119231,1073114879,1073477631,1073340415,1073577983,1073610751,1073479679,1073741823,1073741823:h10
1073741823,1073741823,1073741823,1072693247,1073217535,1073327871,1073119231,1073114879,1073477631,1073340415,1073577983,1073610751,1073479679,1073741823,1073741823:h10
1073741823,1073741823,1073741823,1072689151,1073217535,1073331967,1073119231,1073114879,1073477631,1073340415,1073577983,1073610751,1073479679,1073741823,1073741823:h10
1073741823,1073741823,1073741823,1072693247,1073201151,1073331967,1073119231,1073114879,1073477631,1073340415,1073577983,1073610751,1073479679,1073741823,1073741823:h10
1073741823,1073741823,1073741823,1072627711,1073217535,1073331967,1073119231,1073114879,1073477631,1073340415,1073577983,1073610751,1073479679,1073741823,1073741823:h10
1073741823,1073741823,1073741823,1072693247,1073217535,1072283391,1073119231,1073114879,1073477631,1073340415,1073577983,1073610751,1073479679,1073741823,1073741823:h10
1073741823,1073741823,1073741823,1072693247,1073217535,1073331967,1073119231,1073114879,1073477631,1073340415,1073577983,1073594367,1073479679,1073741823,1073741823:h10
1073741823,1073741823,1073741823,1072693247,1073217535,1073331967,1073119231,1073114879,1073477631,1072291839,1073577983,1073610751,1073479679,1073741823,1073741823:h10
1073741823,1073741823,1073741823,1072693247,1073217535,1073331967,1073119231,1073114879,1073477631,1073340415,1073577983,1069416447,1073479679,1073741823,1073741823:h10
1073741823,1073741823,1073741823,1072693247,1073217535,1073331967,1073119231,1073114879,1073477631,1073340415,1072529407,1073610751,1073479679,1073741823,1073741823:h10
1073741823,1073741823,1073741823,1072693247,1073217535,1073331967,1073119231,1073114879,1073477631,1073340415,1073577983,1073348607,1073479679,1073741823,1073741823:j11
1073741823,1073741823,1073741823,1072693247,1073217535,1073331967,1073119231,1073114879,1073477631,1073340415,1073315839,1073610751,1073479679,1073741823,1073741823:j12
1073741823,1073741823,1073741823,1072693247,1073217535,1073331967,1073119231,1073114879,1073477631,1073340415,1073315839,1073086463,1073479679,1073725439,1073741823:h10
1073741823,1073741823,1073741823,1072693247,1073217535,1073331967,1073119231,1073114879,1073477631,1073340415,1073315839,1073086463,1073479679,1069547519,1073741823:h10
1073741823,1073741823,1073741823,1072693247,1073217535,1073331967,1073119231,1073114879,1073477631,1073340415,1073315839,1073086463,1073475583,1073741823,1073741823:h10
1073741823,1073741823,1073741823,1072693247,1073217535,1073331967,1073119231,1073114879,1073477631,1073340415,1073315839,1073086463,1073479679,1073741823,1073725439:h10
1073741823,1073741823,1073741823,1072693247,1073217535,1073331967,1073119231,1073114879,1073477631,1073340415,1073315839,1073086463,1069285375,1073741823,1073741823:h10
1073741823,1073741823,1073741823,1072693247,1073217535,1073331967,1073119231,1073114879,1073477631,1073340415,1073315839,1073086463,1072431103,1073741823,1073741823:h10
1073741823,1073741823,1073741823,1072693247,1073217535,1073331967,1073119231,1073114879,1073477631,1073340415,1073315839,1073086463,1073479679,1073741823,1069547519:h10
1073741823,1073741823,1073741823,1072693247,1073217535,1073331967,1073119231,1073114879,1073477631,1073340415,1073315839,1073086463,1073479679,1073741823,1073479679:h10
1073741823,1073741823,1073741823,1072693247,1073217535,1073331967,1073119231,1073114879,1073477631,1073340415,1073315839,1073086463,1073479679,1073479679,1073741823:h10
1073741823,1073741823,1073741823,1072693247,1073217535,1073331967,1073119231,1073114879,1073477631,1073340415,1073315839,1073086463,1073479679,1073737727,1073741823:h10
1073741823,1073741823,1073741823,1072693247,1073217535,1073331967,1073119231,1073114879,1073477631,1073340415,1073315839,1073086463,1073479679,1072693247,1073741823:h10
1073741823,1073741823,1073741823,1072693247,1073217535,1073331967,1073119231,1073114879,1073477631,1073340415,1073315839,1073086463,1073479679,1073676287,1073741823:h10
1073741823,1073741823,1073741823,1072693247,1073217535,1073331967,1073119231,1073114879,1073477631,1073340415,1073315839,1073086463,1073414143,1073741823,1073741823:h10
1073741823,1073741823,1073741823,1072693247,1073217535,1073331967,1073119231,1073114879,1073477631,1073340399,1073315839,1073086463,1073479679,1073741823,1073741823:h10
1073741823,1073741823,1073741823,1072693247,1073217535,1073331967,1073119231,1073114815,1073477631,1073340415,1073315839,1073086463,1073479679,1073741823,1073741823:h10
1073741823,1073741823,1073741823,1072693247,1073217535,1073331967,1073119231,1073114879,1073477631,1073340415,1073315775,1073086463,1073479679,1073741823,1073741823:h10
1073741823,1073741823,1073741823,1072693247,1073217535,1073331967,1073119231,1073114879,1073477567,1073340415,1073315839,1073086463,1073479679,1073741823,1073741823:h10
1073741823,1073741823,1073741823,1072693247,1073217535,1073331967,1073119231,1073114879,1073477375,1073340415,1073315839,1073086463,1073479679,1073741823,1073741823:h10
1073741823,1073741823,1073741823,1072693247,1073217535,1073331967,1073119231,1073114863,1073477631,1073340415,1073315839,1073086463,1073479679,1073741823,1073741823:h10
1073741823,1073741823,1073741823,1072693247,1073217535,1073331967,1073119167,1073114879,1073477631,1073340415,1073315839,1073086463,1073479679,1073741823,1073741823:h10
1073741823,1073741823,1073741823,1072693247,1073217535,1073331951,1073119231,1073114879,1073477631,1073340415,1073315839,1073086463,1073479679,1073741823,1073741823:h10
1073741823,1073741823,1073741823,1072693247,1073217535,1073331903,1073119231,1073114879,1073477631,1073340415,1073315839,1073086463,1073479679,1073741823,1073741823:h10
1073741823,1073741823,1073741823,1072693231,1073217535,1073331967,1073119231,1073114879,1073477631,1073340415,1073315839,1073086463,1073479679,1073741823,1073741823:h10
1073741823,1073741823,1073741823,1072693247,1073217471,1073331967,1073119231,1073114879,1073477631,1073340415,1073315839,1073086463,1073479679,1073741823,1073741823:i13
1073741823,1073741823,1073741823,1072692991,1073217535,1073331967,1073119231,1073114879,1073477631,1073340415,1073315839,1073086463,1073479679,1073741823,1073741823:h10
1073741823,1073741823,1073741823,1072693247,1073217279,1073331967,1073119231,1073114879,1073477631,1073340415,1073315839,1073086463,1073479679,1073741823,1073741823:h10
1073741823,1073741823,1073741823,1072693247,1073217535,1073331967,1073118975,1073114879,1073477631,1073340415,1073315839,1073086463,1073479679,1073741823,1073741823:h10
1073741823,1073741823,1073741823,1072693247,1073217535,1073331967,1073119231,1073114879,1073477631,1073340415,1073315839,1073086207,1073479679,1073741823,1073741823:h10
1073741823,1073741823,1073741823,1072693247,1073217535,1073331967,1073119231,1073114879,1073477631,1073340415,1069121535,1073086463,1073479679,1073741823,1073741823:h10
1073741823,1073741823,1073741823,1072693247,1073217535,1073331967,1073119231,1073114879,1073477631,1073340415,1073315839,1072037887,1073479679,1073741823,1073741823:h10
1073741823,1073741823,1073741823,1072693247,1073217535,1073331967,1073119231,1073114879,1073477631,1073340159,1073315839,1073086463,1073479679,1073741823,1073741823:h10
1073741823,1073741823,1073741823,1072693247,1073217535,1073331967,1073119231,1073114879,1073477631,1073340415,1073315839,1073086463,1073478655,1073741823,1073741823:h10
1073741823,1073741823,1073741823,1072693247,1073217535,1073331967,1073119231,1073114879,1073477631,1073340415,1073315839,1073082367,1073479679,1073741823,1073741823:h10
1073741823,1073741823,1073741823,1072693247,1073217535,1073331967,1073119231,1073114879,1073477631,1073340415,1073314815,1073086463,1073479679,1073741823,1073741823:h10
1073741823,1073741823,1073741823,1072693247,1073217535,1073331967,1073119231,1073114879,1073477631,1073340415,1073311743,1073086463,1073479679,1073741823,1073741823:h10
1073741823,1073741823,1073741823,1072693247,1073217535,1073331967,1073119231,1073114879,1073477631,1073340415,1073315839,1073086463,1073463295,1073741823,1073741823:h10
1073741823,1073741823,1073741823,1072693247,1073217535,1073331967,1073119231,1073114879,1069283327,1073340415,1073315839,1073086463,1073479679,1073741823,1073741823:h10
1073741823,1073676287,1073741823,1072693247,1073217535,1073331967,1073119231,1073114879,1073477631,1073340415,1073315839,1073086463,1073479679,1073741823,1073741823:h10
1073741823,1072693247,1073741823,1072693247,1073217535,1073331967,1073119231,1073114879,1073477631,1073340415,1073315839,1073086463,1073479679,1073741823,1073741823:h10
1073741823,1073741823,1072693247,1072693247,1073217535,1073331967,1073119231,1073114879,1073477631,1073340415,1073315839,1073086463,1073479679,1073741823,1073741823:h10
1073741823,1056964607,1073741823,1072693247,1073217535,1073331967,1073119231,1073114879,1073477631,1073340415,1073315839,1073086463,1073479679,1073741823,1073741823:h10
1073741823,1073741823,1073741823,1055916031,1073217535,1073331967,1073119231,1073114879,1073477631,1073340415,1073315839,1073086463,1073479679,1073741823,1073741823:h10
1073741823,1073741823,1073741823,1068498943,1073217535,1073331967,1073119231,1073114879,1073477631,1073340415,1073315839,1073086463,1073479679,1073741823,1073741823:h10
1073741823,1073741823,1073741823,1072693247,1073217535,1056554751,1073119231,1073114879,1073477631,1073340415,1073315839,1073086463,1073479679,1073741823,1073741823:h10
1073741823,1073741823,1073725439,1072693247,1073217535,1073331967,1073119231,1073114879,1073477631,1073340415,1073315839,1073086463,1073479679,1073741823,1073741823:h10
1073741823,1073741823,1073479679,1072693247,1073217535,1073331967,1073119231,1073114879,1073477631,1073340415,1073315839,1073086463,1073479679,1073741823,1073741823:h10
1073741823,1073741823,1069547519,1072693247,1073217535,1073331967,1073119231,1073114879,1073477631,1073340415,1073315839,1073086463,1073479679,1073741823,1073741823:h10
1073741823,1073741823,1073741823,1072693247,1069023231,1073331967,1073119231,1073114879,1073477631,1073340415,1073315839,1073086463,1073479679,1073741823,1073741823:h10
1073741823,1073741823,1073741823,1072693247,1073217535,1073331967,1068924927,1073114879,1073477631,1073340415,1073315839,1073086463,1073479679,1073741823,1073741823:h10
1073741823,1073741823,1073741823,1072692223,1073217535,1073331967,1073119231,1073114879,1073477631,1073340415,1073315839,1073086463,1073479679,1073741823,1073741823:h10
1073741823,1073741823,1073741823,1072676863,1073217535,1073331967,1073119231,1073114879,1073477631,1073340415,1073315839,1073086463,1073479679,1073741823,1073741823:h10
1073741823,1073741823,1073741823,1072431103,1073217535,1073331967,1073119231,1073114879,1073477631,1073340415,1073315839,1073086463,1073479679,1073741823,1073741823:h10
1073741823,1073741823,1073741823,1072693247,1073217535,1073331967,1073118207,1073114879,1073477631,1073340415,1073315839,1073086463,1073479679,1073741823,1073741823:i13
1073741823,1073741823,1073741823,1072693247,1073216511,1073331967,1073119231,1073114879,1073477631,1073340415,1073315839,1073086463,1073479679,1073741823,1073741823:h10
1073741823,1073741823,1073741823,1072693247,1073217535,1073327871,1073119231,1073114879,1073477631,1073340415,1073315839,1073086463,1073479679,1073741823,1073741823:h10
1073741823,1073741823,1073741823,1072689151,1073217535,1073331967,1073119231,1073114879,1073477631,1073340415,1073315839,1073086463,1073479679,1073741823,1073741823:h10
1073741823,1073741823,1073741823,1072693247,1073201151,1073331967,1073119231,1073114879,1073477631,1073340415,1073315839,1073086463,1073479679,1073741823,1073741823:h10
1073741823,1073741823,1073741823,1072627711,1073217535,1073331967,1073119231,1073114879,1073477631,1073340415,1073315839,1073086463,1073479679,1073741823,1073741823:h10
1073741823,1073741823,1073741823,1072693247,1073217535,1072283391,1073119231,1073114879,1073477631,1073340415,1073315839,1073086463,1073479679,1073741823,1073741823:h10
1073741823,1073741823,1073741823,1072693247,1073217535,1073331967,1073119231,1073114879,1073477631,1073340415,1073315839,1073070079,1073479679,1073741823,1073741823:h10
1073741823,1073741823,1073741823,1072693247,1073217535,1073331967,1073119231,1073114879,1073477631,1072291839,1073315839,1073086463,1073479679,1073741823,1073741823:h10
1073741823,1073741823,1073741823,1072693247,1073217535,1073331967,1073119231,1073114879,1073477631,1073340415,1073315839,1068892159,1073479679,1073741823,1073741823:h10
1073741823,1073741823,1073741823,1072693247,1073217535,1073331967,1073119231,1073114879,1073477631,1073340415,1072267263,1073086463,1073479679,1073741823,1073741823:h10
1073741823,1073741823,1073741823,1072693247,1073217535,1069137663,1073119231,1073114879,1073477631,1073340415,1073315839,1073086463,1073479679,1073741823,1073741823:h10
1073741823,1073741823,1073741823,1072693247,1073217535,1073331967,1073119231,1068920575,1073477631,1073340415,1073315839,1073086463,1073479679,1073741823,1073741823:h10
1073741823,1073741823,1073741823,1072693247,1073217535,1073331967,1073119231,1072066303,1073477631,1073340415,1073315839,1073086463,1073479679,1073741823,1073741823:h10
1073741823,1073741823,1073741823,1072693247,1073217535,1073331967,1073119231,1073114879,1073477631,1069146111,1073315839,1073086463,1073479679,1073741823,1073741823:h10
1073741823,1073741823,1073741823,1072693247,1073213439,1073331967,1073119231,1073114879,1073477631,1073340415,1073315839,1073086463,1073479679,1073741823,1073741823:h10
1073741823,1073741823,1073741823,1072693247,1073151999,1073331967,1073119231,1073114879,1073477631,1073340415,1073315839,1073086463,1073479679,1073741823,1073741823:h10
1073741823,1073741823,1073741823,1072693247,1072168959,1073331967,1073119231,1073114879,1073477631,1073340415,1073315839,1073086463,1073479679,1073741823,1073741823:h10
1073741823,1073741823,1073741823,1072693247,1073217535,1073331967,1072070655,1073114879,1073477631,1073340415,1073315839,1073086463,1073479679,1073741823,1073741823:h10
1073741823,1073741823,1073741823,1072693247,1073217535,1073331967,1073119231,1073114879,1072429055,1073340415,1073315839,1073086463,1073479679,1073741823,1073741823:h10
1073741823,1073741823,1073741823,1072693247,1073217535,1073331967,1073119231,1073114879,1073477631,1073339391,1073315839,1073086463,1073479679,1073741823,1073741823:h10
1073741823,1073741823,1073741823,1072693247,1073217535,1073331967,1073119231,1073114879,1073473535,1073340415,1073315839,1073086463,1073479679,1073741823,1073741823:h10
1073741823,1073741823,1073741823,1072693247,1073217535,1073331967,1073119231,1073113855,1073477631,1073340415,1073315839,1073086463,1073479679,1073741823,1073741823:h10
1073741823,1073741823,1073741823,1072693247,1073217535,1073330943,1073119231,1073114879,1073477631,1073340415,1073315839,1073086463,1073479679,1073741823,1073741823:h10
1073741823,1073741823,1073741823,1072693247,1073217535,1073331967,1073115135,1073114879,1073477631,1073340415,1073315839,1073086463,1073479679,1073741823,1073741823:h10
1073741823,1073741823,1073741823,1072693247,1073217535,1073331967,1073119231,1073114879,1073412095,1073340415,1073315839,1073086463,1073479679,1073741823,1073741823:h10
1073741823,1073741823,1073741823,1072693247,1073217535,1073331967,1073119231,1073114879,1073477631,1073324031,1073315839,1073086463,1073479679,1073741823,1073741823:i13
1073741823,1073741823,1073741823,1072693247,1073217535,1073331967,1073119231,1073114879,1073461247,1073340415,1073315839,1073086463,1073479679,1073741823,1073741823:i13
1073741823,1073741823,1073741823,1072693247,1073217535,1069137663,1073119231,1073114879,1073477631,1073340415,1073577983,1073610751,1073479679,1073741823,1073741823:h10
1073741823,1073741823,1073741823,1072693247,1073217535,1073331967,1073119231,1068920575,1073477631,1073340415,1073577983,1073610751,1073479679,1073741823,1073741823:h10
1073741823,1073741823,1073741823,1072693247,1073217535,1073331967,1073119231,1072066303,1073477631,1073340415,1073577983,1073610751,1073479679,1073741823,1073741823:h10
1073741823,1073741823,1073741823,1072693247,1073217535,1073331967,1073119231,1073114879,1073477631,1069146111,1073577983,1073610751,1073479679,1073741823,1073741823:h10
1073741823,1073741823,1073741823,1072693247,1073213439,1073331967,1073119231,1073114879,1073477631,1073340415,1073577983,1073610751,1073479679,1073741823,1073741823:h10
1073741823,1073741823,1073741823,1072693247,1073151999,1073331967,1073119231,1073114879,1073477631,1073340415,1073577983,1073610751,1073479679,1073741823,1073741823:h10
1073741823,1073741823,1073741823,1072693247,1072168959,1073331967,1073119231,1073114879,1073477631,1073340415,1073577983,1073610751,1073479679,1073741823,1073741823:h10
1073741823,1073741823,1073741823,1072693247,1073217535,1073331967,1072070655,1073114879,1073477631,1073340415,1073577983,1073610751,1073479679,1073741823,1073741823:i13
1073741823,1073741823,1073741823,1072693247,1073217535,1073331967,1073119231,1073114879,1072429055,1073340415,1073577983,1073610751,1073479679,1073741823,1073741823:h10
1073741823,1073741823,1073741823,1072693247,1073217535,1073331967,1073119231,1073114879,1073477631,1073339391,1073577983,1073610751,1073479679,1073741823,1073741823:h10
1073741823,1073741823,1073741823,1072693247,1073217535,1073331967,1073119231,1073114879,1073473535,1073340415,1073577983,1073610751,1073479679,1073741823,1073741823:h10
1073741823,1073741823,1073741823,1072693247,1073217535,1073331967,1073119231,1073113855,1073477631,1073340415,1073577983,1073610751,1073479679,1073741823,1073741823:h10
1073741823,1073741823,1073741823,1072693247,1073217535,1073330943,1073119231,1073114879,1073477631,1073340415,1073577983,1073610751,1073479679,1073741823,1073741823:h10
1073741823,1073741823,1073741823,1072693247,1073217535,1073331967,1073115135,1073114879,1073477631,1073340415,1073577983,1073610751,1073479679,1073741823,1073741823:h10
1073741823,1073741823,1073741823,1072693247,1073217535,1073331967,1073119231,1073114879,1073412095,1073340415,1073577983,1073610751,1073479679,1073741823,1073741823:j11
1073741823,1073741823,1073741823,1072693247,1073217535,1073331967,1073119231,1073114879,1073412095,1073340415,1073053695,1073610751,1073475583,1073741823,1073741823:l9
1073741823,1073741823,1073741823,1072693247,1073217535,1073331967,1073119231,1073114879,1073412095,1073340415,1073053695,1073610751,1073479679,1073741823,1073725439:l9
1073741823,1073741823,1073741823,1072693247,1073217535,1073331967,1073119231,1073114879,1073412095,1073340415,1073053695,1073610751,1069285375,1073741823,1073741823:l9
1073741823,1073741823,1073741823,1072693247,1073217535,1073331967,1073119231,1073114879,1073412095,1073340415,1073053695,1073610751,1072431103,1073741823,1073741823:l9
1073741823,1073741823,1073741823,1072693247,1073217535,1073331967,1073119231,1073114879,1073412095,1073340415,1073053695,1073610751,1073479679,1073741823,1069547519:l9
1073741823,1073741823,1073741823,1072693247,1073217535,1073331967,1073119231,1073114879,1073412095,1073340415,1073053695,1073610751,1073479679,1073741823,1073479679:l9
1073741823,1073741823,1073741823,1072693247,1073217535,1073331967,1073119231,1073114879,1073412095,1073340415,1073053695,1073610751,1073479679,1073479679,1073741823:l9
1073741823,1073741823,1073741823,1072693247,1073217535,1073331967,1073119231,1073114879,1073412095,1073340415,1073053695,1073610751,1073479679,1073737727,1073741823:l9
1073741823,1073741823,1073741823,1072693247,1073217535,1073331967,1073119231,1073114879,1073412095,1073340415,1073053695,1073610751,1073479679,1072693247,1073741823:l9
1073741823,1073741823,1073741823,1072693247,1073217535,1073331967,1073119231,1073114879,1073412095,1073340415,1073053695,1073610751,1073479679,1073676287,1073741823:l9
1073741823,1073741823,1073741823,1072693247,1073217535,1073331967,1073119231,1073114879,1073412095,1073340415,1073053695,1073610751,1073414143,1073741823,1073741823:l9
1073741823,1073741823,1073741823,1072693247,1073217535,1073331967,1073119231,1073114879,1073412095,1073340399,1073053695,1073610751,1073479679,1073741823,1073741823:l9
1073741823,1073741823,1073741823,1072693247,1073217535,1073331967,1073119231,1073114815,1073412095,1073340415,1073053695,1073610751,1073479679,1073741823,1073741823:h10
1073741823,1073741823,1073741823,1072693247,1073217535,1073331967,1073119231,1073114879,1073412095,1073340415,1073053631,1073610751,1073479679,1073741823,1073741823:l9
1073741823,1073741823,1073741823,1072693247,1073217535,1073331967,1073119231,1073114879,1073412031,1073340415,1073053695,1073610751,1073479679,1073741823,1073741823:l9
1073741823,1073741823,1073741823,1072693247,1073217535,1073331967,1073119231,1073114879,1073411839,1073340415,1073053695,1073610751,1073479679,1073741823,1073741823:g11
1073741823,1073741823,1073741823,1072693247,1073217535,1073331967,1073119231,1073114863,1073412095,1073340415,1073053695,1073610751,1073479679,1073741823,1073741823:h10
1073741823,1073741823,1073741823,1072693247,1073217535,1073331967,1073119167,1073114879,1073412095,1073340415,1073053695,1073610751,1073479679,1073741823,1073741823:l9
1073741823,1073741823,1073741823,1072693247,1073217535,1073331951,1073119231,1073114879,1073412095,1073340415,1073053695,1073610751,1073479679,1073741823,1073741823:l9
1073741823,1073741823,1073741823,1072693247,1073217535,1073331903,1073119231,1073114879,1073412095,1073340415,1073053695,1073610751,1073479679,1073741823,1073741823:h10
1073741823,1073741823,1073741823,1072693231,1073217535,1073331967,1073119231,1073114879,1073412095,1073340415,1073053695,1073610751,1073479679,1073741823,1073741823:h10
1073741823,1073741823,1073741823,1072693247,1073217471,1073331967,1073119231,1073114879,1073412095,1073340415,1073053695,1073610751,1073479679,1073741823,1073741823:g11
1073741823,1073741823,1073741823,1072692991,1073217535,1073331967,1073119231,1073114879,1073412095,1073340415,1073053695,1073610751,1073479679,1073741823,1073741823:h10
1073741823,1073741823,1073741823,1072693247,1073217279,1073331967,1073119231,1073114879,1073412095,1073340415,1073053695,1073610751,1073479679,1073741823,1073741823:h10
1073741823,1073741823,1073741823,1072693247,1073217535,1073331967,1073118975,1073114879,1073412095,1073340415,1073053695,1073610751,1073479679,1073741823,1073741823:g11
1073741823,1073741823,1073741823,1072693247,1073217535,1073331967,1073119231,1073114879,1073412095,1073340415,1073053695,1073610495,1073479679,1073741823,1073741823:l9
1073741823,1073741823,1073741823,1072693247,1073217535,1073331967,1073119231,1073114879,1073412095,1073340415,1068859391,1073610751,1073479679,1073741823,1073741823:h10
1073741823,1073741823,1073741823,1072693247,1073217535,1073331967,1073119231,1073114879,1073412095,1073340415,1073053695,1072562175,1073479679,1073741823,1073741823:l9
1073741823,1073741823,1073741823,1072693247,1073217535,1073331967,1073119231,1073114879,1073412095,1073340159,1073053695,1073610751,1073479679,1073741823,1073741823:g11
1073741823,1073741823,1073741823,1072693247,1073217535,1073331967,1073119231,1073114879,1073412095,1073340415,1073053695,1073610751,1073478655,1073741823,1073741823:l9
1073741823,1073741823,1073741823,1072693247,1073217535,1073331967,1073119231,1073114879,1073412095,1073340415,1073053695,1073606655,1073479679,1073741823,1073741823:l9
1073741823,1073741823,1073741823,1072693247,1073217535,1073331967,1073119231,1073114879,1073412095,1073340415,1073052671,1073610751,1073479679,1073741823,1073741823:l9
1073741823,1073741823,1073741823,1072693247,1073217535,1073331967,1073119231,1073114879,1073412095,1073340415,1073049599,1073610751,1073479679,1073741823,1073741823:l9
1073741823,1073741823,1073741823,1072693247,1073217535,1073331967,1073119231,1073114879,1073412095,1073340415,1073053695,1073610751,1073463295,1073741823,1073741823:h10
1073741823,1073741823,1073741823,1072693247,1073217535,1073331967,1073119231,1073114879,1069217791,1073340415,1073053695,1073610751,1073479679,1073741823,1073741823:g11
1073741823,1073676287,1073741823,1072693247,1073217535,1073331967,1073119231,1073114879,1073412095,1073340415,1073053695,1073610751,1073479679,1073741823,1073741823:l9
1073741823,1072693247,1073741823,1072693247,1073217535,1073331967,1073119231,1073114879,1073412095,1073340415,1073053695,1073610751,1073479679,1073741823,1073741823:l9
1073741823,1073741823,1072693247,1072693247,1073217535,1073331967,1073119231,1073114879,1073412095,1073340415,1073053695,1073610751,1073479679,1073741823,1073741823:l9
1073741823,1056964607,1073741823,1072693247,1073217535,1073331967,1073119231,1073114879,1073412095,1073340415,1073053695,1073610751,1073479679,1073741823,1073741823:l9
1073741823,1073741823,1073741823,1055916031,1073217535,1073331967,1073119231,1073114879,1073412095,1073340415,1073053695,1073610751,1073479679,1073741823,1073741823:l9
1073741823,1073741823,1073741823,1068498943,1073217535,1073331967,1073119231,1073114879,1073412095,1073340415,1073053695,1073610751,1073479679,1073741823,1073741823:h10
1073741823,1073741823,1073741823,1072693247,1073217535,1056554751,1073119231,1073114879,1073412095,1073340415,1073053695,1073610751,1073479679,1073741823,1073741823:l9
1073741823,1073741823,1073725439,1072693247,1073217535,1073331967,1073119231,1073114879,1073412095,1073340415,1073053695,1073610751,1073479679,1073741823,1073741823:l9
1073741823,1073741823,1073479679,1072693247,1073217535,1073331967,1073119231,1073114879,1073412095,1073340415,1073053695,1073610751,1073479679,1073741823,1073741823:l9
1073741823,1073741823,1069547519,1072693247,1073217535,1073331967,1073119231,1073114879,1073412095,1073340415,1073053695,1073610751,1073479679,1073741823,1073741823:l9
1073741823,1073741823,1073741823,1072693247,1069023231,1073331967,1073119231,1073114879,1073412095,1073340415,1073053695,1073610751,1073479679,1073741823,1073741823:l9
1073741823,1073741823,1073741823,1072693247,1073217535,1073331967,1068924927,1073114879,1073412095,1073340415,1073053695,1073610751,1073479679,1073741823,1073741823:l9
1073741823,1073741823,1073741823,1072692223,1073217535,1073331967,1073119231,1073114879,1073412095,1073340415,1073053695,1073610751,1073479679,1073741823,1073741823:h10
1073741823,1073741823,1073741823,1072676863,1073217535,1073331967,1073119231,1073114879,1073412095,1073340415,1073053695,1073610751,1073479679,1073741823,1073741823:l9
1073741823,1073741823,1073741823,1072431103,1073217535,1073331967,1073119231,1073114879,1073412095,1073340415,1073053695,1073610751,1073479679,1073741823,1073741823:l9
1073741823,1073741823,1073741823,1072693247,1073217535,1073331967,1073118207,1073114879,1073412095,1073340415,1073053695,1073610751,1073479679,1073741823,1073741823:g11
1073741823,1073741823,1073741823,1072693247,1073216511,1073331967,1073119231,1073114879,1073412095,1073340415,1073053695,1073610751,1073479679,1073741823,1073741823:l9
1073741823,1073741823,1073741823,1072693247,1073217535,1073327871,1073119231,1073114879,1073412095,1073340415,1073053695,1073610751,1073479679,1073741823,1073741823:l9
1073741823,1073741823,1073741823,1072689151,1073217535,1073331967,1073119231,1073114879,1073412095,1073340415,1073053695,1073610751,1073479679,1073741823,1073741823:l9
1073741823,1073741823,1073741823,1072693247,1073201151,1073331967,1073119231,1073114879,1073412095,1073340415,1073053695,1073610751,1073479679,1073741823,1073741823:h10
1073741823,1073741823,1073741823,1072627711,1073217535,1073331967,1073119231,1073114879,1073412095,1073340415,1073053695,1073610751,1073479679,1073741823,1073741823:l9
1073741823,1073741823,1073741823,1072693247,1073217535,1072283391,1073119231,1073114879,1073412095,1073340415,1073053695,1073610751,1073479679,1073741823,1073741823:l9
1073741823,1073741823,1073741823,1072693247,1073217535,1073331967,1073119231,1073114879,1073412095,1073340415,1073053695,1073594367,1073479679,1073741823,1073741823:l9
1073741823,1073741823,1073741823,1072693247,1073217535,1073331967,1073119231,1073114879,1073412095,1072291839,1073053695,1073610751,1073479679,1073741823,1073741823:h10
1073741823,1073741823,1073741823,1072693247,1073217535,1073331967,1073119231,1073114879,1073412095,1073340415,1073053695,1069416447,1073479679,1073741823,1073741823:h10
1073741823,1073741823,1073741823,1072693247,1073217535,1073331967,1073119231,1073114879,1073412095,1073340415,1072005119,1073610751,1073479679,1073741823,1073741823:h10
1073741823,1073741823,1073741823,1072693247,1073217535,1073331967,1073119231,1073114879,1073412095,1073340415,1073053695,1073348607,1073479679,1073741823,1073741823:l9
1073741823,1073741823,1073741823,1072693247,1073217535,1069137663,1073119231,1073114879,1073412095,1073340415,1073053695,1073610751,1073479679,1073741823,1073741823:l9
1073741823,1073741823,1073741823,1072693247,1073217535,1073331967,1073119231,1068920575,1073412095,1073340415,1073053695,1073610751,1073479679,1073741823,1073741823:l9
1073741823,1073741823,1073741823,1072693247,1073217535,1073331967,1073119231,1072066303,1073412095,1073340415,1073053695,1073610751,1073479679,1073741823,1073741823:h10
1073741823,1073741823,1073741823,1072693247,1073217535,1073331967,1073119231,1073114879,1073412095,1069146111,1073053695,1073610751,1073479679,1073741823,1073741823:l9
1073741823,1073741823,1073741823,1072693247,1073213439,1073331967,1073119231,1073114879,1073412095,1073340415,1073053695,1073610751,1073479679,1073741823,1073741823:h10
1073741823,1073741823,1073741823,1072693247,1073151999,1073331967,1073119231,1073114879,1073412095,1073340415,1073053695,1073610751,1073479679,1073741823,1073741823:l9
1073741823,1073741823,1073741823,1072693247,1072168959,1073331967,1073119231,1073114879,1073412095,1073340415,1073053695,1073610751,1073479679,1073741823,1073741823:h10
1073741823,1073741823,1073741823,1072693247,1073217535,1073331967,1072070655,1073114879,1073412095,1073340415,1073053695,1073610751,1073479679,1073741823,1073741823:l9
1073741823,1073741823,1073741823,1072693247,1073217535,1073331967,1073119231,1073114879,1072363519,1073340415,1073053695,1073610751,1073479679,1073741823,1073741823:g11
1073741823,1073741823,1073741823,1072693247,1073217535,1073331967,1073119231,1073114879,1073412095,1073339391,1073053695,1073610751,1073479679,1073741823,1073741823:l9
1073741823,1073741823,1073741823,1072693247,1073217535,1073331967,1073119231,1073114879,1073407999,1073340415,1073053695,1073610751,1073479679,1073741823,1073741823:g11
1073741823,1073741823,1073741823,1072693247,1073217535,1073331967,1073119231,1073113855,1073412095,1073340415,1073053695,1073610751,1073479679,1073741823,1073741823:l9
1073741823,1073741823,1073741823,1072693247,1073217535,1073330943,1073119231,1073114879,1073412095,1073340415,1073053695,1073610751,1073479679,1073741823,1073741823:h10
1073741823,1073741823,1073741823,1072693247,1073217535,1073331967,1073115135,1073114879,1073412095,1073340415,1073053695,1073610751,1073479679,1073741823,1073741823:l9
1073741823,1073741823,1073741823,1072693247,1073217535,1073331967,1073119231,1073114879,1073412095,1073324031,1073053695,1073610751,1073479679,1073741823,1073741823:l9
1073741823,1073741823,1073741823,1072693247,1073217535,1073331967,1073119231,1073114879,1073395711,1073340415,1073053695,1073610751,1073479679,1073741823,1073741823:g11
1073741823,1073741823,1073741823,1072693247,1073217535,1073331967,1073119231,1073114879,1073477631,1073324031,1073577983,1073610751,1073479679,1073741823,1073741823:i13
1073741823,1073741823,1073741823,1072693247,1073217535,1073331967,1073119231,1073114879,1073461247,1073340415,1073577983,1073610751,1073479679,1073741823,1073741823:i13
1073741823,1073741823,1073741823,1072693247,1073217535,1073331967,1073119231,1073114879,1073477631,1073340415,1073709055,1073610751,1073725439,1073741823,1073741823:j13
1073741823,1073741823,1073741823,1072693247,1073217535,1073331967,1073119231,1073114879,1069283327,1073340415,1073709055,1073610751,1073741823,1073741823,1073741823:j13
1073741823,1073676287,1073741823,1072693247,1073217535,1073331967,1073119231,1073114879,1073477631,1073340415,1073709055,1073610751,1073741823,1073741823,1073741823:j13
1073741823,1072693247,1073741823,1072693247,1073217535,1073331967,1073119231,1073114879,1073477631,1073340415,1073709055,1073610751,1073741823,1073741823,1073741823:j13
1073741823,1073741823,1072693247,1072693247,1073217535,1073331967,1073119231,1073114879,1073477631,1073340415,1073709055,1073610751,1073741823,1073741823,1073741823:j13
1073741823,1056964607,1073741823,1072693247,1073217535,1073331967,1073119231,1073114879,1073477631,1073340415,1073709055,1073610751,1073741823,1073741823,1073741823:j13
1073741823,1073741823,1073741823,1055916031,1073217535,1073331967,1073119231,1073114879,1073477631,1073340415,1073709055,1073610751,1073741823,1073741823,1073741823:j13
1073741823,1073741823,1073741823,1068498943,1073217535,1073331967,1073119231,1073114879,1073477631,1073340415,1073709055,1073610751,1073741823,1073741823,1073741823:j13
1073741823,1073741823,1073741823,1072693247,1073217535,1056554751,1073119231,1073114879,1073477631,1073340415,1073709055,1073610751,1073741823,1073741823,1073741823:j13
1073741823,1073741823,1073725439,1072693247,1073217535,1073331967,1073119231,1073114879,1073477631,1073340415,1073709055,1073610751,1073741823,1073741823,1073741823:j13
1073741823,1073741823,1073479679,1072693247,1073217535,1073331967,1073119231,1073114879,1073477631,1073340415,1073709055,1073610751,1073741823,1073741823,1073741823:j13
1073741823,1073741823,1069547519,1072693247,1073217535,1073331967,1073119231,1073114879,1073477631,1073340415,1073709055,1073610751,1073741823,1073741823,1073741823:j13
1073741823,1073741823,1073741823,1072693247,1069023231,1073331967,1073119231,1073114879,1073477631,1073340415,1073709055,1073610751,1073741823,1073741823,1073741823:j13
1073741823,1073741823,1073741823,1072693247,1073217535,1073331967,1068924927,1073114879,1073477631,1073340415,1073709055,1073610751,1073741823,1073741823,1073741823:j13
1073741823,1073741823,1073741823,1072692223,1073217535,1073331967,1073119231,1073114879,1073477631,1073340415,1073709055,1073610751,1073741823,1073741823,1073741823:j13
1073741823,1073741823,1073741823,1072676863,1073217535,1073331967,1073119231,1073114879,1073477631,1073340415,1073709055,1073610751,1073741823,1073741823,1073741823:j13
1073741823,1073741823,1073741823,1072431103,1073217535,1073331967,1073119231,1073114879,1073477631,1073340415,1073709055,1073610751,1073741823,1073741823,1073741823:j13
1073741823,1073741823,1073741823,1072693247,1073217535,1073331967,1073118207,1073114879,1073477631,1073340415,1073709055,1073610751,1073741823,1073741823,1073741823:j13
1073741823,1073741823,1073741823,1072693247,1073216511,1073331967,1073119231,1073114879,1073477631,1073340415,1073709055,1073610751,1073741823,1073741823,1073741823:j13
1073741823,1073741823,1073741823,1072693247,1073217535,1073327871,1073119231,1073114879,1073477631,1073340415,1073709055,1073610751,1073741823,1073741823,1073741823:j13
1073741823,1073741823,1073741823,1072689151,1073217535,1073331967,1073119231,1073114879,1073477631,1073340415,1073709055,1073610751,1073741823,1073741823,1073741823:j13
1073741823,1073741823,1073741823,1072693247,1073201151,1073331967,1073119231,1073114879,1073477631,1073340415,1073709055,1073610751,1073741823,1073741823,1073741823:j13
1073741823,1073741823,1073741823,1072627711,1073217535,1073331967,1073119231,1073114879,1073477631,1073340415,1073709055,1073610751,1073741823,1073741823,1073741823:j13
1073741823,1073741823,1073741823,1072693247,1073217535,1072283391,1073119231,1073114879,1073477631,1073340415,1073709055,1073610751,1073741823,1073741823,1073741823:j13
1073741823,1073741823,1073741823,1072693247,1073217535,1073331967,1073119231,1073114879,1073477631,1073340415,1073709055,1073594367,1073741823,1073741823,1073741823:j13
1073741823,1073741823,1073741823,1072693247,1073217535,1073331967,1073119231,1073114879,1073477631,1073340415,1073643519,1073610751,1073741823,1073741823,1073741823:j13
1073741823,1073741823,1073741823,1072693247,1073217535,1073331967,1073119231,1073114879,1073477631,1072291839,1073709055,1073610751,1073741823,1073741823,1073741823:j13
1073741823,1073741823,1073741823,1072693247,1073217535,1073331967,1073119231,1073114879,1073477631,1073340415,1073709055,1069416447,1073741823,1073741823,1073741823:j13
1073741823,1073741823,1073741823,1072693247,1073217535,1073331967,1073119231,1073114879,1073477631,1073340415,1072660479,1073610751,1073741823,1073741823,1073741823:j13
1073741823,1073741823,1073741823,1072693247,1073217535,1073331967,1073119231,1073114879,1073477631,1073340415,1073709055,1073348607,1073741823,1073741823,1073741823:j13
1073741823,1073741823,1073741823,1072693247,1073217535,1073331967,1073119231,1073114879,1073477631,1073340415,1073446911,1073610751,1073741823,1073741823,1073741823:j13
1073741823,1073741823,1073741823,1072693247,1073217535,1069137663,1073119231,1073114879,1073477631,1073340415,1073709055,1073610751,1073741823,1073741823,1073741823:j13
1073741823,1073741823,1073741823,1072693247,1073217535,1073331967,1073119231,1068920575,1073477631,1073340415,1073709055,1073610751,1073741823,1073741823,1073741823:j13
1073741823,1073741823,1073741823,1072693247,1073217535,1073331967,1073119231,1072066303,1073477631,1073340415,1073709055,1073610751,1073741823,1073741823,1073741823:j13
1073741823,1073741823,1073741823,1072693247,1073217535,1073331967,1073119231,1073114879,1073477631,1069146111,1073709055,1073610751,1073741823,1073741823,1073741823:j13
1073741823,1073741823,1073741823,1072693247,1073213439,1073331967,1073119231,1073114879,1073477631,1073340415,1073709055,1073610751,1073741823,1073741823,1073741823:j13
1073741823,1073741823,1073741823,1072693247,1073151999,1073331967,1073119231,1073114879,1073477631,1073340415,1073709055,1073610751,1073741823,1073741823,1073741823:j13
1073741823,1073741823,1073741823,1072693247,1072168959,1073331967,1073119231,1073114879,1073477631,1073340415,1073709055,1073610751,1073741823,1073741823,1073741823:j13
1073741823,1073741823,1073741823,1072693247,1073217535,1073331967,1072070655,1073114879,1073477631,1073340415,1073709055,1073610751,1073741823,1073741823,1073741823:j13
1073741823,1073741823,1073741823,1072693247,1073217535,1073331967,1073119231,1073114879,1072429055,1073340415,1073709055,1073610751,1073741823,1073741823,1073741823:j13
1073741823,1073741823,1073741823,1072693247,1073217535,1073331967,1073119231,1073114879,1073477631,1073339391,1073709055,1073610751,1073741823,1073741823,1073741823:j13
1073741823,1073741823,1073741823,1072693247,1073217535,1073331967,1073119231,1073114879,1073473535,1073340415,1073709055,1073610751,1073741823,1073741823,1073741823:j13
1073741823,1073741823,1073741823,1072693247,1073217535,1073331967,1073119231,1073113855,1073477631,1073340415,1073709055,1073610751,1073741823,1073741823,1073741823:j13
1073741823,1073741823,1073741823,1072693247,1073217535,1073330943,1073119231,1073114879,1073477631,1073340415,1073709055,1073610751,1073741823,1073741823,1073741823:j13
1073741823,1073741823,1073741823,1072693247,1073217535,1073331967,1073115135,1073114879,1073477631,1073340415,1073709055,1073610751,1073741823,1073741823,1073741823:j13
1073741823,1073741823,1073741823,1072693247,1073217535,1073331967,1073119231,1073114879,1073412095,1073340415,1073709055,1073610751,1073741823,1073741823,1073741823:j13
1073741823,1073741823,1073741823,1072693247,1073217535,1073331967,1073119231,1073114879,1073477631,1073324031,1073709055,1073610751,1073741823,1073741823,1073741823:j13
1073741823,1073741823,1073741823,1072693247,1073217535,1073331967,1073119231,1073114879,1073461247,1073340415,1073709055,1073610751,1073741823,1073741823,1073741823:j13
1073741823,1073741823,1073741823,1072693247,1073217535,1073331967,1073119231,1073115135,1073477631,1073340415,1073709055,1073741823,1073740799,1073741823,1073741823:e8
1073741823,1073741823,1073741823,1072693247,1073217535,1073331967,1073119231,1073115135,1073477631,1073340415,1073709055,1073737727,1073741823,1073741823,1073741823:h10
1073741823,1073741823,1073741823,1072693247,1073217535,1073331967,1073119231,1073115135,1073477631,1073340415,1073708031,1073741823,1073741823,1073741823,1073741823:e8
1073741823,1073741823,1073741823,1072693247,1073217535,1073331967,1073119231,1073115135,1073477631,1073340415,1073704959,1073741823,1073741823,1073741823,1073741823:e8
1073741823,1073741823,1073741823,1072693247,1073217535,1073331967,1073119231,1073115135,1073477631,1073340415,1073709055,1073741823,1073479679,1073741823,1073741823:e8
1073741823,1073741823,1073741823,1072693247,1073217535,1073331967,1073119231,1073115135,1073477631,1073340415,1073709055,1073676287,1073741823,1073741823,1073741823:h5
1073741823,1073741823,1073740799,1072693247,1073184767,1073331967,1073119231,1073115135,1073477631,1073340415,1073709055,1073676287,1073741823,1073741823,1073741823:k8
1073741823,1073741823,1073741823,1072693247,1073184767,1073331967,1073119231,1073115135,1073477631,1073340415,1073709055,1073676287,1073741823,1073737727,1073741823:g4
1073741823,1073741823,1073741823,1072693247,1073184767,1073331967,1073119231,1073115135,1073477631,1073340415,1073709055,1073676287,1073741823,1072693247,1073741823:g4
1073741823,1073741823,1073741823,1072693247,1073184767,1073331967,1073119231,1073115135,1073477631,1073340415,1073709055,1073676287,1073741823,1073676287,1073741823:g4
1073741823,1073741823,1073741823,1072693247,1073184767,1073331967,1073119231,1073115135,1073477631,1073340415,1073709055,1073676287,1073676287,1073741823,1073741823:g4
1073741823,1073741823,1073741823,1072693247,1073184767,1073331967,1073119231,1073115135,1073477631,1073340415,1073708991,1073676287,1073741823,1073741823,1073741823:g4
1073741823,1073741823,1073741823,1072693247,1073184767,1073331967,1073119231,1073115135,1073477567,1073340415,1073709055,1073676287,1073741823,1073741823,1073741823:g4
1073741823,1073741823,1073741823,1072693247,1073184767,1073331967,1073119231,1073115135,1073477375,1073340415,1073709055,1073676287,1073741823,1073741823,1073741823:g4
1073741823,1073741823,1073741823,1072693247,1073184767,1073331967,1073119231,1073115119,1073477631,1073340415,1073709055,1073676287,1073741823,1073741823,1073741823:g4
1073741823,1073741823,1073741823,1072693247,1073184767,1073331967,1073119167,1073115135,1073477631,1073340415,1073709055,1073676287,1073741823,1073741823,1073741823:g4
1073741823,1073741823,1073741823,1072693247,1073184767,1073331951,1073119231,1073115135,1073477631,1073340415,1073709055,1073676287,1073741823,1073741823,1073741823:g4
1073741823,1073741823,1073741823,1072693247,1073184767,1073331903,1073119231,1073115135,1073477631,1073340415,1073709055,1073676287,1073741823,1073741823,1073741823:g4
1073741823,1073741823,1073741823,1072693231,1073184767,1073331967,1073119231,1073115135,1073477631,1073340415,1073709055,1073676287,1073741823,1073741823,1073741823:g4
1073741823,1073741823,1073741823,1072693247,1073184703,1073331967,1073119231,1073115135,1073477631,1073340415,1073709055,1073676287,1073741823,1073741823,1073741823:g4
1073741823,1073741823,1073741823,1072692991,1073184767,1073331967,1073119231,1073115135,1073477631,1073340415,1073709055,1073676287,1073741823,1073741823,1073741823:g4
1073741823,1073741823,1073741823,1072693247,1073184511,1073331967,1073119231,1073115135,1073477631,1073340415,1073709055,1073676287,1073741823,1073741823,1073741823:g4
1073741823,1073741823,1073741823,1072693247,1073184767,1073331967,1073118975,1073115135,1073477631,1073340415,1073709055,1073676287,1073741823,1073741823,1073741823:g4
1073741823,1073741823,1073741823,1072693247,1073184767,1073331967,1073119231,1073115135,1073477631,1073340415,1073709055,1073676031,1073741823,1073741823,1073741823:g4
1073741823,1073741823,1073741823,1072693247,1073184767,1073331967,1073119231,1073115135,1073477631,1073340415,1069514751,1073676287,1073741823,1073741823,1073741823:g4
1073741823,1073741823,1073741823,1072693247,1073184767,1073331967,1073119231,1073115135,1073477631,1073340415,1073709055,1072627711,1073741823,1073741823,1073741823:g4
1073741823,1073741823,1073741823,1072693247,1073184767,1073331967,1073119231,1073115135,1073477631,1073340159,1073709055,1073676287,1073741823,1073741823,1073741823:g4
1073741823,1073741823,1073741823,1072693247,1073184767,1073331967,1073119231,1073114879,1073477631,1073340415,1073709055,1073676287,1073741823,1073741823,1073741823:g4
1073741823,1073741823,1073741823,1072693247,1073184767,1073331967,1073119231,1073115135,1073477631,1073340415,1073709055,1073676287,1073740799,1073741823,1073741823:g4
1073741823,1073741823,1073741823,1072693247,1073184767,1073331967,1073119231,1073115135,1073477631,1073340415,1073709055,1073672191,1073741823,1073741823,1073741823:g4
1073741823,1073741823,1073741823,1072693247,1073184767,1073331967,1073119231,1073115135,1073477631,1073340415,1073708031,1073676287,1073741823,1073741823,1073741823:g4
1073741823,1073741823,1073741823,1072693247,1073184767,1073331967,1073119231,1073115135,1073477631,1073340415,1073704959,1073676287,1073741823,1073741823,1073741823:g4
1073741823,1073741823,1073741823,1072693247,1073184767,1073331967,1073119231,1073115135,1073477631,1073340415,1073709055,1073676287,1073479679,1073741823,1073741823:g4
1073741823,1073741823,1073741823,1072693247,1073184767,1073331967,1073119231,1073115135,1073477631,1073340415,1073709055,1073676287,1073725439,1073741823,1073741823:g4
1073741823,1073741823,1073741823,1072693247,1073184767,1073331967,1073119231,1073115135,1069283327,1073340415,1073709055,1073676287,1073741823,1073741823,1073741823:g4
1073741823,1073676287,1073741823,1072693247,1073184767,1073331967,1073119231,1073115135,1073477631,1073340415,1073709055,1073676287,1073741823,1073741823,1073741823:g4
1073741823,1072693247,1073741823,1072693247,1073184767,1073331967,1073119231,1073115135,1073477631,1073340415,1073709055,1073676287,1073741823,1073741823,1073741823:g4
1073741823,1073741823,1072693247,1072693247,1073184767,1073331967,1073119231,1073115135,1073477631,1073340415,1073709055,1073676287,1073741823,1073741823,1073741823:g4
1073741823,1056964607,1073741823,1072693247,1073184767,1073331967,1073119231,1073115135,1073477631,1073340415,1073709055,1073676287,1073741823,1073741823,1073741823:g4
1073741823,1073741823,1073741823,1055916031,1073184767,1073331967,1073119231,1073115135,1073477631,1073340415,1073709055,1073676287,1073741823,1073741823,1073741823:g4
1073741823,1073741823,1073741823,1068498943,1073184767,1073331967,1073119231,1073115135,1073477631,1073340415,1073709055,1073676287,1073741823,1073741823,1073741823:g4
1073741823,1073741823,1073741823,1072693247,1073184767,1056554751,1073119231,1073115135,1073477631,1073340415,1073709055,1073676287,1073741823,1073741823,1073741823:g4
1073741823,1073741823,1073725439,1072693247,1073184767,1073331967,1073119231,1073115135,1073477631,1073340415,1073709055,1073676287,1073741823,1073741823,1073741823:g4
1073741823,1073741823,1073479679,1072693247,1073184767,1073331967,1073119231,1073115135,1073477631,1073340415,1073709055,1073676287,1073741823,1073741823,1073741823:g4
1073741823,1073741823,1069547519,1072693247,1073184767,1073331967,1073119231,1073115135,1073477631,1073340415,1073709055,1073676287,1073741823,1073741823,1073741823:g4
1073741823,1073741823,1073741823,1072693247,1068990463,1073331967,1073119231,1073115135,1073477631,1073340415,1073709055,1073676287,1073741823,1073741823,1073741823:g4
1073741823,1073741823,1073741823,1072693247,1073184767,1073331967,1068924927,1073115135,1073477631,1073340415,1073709055,1073676287,1073741823,1073741823,1073741823:g4
1073741823,1073741823,1073741823,1072692223,1073184767,1073331967,1073119231,1073115135,1073477631,1073340415,1073709055,1073676287,1073741823,1073741823,1073741823:g4
1073741823,1073741823,1073741823,1072676863,1073184767,1073331967,1073119231,1073115135,1073477631,1073340415,1073709055,1073676287,1073741823,1073741823,1073741823:g4
1073741823,1073741823,1073741823,1072431103,1073184767,1073331967,1073119231,1073115135,1073477631,1073340415,1073709055,1073676287,1073741823,1073741823,1073741823:g4
1073741823,1073741823,1073741823,1072693247,1073184767,1073331967,1073118207,1073115135,1073477631,1073340415,1073709055,1073676287,1073741823,1073741823,1073741823:g4
1073741823,1073741823,1073741823,1072693247,1073183743,1073331967,1073119231,1073115135,1073477631,1073340415,1073709055,1073676287,1073741823,1073741823,1073741823:g4
1073741823,1073741823,1073741823,1072693247,1073184767,1073327871,1073119231,1073115135,1073477631,1073340415,1073709055,1073676287,1073741823,1073741823,1073741823:g4
1073741823,1073741823,1073741823,1072689151,1073184767,1073331967,1073119231,1073115135,1073477631,1073340415,1073709055,1073676287,1073741823,1073741823,1073741823:h10
1073741823,1073741823,1073741823,1072627711,1073184767,1073331967,1073119231,1073115135,1073477631,1073340415,1073709055,1073676287,1073741823,1073741823,1073741823:g4
1073741823,1073741823,1073741823,1072693247,1073184767,1072283391,1073119231,1073115135,1073477631,1073340415,1073709055,1073676287,1073741823,1073741823,1073741823:g4
1073741823,1073741823,1073741823,1072693247,1073184767,1073331967,1073119231,1073115135,1073477631,1073340415,1073709055,1073659903,1073741823,1073741823,1073741823:g4
1073741823,1073741823,1073741823,1072693247,1073184767,1073331967,1073119231,1073115135,1073477631,1073340415,1073643519,1073676287,1073741823,1073741823,1073741823:g4
1073741823,1073741823,1073741823,1072693247,1073184767,1073331967,1073119231,1073115135,1073477631,1072291839,1073709055,1073676287,1073741823,1073741823,1073741823:g4
1073741823,1073741823,1073741823,1072693247,1073184767,1073331967,1073119231,1073115135,1073477631,1073340415,1073709055,1069481983,1073741823,1073741823,1073741823:g4
1073741823,1073741823,1073741823,1072693247,1073184767,1073331967,1073119231,1073115135,1073477631,1073340415,1072660479,1073676287,1073741823,1073741823,1073741823:g4
1073741823,1073741823,1073741823,1072693247,1073184767,1073331967,1073119231,1073115135,1073477631,1073340415,1073709055,1073414143,1073741823,1073741823,1073741823:g4
1073741823,1073741823,1073741823,1072693247,1073184767,1073331967,1073119231,1073115135,1073477631,1073340415,1073446911,1073676287,1073741823,1073741823,1073741823:g4
1073741823,1073741823,1073741823,1072693247,1073184767,1069137663,1073119231,1073115135,1073477631,1073340415,1073709055,1073676287,1073741823,1073741823,1073741823:g4
1073741823,1073741823,1073741823,1072693247,1073184767,1073331967,1073119231,1068920831,1073477631,1073340415,1073709055,1073676287,1073741823,1073741823,1073741823:g4
1073741823,1073741823,1073741823,1072693247,1073184767,1073331967,1073119231,1072066559,1073477631,1073340415,1073709055,1073676287,1073741823,1073741823,1073741823:h10
1073741823,1073741823,1073741823,1072693247,1073184767,1073331967,1073119231,1073115135,1073477631,1069146111,1073709055,1073676287,1073741823,1073741823,1073741823:g4
1073741823,1073741823,1073741823,1072693247,1073180671,1073331967,1073119231,1073115135,1073477631,1073340415,1073709055,1073676287,1073741823,1073741823,1073741823:g4
1073741823,1073741823,1073741823,1072693247,1073119231,1073331967,1073119231,1073115135,1073477631,1073340415,1073709055,1073676287,1073741823,1073741823,1073741823:g4
1073741823,1073741823,1073741823,1072693247,1072136191,1073331967,1073119231,1073115135,1073477631,1073340415,1073709055,1073676287,1073741823,1073741823,1073741823:g4
1073741823,1073741823,1073741823,1072693247,1073184767,1073331967,1072070655,1073115135,1073477631,1073340415,1073709055,1073676287,1073741823,1073741823,1073741823:g4
1073741823,1073741823,1073741823,1072693247,1073184767,1073331967,1073119231,1073115135,1072429055,1073340415,1073709055,1073676287,1073741823,1073741823,1073741823:g4
1073741823,1073741823,1073741823,1072693247,1073184767,1073331967,1073119231,1073115135,1073477631,1073339391,1073709055,1073676287,1073741823,1073741823,1073741823:g4
1073741823,1073741823,1073741823,1072693247,1073184767,1073331967,1073119231,1073115135,1073473535,1073340415,1073709055,1073676287,1073741823,1073741823,1073741823:g4
1073741823,1073741823,1073741823,1072693247,1073184767,1073331967,1073119231,1073114111,1073477631,1073340415,1073709055,1073676287,1073741823,1073741823,1073741823:g4
1073741823,1073741823,1073741823,1072693247,1073184767,1073330943,1073119231,1073115135,1073477631,1073340415,1073709055,1073676287,1073741823,1073741823,1073741823:g4
1073741823,1073741823,1073741823,1072693247,1073184767,1073331967,1073115135,1073115135,1073477631,1073340415,1073709055,1073676287,1073741823,1073741823,1073741823:g4
1073741823,1073741823,1073741823,1072693247,1073184767,1073331967,1073119231,1073115135,1073412095,1073340415,1073709055,1073676287,1073741823,1073741823,1073741823:g4
1073741823,1073741823,1073741823,1072693247,1073184767,1073331967,1073119231,1073115135,1073477631,1073324031,1073709055,1073676287,1073741823,1073741823,1073741823:g4
1073741823,1073741823,1073741823,1072693247,1073184767,1073331967,1073119231,1073115135,1073461247,1073340415,1073709055,1073676287,1073741823,1073741823,1073741823:g4
1073741823,1073741823,1073741823,1072693247,1073217535,1073331967,1073119231,1073115135,1073477631,1073340415,1073709055,1073741823,1073725439,1073741823,1073741823:h10
1073741823,1073741823,1073741823,1072693247,1073217535,1073331967,1073119231,1073115135,1069283327,1073340415,1073709055,1073741823,1073741823,1073741823,1073741823:e8
1073741823,1073676287,1073741823,1072693247,1073217535,1073331967,1073119231,1073115135,1073477631,1073340415,1073709055,1073741823,1073741823,1073741823,1073741823:h10
1073741823,1072693247,1073741823,1072693247,1073217535,1073331967,1073119231,1073115135,1073477631,1073340415,1073709055,1073741823,1073741823,1073741823,1073741823:h10
1073741823,1073741823,1072693247,1072693247,1073217535,1073331967,1073119231,1073115135,1073477631,1073340415,1073709055,1073741823,1073741823,1073741823,1073741823:h10
1073741823,1056964607,1073741823,1072693247,1073217535,1073331967,1073119231,1073115135,1073477631,1073340415,1073709055,1073741823,1073741823,1073741823,1073741823:h10
1073741823,1073741823,1073741823,1055916031,1073217535,1073331967,1073119231,1073115135,1073477631,1073340415,1073709055,1073741823,1073741823,1073741823,1073741823:h10
1073741823,1073741823,1073741823,1068498943,1073217535,1073331967,1073119231,1073115135,1073477631,1073340415,1073709055,1073741823,1073741823,1073741823,1073741823:e8
1073741823,1073741823,1073741823,1072693247,1073217535,1056554751,1073119231,1073115135,1073477631,1073340415,1073709055,1073741823,1073741823,1073741823,1073741823:h10
1073741823,1073741823,1073725439,1072693247,1073217535,1073331967,1073119231,1073115135,1073477631,1073340415,1073709055,1073741823,1073741823,1073741823,1073741823:h10
1073741823,1073741823,1073479679,1072693247,1073217535,1073331967,1073119231,1073115135,1073477631,1073340415,1073709055,1073741823,1073741823,1073741823,1073741823:h10
1073741823,1073741823,1069547519,1072693247,1073217535,1073331967,1073119231,1073115135,1073477631,1073340415,1073709055,1073741823,1073741823,1073741823,1073741823:h10
1073741823,1073741823,1073741823,1072693247,1069023231,1073331967,1073119231,1073115135,1073477631,1073340415,1073709055,1073741823,1073741823,1073741823,1073741823:h10
1073741823,1073741823,1073741823,1072693247,1073217535,1073331967,1068924927,1073115135,1073477631,1073340415,1073709055,1073741823,1073741823,1073741823,1073741823:h10
1073741823,1073741823,1073741823,1072692223,1073217535,1073331967,1073119231,1073115135,1073477631,1073340415,1073709055,1073741823,1073741823,1073741823,1073741823:e8
1073741823,1073741823,1073741823,1072676863,1073217535,1073331967,1073119231,1073115135,1073477631,1073340415,1073709055,1073741823,1073741823,1073741823,1073741823:h10
1073741823,1073741823,1073741823,1072431103,1073217535,1073331967,1073119231,1073115135,1073477631,1073340415,1073709055,1073741823,1073741823,1073741823,1073741823:e8
1073741823,1073741823,1073741823,1072693247,1073217535,1073331967,1073118207,1073115135,1073477631,1073340415,1073709055,1073741823,1073741823,1073741823,1073741823:e8
1073741823,1073741823,1073741823,1072693247,1073216511,1073331967,1073119231,1073115135,1073477631,1073340415,1073709055,1073741823,1073741823,1073741823,1073741823:e8
1073741823,1073741823,1073741823,1072693247,1073217535,1073327871,1073119231,1073115135,1073477631,1073340415,1073709055,1073741823,1073741823,1073741823,1073741823:e8
1073741823,1073741823,1073741823,1072689151,1073217535,1073331967,1073119231,1073115135,1073477631,1073340415,1073709055,1073741823,1073741823,1073741823,1073741823:h10
1073741823,1073741823,1073741823,1072693247,1073201151,1073331967,1073119231,1073115135,1073477631,1073340415,1073709055,1073741823,1073741823,1073741823,1073741823:e8
1073741823,1073741823,1073741823,1072627711,1073217535,1073331967,1073119231,1073115135,1073477631,1073340415,1073709055,1073741823,1073741823,1073741823,1073741823:e8
1073741823,1073741823,1073741823,1072693247,1073217535,1072283391,1073119231,1073115135,1073477631,1073340415,1073709055,1073741823,1073741823,1073741823,1073741823:h10
1073741823,1073741823,1073741823,1072693247,1073217535,1073331967,1073119231,1073115135,1073477631,1073340415,1073709055,1073725439,1073741823,1073741823,1073741823:h10
1073741823,1073741823,1073741823,1072693247,1073217535,1073331967,1073119231,1073115135,1073477631,1073340415,1073643519,1073741823,1073741823,1073741823,1073741823:e8
1073741823,1073741823,1073741823,1072693247,1073217535,1073331967,1073119231,1073115135,1073477631,1072291839,1073709055,1073741823,1073741823,1073741823,1073741823:h10
1073741823,1073741823,1073741823,1072693247,1073217535,1073331967,1073119231,1073115135,1073477631,1073340415,1073709055,1069547519,1073741823,1073741823,1073741823:h10
1073741823,1073741823,1073741823,1072693247,1073217535,1073331967,1073119231,1073115135,1073477631,1073340415,1072660479,1073741823,1073741823,1073741823,1073741823:h10
1073741823,1073741823,1073741823,1072693247,1073217535,1073331967,1073119231,1073115135,1073477631,1073340415,1073709055,1073479679,1073741823,1073741823,1073741823:e8
1073741823,1073741823,1073741823,1072693247,1073217535,1073331967,1073119231,1073115135,1073477631,1073340415,1073446911,1073741823,1073741823,1073741823,1073741823:e8
1073741823,1073741823,1073741823,1072693247,1073217535,1069137663,1073119231,1073115135,1073477631,1073340415,1073709055,1073741823,1073741823,1073741823,1073741823:h10
1073741823,1073741823,1073741823,1072693247,1073217535,1073331967,1073119231,1068920831,1073477631,1073340415,1073709055,1073741823,1073741823,1073741823,1073741823:h10
1073741823,1073741823,1073741823,1072693247,1073217535,1073331967,1073119231,1072066559,1073477631,1073340415,1073709055,1073741823,1073741823,1073741823,1073741823:h10
1073741823,1073741823,1073741823,1072693247,1073217535,1073331967,1073119231,1073115135,1073477631,1069146111,1073709055,1073741823,1073741823,1073741823,1073741823:h10
1073741823,1073741823,1073741823,1072693247,1073213439,1073331967,1073119231,1073115135,1073477631,1073340415,1073709055,1073741823,1073741823,1073741823,1073741823:e8
1073741823,1073741823,1073741823,1072693247,1073151999,1073331967,1073119231,1073115135,1073477631,1073340415,1073709055,1073741823,1073741823,1073741823,1073741823:e8
1073741823,1073741823,1073741823,1072693247,1072168959,1073331967,1073119231,1073115135,1073477631,1073340415,1073709055,1073741823,1073741823,1073741823,1073741823:e8
1073741823,1073741823,1073741823,1072693247,1073217535,1073331967,1072070655,1073115135,1073477631,1073340415,1073709055,1073741823,1073741823,1073741823,1073741823:h10
1073741823,1073741823,1073741823,1072693247,1073217535,1073331967,1073119231,1073115135,1072429055,1073340415,1073709055,1073741823,1073741823,1073741823,1073741823:e8
1073741823,1073741823,1073741823,1072693247,1073217535,1073331967,1073119231,1073115135,1073477631,1073339391,1073709055,1073741823,1073741823,1073741823,1073741823:e8
1073741823,1073741823,1073741823,1072693247,1073217535,1073331967,1073119231,1073115135,1073473535,1073340415,1073709055,1073741823,1073741823,1073741823,1073741823:e8
1073741823,1073741823,1073741823,1072693247,1073217535,1073331967,1073119231,1073114111,1073477631,1073340415,1073709055,1073741823,1073741823,1073741823,1073741823:e8
1073741823,1073741823,1073741823,1072693247,1073217535,1073330943,1073119231,1073115135,1073477631,1073340415,1073709055,1073741823,1073741823,1073741823,1073741823:e8
1073741823,1073741823,1073741823,1072693247,1073217535,1073331967,1073115135,1073115135,1073477631,1073340415,1073709055,1073741823,1073741823,1073741823,1073741823:e8
1073741823,1073741823,1073741823,1072693247,1073217535,1073331967,1073119231,1073115135,1073412095,1073340415,1073709055,1073741823,1073741823,1073741823,1073741823:e8
1073741823,1073741823,1073741823,1072693247,1073217535,1073331967,1073119231,1073115135,1073477631,1073324031,1073709055,1073741823,1073741823,1073741823,1073741823:e8
1073741823,1073741823,1073741823,1072693247,1073217535,1073331967,1073119231,1073115135,1073461247,1073340415,1073709055,1073741823,1073741823,1073741823,1073741823:e8
