1073741823,1073741823,1073741823,1072693247,1073217535,1073332223,1073119231,1073115135,1073479679,1073340415,1073708991,1073741823,1073741823,1073741823,1073741823:h10
1073741823,1073741823,1073741823,1072693247,1073217535,1073332223,1073119231,1073115135,1073479679,1073307647,1073708991,1073740799,1073741823,1073741823,1073741823:h9
1073741823,1073741823,1073741823,1072693247,1073217535,1073332223,1073119231,1073115135,1073479679,1073307647,1073708991,1073741823,1073741819,1073741823,1073741823:h9
1073741823,1073741823,1073741823,1072693247,1073217535,1073332223,1073119231,1073115135,1073479679,1073307647,1073708991,1073741807,1073741823,1073741823,1073741823:h9
1073741823,1073741823,1073741823,1072693247,1073217535,1073332223,1073119231,1073115135,1073479679,1073307647,1073708987,1073741823,1073741823,1073741823,1073741823:h9
1073741823,1073741823,1073741823,1072693247,1073217535,1073332223,1073119231,1073115135,1073479679,1073307647,1073708975,1073741823,1073741823,1073741823,1073741823:h9
1073741823,1073741823,1073741823,1072693247,1073217535,1073332223,1073119231,1073115135,1073479675,1073307647,1073708991,1073741823,1073741823,1073741823,1073741823:h9
1073741823,1073741823,1073741823,1072693247,1073217535,1073332223,1073119231,1073115135,1073479679,1073307631,1073708991,1073741823,1073741823,1073741823,1073741823:h9
1073741823,1073741823,1073741823,1072693247,1073217535,1073332223,1073119231,1073115135,1073479615,1073307647,1073708991,1073741823,1073741823,1073741823,1073741823:h9
1073741823,1073741823,1073741823,1072693247,1073217535,1073332223,1073119231,1073115135,1073479679,1073307583,1073708991,1073741823,1073741823,1073741823,1073741823:h9
1073741823,1073741823,1073741823,1072693247,1073217535,1073332223,1073119231,1073115135,1073479679,1073307647,1073708735,1073741823,1073741823,1073741823,1073741823:h9
1073741823,1073741823,1073741823,1072693247,1073217535,1073332223,1073119231,1073115135,1073479679,1073307647,1073708991,1073741823,1073741759,1073741823,1073741823:h9
1073741823,1073741823,1073741823,1072693247,1073217535,1073332223,1073119231,1073115135,1073479679,1073307647,1073708991,1073741759,1073741823,1073741823,1073741823:h9
1073741823,1073741823,1073741823,1072693247,1073217535,1073332223,1073119231,1073115135,1073479679,1073307647,1073708991,1073741567,1073741823,1073741823,1073741823:h9
1073741823,1073741823,1073741823,1072693247,1073217535,1073332223,1073119231,1073115135,1073479679,1073307647,1069514687,1073741823,1073741823,1073741823,1073741823:h9
1073741823,1073741823,1073741823,1072693247,1073217535,1073332223,1073119231,1073115135,1073479679,1073307647,1073708991,1072693247,1073741823,1073741823,1073741823:h9
1073741823,1073741823,1073741823,1072693247,1073217535,1073332223,1073119231,1073115135,1073479679,1073307391,1073708991,1073741823,1073741823,1073741823,1073741823:h9
1073741823,1073741823,1073741823,1072693247,1073217535,1073332223,1073119231,1073114879,1073479679,1073307647,1073708991,1073741823,1073741823,1073741823,1073741823:h9
1073741823,1073741823,1073741823,1072693247,1073217535,1073331967,1073119231,1073115135,1073479679,1073307647,1073708991,1073741823,1073741823,1073741823,1073741823:h9
1073741823,1073741823,1073741823,1072693247,1073217535,1073332223,1073119231,1073115135,1073479679,1073307647,1073708991,1073741823,1073740799,1073741823,1073741823:h9
1073741823,1073741823,1073741823,1072693247,1073217535,1073332223,1073119231,1073115135,1073479679,1073307647,1073708991,1073737727,1073741823,1073741823,1073741823:h9
1073741823,1073741823,1073741823,1072693247,1073217535,1073332223,1073119231,1073115135,1073479679,1073307647,1073707967,1073741823,1073741823,1073741823,1073741823:h9
1073741823,1073741823,1073741823,1072693247,1073217535,1073332223,1073119231,1073115135,1073479679,1073307647,1073704895,1073741823,1073741823,1073741823,1073741823:h9
1073741823,1073741823,1073741823,1072693247,1073217535,1073332223,1073119231,1073115135,1073479679,1073307647,1073708991,1073741823,1073479679,1073741823,1073741823:h9
1073741823,1073741823,1073741823,1072693247,1073217535,1073332223,1073119231,1073115135,1073479679,1073307647,1073708991,1073676287,1073741823,1073741823,1073741823:h9
1073741823,1073741823,1073741823,1072693247,1073217535,1073332223,1073119231,1073115135,1073479679,1073307647,1073708991,1073741823,1073725439,1073741823,1073741823:h9
1073741823,1073741823,1073741823,1072693247,1073217535,1073332223,1073119231,1073115135,1069285375,1073307647,1073708991,1073741823,1073741823,1073741823,1073741823:h9
1073741823,1073676287,1073741823,1072693247,1073217535,1073332223,1073119231,1073115135,1073479679,1073307647,1073708991,1073741823,1073741823,1073741823,1073741823:h9
1073741823,1072693247,1073741823,1072693247,1073217535,1073332223,1073119231,1073115135,1073479679,1073307647,1073708991,1073741823,1073741823,1073741823,1073741823:h9
1073741823,1073741823,1072693247,1072693247,1073217535,1073332223,1073119231,1073115135,1073479679,1073307647,1073708991,1073741823,1073741823,1073741823,1073741823:h9
1073741823,1056964607,1073741823,1072693247,1073217535,1073332223,1073119231,1073115135,1073479679,1073307647,1073708991,1073741823,1073741823,1073741823,1073741823:h9
1073741823,1073741823,1073741823,1055916031,1073217535,1073332223,1073119231,1073115135,1073479679,1073307647,1073708991,1073741823,1073741823,1073741823,1073741823:h9
1073741823,1073741823,1073741823,1068498943,1073217535,1073332223,1073119231,1073115135,1073479679,1073307647,1073708991,1073741823,1073741823,1073741823,1073741823:h9
1073741823,1073741823,1073741823,1072693247,1073217535,1056555007,1073119231,1073115135,1073479679,1073307647,1073708991,1073741823,1073741823,1073741823,1073741823:h9
1073741823,1073741823,1073725439,1072693247,1073217535,1073332223,1073119231,1073115135,1073479679,1073307647,1073708991,1073741823,1073741823,1073741823,1073741823:h9
1073741823,1073741823,1073479679,1072693247,1073217535,1073332223,1073119231,1073115135,1073479679,1073307647,1073708991,1073741823,1073741823,1073741823,1073741823:h9
1073741823,1073741823,1069547519,1072693247,1073217535,1073332223,1073119231,1073115135,1073479679,1073307647,1073708991,1073741823,1073741823,1073741823,1073741823:h9
1073741823,1073741823,1073741823,1072693247,1069023231,1073332223,1073119231,1073115135,1073479679,1073307647,1073708991,1073741823,1073741823,1073741823,1073741823:h9
1073741823,1073741823,1073741823,1072693247,1073217535,1073332223,1068924927,1073115135,1073479679,1073307647,1073708991,1073741823,1073741823,1073741823,1073741823:h9
1073741823,1073741823,1073741823,1072692223,1073217535,1073332223,1073119231,1073115135,1073479679,1073307647,1073708991,1073741823,1073741823,1073741823,1073741823:h9
1073741823,1073741823,1073741823,1072676863,1073217535,1073332223,1073119231,1073115135,1073479679,1073307647,1073708991,1073741823,1073741823,1073741823,1073741823:h9
1073741823,1073741823,1073741823,1072431103,1073217535,1073332223,1073119231,1073115135,1073479679,1073307647,1073708991,1073741823,1073741823,1073741823,1073741823:h9
1073741823,1073741823,1073741823,1072693247,1073217535,1073332223,1073119231,1073115135,1073478655,1073307647,1073708991,1073741823,1073741823,1073741823,1073741823:h9
1073741823,1073741823,1073741823,1072693247,1073217535,1073332223,1073118207,1073115135,1073479679,1073307647,1073708991,1073741823,1073741823,1073741823,1073741823:h9
1073741823,1073741823,1073741823,1072693247,1073216511,1073332223,1073119231,1073115135,1073479679,1073307647,1073708991,1073741823,1073741823,1073741823,1073741823:h9
1073741823,1073741823,1073741823,1072693247,1073217535,1073328127,1073119231,1073115135,1073479679,1073307647,1073708991,1073741823,1073741823,1073741823,1073741823:h9
1073741823,1073741823,1073741823,1072689151,1073217535,1073332223,1073119231,1073115135,1073479679,1073307647,1073708991,1073741823,1073741823,1073741823,1073741823:h9
1073741823,1073741823,1073741823,1072693247,1073201151,1073332223,1073119231,1073115135,1073479679,1073307647,1073708991,1073741823,1073741823,1073741823,1073741823:h9
1073741823,1073741823,1073741823,1072627711,1073217535,1073332223,1073119231,1073115135,1073479679,1073307647,1073708991,1073741823,1073741823,1073741823,1073741823:h9
1073741823,1073741823,1073741823,1072693247,1073217535,1072283647,1073119231,1073115135,1073479679,1073307647,1073708991,1073741823,1073741823,1073741823,1073741823:h9
1073741823,1073741823,1073741823,1072693247,1073217535,1073332223,1073119231,1073115135,1073479679,1073307647,1073708991,1073725439,1073741823,1073741823,1073741823:h9
1073741823,1073741823,1073741823,1072693247,1073217535,1073332223,1073119231,1073115135,1073479679,1073307647,1073643455,1073741823,1073741823,1073741823,1073741823:h9
1073741823,1073741823,1073741823,1072693247,1073217535,1073332223,1073119231,1073115135,1073479679,1072259071,1073708991,1073741823,1073741823,1073741823,1073741823:h9
1073741823,1073741823,1073741823,1072693247,1073217535,1073332223,1073119231,1073115135,1073479679,1073307647,1073708991,1069547519,1073741823,1073741823,1073741823:h9
1073741823,1073741823,1073741823,1072693247,1073217535,1073332223,1073119231,1073115135,1073479679,1073307647,1072660415,1073741823,1073741823,1073741823,1073741823:h9
1073741823,1073741823,1073741823,1072693247,1073217535,1073332223,1073119231,1073115135,1073479679,1073307647,1073708991,1073479679,1073741823,1073741823,1073741823:h9
1073741823,1073741823,1073741823,1072693247,1073217535,1073332223,1073119231,1073115135,1073479679,1073307647,1073446847,1073741823,1073741823,1073741823,1073741823:h9
1073741823,1073741823,1073741823,1072693247,1073217535,1069137919,1073119231,1073115135,1073479679,1073307647,1073708991,1073741823,1073741823,1073741823,1073741823:h9
1073741823,1073741823,1073741823,1072693247,1073217535,1073332223,1073119231,1068920831,1073479679,1073307647,1073708991,1073741823,1073741823,1073741823,1073741823:h9
1073741823,1073741823,1073741823,1072693247,1073217535,1073332223,1073119231,1072066559,1073479679,1073307647,1073708991,1073741823,1073741823,1073741823,1073741823:h9
1073741823,1073741823,1073741823,1072693247,1073217535,1073332223,1073119231,1073115135,1073479679,1069113343,1073708991,1073741823,1073741823,1073741823,1073741823:h9
1073741823,1073741823,1073741823,1072693247,1073213439,1073332223,1073119231,1073115135,1073479679,1073307647,1073708991,1073741823,1073741823,1073741823,1073741823:h9
1073741823,1073741823,1073741823,1072693247,1073151999,1073332223,1073119231,1073115135,1073479679,1073307647,1073708991,1073741823,1073741823,1073741823,1073741823:h9
1073741823,1073741823,1073741823,1072693247,1072168959,1073332223,1073119231,1073115135,1073479679,1073307647,1073708991,1073741823,1073741823,1073741823,1073741823:h9
1073741823,1073741823,1073741823,1072693247,1073217535,1073332223,1072070655,1073115135,1073479679,1073307647,1073708991,1073741823,1073741823,1073741823,1073741823:h9
1073741823,1073741823,1073741823,1072693247,1073217535,1073332223,1073119231,1073115135,1072431103,1073307647,1073708991,1073741823,1073741823,1073741823,1073741823:h9
1073741823,1073741823,1073741823,1072693247,1073217535,1073332223,1073119231,1073115135,1073479679,1073306623,1073708991,1073741823,1073741823,1073741823,1073741823:h9
1073741823,1073741823,1073741823,1072693247,1073217535,1073332223,1073119231,1073115135,1073475583,1073307647,1073708991,1073741823,1073741823,1073741823,1073741823:h9
1073741823,1073741823,1073741823,1072693247,1073217535,1073332223,1073119231,1073114111,1073479679,1073307647,1073708991,1073741823,1073741823,1073741823,1073741823:h9
1073741823,1073741823,1073741823,1072693247,1073217535,1073331199,1073119231,1073115135,1073479679,1073307647,1073708991,1073741823,1073741823,1073741823,1073741823:h9
1073741823,1073741823,1073741823,1072693247,1073217535,1073332223,1073115135,1073115135,1073479679,1073307647,1073708991,1073741823,1073741823,1073741823,1073741823:h9
1073741823,1073741823,1073741823,1072693247,1073217535,1073332223,1073119231,1073115135,1073414143,1073307647,1073708991,1073741823,1073741823,1073741823,1073741823:h9
1073741823,1073741823,1073741823,1072693247,1073217535,1073332223,1073119231,1073115135,1073463295,1073307647,1073708991,1073741823,1073741823,1073741823,1073741823:i9
1073741823,1073741823,1073741823,1072693247,1073217535,1073332223,1073119231,1073115135,1073332223,1073307647,1073708991,1073740799,1073741823,1073741823,1073741823:k7
1073741823,1073741823,1073741823,1072693247,1073217535,1073332223,1073119231,1073115135,1073332223,1073307647,1073708991,1073741823,1073741819,1073741823,1073741823:k7
1073741823,1073741823,1073741823,1072693247,1073217535,1073332223,1073119231,1073115135,1073332223,1073307647,1073708991,1073741807,1073741823,1073741823,1073741823:k7
1073741823,1073741823,1073741823,1072693247,1073217535,1073332223,1073119231,1073115135,1073332223,1073307647,1073708987,1073741823,1073741823,1073741823,1073741823:k7
1073741823,1073741823,1073741823,1072693247,1073217535,1073332223,1073119231,1073115135,1073332223,1073307647,1073708975,1073741823,1073741823,1073741823,1073741823:k7
1073741823,1073741823,1073741823,1072693247,1073217535,1073332223,1073119231,1073115135,1073332219,1073307647,1073708991,1073741823,1073741823,1073741823,1073741823:k7
1073741823,1073741823,1073741823,1072693247,1073217535,1073332223,1073119231,1073115135,1073332223,1073307631,1073708991,1073741823,1073741823,1073741823,1073741823:k7
1073741823,1073741823,1073741823,1072693247,1073217535,1073332223,1073119231,1073115135,1073332159,1073307647,1073708991,1073741823,1073741823,1073741823,1073741823:k7
1073741823,1073741823,1073741823,1072693247,1073217535,1073332223,1073119231,1073115135,1073332223,1073307583,1073708991,1073741823,1073741823,1073741823,1073741823:k7
1073741823,1073741823,1073741823,1072693247,1073217535,1073332223,1073119231,1073115135,1073332223,1073307647,1073708735,1073741823,1073741823,1073741823,1073741823:k7
1073741823,1073741823,1073741823,1072693247,1073217535,1073332223,1073119231,1073115135,1073332223,1073307647,1073708991,1073741823,1073741759,1073741823,1073741823:k7
1073741823,1073741823,1073741823,1072693247,1073217535,1073332223,1073119231,1073115135,1073332223,1073307647,1073708991,1073741759,1073741823,1073741823,1073741823:k7
1073741823,1073741823,1073741823,1072693247,1073217535,1073332223,1073119231,1073115135,1073332223,1073307647,1073708991,1073741567,1073741823,1073741823,1073741823:k7
1073741823,1073741823,1073741823,1072693247,1073217535,1073332223,1073119231,1073115135,1073332223,1073307647,1069514687,1073741823,1073741823,1073741823,1073741823:k7
1073741823,1073741823,1073741823,1072693247,1073217535,1073332223,1073119231,1073115135,1073332223,1073307647,1073708991,1072693247,1073741823,1073741823,1073741823:k7
1073741823,1073741823,1073741823,1072693247,1073217535,1073332223,1073119231,1073115135,1073332223,1073307391,1073708991,1073741823,1073741823,1073741823,1073741823:k7
1073741823,1073741823,1073741823,1072693247,1073217535,1073332223,1073119231,1073114879,1073332223,1073307647,1073708991,1073741823,1073741823,1073741823,1073741823:k7
1073741823,1073741823,1073741823,1072693247,1073217535,1073331967,1073119231,1073115135,1073332223,1073307647,1073708991,1073741823,1073741823,1073741823,1073741823:k7
1073741823,1073741823,1073741823,1072693247,1073217535,1073332223,1073119231,1073115135,1073332223,1073307647,1073708991,1073741823,1073740799,1073741823,1073741823:k7
1073741823,1073741823,1073741823,1072693247,1073217535,1073332223,1073119231,1073115135,1073332223,1073307647,1073708991,1073737727,1073741823,1073741823,1073741823:k7
1073741823,1073741823,1073741823,1072693247,1073217535,1073332223,1073119231,1073115135,1073332223,1073307647,1073707967,1073741823,1073741823,1073741823,1073741823:k7
1073741823,1073741823,1073741823,1072693247,1073217535,1073332223,1073119231,1073115135,1073332223,1073307647,1073704895,1073741823,1073741823,1073741823,1073741823:f10
1073741823,1073741823,1073741823,1072693247,1073217535,1073332223,1073119231,1073115071,1073332223,1073305599,1073704895,1073741823,1073741823,1073741823,1073741823:e10
1073741823,1073741823,1073741823,1072693247,1073217535,1073332223,1073119231,1073115135,1073332223,1073305599,1073704895,1073741823,1073741567,1073741823,1073741823:e10
1073741823,1073741823,1073741823,1072693247,1073217535,1073332223,1073119231,1073115135,1073331967,1073305599,1073704895,1073741823,1073741823,1073741823,1073741823:e10
1073741823,1073741823,1073741823,1072693247,1073217535,1073332223,1073119231,1073115135,1073332223,1073305599,1073704895,1073741823,1073676287,1073741823,1073741823:e10
1073741823,1073741823,1073741823,1072693247,1073217535,1073332223,1073119231,1073115135,1073332223,1073305599,1073704895,1073741823,1073737727,1073741823,1073741823:e10
1073741823,1073741823,1073741823,1072693247,1073217535,1073332223,1073119231,1073115135,1073332223,1073305599,1073704895,1073740799,1073741823,1073741823,1073741823:e10
1073741823,1073741823,1073741823,1072693247,1073217535,1073332223,1073119231,1073115135,1073332223,1073305599,1073704895,1073741823,1073741819,1073741823,1073741823:e10
1073741823,1073741823,1073741823,1072693247,1073217535,1073332223,1073119231,1073115135,1073332223,1073305599,1073704895,1073741807,1073741823,1073741823,1073741823:e10
1073741823,1073741823,1073741823,1072693247,1073217535,1073332223,1073119231,1073115135,1073332223,1073305599,1073704891,1073741823,1073741823,1073741823,1073741823:e10
1073741823,1073741823,1073741823,1072693247,1073217535,1073332223,1073119231,1073115135,1073332223,1073305599,1073704879,1073741823,1073741823,1073741823,1073741823:e10
1073741823,1073741823,1073741823,1072693247,1073217535,1073332223,1073119231,1073115135,1073332219,1073305599,1073704895,1073741823,1073741823,1073741823,1073741823:e10
1073741823,1073741823,1073741823,1072693247,1073217535,1073332223,1073119231,1073115135,1073332223,1073305583,1073704895,1073741823,1073741823,1073741823,1073741823:e10
1073741823,1073741823,1073741823,1072693247,1073217535,1073332223,1073119231,1073115135,1073332159,1073305599,1073704895,1073741823,1073741823,1073741823,1073741823:e10
1073741823,1073741823,1073741823,1072693247,1073217535,1073332223,1073119231,1073115135,1073332223,1073305535,1073704895,1073741823,1073741823,1073741823,1073741823:e10
1073741823,1073741823,1073741823,1072693247,1073217535,1073332223,1073119231,1073115135,1073332223,1073305599,1073704639,1073741823,1073741823,1073741823,1073741823:e10
1073741823,1073741823,1073741823,1072693247,1073217535,1073332223,1073119231,1073115135,1073332223,1073305599,1073704895,1073741823,1073741759,1073741823,1073741823:e10
1073741823,1073741823,1073741823,1072693247,1073217535,1073332223,1073119231,1073115135,1073332223,1073305599,1073704895,1073741759,1073741823,1073741823,1073741823:e10
1073741823,1073741823,1073741823,1072693247,1073217535,1073332223,1073119231,1073115135,1073332223,1073305599,1073704895,1073741567,1073741823,1073741823,1073741823:e10
1073741823,1073741823,1073741823,1072693247,1073217535,1073332223,1073119231,1073115135,1073332223,1073305599,1069510591,1073741823,1073741823,1073741823,1073741823:e10
1073741823,1073741823,1073741823,1072693247,1073217535,1073332223,1073119231,1073115135,1073332223,1073305599,1073704895,1072693247,1073741823,1073741823,1073741823:e10
1073741823,1073741823,1073741823,1072693247,1073217535,1073332223,1073119231,1073115135,1073332223,1073305343,1073704895,1073741823,1073741823,1073741823,1073741823:f9
1073741823,1073741823,1073741823,1072693247,1073217535,1073332223,1073119167,1073115135,1073330175,1073305343,1073704895,1073741823,1073741823,1073741823,1073741823:i12
1073741823,1073741823,1073741823,1072693247,1073217535,1073332223,1073119231,1073115119,1073330175,1073305343,1073704895,1073741823,1073741823,1073741823,1073741823:e8
1073741823,1073741823,1073741823,1072693247,1073217535,1073332223,1073119231,1073115071,1073330175,1073305343,1073704895,1073741823,1073741823,1073741823,1073741823:e8
1073741823,1073741823,1073741823,1072693247,1073217535,1073332223,1073119231,1073115135,1073330175,1073305343,1073704895,1073741823,1073741567,1073741823,1073741823:e8
1073741823,1073741823,1073741823,1072693247,1073217535,1073332223,1073119231,1073115135,1073329919,1073305343,1073704895,1073741823,1073741823,1073741823,1073741823:e8
1073741823,1073741823,1073741823,1072693247,1073217535,1073332223,1073119231,1073115135,1073330175,1073305343,1073704895,1073741823,1073676287,1073741823,1073741823:e8
1073741823,1073741823,1073741823,1072693247,1073217535,1073332223,1073119231,1073115135,1073330175,1073305343,1073704895,1073741823,1073737727,1073741823,1073741823:e8
1073741823,1073741823,1073741823,1072693247,1073217535,1073332223,1073119231,1073115135,1073330175,1073305343,1073704895,1073740799,1073741823,1073741823,1073741823:e8
1073741823,1073741823,1073741823,1072693247,1073217535,1073332223,1073119231,1073115135,1073330175,1073305343,1073704895,1073741823,1073741819,1073741823,1073741823:e8
1073741823,1073741823,1073741823,1072693247,1073217535,1073332223,1073119231,1073115135,1073330175,1073305343,1073704895,1073741807,1073741823,1073741823,1073741823:e8
1073741823,1073741823,1073741823,1072693247,1073217535,1073332223,1073119231,1073115135,1073330175,1073305343,1073704891,1073741823,1073741823,1073741823,1073741823:e8
1073741823,1073741823,1073741823,1072693247,1073217535,1073332223,1073119231,1073115135,1073330175,1073305343,1073704879,1073741823,1073741823,1073741823,1073741823:e8
1073741823,1073741823,1073741823,1072693247,1073217535,1073332223,1073119231,1073115135,1073330171,1073305343,1073704895,1073741823,1073741823,1073741823,1073741823:e8
1073741823,1073741823,1073741823,1072693247,1073217535,1073332223,1073119231,1073115135,1073330175,1073305327,1073704895,1073741823,1073741823,1073741823,1073741823:e8
1073741823,1073741823,1073741823,1072693247,1073217535,1073332223,1073119231,1073115135,1073330111,1073305343,1073704895,1073741823,1073741823,1073741823,1073741823:e8
1073741823,1073741823,1073741823,1072693247,1073217535,1073332223,1073119231,1073115135,1073330175,1073305279,1073704895,1073741823,1073741823,1073741823,1073741823:e8
1073741823,1073741823,1073741823,1072693247,1073217535,1073332223,1073119231,1073115135,1073330175,1073305343,1073704639,1073741823,1073741823,1073741823,1073741823:e8
1073741823,1073741823,1073741823,1072693247,1073217535,1073332223,1073119231,1073115135,1073330175,1073305343,1073704895,1073741823,1073741759,1073741823,1073741823:e8
1073741823,1073741823,1073741823,1072693247,1073217535,1073332223,1073119231,1073115135,1073330175,1073305343,1073704895,1073741759,1073741823,1073741823,1073741823:e8
1073741823,1073741823,1073741823,1072693247,1073217535,1073332223,1073119231,1073115135,1073330175,1073305343,1073704895,1073741567,1073741823,1073741823,1073741823:e8
1073741823,1073741823,1073741823,1072693247,1073217535,1073332223,1073119231,1073115135,1073330175,1073305343,1069510591,1073741823,1073741823,1073741823,1073741823:e8
1073741823,1073741823,1073741823,1072693247,1073217535,1073332223,1073119231,1073115135,1073330175,1073305343,1073704895,1072693247,1073741823,1073741823,1073741823:e8
1073741823,1073741823,1073741823,1072693247,1073217535,1073332223,1073119231,1073114879,1073330175,1073305343,1073704895,1073741823,1073741823,1073741823,1073741823:f8
1073741823,1073741823,1073741823,1072693247,1073217535,1073332159,1073119231,1073112831,1073330175,1073305343,1073704895,1073741823,1073741823,1073741823,1073741823:f7
1073741823,1073741823,1073741823,1072693247,1073217535,1073332207,1073119231,1073112831,1073330175,1073305343,1073704895,1073741823,1073741823,1073741823,1073741823:f7
1073741823,1073741823,1073741823,1072693247,1073217535,1073332223,1073118975,1073112831,1073330175,1073305343,1073704895,1073741823,1073741823,1073741823,1073741823:f7
1073741823,1073741823,1073741823,1072693247,1073217535,1073332223,1073119167,1073112831,1073330175,1073305343,1073704895,1073741823,1073741823,1073741823,1073741823:f7
1073741823,1073741823,1073741823,1072693247,1073217535,1073332223,1073119231,1073112815,1073330175,1073305343,1073704895,1073741823,1073741823,1073741823,1073741823:f7
1073741823,1073741823,1073741823,1072693247,1073217535,1073332223,1073119231,1073112767,1073330175,1073305343,1073704895,1073741823,1073741823,1073741823,1073741823:f7
1073741823,1073741823,1073741823,1072693247,1073217535,1073332223,1073119231,1073112831,1073330175,1073305343,1073704895,1073741823,1073741567,1073741823,1073741823:f7
1073741823,1073741823,1073741823,1072693247,1073217535,1073332223,1073119231,1073112831,1073329919,1073305343,1073704895,1073741823,1073741823,1073741823,1073741823:f7
1073741823,1073741823,1073741823,1072693247,1073217535,1073332223,1073119231,1073112831,1073330175,1073305343,1073704895,1073741823,1073676287,1073741823,1073741823:f7
1073741823,1073741823,1073741823,1072693247,1073217535,1073332223,1073119231,1073112831,1073330175,1073305343,1073704895,1073741823,1073737727,1073741823,1073741823:f7
1073741823,1073741823,1073741823,1072693247,1073217535,1073332223,1073119231,1073112831,1073330175,1073305343,1073704895,1073740799,1073741823,1073741823,1073741823:f7
1073741823,1073741823,1073741823,1072693247,1073217535,1073332223,1073119231,1073112831,1073330175,1073305343,1073704895,1073741823,1073741819,1073741823,1073741823:f7
1073741823,1073741823,1073741823,1072693247,1073217535,1073332223,1073119231,1073112831,1073330175,1073305343,1073704895,1073741807,1073741823,1073741823,1073741823:f7
1073741823,1073741823,1073741823,1072693247,1073217535,1073332223,1073119231,1073112831,1073330175,1073305343,1073704891,1073741823,1073741823,1073741823,1073741823:f7
1073741823,1073741823,1073741823,1072693247,1073217535,1073332223,1073119231,1073112831,1073330175,1073305343,1073704879,1073741823,1073741823,1073741823,1073741823:f7
1073741823,1073741823,1073741823,1072693247,1073217535,1073332223,1073119231,1073112831,1073330171,1073305343,1073704895,1073741823,1073741823,1073741823,1073741823:f7
1073741823,1073741823,1073741823,1072693247,1073217535,1073332223,1073119231,1073112831,1073330175,1073305327,1073704895,1073741823,1073741823,1073741823,1073741823:f7
1073741823,1073741823,1073741823,1072693247,1073217535,1073332223,1073119231,1073112831,1073330111,1073305343,1073704895,1073741823,1073741823,1073741823,1073741823:f7
1073741823,1073741823,1073741823,1072693247,1073217535,1073332223,1073119231,1073112831,1073330175,1073305279,1073704895,1073741823,1073741823,1073741823,1073741823:f7
1073741823,1073741823,1073741823,1072693247,1073217535,1073332223,1073119231,1073112831,1073330175,1073305343,1073704639,1073741823,1073741823,1073741823,1073741823:f7
1073741823,1073741823,1073741823,1072693247,1073217535,1073332223,1073119231,1073112831,1073330175,1073305343,1073704895,1073741823,1073741759,1073741823,1073741823:f7
1073741823,1073741823,1073741823,1072693247,1073217535,1073332223,1073119231,1073112831,1073330175,1073305343,1073704895,1073741759,1073741823,1073741823,1073741823:f7
1073741823,1073741823,1073741823,1072693247,1073217535,1073332223,1073119231,1073112831,1073330175,1073305343,1073704895,1073741567,1073741823,1073741823,1073741823:f7
1073741823,1073741823,1073741823,1072693247,1073217535,1073332223,1073119231,1073112831,1073330175,1073305343,1069510591,1073741823,1073741823,1073741823,1073741823:f7
1073741823,1073741823,1073741823,1072693247,1073217535,1073332223,1073119231,1073112831,1073330175,1073305343,1073704895,1072693247,1073741823,1073741823,1073741823:f7
1073741823,1073741823,1073741823,1072693247,1073217535,1073331967,1073119231,1073112831,1073330175,1073305343,1073704895,1073741823,1073741823,1073741823,1073741823:f7
1073741823,1073741823,1073741823,1072693247,1073217535,1073332223,1073119231,1073112831,1073330175,1073305343,1073704895,1073741823,1073740799,1073741823,1073741823:f7
1073741823,1073741823,1073741823,1072693247,1073217535,1073332223,1073119231,1073112831,1073330175,1073305343,1073704895,1073737727,1073741823,1073741823,1073741823:f7
1073741823,1073741823,1073741823,1072693247,1073217535,1073332223,1073119231,1073112831,1073330175,1073305343,1073703871,1073741823,1073741823,1073741823,1073741823:i12
1073741823,1073741823,1073741823,1072693247,1073217535,1073332223,1073119231,1073112831,1073330175,1073305343,1073704895,1073741823,1073479679,1073741823,1073741823:f7
1073741823,1073741823,1073741823,1072693247,1073217535,1073332223,1073119231,1073112831,1073330175,1073305343,1073704895,1073676287,1073741823,1073741823,1073741823:f7
1073741823,1073741823,1073741823,1072693247,1073217535,1073332223,1073119231,1073112831,1073330175,1073305343,1073704895,1073741823,1073725439,1073741823,1073741823:f7
1073741823,1073741823,1073741823,1072693247,1073217535,1073332223,1073119231,1073112831,1069135871,1073305343,1073704895,1073741823,1073741823,1073741823,1073741823:f7
1073741823,1073676287,1073741823,1072693247,1073217535,1073332223,1073119231,1073112831,1073330175,1073305343,1073704895,1073741823,1073741823,1073741823,1073741823:f7
1073741823,1072693247,1073741823,1072693247,1073217535,1073332223,1073119231,1073112831,1073330175,1073305343,1073704895,1073741823,1073741823,1073741823,1073741823:f7
1073741823,1073741823,1072693247,1072693247,1073217535,1073332223,1073119231,1073112831,1073330175,1073305343,1073704895,1073741823,1073741823,1073741823,1073741823:f7
1073741823,1056964607,1073741823,1072693247,1073217535,1073332223,1073119231,1073112831,1073330175,1073305343,1073704895,1073741823,1073741823,1073741823,1073741823:f7
1073741823,1073741823,1073741823,1055916031,1073217535,1073332223,1073119231,1073112831,1073330175,1073305343,1073704895,1073741823,1073741823,1073741823,1073741823:f7
1073741823,1073741823,1073741823,1068498943,1073217535,1073332223,1073119231,1073112831,1073330175,1073305343,1073704895,1073741823,1073741823,1073741823,1073741823:f7
1073741823,1073741823,1073741823,1072693247,1073217535,1056555007,1073119231,1073112831,1073330175,1073305343,1073704895,1073741823,1073741823,1073741823,1073741823:f7
1073741823,1073741823,1073725439,1072693247,1073217535,1073332223,1073119231,1073112831,1073330175,1073305343,1073704895,1073741823,1073741823,1073741823,1073741823:f7
1073741823,1073741823,1073479679,1072693247,1073217535,1073332223,1073119231,1073112831,1073330175,1073305343,1073704895,1073741823,1073741823,1073741823,1073741823:f7
1073741823,1073741823,1069547519,1072693247,1073217535,1073332223,1073119231,1073112831,1073330175,1073305343,1073704895,1073741823,1073741823,1073741823,1073741823:f7
1073741823,1073741823,1073741823,1072693247,1069023231,1073332223,1073119231,1073112831,1073330175,1073305343,1073704895,1073741823,1073741823,1073741823,1073741823:f7
1073741823,1073741823,1073741823,1072693247,1073217535,1073332223,1068924927,1073112831,1073330175,1073305343,1073704895,1073741823,1073741823,1073741823,1073741823:f7
1073741823,1073741823,1073741823,1072692223,1073217535,1073332223,1073119231,1073112831,1073330175,1073305343,1073704895,1073741823,1073741823,1073741823,1073741823:f7
1073741823,1073741823,1073741823,1072676863,1073217535,1073332223,1073119231,1073112831,1073330175,1073305343,1073704895,1073741823,1073741823,1073741823,1073741823:f7
1073741823,1073741823,1073741823,1072431103,1073217535,1073332223,1073119231,1073112831,1073330175,1073305343,1073704895,1073741823,1073741823,1073741823,1073741823:f7
1073741823,1073741823,1073741823,1072693247,1073217535,1073332223,1073118207,1073112831,1073330175,1073305343,1073704895,1073741823,1073741823,1073741823,1073741823:i12
1073741823,1073741823,1073741823,1072693247,1073216511,1073332223,1073119231,1073112831,1073330175,1073305343,1073704895,1073741823,1073741823,1073741823,1073741823:f7
1073741823,1073741823,1073741823,1072693247,1073217535,1073328127,1073119231,1073112831,1073330175,1073305343,1073704895,1073741823,1073741823,1073741823,1073741823:f7
1073741823,1073741823,1073741823,1072689151,1073217535,1073332223,1073119231,1073112831,1073330175,1073305343,1073704895,1073741823,1073741823,1073741823,1073741823:f7
1073741823,1073741823,1073741823,1072693247,1073201151,1073332223,1073119231,1073112831,1073330175,1073305343,1073704895,1073741823,1073741823,1073741823,1073741823:f7
1073741823,1073741823,1073741823,1072627711,1073217535,1073332223,1073119231,1073112831,1073330175,1073305343,1073704895,1073741823,1073741823,1073741823,1073741823:f7
1073741823,1073741823,1073741823,1072693247,1073217535,1072283647,1073119231,1073112831,1073330175,1073305343,1073704895,1073741823,1073741823,1073741823,1073741823:f7
1073741823,1073741823,1073741823,1072693247,1073217535,1073332223,1073119231,1073112831,1073330175,1073305343,1073704895,1073725439,1073741823,1073741823,1073741823:f7
1073741823,1073741823,1073741823,1072693247,1073217535,1073332223,1073119231,1073112831,1073330175,1073305343,1073639359,1073741823,1073741823,1073741823,1073741823:f7
1073741823,1073741823,1073741823,1072693247,1073217535,1073332223,1073119231,1073112831,1073330175,1072256767,1073704895,1073741823,1073741823,1073741823,1073741823:f7
1073741823,1073741823,1073741823,1072693247,1073217535,1073332223,1073119231,1073112831,1073330175,1073305343,1073704895,1069547519,1073741823,1073741823,1073741823:f7
1073741823,1073741823,1073741823,1072693247,1073217535,1073332223,1073119231,1073112831,1073330175,1073305343,1072656319,1073741823,1073741823,1073741823,1073741823:f7
1073741823,1073741823,1073741823,1072693247,1073217535,1073332223,1073119231,1073112831,1073330175,1073305343,1073704895,1073479679,1073741823,1073741823,1073741823:f7
1073741823,1073741823,1073741823,1072693247,1073217535,1073332223,1073119231,1073112831,1073330175,1073305343,1073442751,1073741823,1073741823,1073741823,1073741823:f7
1073741823,1073741823,1073741823,1072693247,1073217535,1069137919,1073119231,1073112831,1073330175,1073305343,1073704895,1073741823,1073741823,1073741823,1073741823:f7
1073741823,1073741823,1073741823,1072693247,1073217535,1073332223,1073119231,1068918527,1073330175,1073305343,1073704895,1073741823,1073741823,1073741823,1073741823:f7
1073741823,1073741823,1073741823,1072693247,1073217535,1073332223,1073119231,1072064255,1073330175,1073305343,1073704895,1073741823,1073741823,1073741823,1073741823:f7
1073741823,1073741823,1073741823,1072693247,1073217535,1073332223,1073119231,1073112831,1073330175,1069111039,1073704895,1073741823,1073741823,1073741823,1073741823:f7
1073741823,1073741823,1073741823,1072693247,1073213439,1073332223,1073119231,1073112831,1073330175,1073305343,1073704895,1073741823,1073741823,1073741823,1073741823:f7
1073741823,1073741823,1073741823,1072693247,1073151999,1073332223,1073119231,1073112831,1073330175,1073305343,1073704895,1073741823,1073741823,1073741823,1073741823:f7
1073741823,1073741823,1073741823,1072693247,1072168959,1073332223,1073119231,1073112831,1073330175,1073305343,1073704895,1073741823,1073741823,1073741823,1073741823:f7
1073741823,1073741823,1073741823,1072693247,1073217535,1073332223,1072070655,1073112831,1073330175,1073305343,1073704895,1073741823,1073741823,1073741823,1073741823:f7
1073741823,1073741823,1073741823,1072693247,1073217535,1073332223,1073119231,1073112831,1072281599,1073305343,1073704895,1073741823,1073741823,1073741823,1073741823:f7
1073741823,1073741823,1073741823,1072693247,1073217535,1073332223,1073119231,1073112831,1073326079,1073305343,1073704895,1073741823,1073741823,1073741823,1073741823:f7
1073741823,1073741823,1073741823,1072693247,1073217535,1073331199,1073119231,1073112831,1073330175,1073305343,1073704895,1073741823,1073741823,1073741823,1073741823:f11
1073741823,1073741823,1073741823,1072693247,1073217535,1073332223,1073115135,1073112831,1073330175,1073305343,1073704895,1073741823,1073741823,1073741823,1073741823:f7
1073741823,1073741823,1073741823,1072693247,1073217535,1073331967,1073119231,1073115135,1073330175,1073305343,1073704895,1073741823,1073741823,1073741823,1073741823:e8
1073741823,1073741823,1073741823,1072693247,1073217535,1073332223,1073119231,1073115135,1073330175,1073305343,1073704895,1073741823,1073740799,1073741823,1073741823:e8
1073741823,1073741823,1073741823,1072693247,1073217535,1073332223,1073119231,1073115135,1073330175,1073305343,1073704895,1073737727,1073741823,1073741823,1073741823:e8
1073741823,1073741823,1073741823,1072693247,1073217535,1073332223,1073119231,1073115135,1073330175,1073305343,1073703871,1073741823,1073741823,1073741823,1073741823:e8
1073741823,1073741823,1073741823,1072693247,1073217535,1073332223,1073119231,1073115135,1073330175,1073305343,1073704895,1073741823,1073479679,1073741823,1073741823:e8
1073741823,1073741823,1073741823,1072693247,1073217535,1073332223,1073119231,1073115135,1073330175,1073305343,1073704895,1073676287,1073741823,1073741823,1073741823:h5
1073741823,1073741823,1073741823,1072693247,1073217535,1073332223,1073119231,1073115135,1073330175,1073305343,1073704895,1073741823,1073725439,1073741823,1073741823:e8
1073741823,1073741823,1073741823,1072693247,1073217535,1073332223,1073119231,1073115135,1069135871,1073305343,1073704895,1073741823,1073741823,1073741823,1073741823:e8
1073741823,1073676287,1073741823,1072693247,1073217535,1073332223,1073119231,1073115135,1073330175,1073305343,1073704895,1073741823,1073741823,1073741823,1073741823:e8
1073741823,1072693247,1073741823,1072693247,1073217535,1073332223,1073119231,1073115135,1073330175,1073305343,1073704895,1073741823,1073741823,1073741823,1073741823:e8
1073741823,1073741823,1072693247,1072693247,1073217535,1073332223,1073119231,1073115135,1073330175,1073305343,1073704895,1073741823,1073741823,1073741823,1073741823:e8
1073741823,1056964607,1073741823,1072693247,1073217535,1073332223,1073119231,1073115135,1073330175,1073305343,1073704895,1073741823,1073741823,1073741823,1073741823:e8
1073741823,1073741823,1073741823,1055916031,1073217535,1073332223,1073119231,1073115135,1073330175,1073305343,1073704895,1073741823,1073741823,1073741823,1073741823:e8
1073741823,1073741823,1073741823,1068498943,1073217535,1073332223,1073119231,1073115135,1073330175,1073305343,1073704895,1073741823,1073741823,1073741823,1073741823:e8
1073741823,1073741823,1073741823,1072693247,1073217535,1056555007,1073119231,1073115135,1073330175,1073305343,1073704895,1073741823,1073741823,1073741823,1073741823:e8
1073741823,1073741823,1073725439,1072693247,1073217535,1073332223,1073119231,1073115135,1073330175,1073305343,1073704895,1073741823,1073741823,1073741823,1073741823:e8
1073741823,1073741823,1073479679,1072693247,1073217535,1073332223,1073119231,1073115135,1073330175,1073305343,1073704895,1073741823,1073741823,1073741823,1073741823:e8
1073741823,1073741823,1069547519,1072693247,1073217535,1073332223,1073119231,1073115135,1073330175,1073305343,1073704895,1073741823,1073741823,1073741823,1073741823:e8
1073741823,1073741823,1073741823,1072693247,1069023231,1073332223,1073119231,1073115135,1073330175,1073305343,1073704895,1073741823,1073741823,1073741823,1073741823:e8
1073741823,1073741823,1073741823,1072693247,1073217535,1073332223,1068924927,1073115135,1073330175,1073305343,1073704895,1073741823,1073741823,1073741823,1073741823:e8
1073741823,1073741823,1073741823,1072692223,1073217535,1073332223,1073119231,1073115135,1073330175,1073305343,1073704895,1073741823,1073741823,1073741823,1073741823:e8
1073741823,1073741823,1073741823,1072676863,1073217535,1073332223,1073119231,1073115135,1073330175,1073305343,1073704895,1073741823,1073741823,1073741823,1073741823:e8
1073741823,1073741823,1073741823,1072431103,1073217535,1073332223,1073119231,1073115135,1073330175,1073305343,1073704895,1073741823,1073741823,1073741823,1073741823:e8
1073741823,1073741823,1073741823,1072693247,1073217535,1073332223,1073118207,1073115135,1073330175,1073305343,1073704895,1073741823,1073741823,1073741823,1073741823:e8
1073741823,1073741823,1073741823,1072693247,1073216511,1073332223,1073119231,1073115135,1073330175,1073305343,1073704895,1073741823,1073741823,1073741823,1073741823:e8
1073741823,1073741823,1073741823,1072693247,1073217535,1073328127,1073119231,1073115135,1073330175,1073305343,1073704895,1073741823,1073741823,1073741823,1073741823:e8
1073741823,1073741823,1073741823,1072689151,1073217535,1073332223,1073119231,1073115135,1073330175,1073305343,1073704895,1073741823,1073741823,1073741823,1073741823:e8
1073741823,1073741823,1073741823,1072693247,1073201151,1073332223,1073119231,1073115135,1073330175,1073305343,1073704895,1073741823,1073741823,1073741823,1073741823:e8
1073741823,1073741823,1073741823,1072627711,1073217535,1073332223,1073119231,1073115135,1073330175,1073305343,1073704895,1073741823,1073741823,1073741823,1073741823:e8
1073741823,1073741823,1073741823,1072693247,1073217535,1072283647,1073119231,1073115135,1073330175,1073305343,1073704895,1073741823,1073741823,1073741823,1073741823:e8
1073741823,1073741823,1073741823,1072693247,1073217535,1073332223,1073119231,1073115135,1073330175,1073305343,1073704895,1073725439,1073741823,1073741823,1073741823:e8
1073741823,1073741823,1073741823,1072693247,1073217535,1073332223,1073119231,1073115135,1073330175,1073305343,1073639359,1073741823,1073741823,1073741823,1073741823:e8
1073741823,1073741823,1073741823,1072693247,1073217535,1073332223,1073119231,1073115135,1073330175,1072256767,1073704895,1073741823,1073741823,1073741823,1073741823:e8
1073741823,1073741823,1073741823,1072693247,1073217535,1073332223,1073119231,1073115135,1073330175,1073305343,1073704895,1069547519,1073741823,1073741823,1073741823:e8
1073741823,1073741823,1073741823,1072693247,1073217535,1073332223,1073119231,1073115135,1073330175,1073305343,1072656319,1073741823,1073741823,1073741823,1073741823:e8
1073741823,1073741823,1073741823,1072693247,1073217535,1073332223,1073119231,1073115135,1073330175,1073305343,1073704895,1073479679,1073741823,1073741823,1073741823:e8
1073741823,1073741823,1073741823,1072693247,1073217535,1073332223,1073119231,1073115135,1073330175,1073305343,1073442751,1073741823,1073741823,1073741823,1073741823:e8
1073741823,1073741823,1073741823,1072693247,1073217535,1069137919,1073119231,1073115135,1073330175,1073305343,1073704895,1073741823,1073741823,1073741823,1073741823:e8
1073741823,1073741823,1073741823,1072693247,1073217535,1073332223,1073119231,1068920831,1073330175,1073305343,1073704895,1073741823,1073741823,1073741823,1073741823:e8
1073741823,1073741823,1073741823,1072693247,1073217535,1073332223,1073119231,1072066559,1073330175,1073305343,1073704895,1073741823,1073741823,1073741823,1073741823:e8
1073741823,1073741823,1073741823,1072693247,1073217535,1073332223,1073119231,1073115135,1073330175,1069111039,1073704895,1073741823,1073741823,1073741823,1073741823:e8
1073741823,1073741823,1073741823,1072693247,1073213439,1073332223,1073119231,1073115135,1073330175,1073305343,1073704895,1073741823,1073741823,1073741823,1073741823:e8
1073741823,1073741823,1073741823,1072693247,1073151999,1073332223,1073119231,1073115135,1073330175,1073305343,1073704895,1073741823,1073741823,1073741823,1073741823:e8
1073741823,1073741823,1073741823,1072693247,1072168959,1073332223,1073119231,1073115135,1073330175,1073305343,1073704895,1073741823,1073741823,1073741823,1073741823:e8
1073741823,1073741823,1073741823,1072693247,1073217535,1073332223,1072070655,1073115135,1073330175,1073305343,1073704895,1073741823,1073741823,1073741823,1073741823:e8
1073741823,1073741823,1073741823,1072693247,1073217535,1073332223,1073119231,1073115135,1072281599,1073305343,1073704895,1073741823,1073741823,1073741823,1073741823:e8
1073741823,1073741823,1073741823,1072693247,1073217535,1073332223,1073119231,1073115135,1073326079,1073305343,1073704895,1073741823,1073741823,1073741823,1073741823:e8
1073741823,1073741823,1073741823,1072693247,1073217535,1073332223,1073119231,1073114111,1073330175,1073305343,1073704895,1073741823,1073741823,1073741823,1073741823:e8
1073741823,1073741823,1073741823,1072693247,1073217535,1073331199,1073119231,1073115135,1073330175,1073305343,1073704895,1073741823,1073741823,1073741823,1073741823:e8
1073741823,1073741823,1073741823,1072693247,1073217535,1073332223,1073115135,1073115135,1073330175,1073305343,1073704895,1073741823,1073741823,1073741823,1073741823:e8
1073741823,1073741823,1073741823,1072693247,1073217535,1073332223,1073119231,1073114879,1073332223,1073305599,1073704895,1073741823,1073741823,1073741823,1073741823:e10
1073741823,1073741823,1073741823,1072693247,1073217535,1073331967,1073119231,1073115135,1073332223,1073305599,1073704895,1073741823,1073741823,1073741823,1073741823:e10
1073741823,1073741823,1073741823,1072693247,1073217535,1073332223,1073119231,1073115135,1073332223,1073305599,1073704895,1073741823,1073740799,1073741823,1073741823:e10
1073741823,1073741823,1073741823,1072693247,1073217535,1073332223,1073119231,1073115135,1073332223,1073305599,1073704895,1073737727,1073741823,1073741823,1073741823:e10
1073741823,1073741823,1073741823,1072693247,1073217535,1073332223,1073119231,1073115135,1073332223,1073305599,1073703871,1073741823,1073741823,1073741823,1073741823:e10
1073741823,1073741823,1073741823,1072693247,1073217535,1073332223,1073119231,1073115135,1073332223,1073305599,1073704895,1073741823,1073479679,1073741823,1073741823:e10
1073741823,1073741823,1073741823,1072693247,1073217535,1073332223,1073119231,1073115135,1073332223,1073305599,1073704895,1073676287,1073741823,1073741823,1073741823:e10
1073741823,1073741823,1073741823,1072693247,1073217535,1073332223,1073119231,1073115135,1073332223,1073305599,1073704895,1073741823,1073725439,1073741823,1073741823:e10
1073741823,1073741823,1073741823,1072693247,1073217535,1073332223,1073119231,1073115135,1069137919,1073305599,1073704895,1073741823,1073741823,1073741823,1073741823:e10
1073741823,1073676287,1073741823,1072693247,1073217535,1073332223,1073119231,1073115135,1073332223,1073305599,1073704895,1073741823,1073741823,1073741823,1073741823:e10
1073741823,1072693247,1073741823,1072693247,1073217535,1073332223,1073119231,1073115135,1073332223,1073305599,1073704895,1073741823,1073741823,1073741823,1073741823:e10
1073741823,1073741823,1072693247,1072693247,1073217535,1073332223,1073119231,1073115135,1073332223,1073305599,1073704895,1073741823,1073741823,1073741823,1073741823:e10
1073741823,1056964607,1073741823,1072693247,1073217535,1073332223,1073119231,1073115135,1073332223,1073305599,1073704895,1073741823,1073741823,1073741823,1073741823:e10
1073741823,1073741823,1073741823,1055916031,1073217535,1073332223,1073119231,1073115135,1073332223,1073305599,1073704895,1073741823,1073741823,1073741823,1073741823:e10
1073741823,1073741823,1073741823,1068498943,1073217535,1073332223,1073119231,1073115135,1073332223,1073305599,1073704895,1073741823,1073741823,1073741823,1073741823:e10
1073741823,1073741823,1073741823,1072693247,1073217535,1056555007,1073119231,1073115135,1073332223,1073305599,1073704895,1073741823,1073741823,1073741823,1073741823:e10
1073741823,1073741823,1073725439,1072693247,1073217535,1073332223,1073119231,1073115135,1073332223,1073305599,1073704895,1073741823,1073741823,1073741823,1073741823:e10
1073741823,1073741823,1073479679,1072693247,1073217535,1073332223,1073119231,1073115135,1073332223,1073305599,1073704895,1073741823,1073741823,1073741823,1073741823:e10
1073741823,1073741823,1069547519,1072693247,1073217535,1073332223,1073119231,1073115135,1073332223,1073305599,1073704895,1073741823,1073741823,1073741823,1073741823:e10
1073741823,1073741823,1073741823,1072693247,1069023231,1073332223,1073119231,1073115135,1073332223,1073305599,1073704895,1073741823,1073741823,1073741823,1073741823:e10
1073741823,1073741823,1073741823,1072693247,1073217535,1073332223,1068924927,1073115135,1073332223,1073305599,1073704895,1073741823,1073741823,1073741823,1073741823:e10
1073741823,1073741823,1073741823,1072692223,1073217535,1073332223,1073119231,1073115135,1073332223,1073305599,1073704895,1073741823,1073741823,1073741823,1073741823:e10
1073741823,1073741823,1073741823,1072676863,1073217535,1073332223,1073119231,1073115135,1073332223,1073305599,1073704895,1073741823,1073741823,1073741823,1073741823:e10
1073741823,1073741823,1073741823,1072431103,1073217535,1073332223,1073119231,1073115135,1073332223,1073305599,1073704895,1073741823,1073741823,1073741823,1073741823:e10
1073741823,1073741823,1073741823,1072693247,1073217535,1073332223,1073119231,1073115135,1073331199,1073305599,1073704895,1073741823,1073741823,1073741823,1073741823:e10
1073741823,1073741823,1073741823,1072693247,1073217535,1073332223,1073118207,1073115135,1073332223,1073305599,1073704895,1073741823,1073741823,1073741823,1073741823:e10
1073741823,1073741823,1073741823,1072693247,1073216511,1073332223,1073119231,1073115135,1073332223,1073305599,1073704895,1073741823,1073741823,1073741823,1073741823:e10
1073741823,1073741823,1073741823,1072693247,1073217535,1073328127,1073119231,1073115135,1073332223,1073305599,1073704895,1073741823,1073741823,1073741823,1073741823:e10
1073741823,1073741823,1073741823,1072689151,1073217535,1073332223,1073119231,1073115135,1073332223,1073305599,1073704895,1073741823,1073741823,1073741823,1073741823:e10
1073741823,1073741823,1073741823,1072693247,1073201151,1073332223,1073119231,1073115135,1073332223,1073305599,1073704895,1073741823,1073741823,1073741823,1073741823:e10
1073741823,1073741823,1073741823,1072627711,1073217535,1073332223,1073119231,1073115135,1073332223,1073305599,1073704895,1073741823,1073741823,1073741823,1073741823:e10
1073741823,1073741823,1073741823,1072693247,1073217535,1072283647,1073119231,1073115135,1073332223,1073305599,1073704895,1073741823,1073741823,1073741823,1073741823:e10
1073741823,1073741823,1073741823,1072693247,1073217535,1073332223,1073119231,1073115135,1073332223,1073305599,1073704895,1073725439,1073741823,1073741823,1073741823:e10
1073741823,1073741823,1073741823,1072693247,1073217535,1073332223,1073119231,1073115135,1073332223,1073305599,1073639359,1073741823,1073741823,1073741823,1073741823:e10
1073741823,1073741823,1073741823,1072693247,1073217535,1073332223,1073119231,1073115135,1073332223,1072257023,1073704895,1073741823,1073741823,1073741823,1073741823:e10
1073741823,1073741823,1073741823,1072693247,1073217535,1073332223,1073119231,1073115135,1073332223,1073305599,1073704895,1069547519,1073741823,1073741823,1073741823:e10
1073741823,1073741823,1073741823,1072693247,1073217535,1073332223,1073119231,1073115135,1073332223,1073305599,1072656319,1073741823,1073741823,1073741823,1073741823:e10
1073741823,1073741823,1073741823,1072693247,1073217535,1073332223,1073119231,1073115135,1073332223,1073305599,1073704895,1073479679,1073741823,1073741823,1073741823:e10
1073741823,1073741823,1073741823,1072693247,1073217535,1073332223,1073119231,1073115135,1073332223,1073305599,1073442751,1073741823,1073741823,1073741823,1073741823:e10
1073741823,1073741823,1073741823,1072693247,1073217535,1069137919,1073119231,1073115135,1073332223,1073305599,1073704895,1073741823,1073741823,1073741823,1073741823:e10
1073741823,1073741823,1073741823,1072693247,1073217535,1073332223,1073119231,1068920831,1073332223,1073305599,1073704895,1073741823,1073741823,1073741823,1073741823:e10
1073741823,1073741823,1073741823,1072693247,1073217535,1073332223,1073119231,1072066559,1073332223,1073305599,1073704895,1073741823,1073741823,1073741823,1073741823:e10
1073741823,1073741823,1073741823,1072693247,1073217535,1073332223,1073119231,1073115135,1073332223,1069111295,1073704895,1073741823,1073741823,1073741823,1073741823:e10
1073741823,1073741823,1073741823,1072693247,1073213439,1073332223,1073119231,1073115135,1073332223,1073305599,1073704895,1073741823,1073741823,1073741823,1073741823:e10
1073741823,1073741823,1073741823,1072693247,1073151999,1073332223,1073119231,1073115135,1073332223,1073305599,1073704895,1073741823,1073741823,1073741823,1073741823:e10
1073741823,1073741823,1073741823,1072693247,1072168959,1073332223,1073119231,1073115135,1073332223,1073305599,1073704895,1073741823,1073741823,1073741823,1073741823:e10
1073741823,1073741823,1073741823,1072693247,1073217535,1073332223,1072070655,1073115135,1073332223,1073305599,1073704895,1073741823,1073741823,1073741823,1073741823:e10
1073741823,1073741823,1073741823,1072693247,1073217535,1073332223,1073119231,1073115135,1072283647,1073305599,1073704895,1073741823,1073741823,1073741823,1073741823:e10
1073741823,1073741823,1073741823,1072693247,1073217535,1073332223,1073119231,1073115135,1073328127,1073305599,1073704895,1073741823,1073741823,1073741823,1073741823:e10
1073741823,1073741823,1073741823,1072693247,1073217535,1073332223,1073119231,1073114111,1073332223,1073305599,1073704895,1073741823,1073741823,1073741823,1073741823:e10
1073741823,1073741823,1073741823,1072693247,1073217535,1073331199,1073119231,1073115135,1073332223,1073305599,1073704895,1073741823,1073741823,1073741823,1073741823:e10
1073741823,1073741823,1073741823,1072693247,1073217535,1073332223,1073115135,1073115135,1073332223,1073305599,1073704895,1073741823,1073741823,1073741823,1073741823:e10
1073741823,1073741823,1073741823,1072693247,1073217535,1073332223,1073119231,1073115135,1073332223,1073307647,1073708991,1073741823,1073479679,1073741823,1073741823:k7
1073741823,1073741823,1073741823,1072693247,1073217535,1073332223,1073119231,1073115135,1073332223,1073307647,1073708991,1073676287,1073741823,1073741823,1073741823:k7
1073741823,1073741823,1073741823,1072693247,1073217535,1073332223,1073119231,1073115135,1073332223,1073307647,1073708991,1073741823,1073725439,1073741823,1073741823:k7
1073741823,1073741823,1073741823,1072693247,1073217535,1073332223,1073119231,1073115135,1069137919,1073307647,1073708991,1073741823,1073741823,1073741823,1073741823:k7
1073741823,1073676287,1073741823,1072693247,1073217535,1073332223,1073119231,1073115135,1073332223,1073307647,1073708991,1073741823,1073741823,1073741823,1073741823:k7
1073741823,1072693247,1073741823,1072693247,1073217535,1073332223,1073119231,1073115135,1073332223,1073307647,1073708991,1073741823,1073741823,1073741823,1073741823:k7
1073741823,1073741823,1072693247,1072693247,1073217535,1073332223,1073119231,1073115135,1073332223,1073307647,1073708991,1073741823,1073741823,1073741823,1073741823:k7
1073741823,1056964607,1073741823,1072693247,1073217535,1073332223,1073119231,1073115135,1073332223,1073307647,1073708991,1073741823,1073741823,1073741823,1073741823:k7
1073741823,1073741823,1073741823,1055916031,1073217535,1073332223,1073119231,1073115135,1073332223,1073307647,1073708991,1073741823,1073741823,1073741823,1073741823:k7
1073741823,1073741823,1073741823,1068498943,1073217535,1073332223,1073119231,1073115135,1073332223,1073307647,1073708991,1073741823,1073741823,1073741823,1073741823:k7
1073741823,1073741823,1073741823,1072693247,1073217535,1056555007,1073119231,1073115135,1073332223,1073307647,1073708991,1073741823,1073741823,1073741823,1073741823:k7
1073741823,1073741823,1073725439,1072693247,1073217535,1073332223,1073119231,1073115135,1073332223,1073307647,1073708991,1073741823,1073741823,1073741823,1073741823:k7
1073741823,1073741823,1073479679,1072693247,1073217535,1073332223,1073119231,1073115135,1073332223,1073307647,1073708991,1073741823,1073741823,1073741823,1073741823:k7
1073741823,1073741823,1069547519,1072693247,1073217535,1073332223,1073119231,1073115135,1073332223,1073307647,1073708991,1073741823,1073741823,1073741823,1073741823:k7
1073741823,1073741823,1073741823,1072693247,1069023231,1073332223,1073119231,1073115135,1073332223,1073307647,1073708991,1073741823,1073741823,1073741823,1073741823:k7
1073741823,1073741823,1073741823,1072693247,1073217535,1073332223,1068924927,1073115135,1073332223,1073307647,1073708991,1073741823,1073741823,1073741823,1073741823:k7
1073741823,1073741823,1073741823,1072692223,1073217535,1073332223,1073119231,1073115135,1073332223,1073307647,1073708991,1073741823,1073741823,1073741823,1073741823:k7
1073741823,1073741823,1073741823,1072676863,1073217535,1073332223,1073119231,1073115135,1073332223,1073307647,1073708991,1073741823,1073741823,1073741823,1073741823:k7
1073741823,1073741823,1073741823,1072431103,1073217535,1073332223,1073119231,1073115135,1073332223,1073307647,1073708991,1073741823,1073741823,1073741823,1073741823:k7
1073741823,1073741823,1073741823,1072693247,1073217535,1073332223,1073119231,1073115135,1073331199,1073307647,1073708991,1073741823,1073741823,1073741823,1073741823:k7
1073741823,1073741823,1073741823,1072693247,1073217535,1073332223,1073118207,1073115135,1073332223,1073307647,1073708991,1073741823,1073741823,1073741823,1073741823:k7
1073741823,1073741823,1073741823,1072693247,1073216511,1073332223,1073119231,1073115135,1073332223,1073307647,1073708991,1073741823,1073741823,1073741823,1073741823:k7
1073741823,1073741823,1073741823,1072693247,1073217535,1073328127,1073119231,1073115135,1073332223,1073307647,1073708991,1073741823,1073741823,1073741823,1073741823:k7
1073741823,1073741823,1073741823,1072689151,1073217535,1073332223,1073119231,1073115135,1073332223,1073307647,1073708991,1073741823,1073741823,1073741823,1073741823:k7
1073741823,1073741823,1073741823,1072693247,1073201151,1073332223,1073119231,1073115135,1073332223,1073307647,1073708991,1073741823,1073741823,1073741823,1073741823:k7
1073741823,1073741823,1073741823,1072627711,1073217535,1073332223,1073119231,1073115135,1073332223,1073307647,1073708991,1073741823,1073741823,1073741823,1073741823:k7
1073741823,1073741823,1073741823,1072693247,1073217535,1072283647,1073119231,1073115135,1073332223,1073307647,1073708991,1073741823,1073741823,1073741823,1073741823:k7
1073741823,1073741823,1073741823,1072693247,1073217535,1073332223,1073119231,1073115135,1073332223,1073307647,1073708991,1073725439,1073741823,1073741823,1073741823:k7
1073741823,1073741823,1073741823,1072693247,1073217535,1073332223,1073119231,1073115135,1073332223,1073307647,1073643455,1073741823,1073741823,1073741823,1073741823:k7
1073741823,1073741823,1073741823,1072693247,1073217535,1073332223,1073119231,1073115135,1073332223,1072259071,1073708991,1073741823,1073741823,1073741823,1073741823:k7
1073741823,1073741823,1073741823,1072693247,1073217535,1073332223,1073119231,1073115135,1073332223,1073307647,1073708991,1069547519,1073741823,1073741823,1073741823:k7
1073741823,1073741823,1073741823,1072693247,1073217535,1073332223,1073119231,1073115135,1073332223,1073307647,1072660415,1073741823,1073741823,1073741823,1073741823:k7
1073741823,1073741823,1073741823,1072693247,1073217535,1073332223,1073119231,1073115135,1073332223,1073307647,1073708991,1073479679,1073741823,1073741823,1073741823:k7
1073741823,1073741823,1073741823,1072693247,1073217535,1073332223,1073119231,1073115135,1073332223,1073307647,1073446847,1073741823,1073741823,1073741823,1073741823:k7
1073741823,1073741823,1073741823,1072693247,1073217535,1069137919,1073119231,1073115135,1073332223,1073307647,1073708991,1073741823,1073741823,1073741823,1073741823:g11
1073741823,1073741823,1073741823,1072693247,1073217535,1073332223,1073119231,1068920831,1073332223,1073307647,1073708991,1073741823,1073741823,1073741823,1073741823:k7
1073741823,1073741823,1073741823,1072693247,1073217535,1073332223,1073119231,1072066559,1073332223,1073307647,1073708991,1073741823,1073741823,1073741823,1073741823:k7
1073741823,1073741823,1073741823,1072693247,1073217535,1073332223,1073119231,1073115135,1073332223,1069113343,1073708991,1073741823,1073741823,1073741823,1073741823:k7
1073741823,1073741823,1073741823,1072693247,1073213439,1073332223,1073119231,1073115135,1073332223,1073307647,1073708991,1073741823,1073741823,1073741823,1073741823:k7
1073741823,1073741823,1073741823,1072693247,1073151999,1073332223,1073119231,1073115135,1073332223,1073307647,1073708991,1073741823,1073741823,1073741823,1073741823:k7
1073741823,1073741823,1073741823,1072693247,1072168959,1073332223,1073119231,1073115135,1073332223,1073307647,1073708991,1073741823,1073741823,1073741823,1073741823:k7
1073741823,1073741823,1073741823,1072693247,1073217535,1073332223,1072070655,1073115135,1073332223,1073307647,1073708991,1073741823,1073741823,1073741823,1073741823:g11
1073741823,1073741823,1073741823,1072693247,1073217535,1073332223,1073119231,1073115135,1072283647,1073307647,1073708991,1073741823,1073741823,1073741823,1073741823:k7
1073741823,1073741823,1073741823,1072693247,1073217535,1073332223,1073119231,1073115135,1073332223,1073306623,1073708991,1073741823,1073741823,1073741823,1073741823:k7
1073741823,1073741823,1073741823,1072693247,1073217535,1073332223,1073119231,1073115135,1073328127,1073307647,1073708991,1073741823,1073741823,1073741823,1073741823:k7
1073741823,1073741823,1073741823,1072693247,1073217535,1073332223,1073119231,1073114111,1073332223,1073307647,1073708991,1073741823,1073741823,1073741823,1073741823:k7
1073741823,1073741823,1073741823,1072693247,1073217535,1073331199,1073119231,1073115135,1073332223,1073307647,1073708991,1073741823,1073741823,1073741823,1073741823:k7
1073741823,1073741823,1073741823,1072693247,1073217535,1073332223,1073115135,1073115135,1073332223,1073307647,1073708991,1073741823,1073741823,1073741823,1073741823:k7
