1073741823,1073741823,1073741823,1072693247,1073217535,1073332223,1073119231,1073115135,1073479679,1069146111,1073709055,1073741823,1073741823,1073741823,1073741823:g11
1073741823,1073741823,1073741823,1072693247,1073217535,1073332223,1073119231,1073115135,1073479679,1069146111,1073700863,1073741823,1073741567,1073741823,1073741823:h10
1073741823,1073741823,1073741823,1072693247,1073217535,1073332223,1073119231,1073115135,1073479679,1069146111,1073700863,1073740799,1073741823,1073741823,1073741823:h10
1073741823,1073741823,1073741823,1072693247,1073217535,1073332223,1073119231,1073115135,1073479679,1069146111,1073700607,1073741823,1073741823,1073741823,1073741823:h10
1073741823,1073741823,1073741823,1072693247,1073217535,1073332223,1073119231,1073115135,1073479423,1069146111,1073700863,1073741823,1073741823,1073741823,1073741823:h10
1073741823,1073741823,1073741823,1072693247,1073217535,1073332223,1073119231,1073115135,1073479679,1069146111,1073700863,1073741823,1073676287,1073741823,1073741823:h10
1073741823,1073741823,1073741823,1072693247,1073217535,1073332223,1073119231,1073115135,1073479679,1069146111,1073700863,1073741823,1073737727,1073741823,1073741823:h10
1073741823,1073741823,1073741823,1072693247,1073217535,1073332223,1073119231,1006006271,1073479679,1069146111,1073700863,1073741823,1073741823,1073741823,1073741823:h10
1073741823,1073741823,1073741823,1072693247,1073217535,1073332223,1073119231,1073115135,1056702463,1069146111,1073700863,1073741823,1073741823,1073741823,1073741823:h10
1073741823,1073741823,1073741823,1072693247,1073217535,1073332223,1073119231,1073115135,1073479679,1002037247,1073700863,1073741823,1073741823,1073741823,1073741823:h10
1073741823,1073741823,1073741823,1072693247,1073217535,1073332223,1073119231,1073115135,1073479679,1052368895,1073700863,1073741823,1073741823,1073741823,1073741823:h10
1073741823,1073741823,1073741823,1072693247,1073217535,1073332223,1073119231,1073115135,1073479679,1069146111,1073700863,1006632959,1073741823,1073741823,1073741823:h10
1073741823,1073741823,1073741823,1072693247,1073217535,1073332223,1073119231,1073115135,1073479679,1069146111,1056923647,1073741823,1073741823,1073741823,1073741823:h10
1073741823,1073741823,1073741823,1072693247,1073217535,1073332223,1073119231,1073115135,1073479679,1069146111,1073700863,1073741567,1073741823,1073741823,1073741823:h10
1073741823,1073741823,1073741823,1072693247,1073217535,1073332223,1073119231,1073115135,1073479679,1069146111,1069506559,1073741823,1073741823,1073741823,1073741823:h10
1073741823,1073741823,1073741823,1072693247,1073217535,1073332223,1073119231,1073115135,1073479679,1069146111,1073700863,1072693247,1073741823,1073741823,1073741823:h10
1073741823,1073741823,1073741823,1072693247,1073217535,1073332223,1073119231,1073115135,1073479679,1069145855,1073700863,1073741823,1073741823,1073741823,1073741823:h10
1073741823,1073741823,1073741823,1072693247,1073217535,1073332223,1073119231,1073114879,1073479679,1069146111,1073700863,1073741823,1073741823,1073741823,1073741823:h10
1073741823,1073741823,1073741823,1072693247,1073217535,1073331967,1073119231,1073115135,1073479679,1069146111,1073700863,1073741823,1073741823,1073741823,1073741823:h10
1073741823,1073741823,1073741823,1072693247,1073217535,1073332223,1073119231,1073115135,1073479679,1069146111,1073700863,1073741823,1073740799,1073741823,1073741823:h10
1073741823,1073741823,1073741823,1072693247,1073217535,1073332223,1073119231,1073115135,1073479679,1069146111,1073700863,1073737727,1073741823,1073741823,1073741823:h10
1073741823,1073741823,1073741823,1072693247,1073217535,1073332223,1073119231,1073115135,1073479679,1069146111,1073699839,1073741823,1073741823,1073741823,1073741823:h10
1073741823,1073741823,1073741823,1072693247,1073217535,1073332223,1073119231,1073115135,1073479679,1069146111,1073700863,1073741823,1073479679,1073741823,1073741823:h10
1073741823,1073741823,1073741823,1072693247,1073217535,1073332223,1073119231,1073115135,1073479679,1069146111,1073700863,1073676287,1073741823,1073741823,1073741823:h10
1073741823,1073741823,1073741823,1072693247,1073217535,1073332223,1073119231,1073115135,1073479679,1069146111,1073700863,1073741823,1073725439,1073741823,1073741823:h10
1073741823,1073741823,1073741823,1072693247,1073217535,1073332223,1073119231,1073115135,1069285375,1069146111,1073700863,1073741823,1073741823,1073741823,1073741823:h10
1073741823,1073676287,1073741823,1072693247,1073217535,1073332223,1073119231,1073115135,1073479679,1069146111,1073700863,1073741823,1073741823,1073741823,1073741823:h10
1073741823,1072693247,1073741823,1072693247,1073217535,1073332223,1073119231,1073115135,1073479679,1069146111,1073700863,1073741823,1073741823,1073741823,1073741823:h10
1073741823,1073741823,1072693247,1072693247,1073217535,1073332223,1073119231,1073115135,1073479679,1069146111,1073700863,1073741823,1073741823,1073741823,1073741823:h10
1073741823,1056964607,1073741823,1072693247,1073217535,1073332223,1073119231,1073115135,1073479679,1069146111,1073700863,1073741823,1073741823,1073741823,1073741823:h10
1073741823,1073741823,1073741823,1055916031,1073217535,1073332223,1073119231,1073115135,1073479679,1069146111,1073700863,1073741823,1073741823,1073741823,1073741823:h10
1073741823,1073741823,1073741823,1068498943,1073217535,1073332223,1073119231,1073115135,1073479679,1069146111,1073700863,1073741823,1073741823,1073741823,1073741823:h10
1073741823,1073741823,1073741823,1072693247,1073217535,1056555007,1073119231,1073115135,1073479679,1069146111,1073700863,1073741823,1073741823,1073741823,1073741823:h10
1073741823,1073741823,1073725439,1072693247,1073217535,1073332223,1073119231,1073115135,1073479679,1069146111,1073700863,1073741823,1073741823,1073741823,1073741823:h10
1073741823,1073741823,1073479679,1072693247,1073217535,1073332223,1073119231,1073115135,1073479679,1069146111,1073700863,1073741823,1073741823,1073741823,1073741823:h10
1073741823,1073741823,1069547519,1072693247,1073217535,1073332223,1073119231,1073115135,1073479679,1069146111,1073700863,1073741823,1073741823,1073741823,1073741823:h10
1073741823,1073741823,1073741823,1072693247,1069023231,1073332223,1073119231,1073115135,1073479679,1069146111,1073700863,1073741823,1073741823,1073741823,1073741823:h10
1073741823,1073741823,1073741823,1072693247,1073217535,1073332223,1068924927,1073115135,1073479679,1069146111,1073700863,1073741823,1073741823,1073741823,1073741823:h10
1073741823,1073741823,1073741823,1072692223,1073217535,1073332223,1073119231,1073115135,1073479679,1069146111,1073700863,1073741823,1073741823,1073741823,1073741823:h10
1073741823,1073741823,1073741823,1072676863,1073217535,1073332223,1073119231,1073115135,1073479679,1069146111,1073700863,1073741823,1073741823,1073741823,1073741823:h10
1073741823,1073741823,1073741823,1072431103,1073217535,1073332223,1073119231,1073115135,1073479679,1069146111,1073700863,1073741823,1073741823,1073741823,1073741823:h10
1073741823,1073741823,1073741823,1072693247,1073217535,1073332223,1073119231,1073115135,1073478655,1069146111,1073700863,1073741823,1073741823,1073741823,1073741823:h10
1073741823,1073741823,1073741823,1072693247,1073217535,1073332223,1073118207,1073115135,1073479679,1069146111,1073700863,1073741823,1073741823,1073741823,1073741823:h10
1073741823,1073741823,1073741823,1072693247,1073216511,1073332223,1073119231,1073115135,1073479679,1069146111,1073700863,1073741823,1073741823,1073741823,1073741823:h10
1073741823,1073741823,1073741823,1072693247,1073217535,1073328127,1073119231,1073115135,1073479679,1069146111,1073700863,1073741823,1073741823,1073741823,1073741823:h10
1073741823,1073741823,1073741823,1072689151,1073217535,1073332223,1073119231,1073115135,1073479679,1069146111,1073700863,1073741823,1073741823,1073741823,1073741823:h10
1073741823,1073741823,1073741823,1072693247,1073201151,1073332223,1073119231,1073115135,1073479679,1069146111,1073700863,1073741823,1073741823,1073741823,1073741823:h10
1073741823,1073741823,1073741823,1072627711,1073217535,1073332223,1073119231,1073115135,1073479679,1069146111,1073700863,1073741823,1073741823,1073741823,1073741823:h10
1073741823,1073741823,1073741823,1072693247,1073217535,1072283647,1073119231,1073115135,1073479679,1069146111,1073700863,1073741823,1073741823,1073741823,1073741823:h10
1073741823,1073741823,1073741823,1072693247,1073217535,1073332223,1073119231,1073115135,1073479679,1069146111,1073700863,1073725439,1073741823,1073741823,1073741823:h10
1073741823,1073741823,1073741823,1072693247,1073217535,1073332223,1073119231,1073115135,1073479679,1069146111,1073635327,1073741823,1073741823,1073741823,1073741823:h10
1073741823,1073741823,1073741823,1072693247,1073217535,1073332223,1073119231,1073115135,1073479679,1068097535,1073700863,1073741823,1073741823,1073741823,1073741823:h10
1073741823,1073741823,1073741823,1072693247,1073217535,1073332223,1073119231,1073115135,1073479679,1069146111,1073700863,1069547519,1073741823,1073741823,1073741823:h10
1073741823,1073741823,1073741823,1072693247,1073217535,1073332223,1073119231,1073115135,1073479679,1069146111,1072652287,1073741823,1073741823,1073741823,1073741823:h10
1073741823,1073741823,1073741823,1072693247,1073217535,1073332223,1073119231,1073115135,1073479679,1069146111,1073700863,1073479679,1073741823,1073741823,1073741823:h10
1073741823,1073741823,1073741823,1072693247,1073217535,1073332223,1073119231,1073115135,1073479679,1069146111,1073438719,1073741823,1073741823,1073741823,1073741823:h10
1073741823,1073741823,1073741823,1072693247,1073217535,1069137919,1073119231,1073115135,1073479679,1069146111,1073700863,1073741823,1073741823,1073741823,1073741823:h10
1073741823,1073741823,1073741823,1072693247,1073217535,1073332223,1073119231,1068920831,1073479679,1069146111,1073700863,1073741823,1073741823,1073741823,1073741823:h10
1073741823,1073741823,1073741823,1072693247,1073217535,1073332223,1073119231,1072066559,1073479679,1069146111,1073700863,1073741823,1073741823,1073741823,1073741823:h10
1073741823,1073741823,1073741823,1072693247,1073213439,1073332223,1073119231,1073115135,1073479679,1069146111,1073700863,1073741823,1073741823,1073741823,1073741823:h10
1073741823,1073741823,1073741823,1072693247,1073151999,1073332223,1073119231,1073115135,1073479679,1069146111,1073700863,1073741823,1073741823,1073741823,1073741823:h10
1073741823,1073741823,1073741823,1072693247,1072168959,1073332223,1073119231,1073115135,1073479679,1069146111,1073700863,1073741823,1073741823,1073741823,1073741823:h10
1073741823,1073741823,1073741823,1072693247,1073217535,1073332223,1072070655,1073115135,1073479679,1069146111,1073700863,1073741823,1073741823,1073741823,1073741823:h10
1073741823,1073741823,1073741823,1072693247,1073217535,1073332223,1073119231,1073115135,1072431103,1069146111,1073700863,1073741823,1073741823,1073741823,1073741823:h10
1073741823,1073741823,1073741823,1072693247,1073217535,1073332223,1073119231,1073115135,1073479679,1069145087,1073700863,1073741823,1073741823,1073741823,1073741823:h10
1073741823,1073741823,1073741823,1072693247,1073217535,1073332223,1073119231,1073115135,1073475583,1069146111,1073700863,1073741823,1073741823,1073741823,1073741823:h10
1073741823,1073741823,1073741823,1072693247,1073217535,1073332223,1073119231,1073114111,1073479679,1069146111,1073700863,1073741823,1073741823,1073741823,1073741823:h10
1073741823,1073741823,1073741823,1072693247,1073217535,1073331199,1073119231,1073115135,1073479679,1069146111,1073700863,1073741823,1073741823,1073741823,1073741823:h10
1073741823,1073741823,1073741823,1072693247,1073217535,1073332223,1073115135,1073115135,1073479679,1069146111,1073700863,1073741823,1073741823,1073741823,1073741823:h10
1073741823,1073741823,1073741823,1072693247,1073217535,1073332223,1073119231,1073115135,1073414143,1069146111,1073700863,1073741823,1073741823,1073741823,1073741823:f9
1073741823,1073741823,1073741823,1072693247,1073217535,1073332223,1073119231,1073115135,1073479679,1069129727,1073700863,1073741823,1073741823,1073741823,1073741823:j11
1073741823,1073741823,1073741823,1072693247,1073217535,1073332223,1073119231,1073115135,1073479679,1069129727,1073176575,1073741823,1069547519,1073741823,1073741823:i12
1073741823,1073741823,1073741823,1072693247,1073217535,1073332223,1073119231,1073115135,1073479679,1069129727,1073176575,1073741823,1073741567,1073741823,1073741823:i12
1073741823,1073741823,1073741823,1072693247,1073217535,1073332223,1073119231,1073115135,1073479679,1069129727,1073176575,1073740799,1073741823,1073741823,1073741823:i12
1073741823,1073741823,1073741823,1072693247,1073217535,1073332223,1073119231,1073115135,1073479679,1069129727,1073176319,1073741823,1073741823,1073741823,1073741823:i12
1073741823,1073741823,1073741823,1072693247,1073217535,1073332223,1073119231,1073115135,1073479423,1069129727,1073176575,1073741823,1073741823,1073741823,1073741823:i12
1073741823,1073741823,1073741823,1072693247,1073217535,1073332223,1073119231,1073115135,1073479679,1069129727,1073176575,1073741823,1073676287,1073741823,1073741823:i12
1073741823,1073741823,1073741823,1072693247,1073217535,1073332223,1073119231,1073115135,1073479679,1069129727,1073176575,1073741823,1073737727,1073741823,1073741823:i12
1073741823,1073741823,1073741823,1072693247,1073217535,1073332223,1073119231,1006006271,1073479679,1069129727,1073176575,1073741823,1073741823,1073741823,1073741823:i12
1073741823,1073741823,1073741823,1072693247,1073217535,1073332223,1073119231,1073115135,1056702463,1069129727,1073176575,1073741823,1073741823,1073741823,1073741823:i12
1073741823,1073741823,1073741823,1072693247,1073217535,1073332223,1073119231,1073115135,1073479679,1002020863,1073176575,1073741823,1073741823,1073741823,1073741823:i11
1073741823,1073741823,1073741823,1072693247,1073217535,1073332223,1073119231,1073115135,1073479679,1052352511,1073176575,1073741823,1073741823,1073741823,1073741823:i11
1073741823,1073741823,1073741823,1072693247,1073217535,1073332223,1073119231,1073115135,1073479679,1069129727,1073176575,1006632959,1073741823,1073741823,1073741823:i12
1073741823,1073741823,1073741823,1072693247,1073217535,1073332223,1073119231,1073115135,1073479679,1069129727,1056399359,1073741823,1073741823,1073741823,1073741823:i12
1073741823,1073741823,1073741823,1072693247,1073217535,1073332223,1073119231,1073115135,1073479679,1069129727,1073176575,1073741567,1073741823,1073741823,1073741823:i12
1073741823,1073741823,1073741823,1072693247,1073217535,1073332223,1073119231,1073115135,1073479679,1069129727,1068982271,1073741823,1073741823,1073741823,1073741823:i11
1073741823,1073741823,1073741823,1072693247,1073217535,1073332223,1073119231,1073115135,1073479679,1069129727,1073176575,1072693247,1073741823,1073741823,1073741823:i12
1073741823,1073741823,1073741823,1072693247,1073217535,1073332223,1073119231,1073115135,1073479679,1069129471,1073176575,1073741823,1073741823,1073741823,1073741823:i12
1073741823,1073741823,1073741823,1072693247,1073217535,1073332223,1073119231,1073114879,1073479679,1069129727,1073176575,1073741823,1073741823,1073741823,1073741823:i12
1073741823,1073741823,1073741823,1072693247,1073217535,1073331967,1073119231,1073115135,1073479679,1069129727,1073176575,1073741823,1073741823,1073741823,1073741823:i12
1073741823,1073741823,1073741823,1072693247,1073217535,1073332223,1073119231,1073115135,1073479679,1069129727,1073176575,1073741823,1073740799,1073741823,1073741823:i12
1073741823,1073741823,1073741823,1072693247,1073217535,1073332223,1073119231,1073115135,1073479679,1069129727,1073176575,1073737727,1073741823,1073741823,1073741823:i12
1073741823,1073741823,1073741823,1072693247,1073217535,1073332223,1073119231,1073115135,1073479679,1069129727,1073175551,1073741823,1073741823,1073741823,1073741823:i12
1073741823,1073741823,1073741823,1072693247,1073217535,1073332223,1073119231,1073115135,1073479679,1069129727,1073176575,1073741823,1073479679,1073741823,1073741823:i11
1073741823,1073741823,1073741823,1072693247,1073217535,1073332223,1073119231,1073115135,1073479679,1069129727,1073176575,1073676287,1073741823,1073741823,1073741823:i11
1073741823,1073741823,1073741823,1072693247,1073217535,1073332223,1073119231,1073115135,1073479679,1069129727,1073176575,1073741823,1073725439,1073741823,1073741823:i12
1073741823,1073741823,1073741823,1072693247,1073217535,1073332223,1073119231,1073115135,1069285375,1069129727,1073176575,1073741823,1073741823,1073741823,1073741823:i12
1073741823,1073676287,1073741823,1072693247,1073217535,1073332223,1073119231,1073115135,1073479679,1069129727,1073176575,1073741823,1073741823,1073741823,1073741823:i12
1073741823,1072693247,1073741823,1072693247,1073217535,1073332223,1073119231,1073115135,1073479679,1069129727,1073176575,1073741823,1073741823,1073741823,1073741823:i12
1073741823,1073741823,1072693247,1072693247,1073217535,1073332223,1073119231,1073115135,1073479679,1069129727,1073176575,1073741823,1073741823,1073741823,1073741823:i12
1073741823,1056964607,1073741823,1072693247,1073217535,1073332223,1073119231,1073115135,1073479679,1069129727,1073176575,1073741823,1073741823,1073741823,1073741823:i12
1073741823,1073741823,1073741823,1055916031,1073217535,1073332223,1073119231,1073115135,1073479679,1069129727,1073176575,1073741823,1073741823,1073741823,1073741823:i12
1073741823,1073741823,1073741823,1068498943,1073217535,1073332223,1073119231,1073115135,1073479679,1069129727,1073176575,1073741823,1073741823,1073741823,1073741823:i11
1073741823,1073741823,1073741823,1072693247,1073217535,1056555007,1073119231,1073115135,1073479679,1069129727,1073176575,1073741823,1073741823,1073741823,1073741823:i12
1073741823,1073741823,1073725439,1072693247,1073217535,1073332223,1073119231,1073115135,1073479679,1069129727,1073176575,1073741823,1073741823,1073741823,1073741823:i12
1073741823,1073741823,1073479679,1072693247,1073217535,1073332223,1073119231,1073115135,1073479679,1069129727,1073176575,1073741823,1073741823,1073741823,1073741823:i12
1073741823,1073741823,1069547519,1072693247,1073217535,1073332223,1073119231,1073115135,1073479679,1069129727,1073176575,1073741823,1073741823,1073741823,1073741823:i12
1073741823,1073741823,1073741823,1072693247,1069023231,1073332223,1073119231,1073115135,1073479679,1069129727,1073176575,1073741823,1073741823,1073741823,1073741823:i12
1073741823,1073741823,1073741823,1072693247,1073217535,1073332223,1068924927,1073115135,1073479679,1069129727,1073176575,1073741823,1073741823,1073741823,1073741823:i12
1073741823,1073741823,1073741823,1072692223,1073217535,1073332223,1073119231,1073115135,1073479679,1069129727,1073176575,1073741823,1073741823,1073741823,1073741823:i11
1073741823,1073741823,1073741823,1072676863,1073217535,1073332223,1073119231,1073115135,1073479679,1069129727,1073176575,1073741823,1073741823,1073741823,1073741823:i12
1073741823,1073741823,1073741823,1072431103,1073217535,1073332223,1073119231,1073115135,1073479679,1069129727,1073176575,1073741823,1073741823,1073741823,1073741823:i12
1073741823,1073741823,1073741823,1072693247,1073217535,1073332223,1073119231,1073115135,1073478655,1069129727,1073176575,1073741823,1073741823,1073741823,1073741823:i11
1073741823,1073741823,1073741823,1072693247,1073217535,1073332223,1073118207,1073115135,1073479679,1069129727,1073176575,1073741823,1073741823,1073741823,1073741823:i12
1073741823,1073741823,1073741823,1072693247,1073216511,1073332223,1073119231,1073115135,1073479679,1069129727,1073176575,1073741823,1073741823,1073741823,1073741823:i12
1073741823,1073741823,1073741823,1072693247,1073217535,1073328127,1073119231,1073115135,1073479679,1069129727,1073176575,1073741823,1073741823,1073741823,1073741823:i12
1073741823,1073741823,1073741823,1072689151,1073217535,1073332223,1073119231,1073115135,1073479679,1069129727,1073176575,1073741823,1073741823,1073741823,1073741823:i12
1073741823,1073741823,1073741823,1072693247,1073201151,1073332223,1073119231,1073115135,1073479679,1069129727,1073176575,1073741823,1073741823,1073741823,1073741823:i12
1073741823,1073741823,1073741823,1072627711,1073217535,1073332223,1073119231,1073115135,1073479679,1069129727,1073176575,1073741823,1073741823,1073741823,1073741823:i12
1073741823,1073741823,1073741823,1072693247,1073217535,1072283647,1073119231,1073115135,1073479679,1069129727,1073176575,1073741823,1073741823,1073741823,1073741823:i12
1073741823,1073741823,1073741823,1072693247,1073217535,1073332223,1073119231,1073115135,1073479679,1069129727,1073176575,1073725439,1073741823,1073741823,1073741823:i12
1073741823,1073741823,1073741823,1072693247,1073217535,1073332223,1073119231,1073115135,1073479679,1069129727,1073111039,1073741823,1073741823,1073741823,1073741823:i12
1073741823,1073741823,1073741823,1072693247,1073217535,1073332223,1073119231,1073115135,1073479679,1068081151,1073176575,1073741823,1073741823,1073741823,1073741823:i11
1073741823,1073741823,1073741823,1072693247,1073217535,1073332223,1073119231,1073115135,1073479679,1069129727,1073176575,1069547519,1073741823,1073741823,1073741823:i12
1073741823,1073741823,1073741823,1072693247,1073217535,1073332223,1073119231,1073115135,1073479679,1069129727,1072127999,1073741823,1073741823,1073741823,1073741823:i12
1073741823,1073741823,1073741823,1072693247,1073217535,1073332223,1073119231,1073115135,1073479679,1069129727,1073176575,1073479679,1073741823,1073741823,1073741823:i12
1073741823,1073741823,1073741823,1072693247,1073217535,1069137919,1073119231,1073115135,1073479679,1069129727,1073176575,1073741823,1073741823,1073741823,1073741823:i12
1073741823,1073741823,1073741823,1072693247,1073217535,1073332223,1073119231,1068920831,1073479679,1069129727,1073176575,1073741823,1073741823,1073741823,1073741823:i12
1073741823,1073741823,1073741823,1072693247,1073217535,1073332223,1073119231,1072066559,1073479679,1069129727,1073176575,1073741823,1073741823,1073741823,1073741823:i12
1073741823,1073741823,1073741823,1072693247,1073213439,1073332223,1073119231,1073115135,1073479679,1069129727,1073176575,1073741823,1073741823,1073741823,1073741823:i12
1073741823,1073741823,1073741823,1072693247,1073151999,1073332223,1073119231,1073115135,1073479679,1069129727,1073176575,1073741823,1073741823,1073741823,1073741823:i12
1073741823,1073741823,1073741823,1072693247,1072168959,1073332223,1073119231,1073115135,1073479679,1069129727,1073176575,1073741823,1073741823,1073741823,1073741823:i11
1073741823,1073741823,1073741823,1072693247,1073217535,1073332223,1072070655,1073115135,1073479679,1069129727,1073176575,1073741823,1073741823,1073741823,1073741823:i12
1073741823,1073741823,1073741823,1072693247,1073217535,1073332223,1073119231,1073115135,1072431103,1069129727,1073176575,1073741823,1073741823,1073741823,1073741823:i12
1073741823,1073741823,1073741823,1072693247,1073217535,1073332223,1073119231,1073115135,1073479679,1069128703,1073176575,1073741823,1073741823,1073741823,1073741823:i12
1073741823,1073741823,1073741823,1072693247,1073217535,1073332223,1073119231,1073115135,1073475583,1069129727,1073176575,1073741823,1073741823,1073741823,1073741823:i12
1073741823,1073741823,1073741823,1072693247,1073217535,1073332223,1073119231,1073114111,1073479679,1069129727,1073176575,1073741823,1073741823,1073741823,1073741823:i12
1073741823,1073741823,1073741823,1072693247,1073217535,1073331199,1073119231,1073115135,1073479679,1069129727,1073176575,1073741823,1073741823,1073741823,1073741823:i12
1073741823,1073741823,1073741823,1072693247,1073217535,1073332223,1073115135,1073115135,1073479679,1069129727,1073176575,1073741823,1073741823,1073741823,1073741823:i12
1073741823,1073741823,1073741823,1072693247,1073217535,1073332223,1073119231,1073115135,1073414143,1069129727,1073176575,1073741823,1073741823,1073741823,1073741823:i11
1073741823,1073741823,1073741823,1072693247,1073217535,1073332223,1073119231,1073115135,1073463295,1069129727,1073176575,1073741823,1073741823,1073741823,1073741823:i12
1073741823,1073741823,1073741823,1072693247,1073217535,1073332223,1073119231,1073115135,1073463295,1069146111,1073700863,1073741823,1073741823,1073741823,1073741823:i9
1073741823,1073741823,1073741823,1072693247,1073217535,1073332223,1073119231,1073115135,1073332223,1069146111,1073700863,1073741823,1073741567,1073741823,1073741823:h10
1073741823,1073741823,1073741823,1072693247,1073217535,1073332223,1073119231,1073115135,1073332223,1069146111,1073700863,1073740799,1073741823,1073741823,1073741823:h10
1073741823,1073741823,1073741823,1072693247,1073217535,1073332223,1073119231,1073115135,1073332223,1069146111,1073700607,1073741823,1073741823,1073741823,1073741823:h10
1073741823,1073741823,1073741823,1072693247,1073217535,1073332223,1073119231,1073115135,1073331967,1069146111,1073700863,1073741823,1073741823,1073741823,1073741823:h10
1073741823,1073741823,1073741823,1072693247,1073217535,1073332223,1073119231,1073115135,1073332223,1069146111,1073700863,1073741823,1073676287,1073741823,1073741823:h10
1073741823,1073741823,1073741823,1072693247,1073217535,1073332223,1073119231,1073115135,1073332223,1069146111,1073700863,1073741823,1073737727,1073741823,1073741823:h10
1073741823,1073741823,1073741823,1072693247,1073217535,1073332223,1073119231,1006006271,1073332223,1069146111,1073700863,1073741823,1073741823,1073741823,1073741823:h10
1073741823,1073741823,1073741823,1072693247,1073217535,1073332223,1073119231,1073115135,1056555007,1069146111,1073700863,1073741823,1073741823,1073741823,1073741823:h10
1073741823,1073741823,1073741823,1072693247,1073217535,1073332223,1073119231,1073115135,1073332223,1002037247,1073700863,1073741823,1073741823,1073741823,1073741823:h10
1073741823,1073741823,1073741823,1072693247,1073217535,1073332223,1073119231,1073115135,1073332223,1052368895,1073700863,1073741823,1073741823,1073741823,1073741823:h10
1073741823,1073741823,1073741823,1072693247,1073217535,1073332223,1073119231,1073115135,1073332223,1069146111,1073700863,1006632959,1073741823,1073741823,1073741823:h10
1073741823,1073741823,1073741823,1072693247,1073217535,1073332223,1073119231,1073115135,1073332223,1069146111,1056923647,1073741823,1073741823,1073741823,1073741823:h10
1073741823,1073741823,1073741823,1072693247,1073217535,1073332223,1073119231,1073115135,1073332223,1069146111,1073700863,1073741567,1073741823,1073741823,1073741823:h10
1073741823,1073741823,1073741823,1072693247,1073217535,1073332223,1073119231,1073115135,1073332223,1069146111,1069506559,1073741823,1073741823,1073741823,1073741823:h10
1073741823,1073741823,1073741823,1072693247,1073217535,1073332223,1073119231,1073115135,1073332223,1069146111,1073700863,1072693247,1073741823,1073741823,1073741823:h10
1073741823,1073741823,1073741823,1072693247,1073217535,1073332223,1073119231,1073115135,1073332223,1069145855,1073700863,1073741823,1073741823,1073741823,1073741823:h10
1073741823,1073741823,1073741823,1072693247,1073217535,1073332223,1073119231,1073114879,1073332223,1069146111,1073700863,1073741823,1073741823,1073741823,1073741823:h10
1073741823,1073741823,1073741823,1072693247,1073217535,1073331967,1073119231,1073115135,1073332223,1069146111,1073700863,1073741823,1073741823,1073741823,1073741823:h10
1073741823,1073741823,1073741823,1072693247,1073217535,1073332223,1073119231,1073115135,1073332223,1069146111,1073700863,1073741823,1073740799,1073741823,1073741823:h10
1073741823,1073741823,1073741823,1072693247,1073217535,1073332223,1073119231,1073115135,1073332223,1069146111,1073700863,1073737727,1073741823,1073741823,1073741823:h10
1073741823,1073741823,1073741823,1072693247,1073217535,1073332223,1073119231,1073115135,1073332223,1069146111,1073699839,1073741823,1073741823,1073741823,1073741823:h10
1073741823,1073741823,1073741823,1072693247,1073217535,1073332223,1073119231,1073115135,1073332223,1069146111,1073700863,1073741823,1073479679,1073741823,1073741823:h10
1073741823,1073741823,1073741823,1072693247,1073217535,1073332223,1073119231,1073115135,1073332223,1069146111,1073700863,1073676287,1073741823,1073741823,1073741823:h10
1073741823,1073741823,1073741823,1072693247,1073217535,1073332223,1073119231,1073115135,1073332223,1069146111,1073700863,1073741823,1073725439,1073741823,1073741823:h10
1073741823,1073741823,1073741823,1072693247,1073217535,1073332223,1073119231,1073115135,1069137919,1069146111,1073700863,1073741823,1073741823,1073741823,1073741823:h10
1073741823,1073676287,1073741823,1072693247,1073217535,1073332223,1073119231,1073115135,1073332223,1069146111,1073700863,1073741823,1073741823,1073741823,1073741823:h10
1073741823,1072693247,1073741823,1072693247,1073217535,1073332223,1073119231,1073115135,1073332223,1069146111,1073700863,1073741823,1073741823,1073741823,1073741823:h10
1073741823,1073741823,1072693247,1072693247,1073217535,1073332223,1073119231,1073115135,1073332223,1069146111,1073700863,1073741823,1073741823,1073741823,1073741823:h10
1073741823,1056964607,1073741823,1072693247,1073217535,1073332223,1073119231,1073115135,1073332223,1069146111,1073700863,1073741823,1073741823,1073741823,1073741823:h10
1073741823,1073741823,1073741823,1055916031,1073217535,1073332223,1073119231,1073115135,1073332223,1069146111,1073700863,1073741823,1073741823,1073741823,1073741823:h10
1073741823,1073741823,1073741823,1068498943,1073217535,1073332223,1073119231,1073115135,1073332223,1069146111,1073700863,1073741823,1073741823,1073741823,1073741823:h10
1073741823,1073741823,1073741823,1072693247,1073217535,1056555007,1073119231,1073115135,1073332223,1069146111,1073700863,1073741823,1073741823,1073741823,1073741823:h10
1073741823,1073741823,1073725439,1072693247,1073217535,1073332223,1073119231,1073115135,1073332223,1069146111,1073700863,1073741823,1073741823,1073741823,1073741823:h10
1073741823,1073741823,1073479679,1072693247,1073217535,1073332223,1073119231,1073115135,1073332223,1069146111,1073700863,1073741823,1073741823,1073741823,1073741823:h10
1073741823,1073741823,1069547519,1072693247,1073217535,1073332223,1073119231,1073115135,1073332223,1069146111,1073700863,1073741823,1073741823,1073741823,1073741823:h10
1073741823,1073741823,1073741823,1072693247,1069023231,1073332223,1073119231,1073115135,1073332223,1069146111,1073700863,1073741823,1073741823,1073741823,1073741823:h10
1073741823,1073741823,1073741823,1072693247,1073217535,1073332223,1068924927,1073115135,1073332223,1069146111,1073700863,1073741823,1073741823,1073741823,1073741823:h10
1073741823,1073741823,1073741823,1072692223,1073217535,1073332223,1073119231,1073115135,1073332223,1069146111,1073700863,1073741823,1073741823,1073741823,1073741823:h10
1073741823,1073741823,1073741823,1072676863,1073217535,1073332223,1073119231,1073115135,1073332223,1069146111,1073700863,1073741823,1073741823,1073741823,1073741823:h10
1073741823,1073741823,1073741823,1072431103,1073217535,1073332223,1073119231,1073115135,1073332223,1069146111,1073700863,1073741823,1073741823,1073741823,1073741823:h10
1073741823,1073741823,1073741823,1072693247,1073217535,1073332223,1073119231,1073115135,1073331199,1069146111,1073700863,1073741823,1073741823,1073741823,1073741823:h10
1073741823,1073741823,1073741823,1072693247,1073217535,1073332223,1073118207,1073115135,1073332223,1069146111,1073700863,1073741823,1073741823,1073741823,1073741823:h10
1073741823,1073741823,1073741823,1072693247,1073216511,1073332223,1073119231,1073115135,1073332223,1069146111,1073700863,1073741823,1073741823,1073741823,1073741823:h10
1073741823,1073741823,1073741823,1072693247,1073217535,1073328127,1073119231,1073115135,1073332223,1069146111,1073700863,1073741823,1073741823,1073741823,1073741823:h10
1073741823,1073741823,1073741823,1072689151,1073217535,1073332223,1073119231,1073115135,1073332223,1069146111,1073700863,1073741823,1073741823,1073741823,1073741823:h10
1073741823,1073741823,1073741823,1072693247,1073201151,1073332223,1073119231,1073115135,1073332223,1069146111,1073700863,1073741823,1073741823,1073741823,1073741823:h10
1073741823,1073741823,1073741823,1072627711,1073217535,1073332223,1073119231,1073115135,1073332223,1069146111,1073700863,1073741823,1073741823,1073741823,1073741823:h10
1073741823,1073741823,1073741823,1072693247,1073217535,1072283647,1073119231,1073115135,1073332223,1069146111,1073700863,1073741823,1073741823,1073741823,1073741823:h10
1073741823,1073741823,1073741823,1072693247,1073217535,1073332223,1073119231,1073115135,1073332223,1069146111,1073700863,1073725439,1073741823,1073741823,1073741823:h10
1073741823,1073741823,1073741823,1072693247,1073217535,1073332223,1073119231,1073115135,1073332223,1069146111,1073635327,1073741823,1073741823,1073741823,1073741823:h10
1073741823,1073741823,1073741823,1072693247,1073217535,1073332223,1073119231,1073115135,1073332223,1068097535,1073700863,1073741823,1073741823,1073741823,1073741823:h10
1073741823,1073741823,1073741823,1072693247,1073217535,1073332223,1073119231,1073115135,1073332223,1069146111,1073700863,1069547519,1073741823,1073741823,1073741823:h10
1073741823,1073741823,1073741823,1072693247,1073217535,1073332223,1073119231,1073115135,1073332223,1069146111,1072652287,1073741823,1073741823,1073741823,1073741823:h10
1073741823,1073741823,1073741823,1072693247,1073217535,1073332223,1073119231,1073115135,1073332223,1069146111,1073700863,1073479679,1073741823,1073741823,1073741823:h10
1073741823,1073741823,1073741823,1072693247,1073217535,1073332223,1073119231,1073115135,1073332223,1069146111,1073438719,1073741823,1073741823,1073741823,1073741823:h10
1073741823,1073741823,1073741823,1072693247,1073217535,1069137919,1073119231,1073115135,1073332223,1069146111,1073700863,1073741823,1073741823,1073741823,1073741823:h10
1073741823,1073741823,1073741823,1072693247,1073217535,1073332223,1073119231,1068920831,1073332223,1069146111,1073700863,1073741823,1073741823,1073741823,1073741823:h10
1073741823,1073741823,1073741823,1072693247,1073217535,1073332223,1073119231,1072066559,1073332223,1069146111,1073700863,1073741823,1073741823,1073741823,1073741823:h10
1073741823,1073741823,1073741823,1072693247,1073213439,1073332223,1073119231,1073115135,1073332223,1069146111,1073700863,1073741823,1073741823,1073741823,1073741823:h10
1073741823,1073741823,1073741823,1072693247,1073151999,1073332223,1073119231,1073115135,1073332223,1069146111,1073700863,1073741823,1073741823,1073741823,1073741823:h10
1073741823,1073741823,1073741823,1072693247,1072168959,1073332223,1073119231,1073115135,1073332223,1069146111,1073700863,1073741823,1073741823,1073741823,1073741823:h10
1073741823,1073741823,1073741823,1072693247,1073217535,1073332223,1072070655,1073115135,1073332223,1069146111,1073700863,1073741823,1073741823,1073741823,1073741823:h10
1073741823,1073741823,1073741823,1072693247,1073217535,1073332223,1073119231,1073115135,1072283647,1069146111,1073700863,1073741823,1073741823,1073741823,1073741823:h10
1073741823,1073741823,1073741823,1072693247,1073217535,1073332223,1073119231,1073115135,1073332223,1069145087,1073700863,1073741823,1073741823,1073741823,1073741823:h10
1073741823,1073741823,1073741823,1072693247,1073217535,1073332223,1073119231,1073115135,1073328127,1069146111,1073700863,1073741823,1073741823,1073741823,1073741823:h10
1073741823,1073741823,1073741823,1072693247,1073217535,1073332223,1073119231,1073114111,1073332223,1069146111,1073700863,1073741823,1073741823,1073741823,1073741823:h10
1073741823,1073741823,1073741823,1072693247,1073217535,1073331199,1073119231,1073115135,1073332223,1069146111,1073700863,1073741823,1073741823,1073741823,1073741823:h10
1073741823,1073741823,1073741823,1072693247,1073217535,1073332223,1073115135,1073115135,1073332223,1069146111,1073700863,1073741823,1073741823,1073741823,1073741823:h10
1073741823,1073741823,1073741823,1072693247,1073217535,1073332223,1073119231,1073115135,1073332223,1069129727,1073700863,1073741823,1073741823,1073741823,1073741823:i12
