1073741823,1073741823,1073741823,1073741823,1073741823,1073676287,1073377279,1073111039,1073313791,1073725439,1073741823,1073741823,1073741823,1073741823,1073741823:e8
1073741823,1073741823,1073741823,1073741823,1073741823,1073676287,1073377279,1073110527,1073313791,1073725423,1073741823,1073741823,1073741823,1073741823,1073741823:e10
1073741823,1073741823,1073741823,1073741823,1073741823,1073676287,1073377279,1073110511,1073313791,1073725439,1073741823,1073741823,1073741823,1073741823,1073741823:e10
1073741823,1073741823,1073741823,1073741823,1073741823,1073676287,1073377279,1073110463,1073313791,1073725439,1073741823,1073741823,1073741823,1073741823,1073741823:e10
1073741823,1073741823,1073741823,1073741823,1073741823,1073676271,1073377279,1073110527,1073313791,1073725439,1073741823,1073741823,1073741823,1073741823,1073741823:e10
1073741823,1073741823,1073741823,1073741823,1073741823,1073676287,1073377279,1073110527,1073313791,1073725439,1069547519,1073741823,1073741823,1073741823,1073741823:e10
1073741823,1073741823,1073741823,1073741823,1073741823,1073676287,1073377279,1073110527,1073313791,1073725439,1072693247,1073741823,1073741823,1073741823,1073741823:e10
1073741823,1073741823,1073741823,1073737727,1073741823,1073676287,1073377279,1073110527,1073313791,1073725439,1073741823,1073741823,1073741823,1073741823,1073741823:e10
1073741823,1073741823,1073741823,1073676287,1073741823,1073676287,1073377279,1073110527,1073313791,1073725439,1073741823,1073741823,1073741823,1073741823,1073741823:i5
1073741823,1073741823,1073737727,1073676287,1073610751,1073676287,1073377279,1073110527,1073313791,1073725439,1073741823,1073741823,1073741823,1073741823,1073741823:e10
1073741823,1073741823,1072693247,1073676287,1073610751,1073676287,1073377279,1073110527,1073313791,1073725439,1073741823,1073741823,1073741823,1073741823,1073741823:e10
1073741823,1073741823,1073741823,1073659903,1073610751,1073676287,1073377279,1073110527,1073313791,1073725439,1073741823,1073741823,1073741823,1073741823,1073741823:e10
1073741823,1073737727,1073741823,1073676287,1073610751,1073676287,1073377279,1073110527,1073313791,1073725439,1073741823,1073741823,1073741823,1073741823,1073741823:e10
1073741823,1073741823,1073725439,1073676287,1073610751,1073676287,1073377279,1073110527,1073313791,1073725439,1073741823,1073741823,1073741823,1073741823,1073741823:e10
1073741823,1073676287,1073741823,1073676287,1073610751,1073676287,1073377279,1073110527,1073313791,1073725439,1073741823,1073741823,1073741823,1073741823,1073741823:e10
1073741823,1073741823,1073676287,1073676287,1073610751,1073676287,1073377279,1073110527,1073313791,1073725439,1073741823,1073741823,1073741823,1073741823,1073741823:e10
1073741823,1072693247,1073741823,1073676287,1073610751,1073676287,1073377279,1073110527,1073313791,1073725439,1073741823,1073741823,1073741823,1073741823,1073741823:e10
1073741823,1073741823,1073479679,1073676287,1073610751,1073676287,1073377279,1073110527,1073313791,1073725439,1073741823,1073741823,1073741823,1073741823,1073741823:e10
1073741823,1073741823,1073741823,1073414143,1073610751,1073676287,1073377279,1073110527,1073313791,1073725439,1073741823,1073741823,1073741823,1073741823,1073741823:e10
1073741823,1073741823,1073741823,1073676287,1073610751,1073676287,1073377279,1073110527,1073313791,1073725423,1073741823,1073741823,1073741823,1073741823,1073741823:e10
1073741823,1073741823,1073741823,1073676287,1073610751,1073676287,1073377279,1073110511,1073313791,1073725439,1073741823,1073741823,1073741823,1073741823,1073741823:e10
1073741823,1073741823,1073741823,1073676287,1073610751,1073676287,1073377279,1073110463,1073313791,1073725439,1073741823,1073741823,1073741823,1073741823,1073741823:e10
1073741823,1073741823,1073741823,1073676287,1073610751,1073676271,1073377279,1073110527,1073313791,1073725439,1073741823,1073741823,1073741823,1073741823,1073741823:e10
1073741823,1073741823,1073741823,1073676287,1073610751,1073676287,1073377279,1073110527,1073313791,1073725439,1069547519,1073741823,1073741823,1073741823,1073741823:e10
1073741823,1073741823,1073741823,1073676287,1073610751,1073676287,1073377279,1073110527,1073313791,1073725439,1072693247,1073741823,1073741823,1073741823,1073741823:e10
1073741823,1073741823,1073741823,1073672191,1073610751,1073676287,1073377279,1073110527,1073313791,1073725439,1073741823,1073741823,1073741823,1073741823,1073741823:e10
1073741823,1073741823,1073741823,1072627711,1073610751,1073676287,1073377279,1073110527,1073313791,1073725439,1073741823,1073741823,1073741823,1073741823,1073741823:e10
1073741823,1073741823,1073741823,1073676287,1073610751,1073676287,1073377279,1073110527,1073313791,1073725439,1073741759,1073741823,1073741823,1073741823,1073741823:f8
1073741823,1073741823,1073741823,1073676287,1073610751,1073676287,1073377279,1073110527,1073313727,1073725439,1073741823,1073741823,1073741823,1073741823,1073741823:e10
1073741823,1073741823,1073741823,1073676287,1073610751,1073676287,1073377215,1073110527,1073313791,1073725439,1073741823,1073741823,1073741823,1073741823,1073741823:e10
1073741823,1073741823,1073741823,1073676287,1073610751,1073676287,1073377279,1073110527,1073313791,1072676863,1073741823,1073741823,1073741823,1073741823,1073741823:e10
1073741823,1073741823,1073741823,1073676287,1073610751,1073676287,1073377279,1073110527,1073313791,1073725183,1073741823,1073741823,1073741823,1073741823,1073741823:f8
1073741823,1073741823,1073741823,1073676287,1073610751,1073676031,1073377279,1073110527,1073313791,1073725439,1073741823,1073741823,1073741823,1073741823,1073741823:e10
1073741823,1073741823,1073741823,1073676287,1073610751,1073676287,1073377279,1073110527,1073313791,1073725439,1073741823,1073740799,1073741823,1073741823,1073741823:e10
1073741823,1073741823,1073741823,1073676287,1073610751,1073676287,1073377279,1073110527,1073313791,1073725439,1073737727,1073741823,1073741823,1073741823,1073741823:e10
1073741823,1073741823,1073741823,1073676287,1073610751,1073676287,1073377279,1073110527,1073313791,1073725439,1073741823,1073479679,1073741823,1073741823,1073741823:e10
1073741823,1073741823,1073741823,1073676287,1073610751,1073676287,1073377279,1073110527,1073313791,1073725439,1073676287,1073741823,1073741823,1073741823,1073741823:e10
1073741823,1073741823,1073741823,1073676287,1073610751,1073676287,1073377279,1073110527,1073313791,1073725439,1073741823,1073725439,1073741823,1073741823,1073741823:e10
1073741823,1073741823,1073741823,1073676287,1073610751,1073676287,1073377279,1073110527,1073313791,1073725439,1073740799,1073741823,1073741823,1073741823,1073741823:e10
1073741823,1073741823,1073741823,1073676287,1073610751,1073676287,1073377279,1073110527,1073313791,1073721343,1073741823,1073741823,1073741823,1073741823,1073741823:e10
1073741823,1073741823,1073741823,1073676287,1073610751,1073676287,1073377279,1073110527,1073313791,1073725439,1073479679,1073741823,1073741823,1073741823,1073741823:e10
1073741823,1073741823,1073741823,1073676287,1073610751,1073676287,1073377279,1073110527,1073313791,1073659903,1073741823,1073741823,1073741823,1073741823,1073741823:e10
1073741823,1073741823,1073741823,1073676287,1073610751,1073676287,1073377279,1073110527,1073313791,1073725439,1073725439,1073741823,1073741823,1073741823,1073741823:e10
1073741823,1073741823,1073741823,1073676287,1069416447,1073676287,1073377279,1073110527,1073313791,1073725439,1073741823,1073741823,1073741823,1073741823,1073741823:e10
1073741823,1073741823,1073741823,1073676287,1073610751,1072627711,1073377279,1073110527,1073313791,1073725439,1073741823,1073741823,1073741823,1073741823,1073741823:e10
1073741823,1073741823,1073741823,1073676287,1073610751,1073676287,1069182975,1073110527,1073313791,1073725439,1073741823,1073741823,1073741823,1073741823,1073741823:e10
1073741823,1073741823,1073741823,1073676287,1073610751,1073676287,1073377279,1073110527,1069119487,1073725439,1073741823,1073741823,1073741823,1073741823,1073741823:e10
1073741823,1073741823,1073741823,1073676287,1073609727,1073676287,1073377279,1073110527,1073313791,1073725439,1073741823,1073741823,1073741823,1073741823,1073741823:e10
1073741823,1073741823,1073741823,1073676287,1073594367,1073676287,1073377279,1073110527,1073313791,1073725439,1073741823,1073741823,1073741823,1073741823,1073741823:e10
1073741823,1073741823,1073741823,1073676287,1073348607,1073676287,1073377279,1073110527,1073313791,1073725439,1073741823,1073741823,1073741823,1073741823,1073741823:e10
1073741823,1073741823,1073741823,1073676287,1073610751,1073676287,1073377279,1073110527,1073313535,1073725439,1073741823,1073741823,1073741823,1073741823,1073741823:f8
1073741823,1073741823,1073741823,1073676287,1073610751,1073676287,1073377023,1073110527,1073313791,1073725439,1073741823,1073741823,1073741823,1073741823,1073741823:f8
1073741823,1073741823,1073741823,1073676287,1073610751,1073676287,1073376255,1073110527,1073313791,1073725439,1073741823,1073741823,1073741823,1073741823,1073741823:e10
1073741823,1073741823,1073741823,1073676287,1073610495,1073676287,1073377279,1073110527,1073313791,1073725439,1073741823,1073741823,1073741823,1073741823,1073741823:e10
1073741823,1073741823,1073741823,1073676287,1073610751,1073672191,1073377279,1073110527,1073313791,1073725439,1073741823,1073741823,1073741823,1073741823,1073741823:e10
1073741823,1073741823,1073741823,1073676287,1073610751,1069481983,1073377279,1073110527,1073313791,1073725439,1073741823,1073741823,1073741823,1073741823,1073741823:e10
1073741823,1073741823,1073741823,1073676287,1073610751,1073676287,1073377279,1068916223,1073313791,1073725439,1073741823,1073741823,1073741823,1073741823,1073741823:e10
1073741823,1073741823,1073741823,1073676287,1073610751,1073676287,1073377279,1072061951,1073313791,1073725439,1073741823,1073741823,1073741823,1073741823,1073741823:e10
1073741823,1073741823,1073741823,1073676287,1073610751,1073676287,1073377279,1073110527,1073313791,1069531135,1073741823,1073741823,1073741823,1073741823,1073741823:e10
1073741823,1073741823,1073741823,1073676287,1073606655,1073676287,1073377279,1073110527,1073313791,1073725439,1073741823,1073741823,1073741823,1073741823,1073741823:e10
1073741823,1073741823,1073741823,1073676287,1072562175,1073676287,1073377279,1073110527,1073313791,1073725439,1073741823,1073741823,1073741823,1073741823,1073741823:e10
1073741823,1073741823,1073741823,1073676287,1073610751,1073676287,1072328703,1073110527,1073313791,1073725439,1073741823,1073741823,1073741823,1073741823,1073741823:e10
1073741823,1073741823,1073741823,1073676287,1073610751,1073676287,1073377279,1073110527,1072265215,1073725439,1073741823,1073741823,1073741823,1073741823,1073741823:e10
1073741823,1073741823,1073741823,1073676287,1073610751,1073676287,1073377279,1073110527,1073313791,1073724415,1073741823,1073741823,1073741823,1073741823,1073741823:e10
1073741823,1073741823,1073741823,1073676287,1073610751,1073676287,1073377279,1073110527,1073309695,1073725439,1073741823,1073741823,1073741823,1073741823,1073741823:f8
1073741823,1073741823,1073741823,1073676287,1073610751,1073676287,1073377279,1073109503,1073313791,1073725439,1073741823,1073741823,1073741823,1073741823,1073741823:e10
1073741823,1073741823,1073741823,1073676287,1073610751,1073675263,1073377279,1073110527,1073313791,1073725439,1073741823,1073741823,1073741823,1073741823,1073741823:e10
1073741823,1073741823,1073741823,1073676287,1073610751,1073659903,1073377279,1073110527,1073313791,1073725439,1073741823,1073741823,1073741823,1073741823,1073741823:e10
1073741823,1073741823,1073741823,1073676287,1073610751,1073414143,1073377279,1073110527,1073313791,1073725439,1073741823,1073741823,1073741823,1073741823,1073741823:e10
1073741823,1073741823,1073741823,1073676287,1073610751,1073676287,1073377279,1073110527,1073313791,1073463295,1073741823,1073741823,1073741823,1073741823,1073741823:e10
1073741823,1073741823,1073741823,1072693247,1073741823,1073676287,1073377279,1073110527,1073313791,1073725439,1073741823,1073741823,1073741823,1073741823,1073741823:e10
1073741823,1073741823,1073741823,1073741823,1073741823,1073676287,1073377279,1073110527,1073313791,1073725439,1073741759,1073741823,1073741823,1073741823,1073741823:f8
1073741823,1073741823,1073741823,1073741823,1073741823,1073676287,1073377279,1073110527,1073313727,1073725439,1073741823,1073741823,1073741823,1073741823,1073741823:e10
1073741823,1073741823,1073741823,1073741823,1073741823,1073676287,1073377215,1073110527,1073313791,1073725439,1073741823,1073741823,1073741823,1073741823,1073741823:e10
1073741823,1073741823,1073741823,1073741823,1073741823,1073676287,1073377279,1073110527,1073313791,1072676863,1073741823,1073741823,1073741823,1073741823,1073741823:e10
1073741823,1073741823,1073741823,1073741823,1073741823,1073676287,1073377279,1073110527,1073313791,1073725183,1073741823,1073741823,1073741823,1073741823,1073741823:f8
1073741823,1073741823,1073741823,1073741823,1073741823,1073676031,1073377279,1073110527,1073313791,1073725439,1073741823,1073741823,1073741823,1073741823,1073741823:e10
1073741823,1073741823,1073741823,1073741823,1073741823,1073676287,1073377279,1073110527,1073313791,1073725439,1073741823,1073740799,1073741823,1073741823,1073741823:e10
1073741823,1073741823,1073741823,1073741823,1073741823,1073676287,1073377279,1073110527,1073313791,1073725439,1073737727,1073741823,1073741823,1073741823,1073741823:e10
1073741823,1073741823,1073741823,1073741823,1073741823,1073676287,1073377279,1073110527,1073313791,1073725439,1073741823,1073479679,1073741823,1073741823,1073741823:e10
1073741823,1073741823,1073741823,1073741823,1073741823,1073676287,1073377279,1073110527,1073313791,1073725439,1073676287,1073741823,1073741823,1073741823,1073741823:e10
1073741823,1073741823,1073741823,1073741823,1073741823,1073676287,1073377279,1073110527,1073313791,1073725439,1073741823,1073725439,1073741823,1073741823,1073741823:e10
1073741823,1073741823,1073741823,1073741823,1073741823,1073676287,1073377279,1073110527,1073313791,1073725439,1073740799,1073741823,1073741823,1073741823,1073741823:e10
1073741823,1073741823,1073741823,1073741823,1073741823,1073676287,1073377279,1073110527,1073313791,1073721343,1073741823,1073741823,1073741823,1073741823,1073741823:e10
1073741823,1073741823,1073741823,1073741823,1073741823,1073676287,1073377279,1073110527,1073313791,1073725439,1073479679,1073741823,1073741823,1073741823,1073741823:e10
1073741823,1073741823,1073741823,1073741823,1073741823,1073676287,1073377279,1073110527,1073313791,1073659903,1073741823,1073741823,1073741823,1073741823,1073741823:e10
1073741823,1073741823,1073741823,1073741823,1073741823,1073676287,1073377279,1073110527,1073313791,1073725439,1073725439,1073741823,1073741823,1073741823,1073741823:e10
1073741823,1073741823,1073741823,1073741823,1069547519,1073676287,1073377279,1073110527,1073313791,1073725439,1073741823,1073741823,1073741823,1073741823,1073741823:e10
1073741823,1073741823,1073741823,1073741823,1073741823,1072627711,1073377279,1073110527,1073313791,1073725439,1073741823,1073741823,1073741823,1073741823,1073741823:e10
1073741823,1073741823,1073741823,1073741823,1073741823,1073676287,1069182975,1073110527,1073313791,1073725439,1073741823,1073741823,1073741823,1073741823,1073741823:e10
1073741823,1073741823,1073741823,1073741823,1073741823,1073676287,1073377279,1073110527,1069119487,1073725439,1073741823,1073741823,1073741823,1073741823,1073741823:e10
1073741823,1073741823,1073741823,1073741823,1073740799,1073676287,1073377279,1073110527,1073313791,1073725439,1073741823,1073741823,1073741823,1073741823,1073741823:e10
1073741823,1073741823,1073741823,1073741823,1073725439,1073676287,1073377279,1073110527,1073313791,1073725439,1073741823,1073741823,1073741823,1073741823,1073741823:e10
1073741823,1073741823,1073741823,1073741823,1073479679,1073676287,1073377279,1073110527,1073313791,1073725439,1073741823,1073741823,1073741823,1073741823,1073741823:e10
1073741823,1073741823,1073741823,1073741823,1073741823,1073676287,1073377279,1073110527,1073313535,1073725439,1073741823,1073741823,1073741823,1073741823,1073741823:f8
1073741823,1073741823,1073741823,1073741823,1073741823,1073676287,1073377023,1073110527,1073313791,1073725439,1073741823,1073741823,1073741823,1073741823,1073741823:f8
1073741823,1073741823,1073741823,1073741823,1073741823,1073676287,1073376255,1073110527,1073313791,1073725439,1073741823,1073741823,1073741823,1073741823,1073741823:e10
1073741823,1073741823,1073741823,1073741823,1073741567,1073676287,1073377279,1073110527,1073313791,1073725439,1073741823,1073741823,1073741823,1073741823,1073741823:e10
1073741823,1073741823,1073741823,1073741823,1073741823,1073672191,1073377279,1073110527,1073313791,1073725439,1073741823,1073741823,1073741823,1073741823,1073741823:e10
1073741823,1073741823,1073741823,1073741823,1073741823,1069481983,1073377279,1073110527,1073313791,1073725439,1073741823,1073741823,1073741823,1073741823,1073741823:e10
1073741823,1073741823,1073741823,1073741823,1073741823,1073676287,1073377279,1068916223,1073313791,1073725439,1073741823,1073741823,1073741823,1073741823,1073741823:e10
1073741823,1073741823,1073741823,1073741823,1073741823,1073676287,1073377279,1072061951,1073313791,1073725439,1073741823,1073741823,1073741823,1073741823,1073741823:e10
1073741823,1073741823,1073741823,1073741823,1073741823,1073676287,1073377279,1073110527,1073313791,1069531135,1073741823,1073741823,1073741823,1073741823,1073741823:e10
1073741823,1073741823,1073741823,1073741823,1073737727,1073676287,1073377279,1073110527,1073313791,1073725439,1073741823,1073741823,1073741823,1073741823,1073741823:e10
1073741823,1073741823,1073741823,1073741823,1073676287,1073676287,1073377279,1073110527,1073313791,1073725439,1073741823,1073741823,1073741823,1073741823,1073741823:i4
1073741823,1073737727,1073741823,1073610751,1073676287,1073676287,1073377279,1073110527,1073313791,1073725439,1073741823,1073741823,1073741823,1073741823,1073741823:h5
1073741823,1073741823,1073725439,1073610751,1073676287,1073676287,1073377279,1073110527,1073313791,1073725439,1073741823,1073741823,1073741823,1073741823,1073741823:h5
1073741823,1073676287,1073741823,1073610751,1073676287,1073676287,1073377279,1073110527,1073313791,1073725439,1073741823,1073741823,1073741823,1073741823,1073741823:h5
1073741823,1072693247,1073741823,1073610751,1073676287,1073676287,1073377279,1073110527,1073313791,1073725439,1073741823,1073741823,1073741823,1073741823,1073741823:h5
1073741823,1073741823,1073479679,1073610751,1073676287,1073676287,1073377279,1073110527,1073313791,1073725439,1073741823,1073741823,1073741823,1073741823,1073741823:h5
1073741823,1073741823,1073737727,1073610751,1073676287,1073676287,1073377279,1073110527,1073313791,1073725439,1073741823,1073741823,1073741823,1073741823,1073741823:h5
1073741823,1073741823,1073741823,1073594367,1073676287,1073676287,1073377279,1073110527,1073313791,1073725439,1073741823,1073741823,1073741823,1073741823,1073741823:h5
1073741823,1073741823,1073676287,1073610751,1073676287,1073676287,1073377279,1073110527,1073313791,1073725439,1073741823,1073741823,1073741823,1073741823,1073741823:h5
1073741823,1073741823,1072693247,1073610751,1073676287,1073676287,1073377279,1073110527,1073313791,1073725439,1073741823,1073741823,1073741823,1073741823,1073741823:e10
1073741823,1073741823,1073741823,1073348607,1073676287,1073676287,1073377279,1073110527,1073313791,1073725439,1073741823,1073741823,1073741823,1073741823,1073741823:e10
1073741823,1073741823,1073741823,1073610751,1073676287,1073676287,1073377279,1073110527,1073313791,1073725423,1073741823,1073741823,1073741823,1073741823,1073741823:h5
1073741823,1073741823,1073741823,1073610751,1073676287,1073676287,1073377279,1073110511,1073313791,1073725439,1073741823,1073741823,1073741823,1073741823,1073741823:h5
1073741823,1073741823,1073741823,1073610751,1073676287,1073676287,1073377279,1073110463,1073313791,1073725439,1073741823,1073741823,1073741823,1073741823,1073741823:h5
1073741823,1073741823,1073741823,1073610751,1073676287,1073676271,1073377279,1073110527,1073313791,1073725439,1073741823,1073741823,1073741823,1073741823,1073741823:h5
1073741823,1073741823,1073741823,1073610751,1073676287,1073676287,1073377279,1073110527,1073313791,1073725439,1069547519,1073741823,1073741823,1073741823,1073741823:h5
1073741823,1073741823,1073741823,1073610751,1073676287,1073676287,1073377279,1073110527,1073313791,1073725439,1072693247,1073741823,1073741823,1073741823,1073741823:h5
1073741823,1073741823,1073741823,1073606655,1073676287,1073676287,1073377279,1073110527,1073313791,1073725439,1073741823,1073741823,1073741823,1073741823,1073741823:h5
1073741823,1073741823,1073741823,1072562175,1073676287,1073676287,1073377279,1073110527,1073313791,1073725439,1073741823,1073741823,1073741823,1073741823,1073741823:h5
1073741823,1073741823,1073741823,1073610751,1073676287,1073676287,1073377279,1073110527,1073313791,1073725439,1073741759,1073741823,1073741823,1073741823,1073741823:h5
1073741823,1073741823,1073741823,1073610751,1073676287,1073676287,1073377279,1073110527,1073313727,1073725439,1073741823,1073741823,1073741823,1073741823,1073741823:h5
1073741823,1073741823,1073741823,1073610751,1073676287,1073676287,1073377215,1073110527,1073313791,1073725439,1073741823,1073741823,1073741823,1073741823,1073741823:h5
1073741823,1073741823,1073741823,1073610751,1073676287,1073676287,1073377279,1073110527,1073313791,1072676863,1073741823,1073741823,1073741823,1073741823,1073741823:h5
1073741823,1073741823,1073741823,1073610751,1073676287,1073676287,1073377279,1073110527,1073313791,1073725183,1073741823,1073741823,1073741823,1073741823,1073741823:h5
1073741823,1073741823,1073741823,1073610751,1073676287,1073676031,1073377279,1073110527,1073313791,1073725439,1073741823,1073741823,1073741823,1073741823,1073741823:e10
1073741823,1073741823,1073741823,1073610751,1073676287,1073676287,1073377279,1073110527,1073313791,1073725439,1073741823,1073740799,1073741823,1073741823,1073741823:h5
1073741823,1073741823,1073741823,1073610751,1073676287,1073676287,1073377279,1073110527,1073313791,1073725439,1073737727,1073741823,1073741823,1073741823,1073741823:h5
1073741823,1073741823,1073741823,1073610751,1073676287,1073676287,1073377279,1073110527,1073313791,1073725439,1073741823,1073479679,1073741823,1073741823,1073741823:h5
1073741823,1073741823,1073741823,1073610751,1073676287,1073676287,1073377279,1073110527,1073313791,1073725439,1073676287,1073741823,1073741823,1073741823,1073741823:h5
1073741823,1073741823,1073741823,1073610751,1073676287,1073676287,1073377279,1073110527,1073313791,1073725439,1073741823,1073725439,1073741823,1073741823,1073741823:h5
1073741823,1073741823,1073741823,1073610751,1073676287,1073676287,1073377279,1073110527,1073313791,1073725439,1073740799,1073741823,1073741823,1073741823,1073741823:h5
1073741823,1073741823,1073741823,1073610751,1073676287,1073676287,1073377279,1073110527,1073313791,1073721343,1073741823,1073741823,1073741823,1073741823,1073741823:h5
1073741823,1073741823,1073741823,1073610751,1073676287,1073676287,1073377279,1073110527,1073313791,1073725439,1073479679,1073741823,1073741823,1073741823,1073741823:h5
1073741823,1073741823,1073741823,1073610751,1073676287,1073676287,1073377279,1073110527,1073313791,1073659903,1073741823,1073741823,1073741823,1073741823,1073741823:h5
1073741823,1073741823,1073741823,1073610751,1073676287,1073676287,1073377279,1073110527,1073313791,1073725439,1073725439,1073741823,1073741823,1073741823,1073741823:h5
1073741823,1073741823,1073741823,1073610751,1069481983,1073676287,1073377279,1073110527,1073313791,1073725439,1073741823,1073741823,1073741823,1073741823,1073741823:h5
1073741823,1073741823,1073741823,1073610751,1073676287,1072627711,1073377279,1073110527,1073313791,1073725439,1073741823,1073741823,1073741823,1073741823,1073741823:e10
1073741823,1073741823,1073741823,1073610751,1073676287,1073676287,1069182975,1073110527,1073313791,1073725439,1073741823,1073741823,1073741823,1073741823,1073741823:h5
1073741823,1073741823,1073741823,1073610751,1073676287,1073676287,1073377279,1073110527,1069119487,1073725439,1073741823,1073741823,1073741823,1073741823,1073741823:h5
1073741823,1073741823,1073741823,1073610751,1073675263,1073676287,1073377279,1073110527,1073313791,1073725439,1073741823,1073741823,1073741823,1073741823,1073741823:h5
1073741823,1073741823,1073741823,1073610751,1073659903,1073676287,1073377279,1073110527,1073313791,1073725439,1073741823,1073741823,1073741823,1073741823,1073741823:e10
1073741823,1073741823,1073741823,1073610751,1073414143,1073676287,1073377279,1073110527,1073313791,1073725439,1073741823,1073741823,1073741823,1073741823,1073741823:h5
1073741823,1073741823,1073741823,1073610751,1073676287,1073676287,1073377279,1073110527,1073313535,1073725439,1073741823,1073741823,1073741823,1073741823,1073741823:f8
1073741823,1073741823,1073741823,1073610751,1073676287,1073676287,1073377023,1073110527,1073313791,1073725439,1073741823,1073741823,1073741823,1073741823,1073741823:h5
1073741823,1073741823,1073741823,1073610751,1073676287,1073676287,1073376255,1073110527,1073313791,1073725439,1073741823,1073741823,1073741823,1073741823,1073741823:e10
1073741823,1073741823,1073741823,1073610751,1073676031,1073676287,1073377279,1073110527,1073313791,1073725439,1073741823,1073741823,1073741823,1073741823,1073741823:h5
1073741823,1073741823,1073741823,1073610751,1073676287,1073672191,1073377279,1073110527,1073313791,1073725439,1073741823,1073741823,1073741823,1073741823,1073741823:e10
1073741823,1073741823,1073741823,1073610751,1073676287,1069481983,1073377279,1073110527,1073313791,1073725439,1073741823,1073741823,1073741823,1073741823,1073741823:h5
1073741823,1073741823,1073741823,1073610751,1073676287,1073676287,1073377279,1068916223,1073313791,1073725439,1073741823,1073741823,1073741823,1073741823,1073741823:h5
1073741823,1073741823,1073741823,1073610751,1073676287,1073676287,1073377279,1072061951,1073313791,1073725439,1073741823,1073741823,1073741823,1073741823,1073741823:h5
1073741823,1073741823,1073741823,1073610751,1073676287,1073676287,1073377279,1073110527,1073313791,1069531135,1073741823,1073741823,1073741823,1073741823,1073741823:h5
1073741823,1073741823,1073741823,1073610751,1073672191,1073676287,1073377279,1073110527,1073313791,1073725439,1073741823,1073741823,1073741823,1073741823,1073741823:h5
1073741823,1073741823,1073741823,1073610751,1072627711,1073676287,1073377279,1073110527,1073313791,1073725439,1073741823,1073741823,1073741823,1073741823,1073741823:h5
1073741823,1073741823,1073741823,1073610751,1073676287,1073676287,1072328703,1073110527,1073313791,1073725439,1073741823,1073741823,1073741823,1073741823,1073741823:h5
1073741823,1073741823,1073741823,1073610751,1073676287,1073676287,1073377279,1073110527,1072265215,1073725439,1073741823,1073741823,1073741823,1073741823,1073741823:h5
1073741823,1073741823,1073741823,1073610751,1073676287,1073676287,1073377279,1073110527,1073313791,1073724415,1073741823,1073741823,1073741823,1073741823,1073741823:h5
1073741823,1073741823,1073741823,1073610751,1073676287,1073676287,1073377279,1073110527,1073309695,1073725439,1073741823,1073741823,1073741823,1073741823,1073741823:h5
1073741823,1073741823,1073741823,1073610751,1073676287,1073676287,1073377279,1073109503,1073313791,1073725439,1073741823,1073741823,1073741823,1073741823,1073741823:e10
1073741823,1073741823,1073741823,1073610751,1073676287,1073675263,1073377279,1073110527,1073313791,1073725439,1073741823,1073741823,1073741823,1073741823,1073741823:e10
1073741823,1073741823,1073741823,1073610751,1073676287,1073659903,1073377279,1073110527,1073313791,1073725439,1073741823,1073741823,1073741823,1073741823,1073741823:e10
1073741823,1073741823,1073741823,1073610751,1073676287,1073414143,1073377279,1073110527,1073313791,1073725439,1073741823,1073741823,1073741823,1073741823,1073741823:e10
1073741823,1073741823,1073741823,1073610751,1073676287,1073676287,1073377279,1073110527,1073313791,1073463295,1073741823,1073741823,1073741823,1073741823,1073741823:h5
1073741823,1073741823,1073741823,1073741823,1072693247,1073676287,1073377279,1073110527,1073313791,1073725439,1073741823,1073741823,1073741823,1073741823,1073741823:e10
1073741823,1073741823,1073741823,1073741823,1073741823,1073676287,1072328703,1073110527,1073313791,1073725439,1073741823,1073741823,1073741823,1073741823,1073741823:e10
1073741823,1073741823,1073741823,1073741823,1073741823,1073676287,1073377279,1073110527,1072265215,1073725439,1073741823,1073741823,1073741823,1073741823,1073741823:e10
1073741823,1073741823,1073741823,1073741823,1073741823,1073676287,1073377279,1073110527,1073313791,1073724415,1073741823,1073741823,1073741823,1073741823,1073741823:e10
1073741823,1073741823,1073741823,1073741823,1073741823,1073676287,1073377279,1073110527,1073309695,1073725439,1073741823,1073741823,1073741823,1073741823,1073741823:f8
1073741823,1073741823,1073741823,1073741823,1073741823,1073676287,1073377279,1073109503,1073313791,1073725439,1073741823,1073741823,1073741823,1073741823,1073741823:e10
1073741823,1073741823,1073741823,1073741823,1073741823,1073675263,1073377279,1073110527,1073313791,1073725439,1073741823,1073741823,1073741823,1073741823,1073741823:e10
1073741823,1073741823,1073741823,1073741823,1073741823,1073659903,1073377279,1073110527,1073313791,1073725439,1073741823,1073741823,1073741823,1073741823,1073741823:e10
1073741823,1073741823,1073741823,1073741823,1073741823,1073414143,1073377279,1073110527,1073313791,1073725439,1073741823,1073741823,1073741823,1073741823,1073741823:e10
1073741823,1073741823,1073741823,1073741823,1073741823,1073676287,1073377279,1073110527,1073313791,1073463295,1073741823,1073741823,1073741823,1073741823,1073741823:e10
