1073741823,1073741823,1073741823,1073737727,1073709055,1056555007,1073119231,1072070655,1065074687,1073594367,1064828927,1073741823,1073741823,1073741823,1073741823:j5
1073741823,1073741823,1069547519,1073737727,1073184767,1056555007,1073119231,1072070655,1065074687,1073594367,1064828927,1073741823,1073741823,1073741823,1073741823:g8
1073741823,1073741823,1073741823,1056960511,1073184767,1056555007,1073119231,1072070655,1065074687,1073594367,1064828927,1073741823,1073741823,1073741823,1073741823:k4
1073741823,1073741823,1073741823,1073737727,1056407551,1056555007,1073119231,1072070655,1065074687,1073594367,1064828927,1073741823,1073741823,1073741823,1073741823:k4
1073741823,1073741823,1073741823,805302271,1073184767,1056555007,1073119231,1072070655,1065074687,1073594367,1064828927,1073741823,1073741823,1073741823,1073741823:k4
1073741823,1073741823,1073741823,1073737727,1006075903,1056555007,1073119231,1072070655,1065074687,1073594367,1064828927,1073741823,1073741823,1073741823,1073741823:l7
1073741823,1073741823,1006632959,1073737727,1006075903,1056555007,1064730623,1072070655,1065074687,1073594367,1064828927,1073741823,1073741823,1073741823,1073741823:m8
1073741823,1073741823,1073741823,1006628863,1006075903,1056555007,1064730623,1072070655,1065074687,1073594367,1064828927,1073741823,1073741823,1073741823,1073741823:m8
1073741823,1073741823,1073741823,1073737727,737640447,1056555007,1064730623,1072070655,1065074687,1073594367,1064828927,1073741823,1073741823,1073741823,1073741823:m8
1073741823,1073741823,1069547519,1073737727,1006075903,1056555007,1064730623,1072070655,1065074687,1073594367,1064828927,1073741823,1073741823,1073741823,1073741823:m8
1073741823,1073741823,1073741823,1056960511,1006075903,1056555007,1064730623,1072070655,1065074687,1073594367,1064828927,1073741823,1073741823,1073741823,1073741823:m8
1073741823,1073741823,1073741823,1073737727,989298687,1056555007,1064730623,1072070655,1065074687,1073594367,1064828927,1073741823,1073741823,1073741823,1073741823:m8
1073741823,1073741823,1073741823,805302271,1006075903,1056555007,1064730623,1072070655,1065074687,1073594367,1064828927,1073741823,1073741823,1073741823,1073741823:m8
1073741823,1073741823,1073741823,1073737727,1006075903,788119551,1064730623,1072070655,1065074687,1073594367,1064828927,1073741823,1073741823,1073741823,1073741823:m8
1073741823,1073741823,1073741823,1073737727,1006075903,989446143,1064730623,1072070655,1065074687,1073594367,1064828927,1073741823,1073741823,1073741823,1073741823:k4
1073741823,1073741823,1073741823,1073737727,1006075903,1056555007,1064730623,803635199,1065074687,1073594367,1064828927,1073741823,1073741823,1073741823,1073741823:m8
1073741823,1073741823,1073741823,1073737727,1006075903,1056555007,1047953407,1072070655,1065074687,1073594367,1064828927,1073741823,1073741823,1073741823,1073741823:m8
1073741823,1073741823,1073741823,1073737727,1006075903,1056555007,1064730623,1072070655,1065074687,1073594367,1048051711,1073741823,1073741823,1073741823,1073741823:m8
1073741823,1073741823,1073741823,1073737727,1006075903,1056555007,1064730623,1072070655,1065074687,1073594367,1064828927,1073741823,1006632959,1073741823,1073741823:m8
1073741823,1073741823,1073741823,1073737727,1006075903,1056555007,1064730623,1072070655,1065074687,1073594367,1064828927,1056964607,1073741823,1073741823,1073741823:m8
1073741823,1073741823,1073741823,1073737727,1006075903,1056555007,1064730623,1072070655,1065074687,1073594367,1064828927,1069547519,1073741823,1073741823,1073741823:m8
1073741823,1073741823,1073741823,1073737727,1006075903,1056555007,997621759,1072070655,1065074687,1073594367,1064828927,1073741823,1073741823,1073741823,1073741823:k4
1073741823,1073741823,1073741823,1073737727,1006075903,1056555007,1064730623,1055293439,1065074687,1073594367,1064828927,1073741823,1073741823,1073741823,1073741823:k4
1073741823,1073741823,1073741823,1073737727,1006075903,1056555007,1064730623,1072070655,997965823,1073594367,1064828927,1073741823,1073741823,1073741823,1073741823:k4
1073741823,1073741823,1073741823,1073737727,1006075903,1056555007,1064730623,1072070655,1048297471,1073594367,1064828927,1073741823,1073741823,1073741823,1073741823:m8
1073741823,1073741823,1073741823,1073737727,1006075903,1056555007,1064730623,1072070655,1065074687,1073594367,997720063,1073741823,1073741823,1073741823,1073741823:m8
1073741823,1073741823,1073741823,1073737727,1006075903,1056555007,1064730623,1072070655,1065074687,1056817151,1064828927,1073741823,1073741823,1073741823,1073741823:m8
1073741823,1073741823,1073741823,1073737727,1006075903,1056555007,1064730623,1072070655,1065074687,1073594367,1064827903,1073741823,1073741823,1073741823,1073741823:m8
1073741823,1073741823,1073741823,1073737727,1006075903,1056555007,1064730623,1072070655,1065074687,1073594367,1064828927,1073737727,1073741823,1073741823,1073741823:m8
1073741823,1073741823,1073741823,1073737727,1006075903,1056555007,1064730623,1072070655,1065074687,1073594367,1064828927,1073741823,1073725439,1073741823,1073741823:m8
1073741823,1073741823,1073741823,1073737727,1006075903,1056555007,1064730623,1072070655,1065074687,1073594367,1064828927,1073676287,1073741823,1073741823,1073741823:m8
1073741823,1073741823,1073741823,1073737727,1006075903,1056555007,1064730623,1072070655,1065074687,1073594367,1063780351,1073741823,1073741823,1073741823,1073741823:m8
1073741823,1073741823,1073741823,1073737727,1006075903,1056555007,1064730623,1072070655,1065074687,1073594367,1064828927,1073741823,1069547519,1073741823,1073741823:m8
1073741823,1073741823,1073741823,1073737727,1006075903,1056555007,1064730623,1072070655,1065074687,1073594367,1064828927,1072693247,1073741823,1073741823,1073741823:m8
1073741823,1073741823,1073741823,1073737727,1006075903,1056555007,1064730623,1072070655,1065074687,1073594367,1064828927,1073741823,1073479679,1073741823,1073741823:m8
1073741823,1073741823,1073741823,1073737727,1006075903,1056555007,1064730623,1072070655,1065073663,1073594367,1064828927,1073741823,1073741823,1073741823,1073741823:k4
1073741823,1073741823,1073741823,1073737727,1006075903,1056554751,1064730623,1072070655,1065074687,1073594367,1064828927,1073741823,1073741823,1073741823,1073741823:m8
1073741823,1073741823,1073741823,1073737471,1006075903,1056555007,1064730623,1072070655,1065074687,1073594367,1064828927,1073741823,1073741823,1073741823,1073741823:m8
1073741823,1073741823,1073741823,1073736703,1006075903,1056555007,1064730623,1072070655,1065074687,1073594367,1064828927,1073741823,1073741823,1073741823,1073741823:k4
1073741823,1073741567,1073741823,1073737727,1006075903,1056555007,1064730623,1072070655,1065074687,1073594367,1064828927,1073741823,1073741823,1073741823,1073741823:m8
1073741823,1073737727,1073741823,1073737727,1006075903,1056555007,1064730623,1072070655,1065074687,1073594367,1064828927,1073741823,1073741823,1073741823,1073741823:m8
1073741823,1073741823,1073737727,1073737727,1006075903,1056555007,1064730623,1072070655,1065074687,1073594367,1064828927,1073741823,1073741823,1073741823,1073741823:m8
1073741823,1073676287,1073741823,1073737727,1006075903,1056555007,1064730623,1072070655,1065074687,1073594367,1064828927,1073741823,1073741823,1073741823,1073741823:m8
1073741823,1073741823,1073741823,1073737727,1006075903,1056555007,1064729599,1072070655,1065074687,1073594367,1064828927,1073741823,1073741823,1073741823,1073741823:m8
1073741823,1073741823,1073741823,1073737727,1006074879,1056555007,1064730623,1072070655,1065074687,1073594367,1064828927,1073741823,1073741823,1073741823,1073741823:m8
1073741823,1073741823,1073740799,1073737727,1006075903,1056555007,1064730623,1072070655,1065074687,1073594367,1064828927,1073741823,1073741823,1073741823,1073741823:m8
1073741823,1073741823,1073725439,1073737727,1006075903,1056555007,1064730623,1072070655,1065074687,1073594367,1064828927,1073741823,1073741823,1073741823,1073741823:m8
1073741823,1073741823,1073479679,1073737727,1006075903,1056555007,1064730623,1072070655,1065074687,1073594367,1064828927,1073741823,1073741823,1073741823,1073741823:m8
1073741823,1073741823,1073741823,1073721343,1006075903,1056555007,1064730623,1072070655,1065074687,1073594367,1064828927,1073741823,1073741823,1073741823,1073741823:m8
1073741823,1073741823,1073741823,1073475583,1006075903,1056555007,1064730623,1072070655,1065074687,1073594367,1064828927,1073741823,1073741823,1073741823,1073741823:m8
1073741823,1073741823,1073741823,1069543423,1006075903,1056555007,1064730623,1072070655,1065074687,1073594367,1064828927,1073741823,1073741823,1073741823,1073741823:k4
1073741823,1073741823,1073741823,1073737727,1001881599,1056555007,1064730623,1072070655,1065074687,1073594367,1064828927,1073741823,1073741823,1073741823,1073741823:m8
1073741823,1073741823,1073741823,1073737727,1006075903,1056555007,1064730623,1072070655,1065074687,1072545791,1064828927,1073741823,1073741823,1073741823,1073741823:k4
1073741823,1073741823,1073741823,1073737727,1006075903,1056550911,1064730623,1072070655,1065074687,1073594367,1064828927,1073741823,1073741823,1073741823,1073741823:m8
1073741823,1073741823,1073741823,1073672191,1006075903,1056555007,1064730623,1072070655,1065074687,1073594367,1064828927,1073741823,1073741823,1073741823,1073741823:k4
1073741823,1073741823,1073741823,1072689151,1006075903,1056555007,1064730623,1072070655,1065074687,1073594367,1064828927,1073741823,1073741823,1073741823,1073741823:m8
1073741823,1073741823,1073741823,1073737727,1006075903,1055506431,1064730623,1072070655,1065074687,1073594367,1064828927,1073741823,1073741823,1073741823,1073741823:k4
1073741823,1073741823,1073741823,1073737727,1006075903,1056555007,1064730623,1072070655,1065074687,1073594367,1064828927,1073740799,1073741823,1073741823,1073741823:m8
1073741823,1073741823,1073741823,1073737727,1006075903,1056555007,1064730623,1072070655,1065074687,1073594367,1064824831,1073741823,1073741823,1073741823,1073741823:m8
1073741823,1073741823,1073741823,1073737727,1006075903,1056555007,1064730623,1072070655,1065074687,1073590271,1064828927,1073741823,1073741823,1073741823,1073741823:m8
1073741823,1073741823,1073741823,1073737727,1006075903,1056555007,1064730623,1072070655,1065074687,1073594367,1064828927,1073479679,1073741823,1073741823,1073741823:m8
1073741823,1073741823,1073741823,1073737727,1006075903,1056555007,1064730623,1072070655,1065074687,1073594367,1064763391,1073741823,1073741823,1073741823,1073741823:m8
1073741823,1073741823,1073741823,1073737727,1006075903,1056555007,1064730623,1072070655,1065074687,1073594367,1064828927,1073725439,1073741823,1073741823,1073741823:m8
1073741823,1073741823,1073741823,1073737727,1006075903,1056555007,1064730623,1072070655,1065074687,1073594367,1064812543,1073741823,1073741823,1073741823,1073741823:m8
1073741823,1073741823,1073741823,1073737727,1006075903,1052360703,1064730623,1072070655,1065074687,1073594367,1064828927,1073741823,1073741823,1073741823,1073741823:k4
1073741823,1073741823,1073741823,1073737727,1006075903,1056555007,1064730623,1067876351,1065074687,1073594367,1064828927,1073741823,1073741823,1073741823,1073741823:m8
1073741823,1073741823,1073741823,1073737727,1006075903,1056555007,1064730623,1072070655,1065074687,1069400063,1064828927,1073741823,1073741823,1073741823,1073741823:m8
1073741823,1073741823,1073741823,1073737727,1006071807,1056555007,1064730623,1072070655,1065074687,1073594367,1064828927,1073741823,1073741823,1073741823,1073741823:k4
1073741823,1073741823,1073741823,1073737727,1006010367,1056555007,1064730623,1072070655,1065074687,1073594367,1064828927,1073741823,1073741823,1073741823,1073741823:m8
1073741823,1073741823,1073741823,1073737727,1005027327,1056555007,1064730623,1072070655,1065074687,1073594367,1064828927,1073741823,1073741823,1073741823,1073741823:k4
1073741823,1073741823,1073741823,1073737727,1006075903,1056555007,1063682047,1072070655,1065074687,1073594367,1064828927,1073741823,1073741823,1073741823,1073741823:m8
1073741823,1073741823,1073741823,1073737727,1006075903,1056555007,1064730623,1072070655,1064026111,1073594367,1064828927,1073741823,1073741823,1073741823,1073741823:k4
1073741823,1073741823,1073741823,1073737727,1006075903,1056555007,1064730623,1072070655,1065074687,1073593343,1064828927,1073741823,1073741823,1073741823,1073741823:m8
1073741823,1073741823,1073741823,1073737727,1006075903,1056555007,1064730623,1072070655,1065070591,1073594367,1064828927,1073741823,1073741823,1073741823,1073741823:k4
1073741823,1073741823,1073741823,1073737727,1006075903,1056555007,1064730623,1072069631,1065074687,1073594367,1064828927,1073741823,1073741823,1073741823,1073741823:m8
1073741823,1073741823,1073741823,1073737727,1006075903,1056555007,1064730623,1072066559,1065074687,1073594367,1064828927,1073741823,1073741823,1073741823,1073741823:m8
1073741823,1073741823,1073741823,1073737727,1006075903,1056553983,1064730623,1072070655,1065074687,1073594367,1064828927,1073741823,1073741823,1073741823,1073741823:m8
1073741823,1073741823,1073741823,1073737727,1006075903,1056555007,1064726527,1072070655,1065074687,1073594367,1064828927,1073741823,1073741823,1073741823,1073741823:m8
1073741823,1073741823,1073741823,1073737727,1006075903,1056555007,1064730623,1072070655,1065074687,1073332223,1064828927,1073741823,1073741823,1073741823,1073741823:m8
1073741823,1073741823,1073741823,1073737727,1006075903,1056555007,1064730623,1072070655,1065009151,1073594367,1064828927,1073741823,1073741823,1073741823,1073741823:k4
1073741823,1073741823,1073741823,1073737727,1073184767,788119551,1073119231,1072070655,1065074687,1073594367,1064828927,1073741823,1073741823,1073741823,1073741823:k4
1073741823,1073741823,1073741823,1073737727,1073184767,989446143,1073119231,1072070655,1065074687,1073594367,1064828927,1073741823,1073741823,1073741823,1073741823:k4
1073741823,1073741823,1073741823,1073737727,1073184767,1056555007,1073119231,803635199,1065074687,1073594367,1064828927,1073741823,1073741823,1073741823,1073741823:k4
1073741823,1073741823,1073741823,1073737727,1073184767,1056555007,1056342015,1072070655,1065074687,1073594367,1064828927,1073741823,1073741823,1073741823,1073741823:k4
1073741823,1073741823,1073741823,1073737727,1073184767,1056555007,1073119231,1072070655,1065074687,1073594367,1048051711,1073741823,1073741823,1073741823,1073741823:k4
1073741823,1073741823,1073741823,1073737727,1073184767,1056555007,1073119231,1072070655,1065074687,1073594367,1064828927,1073741823,1006632959,1073741823,1073741823:k4
1073741823,1073741823,1073741823,1073737727,1073184767,1056555007,1073119231,1072070655,1065074687,1073594367,1064828927,1056964607,1073741823,1073741823,1073741823:k4
1073741823,1073741823,1073741823,1073737727,1073184767,1056555007,1073119231,1072070655,1065074687,1073594367,1064828927,1069547519,1073741823,1073741823,1073741823:k4
1073741823,1073741823,1073741823,1073737727,1073184767,1056555007,1006010367,1072070655,1065074687,1073594367,1064828927,1073741823,1073741823,1073741823,1073741823:k4
1073741823,1073741823,1073741823,1073737727,1073184767,1056555007,1073119231,1055293439,1065074687,1073594367,1064828927,1073741823,1073741823,1073741823,1073741823:k4
1073741823,1073741823,1073741823,1073737727,1073184767,1056555007,1073119231,1072070655,997965823,1073594367,1064828927,1073741823,1073741823,1073741823,1073741823:k4
1073741823,1073741823,1073741823,1073737727,1073184767,1056555007,1073119231,1072070655,1048297471,1073594367,1064828927,1073741823,1073741823,1073741823,1073741823:k4
1073741823,1073741823,1073741823,1073737727,1073184767,1056555007,1073119231,1072070655,1065074687,1073594367,997720063,1073741823,1073741823,1073741823,1073741823:k4
1073741823,1073741823,1073741823,1073737727,1073184767,1056555007,1073119231,1072070655,1065074687,1056817151,1064828927,1073741823,1073741823,1073741823,1073741823:k4
1073741823,1073741823,1073741823,1073737727,1073184767,1056555007,1073119231,1072070655,1065074687,1073594367,1064827903,1073741823,1073741823,1073741823,1073741823:k4
1073741823,1073741823,1073741823,1073737727,1073184767,1056555007,1073119231,1072070655,1065074687,1073594367,1064828927,1073737727,1073741823,1073741823,1073741823:k4
1073741823,1073741823,1073741823,1073737727,1073184767,1056555007,1073119231,1072070655,1065074687,1073594367,1064828927,1073741823,1073725439,1073741823,1073741823:k4
1073741823,1073741823,1073741823,1073737727,1073184767,1056555007,1073119231,1072070655,1065074687,1073594367,1064828927,1073676287,1073741823,1073741823,1073741823:k4
1073741823,1073741823,1073741823,1073737727,1073184767,1056555007,1073119231,1072070655,1065074687,1073594367,1063780351,1073741823,1073741823,1073741823,1073741823:k4
1073741823,1073741823,1073741823,1073737727,1073184767,1056555007,1073119231,1072070655,1065074687,1073594367,1064828927,1073741823,1069547519,1073741823,1073741823:k4
1073741823,1073741823,1073741823,1073737727,1073184767,1056555007,1073119231,1072070655,1065074687,1073594367,1064828927,1072693247,1073741823,1073741823,1073741823:k4
1073741823,1073741823,1073741823,1073737727,1073184767,1056555007,1073119231,1072070655,1065074687,1073594367,1064828927,1073741823,1073479679,1073741823,1073741823:k4
1073741823,1073741823,1073741823,1073737727,1073184767,1056555007,1073119231,1072070655,1065073663,1073594367,1064828927,1073741823,1073741823,1073741823,1073741823:k4
1073741823,1073741823,1073741823,1073737727,1073184767,1056554751,1073119231,1072070655,1065074687,1073594367,1064828927,1073741823,1073741823,1073741823,1073741823:k4
1073741823,1073741823,1073741823,1073737471,1073184767,1056555007,1073119231,1072070655,1065074687,1073594367,1064828927,1073741823,1073741823,1073741823,1073741823:k4
1073741823,1073741823,1073741823,1073736703,1073184767,1056555007,1073119231,1072070655,1065074687,1073594367,1064828927,1073741823,1073741823,1073741823,1073741823:k4
1073741823,1073741567,1073741823,1073737727,1073184767,1056555007,1073119231,1072070655,1065074687,1073594367,1064828927,1073741823,1073741823,1073741823,1073741823:k4
1073741823,1073737727,1073741823,1073737727,1073184767,1056555007,1073119231,1072070655,1065074687,1073594367,1064828927,1073741823,1073741823,1073741823,1073741823:k4
1073741823,1073741823,1073737727,1073737727,1073184767,1056555007,1073119231,1072070655,1065074687,1073594367,1064828927,1073741823,1073741823,1073741823,1073741823:k4
1073741823,1073676287,1073741823,1073737727,1073184767,1056555007,1073119231,1072070655,1065074687,1073594367,1064828927,1073741823,1073741823,1073741823,1073741823:k4
1073741823,1073741823,1073741823,1073737727,1073184767,1056555007,1073118207,1072070655,1065074687,1073594367,1064828927,1073741823,1073741823,1073741823,1073741823:k4
1073741823,1073741823,1073741823,1073737727,1073183743,1056555007,1073119231,1072070655,1065074687,1073594367,1064828927,1073741823,1073741823,1073741823,1073741823:k4
1073741823,1073741823,1073740799,1073737727,1073184767,1056555007,1073119231,1072070655,1065074687,1073594367,1064828927,1073741823,1073741823,1073741823,1073741823:k4
1073741823,1073741823,1073725439,1073737727,1073184767,1056555007,1073119231,1072070655,1065074687,1073594367,1064828927,1073741823,1073741823,1073741823,1073741823:k4
1073741823,1073741823,1073479679,1073737727,1073184767,1056555007,1073119231,1072070655,1065074687,1073594367,1064828927,1073741823,1073741823,1073741823,1073741823:k4
1073741823,1073741823,1073741823,1073721343,1073184767,1056555007,1073119231,1072070655,1065074687,1073594367,1064828927,1073741823,1073741823,1073741823,1073741823:k4
1073741823,1073741823,1073741823,1073475583,1073184767,1056555007,1073119231,1072070655,1065074687,1073594367,1064828927,1073741823,1073741823,1073741823,1073741823:k4
1073741823,1073741823,1073741823,1069543423,1073184767,1056555007,1073119231,1072070655,1065074687,1073594367,1064828927,1073741823,1073741823,1073741823,1073741823:k4
1073741823,1073741823,1073741823,1073737727,1068990463,1056555007,1073119231,1072070655,1065074687,1073594367,1064828927,1073741823,1073741823,1073741823,1073741823:k4
1073741823,1073741823,1073741823,1073737727,1073184767,1056555007,1068924927,1072070655,1065074687,1073594367,1064828927,1073741823,1073741823,1073741823,1073741823:n5
1073741823,1073741823,1006632959,1073737727,938967039,1056555007,1068924927,1072070655,1065074687,1073594367,1064828927,1073741823,1073741823,1073741823,1073741823:k4
1073741823,1073741823,1073741823,1006628863,938967039,1056555007,1068924927,1072070655,1065074687,1073594367,1064828927,1073741823,1073741823,1073741823,1073741823:k4
1073741823,1073741823,1073741823,1073737727,670531583,1056555007,1068924927,1072070655,1065074687,1073594367,1064828927,1073741823,1073741823,1073741823,1073741823:k4
1073741823,1073741823,1069547519,1073737727,938967039,1056555007,1068924927,1072070655,1065074687,1073594367,1064828927,1073741823,1073741823,1073741823,1073741823:g8
1073741823,1073741823,1073741823,1056960511,938967039,1056555007,1068924927,1072070655,1065074687,1073594367,1064828927,1073741823,1073741823,1073741823,1073741823:k4
1073741823,1073741823,1073741823,1073737727,922189823,1056555007,1068924927,1072070655,1065074687,1073594367,1064828927,1073741823,1073741823,1073741823,1073741823:k4
1073741823,1073741823,1073741823,805302271,938967039,1056555007,1068924927,1072070655,1065074687,1073594367,1064828927,1073741823,1073741823,1073741823,1073741823:k4
1073741823,1073741823,1073741823,1073737727,938967039,788119551,1068924927,1072070655,1065074687,1073594367,1064828927,1073741823,1073741823,1073741823,1073741823:k4
1073741823,1073741823,1073741823,1073737727,938967039,989446143,1068924927,1072070655,1065074687,1073594367,1064828927,1073741823,1073741823,1073741823,1073741823:k4
1073741823,1073741823,1073741823,1073737727,938967039,1056555007,1068924927,803635199,1065074687,1073594367,1064828927,1073741823,1073741823,1073741823,1073741823:k4
1073741823,1073741823,1073741823,1073737727,938967039,1056555007,1052147711,1072070655,1065074687,1073594367,1064828927,1073741823,1073741823,1073741823,1073741823:k4
1073741823,1073741823,1073741823,1073737727,938967039,1056555007,1068924927,1072070655,1065074687,1073594367,1048051711,1073741823,1073741823,1073741823,1073741823:k4
1073741823,1073741823,1073741823,1073737727,938967039,1056555007,1068924927,1072070655,1065074687,1073594367,1064828927,1073741823,1006632959,1073741823,1073741823:k4
1073741823,1073741823,1073741823,1073737727,938967039,1056555007,1068924927,1072070655,1065074687,1073594367,1064828927,1056964607,1073741823,1073741823,1073741823:k4
1073741823,1073741823,1073741823,1073737727,938967039,1056555007,1068924927,1072070655,1065074687,1073594367,1064828927,1069547519,1073741823,1073741823,1073741823:k4
1073741823,1073741823,1073741823,1073737727,938967039,1056555007,1001816063,1072070655,1065074687,1073594367,1064828927,1073741823,1073741823,1073741823,1073741823:k4
1073741823,1073741823,1073741823,1073737727,938967039,1056555007,1068924927,1055293439,1065074687,1073594367,1064828927,1073741823,1073741823,1073741823,1073741823:k4
1073741823,1073741823,1073741823,1073737727,938967039,1056555007,1068924927,1072070655,997965823,1073594367,1064828927,1073741823,1073741823,1073741823,1073741823:k4
1073741823,1073741823,1073741823,1073737727,938967039,1056555007,1068924927,1072070655,1048297471,1073594367,1064828927,1073741823,1073741823,1073741823,1073741823:k4
1073741823,1073741823,1073741823,1073737727,938967039,1056555007,1068924927,1072070655,1065074687,1073594367,997720063,1073741823,1073741823,1073741823,1073741823:k4
1073741823,1073741823,1073741823,1073737727,938967039,1056555007,1068924927,1072070655,1065074687,1056817151,1064828927,1073741823,1073741823,1073741823,1073741823:k4
1073741823,1073741823,1073741823,1073737727,938967039,1056555007,1068924927,1072070655,1065074687,1073594367,1064827903,1073741823,1073741823,1073741823,1073741823:k4
1073741823,1073741823,1073741823,1073737727,938967039,1056555007,1068924927,1072070655,1065074687,1073594367,1064828927,1073737727,1073741823,1073741823,1073741823:k4
1073741823,1073741823,1073741823,1073737727,938967039,1056555007,1068924927,1072070655,1065074687,1073594367,1064828927,1073741823,1073725439,1073741823,1073741823:k4
1073741823,1073741823,1073741823,1073737727,938967039,1056555007,1068924927,1072070655,1065074687,1073594367,1064828927,1073676287,1073741823,1073741823,1073741823:k4
1073741823,1073741823,1073741823,1073737727,938967039,1056555007,1068924927,1072070655,1065074687,1073594367,1063780351,1073741823,1073741823,1073741823,1073741823:k4
1073741823,1073741823,1073741823,1073737727,938967039,1056555007,1068924927,1072070655,1065074687,1073594367,1064828927,1073741823,1069547519,1073741823,1073741823:k4
1073741823,1073741823,1073741823,1073737727,938967039,1056555007,1068924927,1072070655,1065074687,1073594367,1064828927,1072693247,1073741823,1073741823,1073741823:k4
1073741823,1073741823,1073741823,1073737727,938967039,1056555007,1068924927,1072070655,1065074687,1073594367,1064828927,1073741823,1073479679,1073741823,1073741823:k4
1073741823,1073741823,1073741823,1073737727,938967039,1056555007,1068924927,1072070655,1065073663,1073594367,1064828927,1073741823,1073741823,1073741823,1073741823:k4
1073741823,1073741823,1073741823,1073737727,938967039,1056554751,1068924927,1072070655,1065074687,1073594367,1064828927,1073741823,1073741823,1073741823,1073741823:k4
1073741823,1073741823,1073741823,1073737471,938967039,1056555007,1068924927,1072070655,1065074687,1073594367,1064828927,1073741823,1073741823,1073741823,1073741823:k4
1073741823,1073741823,1073741823,1073736703,938967039,1056555007,1068924927,1072070655,1065074687,1073594367,1064828927,1073741823,1073741823,1073741823,1073741823:k4
1073741823,1073741567,1073741823,1073737727,938967039,1056555007,1068924927,1072070655,1065074687,1073594367,1064828927,1073741823,1073741823,1073741823,1073741823:k4
1073741823,1073737727,1073741823,1073737727,938967039,1056555007,1068924927,1072070655,1065074687,1073594367,1064828927,1073741823,1073741823,1073741823,1073741823:k4
1073741823,1073741823,1073737727,1073737727,938967039,1056555007,1068924927,1072070655,1065074687,1073594367,1064828927,1073741823,1073741823,1073741823,1073741823:k4
1073741823,1073676287,1073741823,1073737727,938967039,1056555007,1068924927,1072070655,1065074687,1073594367,1064828927,1073741823,1073741823,1073741823,1073741823:k4
1073741823,1073741823,1073741823,1073737727,938967039,1056555007,1068923903,1072070655,1065074687,1073594367,1064828927,1073741823,1073741823,1073741823,1073741823:k4
1073741823,1073741823,1073741823,1073737727,938966015,1056555007,1068924927,1072070655,1065074687,1073594367,1064828927,1073741823,1073741823,1073741823,1073741823:k4
1073741823,1073741823,1073740799,1073737727,938967039,1056555007,1068924927,1072070655,1065074687,1073594367,1064828927,1073741823,1073741823,1073741823,1073741823:k4
1073741823,1073741823,1073725439,1073737727,938967039,1056555007,1068924927,1072070655,1065074687,1073594367,1064828927,1073741823,1073741823,1073741823,1073741823:k4
1073741823,1073741823,1073479679,1073737727,938967039,1056555007,1068924927,1072070655,1065074687,1073594367,1064828927,1073741823,1073741823,1073741823,1073741823:k4
1073741823,1073741823,1073741823,1073721343,938967039,1056555007,1068924927,1072070655,1065074687,1073594367,1064828927,1073741823,1073741823,1073741823,1073741823:k4
1073741823,1073741823,1073741823,1073475583,938967039,1056555007,1068924927,1072070655,1065074687,1073594367,1064828927,1073741823,1073741823,1073741823,1073741823:k4
1073741823,1073741823,1073741823,1069543423,938967039,1056555007,1068924927,1072070655,1065074687,1073594367,1064828927,1073741823,1073741823,1073741823,1073741823:k4
1073741823,1073741823,1073741823,1073737727,934772735,1056555007,1068924927,1072070655,1065074687,1073594367,1064828927,1073741823,1073741823,1073741823,1073741823:k4
1073741823,1073741823,1073741823,1073737727,938967039,1056555007,1068924927,1072070655,1065074687,1072545791,1064828927,1073741823,1073741823,1073741823,1073741823:k4
1073741823,1073741823,1073741823,1073737727,938967039,1056550911,1068924927,1072070655,1065074687,1073594367,1064828927,1073741823,1073741823,1073741823,1073741823:k4
1073741823,1073741823,1073741823,1073672191,938967039,1056555007,1068924927,1072070655,1065074687,1073594367,1064828927,1073741823,1073741823,1073741823,1073741823:k4
1073741823,1073741823,1073741823,1072689151,938967039,1056555007,1068924927,1072070655,1065074687,1073594367,1064828927,1073741823,1073741823,1073741823,1073741823:f9
1073741823,1073741823,1073741823,1073737727,938967039,1055506431,1068924927,1072070655,1065074687,1073594367,1064828927,1073741823,1073741823,1073741823,1073741823:k4
1073741823,1073741823,1073741823,1073737727,938967039,1056555007,1068924927,1072070655,1065074687,1073594367,1064828927,1073740799,1073741823,1073741823,1073741823:k4
1073741823,1073741823,1073741823,1073737727,938967039,1056555007,1068924927,1072070655,1065074687,1073594367,1064824831,1073741823,1073741823,1073741823,1073741823:k4
1073741823,1073741823,1073741823,1073737727,938967039,1056555007,1068924927,1072070655,1065074687,1073590271,1064828927,1073741823,1073741823,1073741823,1073741823:k4
1073741823,1073741823,1073741823,1073737727,938967039,1056555007,1068924927,1072070655,1065074687,1073594367,1064828927,1073479679,1073741823,1073741823,1073741823:k4
1073741823,1073741823,1073741823,1073737727,938967039,1056555007,1068924927,1072070655,1065074687,1073594367,1064763391,1073741823,1073741823,1073741823,1073741823:k4
1073741823,1073741823,1073741823,1073737727,938967039,1056555007,1068924927,1072070655,1065074687,1073594367,1064828927,1073725439,1073741823,1073741823,1073741823:k4
1073741823,1073741823,1073741823,1073737727,938967039,1056555007,1068924927,1072070655,1065074687,1073594367,1064812543,1073741823,1073741823,1073741823,1073741823:k4
1073741823,1073741823,1073741823,1073737727,938967039,1052360703,1068924927,1072070655,1065074687,1073594367,1064828927,1073741823,1073741823,1073741823,1073741823:k4
1073741823,1073741823,1073741823,1073737727,938967039,1056555007,1068924927,1067876351,1065074687,1073594367,1064828927,1073741823,1073741823,1073741823,1073741823:k4
1073741823,1073741823,1073741823,1073737727,938967039,1056555007,1068924927,1072070655,1065074687,1069400063,1064828927,1073741823,1073741823,1073741823,1073741823:k4
1073741823,1073741823,1073741823,1073737727,938962943,1056555007,1068924927,1072070655,1065074687,1073594367,1064828927,1073741823,1073741823,1073741823,1073741823:k4
1073741823,1073741823,1073741823,1073737727,938901503,1056555007,1068924927,1072070655,1065074687,1073594367,1064828927,1073741823,1073741823,1073741823,1073741823:k4
1073741823,1073741823,1073741823,1073737727,937918463,1056555007,1068924927,1072070655,1065074687,1073594367,1064828927,1073741823,1073741823,1073741823,1073741823:k4
1073741823,1073741823,1073741823,1073737727,938967039,1056555007,1067876351,1072070655,1065074687,1073594367,1064828927,1073741823,1073741823,1073741823,1073741823:k4
1073741823,1073741823,1073741823,1073737727,938967039,1056555007,1068924927,1072070655,1064026111,1073594367,1064828927,1073741823,1073741823,1073741823,1073741823:k4
1073741823,1073741823,1073741823,1073737727,938967039,1056555007,1068924927,1072070655,1065074687,1073593343,1064828927,1073741823,1073741823,1073741823,1073741823:k4
1073741823,1073741823,1073741823,1073737727,938967039,1056555007,1068924927,1072070655,1065070591,1073594367,1064828927,1073741823,1073741823,1073741823,1073741823:k4
1073741823,1073741823,1073741823,1073737727,938967039,1056555007,1068924927,1072069631,1065074687,1073594367,1064828927,1073741823,1073741823,1073741823,1073741823:k4
1073741823,1073741823,1073741823,1073737727,938967039,1056555007,1068924927,1072066559,1065074687,1073594367,1064828927,1073741823,1073741823,1073741823,1073741823:k10
1073741823,1073741823,1073741823,1073737727,938967039,1056553983,1068924927,1072070655,1065074687,1073594367,1064828927,1073741823,1073741823,1073741823,1073741823:k4
1073741823,1073741823,1073741823,1073737727,938967039,1056555007,1068920831,1072070655,1065074687,1073594367,1064828927,1073741823,1073741823,1073741823,1073741823:k4
1073741823,1073741823,1073741823,1073737727,938967039,1056555007,1068924927,1072070655,1065074687,1073332223,1064828927,1073741823,1073741823,1073741823,1073741823:k4
1073741823,1073741823,1073741823,1073737727,938967039,1056555007,1068924927,1072070655,1065009151,1073594367,1064828927,1073741823,1073741823,1073741823,1073741823:k4
1073741823,1073741823,1073741823,1073737727,1073184767,1056555007,1073119231,1072070655,1065074687,1072545791,1064828927,1073741823,1073741823,1073741823,1073741823:k4
1073741823,1073741823,1073741823,1073737727,1073184767,1056550911,1073119231,1072070655,1065074687,1073594367,1064828927,1073741823,1073741823,1073741823,1073741823:k4
1073741823,1073741823,1073741823,1073672191,1073184767,1056555007,1073119231,1072070655,1065074687,1073594367,1064828927,1073741823,1073741823,1073741823,1073741823:k4
1073741823,1073741823,1073741823,1072689151,1073184767,1056555007,1073119231,1072070655,1065074687,1073594367,1064828927,1073741823,1073741823,1073741823,1073741823:f9
1073741823,1073741823,1073741823,1073737727,1073184767,1055506431,1073119231,1072070655,1065074687,1073594367,1064828927,1073741823,1073741823,1073741823,1073741823:k4
1073741823,1073741823,1073741823,1073737727,1073184767,1056555007,1073119231,1072070655,1065074687,1073594367,1064828927,1073740799,1073741823,1073741823,1073741823:k4
1073741823,1073741823,1073741823,1073737727,1073184767,1056555007,1073119231,1072070655,1065074687,1073594367,1064824831,1073741823,1073741823,1073741823,1073741823:k4
1073741823,1073741823,1073741823,1073737727,1073184767,1056555007,1073119231,1072070655,1065074687,1073590271,1064828927,1073741823,1073741823,1073741823,1073741823:k4
1073741823,1073741823,1073741823,1073737727,1073184767,1056555007,1073119231,1072070655,1065074687,1073594367,1064828927,1073479679,1073741823,1073741823,1073741823:k4
1073741823,1073741823,1073741823,1073737727,1073184767,1056555007,1073119231,1072070655,1065074687,1073594367,1064763391,1073741823,1073741823,1073741823,1073741823:k4
1073741823,1073741823,1073741823,1073737727,1073184767,1056555007,1073119231,1072070655,1065074687,1073594367,1064828927,1073725439,1073741823,1073741823,1073741823:k4
1073741823,1073741823,1073741823,1073737727,1073184767,1056555007,1073119231,1072070655,1065074687,1073594367,1064812543,1073741823,1073741823,1073741823,1073741823:k4
1073741823,1073741823,1073741823,1073737727,1073184767,1052360703,1073119231,1072070655,1065074687,1073594367,1064828927,1073741823,1073741823,1073741823,1073741823:k4
1073741823,1073741823,1073741823,1073737727,1073184767,1056555007,1073119231,1067876351,1065074687,1073594367,1064828927,1073741823,1073741823,1073741823,1073741823:k4
1073741823,1073741823,1073741823,1073737727,1073184767,1056555007,1073119231,1072070655,1065074687,1069400063,1064828927,1073741823,1073741823,1073741823,1073741823:k4
1073741823,1073741823,1073741823,1073737727,1073180671,1056555007,1073119231,1072070655,1065074687,1073594367,1064828927,1073741823,1073741823,1073741823,1073741823:k4
1073741823,1073741823,1073741823,1073737727,1073119231,1056555007,1073119231,1072070655,1065074687,1073594367,1064828927,1073741823,1073741823,1073741823,1073741823:k4
1073741823,1073741823,1073741823,1073737727,1072136191,1056555007,1073119231,1072070655,1065074687,1073594367,1064828927,1073741823,1073741823,1073741823,1073741823:k4
1073741823,1073741823,1073741823,1073737727,1073184767,1056555007,1072070655,1072070655,1065074687,1073594367,1064828927,1073741823,1073741823,1073741823,1073741823:k4
1073741823,1073741823,1073741823,1073737727,1073184767,1056555007,1073119231,1072070655,1064026111,1073594367,1064828927,1073741823,1073741823,1073741823,1073741823:k4
1073741823,1073741823,1073741823,1073737727,1073184767,1056555007,1073119231,1072070655,1065074687,1073593343,1064828927,1073741823,1073741823,1073741823,1073741823:k4
1073741823,1073741823,1073741823,1073737727,1073184767,1056555007,1073119231,1072070655,1065070591,1073594367,1064828927,1073741823,1073741823,1073741823,1073741823:k4
1073741823,1073741823,1073741823,1073737727,1073184767,1056555007,1073119231,1072069631,1065074687,1073594367,1064828927,1073741823,1073741823,1073741823,1073741823:k4
1073741823,1073741823,1073741823,1073737727,1073184767,1056555007,1073119231,1072066559,1065074687,1073594367,1064828927,1073741823,1073741823,1073741823,1073741823:k10
1073741823,1073741823,1073741823,1073737727,1073184767,1056553983,1073119231,1072070655,1065074687,1073594367,1064828927,1073741823,1073741823,1073741823,1073741823:k4
1073741823,1073741823,1073741823,1073737727,1073184767,1056555007,1073115135,1072070655,1065074687,1073594367,1064828927,1073741823,1073741823,1073741823,1073741823:k4
1073741823,1073741823,1073741823,1073737727,1073184767,1056555007,1073119231,1072070655,1065074687,1073332223,1064828927,1073741823,1073741823,1073741823,1073741823:k4
1073741823,1073741823,1073741823,1073737727,1073184767,1056555007,1073119231,1072070655,1065009151,1073594367,1064828927,1073741823,1073741823,1073741823,1073741823:k4
