1073741823,1073741823,1073741823,1073741823,1073741823,805044223,1073676287,1073184767,1073610751,1073741823,1073741823,1073741823,1073741823,1073741823,1073741823:h7
1073741823,1073741823,1073741823,1073741823,1073741823,805044223,1073643519,1073184767,1073609727,1073741823,1073741823,1073741823,1073741823,1073741823,1073741823:h9
1073741823,1073741823,1073741823,1073741823,1073741823,805044223,1073642495,1073184767,1073610751,1073741823,1073741823,1073741823,1073741823,1073741823,1073741823:h9
1073741823,1073741823,1073741823,1073741823,1073740799,805044223,1073643519,1073184767,1073610751,1073741823,1073741823,1073741823,1073741823,1073741823,1073741823:h9
1073741823,1073741823,1073741823,1073741823,1073741823,805040127,1073643519,1073184767,1073610751,1073741823,1073741823,1073741823,1073741823,1073741823,1073741823:h10
1073741823,1073741823,1073741823,1073741823,1073725439,805044223,1073643519,1073184767,1073610751,1073741823,1073741823,1073741823,1073741823,1073741823,1073741823:h9
1073741823,1073741823,1073741823,1073741823,1073741823,805044223,1073643519,1056407551,1073610751,1073741823,1073741823,1073741823,1073741823,1073741823,1073741823:h9
1073741823,1073741823,1073741823,1073741823,1073741823,805044223,1006534655,1073184767,1073610751,1073741823,1073741823,1073741823,1073741823,1073741823,1073741823:h9
1073741823,1073741823,1073741823,1073741823,1073741823,788267007,1073643519,1073184767,1073610751,1073741823,1073741823,1073741823,1073741823,1073741823,1073741823:h9
1073741823,1073741823,1073741823,1073741823,1073741823,737935359,1073643519,1073184767,1073610751,1073741823,1073741823,1073741823,1073741823,1073741823,1073741823:h9
1073741823,1073741823,1073741823,1056964607,1073741823,805044223,1073643519,1073184767,1073610751,1073741823,1073741823,1073741823,1073741823,1073741823,1073741823:h9
1073741823,1073741823,1073741823,1073741823,1006632959,805044223,1073643519,1073184767,1073610751,1073741823,1073741823,1073741823,1073741823,1073741823,1073741823:h9
1073741823,1073741823,1073741823,805306367,1073741823,805044223,1073643519,1073184767,1073610751,1073741823,1073741823,1073741823,1073741823,1073741823,1073741823:h9
1073741823,1073741823,1073741823,1073741823,805306367,805044223,1073643519,1073184767,1073610751,1073741823,1073741823,1073741823,1073741823,1073741823,1073741823:h9
1073741823,1073741823,1073741823,1073741823,1073741823,805044223,1073643519,804749311,1073610751,1073741823,1073741823,1073741823,1073741823,1073741823,1073741823:h9
1073741823,1073741823,1073741823,1073741823,1073741823,805044223,805208063,1073184767,1073610751,1073741823,1073741823,1073741823,1073741823,1073741823,1073741823:h9
1073741823,1073741823,1073741823,1073741823,1073741823,805044223,1073643519,1073184767,1073610751,1073741823,1073737727,1073741823,1073741823,1073741823,1073741823:h9
1073741823,1073741823,1073741823,1073741823,1073741823,805044223,1073643519,1073184767,1073610751,1073741823,1072693247,1073741823,1073741823,1073741823,1073741823:h9
1073741823,1073741823,1073741823,1073741823,1073741823,805044223,1073643519,1073184767,1073610751,1073741823,1073676287,1073741823,1073741823,1073741823,1073741823:h10
1073741823,1073741823,1073741823,1073741823,1073741823,805044223,1073643519,1073184767,1073610751,1073676287,1073741823,1073741823,1073741823,1073741823,1073741823:h9
1073741823,1073741823,1073741823,1073725439,1073741823,805044223,1073643519,1073184767,1073610751,1073741823,1073741823,1073741823,1073741823,1073741823,1073741823:h9
1073741823,1073741823,1073741823,1073479679,1073741823,805044223,1073643519,1073184767,1073610751,1073741823,1073741823,1073741823,1073741823,1073741823,1073741823:h9
1073741823,1073741823,1073741823,1073741823,1073479679,805044223,1073643519,1073184767,1073610751,1073741823,1073741823,1073741823,1073741823,1073741823,1073741823:h9
1073741823,1073741823,1073741823,1069547519,1073741823,805044223,1073643519,1073184767,1073610751,1073741823,1073741823,1073741823,1073741823,1073741823,1073741823:h9
1073741823,1073741823,1073741823,1073741823,1073741823,803995647,1073643519,1073184767,1073610751,1073741823,1073741823,1073741823,1073741823,1073741823,1073741823:h10
1073741823,1073741823,1073741823,1073741823,1073741823,800849919,1073643519,1073184767,1073610751,1073741823,1073741823,1073741823,1073741823,1073741823,1073741823:h10
1073741823,1073741823,1073741823,1073741823,1073741823,805044223,1073643519,1068990463,1073610751,1073741823,1073741823,1073741823,1073741823,1073741823,1073741823:h9
1073741823,1073741823,1073741823,1073741823,1073741823,805044223,1073643519,1072136191,1073610751,1073741823,1073741823,1073741823,1073741823,1073741823,1073741823:h9
1073741823,1073741823,1073741823,1073741823,1073741823,805044223,1073643519,1073184767,1073610751,1069547519,1073741823,1073741823,1073741823,1073741823,1073741823:h9
1073741823,1073741823,1073741823,1073741823,1073741823,805044223,1073643519,1073184767,1073348607,1073741823,1073741823,1073741823,1073741823,1073741823,1073741823:h10
1073741823,1073741823,1073741823,1073741823,1073737727,805044223,1073643519,1073184767,1073610751,1073741823,1073741823,1073741823,1073741823,1073741823,1073741823:h9
1073741823,1073741823,1073741823,1073741823,1073676287,805044223,1073643519,1073184767,1073610751,1073741823,1073741823,1073741823,1073741823,1073741823,1073741823:h9
1073741823,1073741823,1073741823,1073741823,1073741823,804978687,1073643519,1073184767,1073610751,1073741823,1073741823,1073741823,1073741823,1073741823,1073741823:h10
1073741823,1073741823,1073741823,1073741823,1072693247,805044223,1073643519,1073184767,1073610751,1073741823,1073741823,1073741823,1073741823,1073741823,1073741823:h9
1073741823,1073741823,1073741823,1073741823,1073741823,805044223,1072594943,1073184767,1073610751,1073741823,1073741823,1073741823,1073741823,1073741823,1073741823:h9
1073741823,1073741823,1073741823,1073741823,1073741823,805044223,1073381375,1073184767,1073610751,1073741823,1073741823,1073741823,1073741823,1073741823,1073741823:h9
1073741823,1073741823,1073741823,1073741823,1073741823,805044223,1073643519,1073184767,1072562175,1073741823,1073741823,1073741823,1073741823,1073741823,1073741823:h9
1073741823,1073741823,1073741823,1073741823,1073741823,805044223,1073643519,1073184767,1073610751,1073740799,1073741823,1073741823,1073741823,1073741823,1073741823:h9
1073741823,1073741823,1073741823,1073741823,1073741823,805044223,1073643519,1073184767,1073606655,1073741823,1073741823,1073741823,1073741823,1073741823,1073741823:h10
1073741823,1073741823,1073741823,1073741823,1073741823,805044223,1073643519,1073183743,1073610751,1073741823,1073741823,1073741823,1073741823,1073741823,1073741823:h10
1073741823,1073741823,1073741823,1073741823,1073741823,805044223,1073643519,1073180671,1073610751,1073741823,1073741823,1073741823,1073741823,1073741823,1073741823:h9
1073741823,1073741823,1073741823,1073741823,1073741823,805043199,1073643519,1073184767,1073610751,1073741823,1073741823,1073741823,1073741823,1073741823,1073741823:h10
1073741823,1073741823,1073741823,1073741823,1073741823,805044223,1073639423,1073184767,1073610751,1073741823,1073741823,1073741823,1073741823,1073741823,1073741823:h9
1073741823,1073741823,1073741823,1073741823,1073741823,805027839,1073643519,1073184767,1073610751,1073741823,1073741823,1073741823,1073741823,1073741823,1073741823:j10
1073741823,1073741823,1073741823,1073741823,1073741823,805044223,1073643519,1073119231,1073610751,1073741823,1073741823,1073741823,1073741823,1073741823,1073741823:h9
1073741823,1073741823,1073741823,1073741823,1073741823,805044223,1073643519,1073184767,1073610751,1073479679,1073741823,1073741823,1073741823,1073741823,1073741823:h9
1073741823,1073741823,1073741823,1073741823,1073741823,805044223,1073643519,1073184767,1073610751,1073725439,1073741823,1073741823,1073741823,1073741823,1073741823:i8
1073741823,1073741823,1073741823,1073741823,1073741823,805044223,1073643519,1073184767,1073594367,1073741823,1073741823,1073741823,1073741823,1073741823,1073741823:i8
