1073741823,1073741823,1073741823,1073737727,1073446911,1073608447,1073151999,1073119231,1073741823,1073725439,1073741823,1073741823,1073741823,1073741823,1073741823:i9
1073741823,1073741823,1073741823,1073737727,1073446911,1073608447,1073151999,1073119231,1073610751,1073725439,1072693247,1073741823,1073741823,1073741823,1073741823:h6
1073741823,1073741823,1073741823,1073737727,1073446911,1073608447,1073151999,1073119215,1073610751,1073725439,1073741823,1073741823,1073741823,1073741823,1073741823:g7
1073741823,1073741823,1073741823,1073737727,1073446911,1073608447,1073151935,1073119231,1073610751,1073725439,1073741823,1073741823,1073741823,1073741823,1073741823:g7
1073741823,1073741823,1073741823,1073737727,1073446911,1073608431,1073151999,1073119231,1073610751,1073725439,1073741823,1073741823,1073741823,1073741823,1073741823:h6
1073741823,1073741823,1073741823,1073737711,1073446911,1073608447,1073151999,1073119231,1073610751,1073725439,1073741823,1073741823,1073741823,1073741823,1073741823:h6
1073741823,1073741823,1073741823,1073737727,1073446847,1073608447,1073151999,1073119231,1073610751,1073725439,1073741823,1073741823,1073741823,1073741823,1073741823:h6
1073741823,1073741823,1073741823,1073737727,1073446911,1073608447,1073151999,1073118975,1073610751,1073725439,1073741823,1073741823,1073741823,1073741823,1073741823:h6
1073741823,1073741823,1073741823,1073737727,1073446911,1073608447,1073151999,1073119167,1073610751,1073725439,1073741823,1073741823,1073741823,1073741823,1073741823:h6
1073741823,1073741823,1073741823,1073737727,1073446911,1073608447,1073151743,1073119231,1073610751,1073725439,1073741823,1073741823,1073741823,1073741823,1073741823:h6
1073741823,1073741823,1073741823,1073737727,1073446911,1073608383,1073151999,1073119231,1073610751,1073725439,1073741823,1073741823,1073741823,1073741823,1073741823:h6
1073741823,1073741823,1073741823,1073737663,1073446911,1073608447,1073151999,1073119231,1073610751,1073725439,1073741823,1073741823,1073741823,1073741823,1073741823:h6
1073741823,1073741823,1073741823,1073737727,1073446655,1073608447,1073151999,1073119231,1073610751,1073725439,1073741823,1073741823,1073741823,1073741823,1073741823:h6
1073741823,1073741823,1073741823,1073737471,1073446911,1073608447,1073151999,1073119231,1073610751,1073725439,1073741823,1073741823,1073741823,1073741823,1073741823:l9
1073741823,1073741823,1073741823,1073736703,1073446911,1073608447,1073151999,1073119231,1073610751,1073725439,1073741823,1073741823,1073741823,1073741823,1073741823:h6
1073741823,1073741567,1073741823,1073737727,1073446911,1073608447,1073151999,1073119231,1073610751,1073725439,1073741823,1073741823,1073741823,1073741823,1073741823:h6
1073741823,1073737727,1073741823,1073737727,1073446911,1073608447,1073151999,1073119231,1073610751,1073725439,1073741823,1073741823,1073741823,1073741823,1073741823:h6
1073741823,1073741823,1073737727,1073737727,1073446911,1073608447,1073151999,1073119231,1073610751,1073725439,1073741823,1073741823,1073741823,1073741823,1073741823:h6
1073741823,1073676287,1073741823,1073737727,1073446911,1073608447,1073151999,1073119231,1073610751,1073725439,1073741823,1073741823,1073741823,1073741823,1073741823:g7
1073741823,1073741823,1073741823,1073737727,1073446911,1073608447,1073150975,1073119231,1073610751,1073725439,1073741823,1073741823,1073741823,1073741823,1073741823:h6
1073741823,1073741823,1073741823,1073737727,1073445887,1073608447,1073151999,1073119231,1073610751,1073725439,1073741823,1073741823,1073741823,1073741823,1073741823:g7
1073741823,1073741823,1073740799,1073737727,1073446911,1073608447,1073151999,1073119231,1073610751,1073725439,1073741823,1073741823,1073741823,1073741823,1073741823:h6
1073741823,1073741823,1073741823,1073721343,1073446911,1073608447,1073151999,1073119231,1073610751,1073725439,1073741823,1073741823,1073741823,1073741823,1073741823:l9
1073741823,1073741823,1073725439,1073737727,1073446911,1073608447,1073151999,1073119231,1073610751,1073725439,1073741823,1073741823,1073741823,1073741823,1073741823:g7
1073741823,1073741823,1073479679,1073737727,1073446911,1073608447,1073151999,1073119231,1073610751,1073725439,1073741823,1073741823,1073741823,1073741823,1073741823:h6
1073741823,1073741823,1073741823,1073475583,1073446911,1073608447,1073151999,1073119231,1073610751,1073725439,1073741823,1073741823,1073741823,1073741823,1073741823:h6
1073741823,1073741823,1069547519,1073737727,1073446911,1073608447,1073151999,1073119231,1073610751,1073725439,1073741823,1073741823,1073741823,1073741823,1073741823:h6
1073741823,1073741823,1073741823,1073737727,1069252607,1073608447,1073151999,1073119231,1073610751,1073725439,1073741823,1073741823,1073741823,1073741823,1073741823:h6
1073741823,1073741823,1073741823,1073737727,1073446911,1073608447,1068957695,1073119231,1073610751,1073725439,1073741823,1073741823,1073741823,1073741823,1073741823:h6
1073741823,1073741823,1073741823,1073737727,1073446911,1073608447,1073151999,1073119231,1069416447,1073725439,1073741823,1073741823,1073741823,1073741823,1073741823:h6
1073741823,1073741823,1073741823,1073737727,1073446911,1073608447,1073151999,1073119231,1073610751,1072676863,1073741823,1073741823,1073741823,1073741823,1073741823:l9
1073741823,1073741823,1073741823,1073737727,1073446911,1073604351,1073151999,1073119231,1073610751,1073725439,1073741823,1073741823,1073741823,1073741823,1073741823:l9
1073741823,1073741823,1073741823,1073672191,1073446911,1073608447,1073151999,1073119231,1073610751,1073725439,1073741823,1073741823,1073741823,1073741823,1073741823:h6
1073741823,1073741823,1073741823,1072689151,1073446911,1073608447,1073151999,1073119231,1073610751,1073725439,1073741823,1073741823,1073741823,1073741823,1073741823:h6
1073741823,1073741823,1073741823,1073737727,1073446911,1072559871,1073151999,1073119231,1073610751,1073725439,1073741823,1073741823,1073741823,1073741823,1073741823:h6
1073741823,1073741823,1073741823,1073737727,1073446911,1073608447,1073151999,1073119231,1073610751,1073725439,1073741823,1073740799,1073741823,1073741823,1073741823:h6
1073741823,1073741823,1073741823,1073737727,1073446911,1073608447,1073151999,1073119231,1073610751,1073725439,1073737727,1073741823,1073741823,1073741823,1073741823:h6
1073741823,1073741823,1073741823,1073737727,1073446911,1073608447,1073151999,1073119231,1073610751,1073721343,1073741823,1073741823,1073741823,1073741823,1073741823:h6
1073741823,1073741823,1073741823,1073737727,1073446911,1073608447,1073151999,1073119231,1073610751,1073659903,1073741823,1073741823,1073741823,1073741823,1073741823:h6
1073741823,1073741823,1073741823,1073737727,1073446911,1073608447,1073151999,1073119231,1073610751,1073725439,1073741823,1073479679,1073741823,1073741823,1073741823:h6
1073741823,1073741823,1073741823,1073737727,1073446911,1073608447,1073151999,1073119231,1073610751,1073725439,1073676287,1073741823,1073741823,1073741823,1073741823:h6
1073741823,1073741823,1073741823,1073737727,1073446911,1073608447,1073151999,1073119231,1073610751,1073725439,1073741823,1073725439,1073741823,1073741823,1073741823:h6
1073741823,1073741823,1073741823,1073737727,1073446911,1073608447,1073151999,1073119231,1073610751,1073725439,1073725439,1073741823,1073741823,1073741823,1073741823:h6
1073741823,1073741823,1073741823,1073737727,1073446911,1069414143,1073151999,1073119231,1073610751,1073725439,1073741823,1073741823,1073741823,1073741823,1073741823:h6
1073741823,1073741823,1073741823,1073737727,1073446911,1073608447,1073151999,1068924927,1073610751,1073725439,1073741823,1073741823,1073741823,1073741823,1073741823:h6
1073741823,1073741823,1073741823,1073737727,1073446911,1073608447,1073151999,1072070655,1073610751,1073725439,1073741823,1073741823,1073741823,1073741823,1073741823:h6
1073741823,1073741823,1073741823,1073737727,1073446911,1073608447,1073151999,1073119231,1073610751,1069531135,1073741823,1073741823,1073741823,1073741823,1073741823:h6
1073741823,1073741823,1073741823,1073737727,1073446911,1073608447,1073151999,1073119231,1073348607,1073725439,1073741823,1073741823,1073741823,1073741823,1073741823:g7
1073741823,1073741823,1073741823,1073737727,1073442815,1073608447,1073151999,1073119231,1073610751,1073725439,1073741823,1073741823,1073741823,1073741823,1073741823:h6
1073741823,1073741823,1073741823,1073737727,1073381375,1073608447,1073151999,1073119231,1073610751,1073725439,1073741823,1073741823,1073741823,1073741823,1073741823:h6
1073741823,1073741823,1073741823,1073737727,1072398335,1073608447,1073151999,1073119231,1073610751,1073725439,1073741823,1073741823,1073741823,1073741823,1073741823:h6
1073741823,1073741823,1073741823,1073737727,1073446911,1073608447,1072103423,1073119231,1073610751,1073725439,1073741823,1073741823,1073741823,1073741823,1073741823:h6
1073741823,1073741823,1073741823,1073737727,1073446911,1073608447,1073151999,1073119231,1072562175,1073725439,1073741823,1073741823,1073741823,1073741823,1073741823:h6
1073741823,1073741823,1073741823,1073737727,1073446911,1073608447,1073151999,1073119231,1073610751,1073724415,1073741823,1073741823,1073741823,1073741823,1073741823:h6
1073741823,1073741823,1073741823,1073737727,1073446911,1073608447,1073151999,1073119231,1073606655,1073725439,1073741823,1073741823,1073741823,1073741823,1073741823:h6
1073741823,1073741823,1073741823,1073737727,1073446911,1073608447,1073151999,1073118207,1073610751,1073725439,1073741823,1073741823,1073741823,1073741823,1073741823:h6
1073741823,1073741823,1073741823,1073737727,1073446911,1073608447,1073151999,1073115135,1073610751,1073725439,1073741823,1073741823,1073741823,1073741823,1073741823:h6
1073741823,1073741823,1073741823,1073737727,1073446911,1073608447,1073147903,1073119231,1073610751,1073725439,1073741823,1073741823,1073741823,1073741823,1073741823:l9
1073741823,1073741823,1073741823,1073737727,1073446911,1073592063,1073151999,1073119231,1073610751,1073725439,1073741823,1073741823,1073741823,1073741823,1073741823:l9
1073741823,1073741823,1073741823,1073737727,1073446911,1073608447,1073135615,1073119231,1073610751,1073725439,1073741823,1073741823,1073741823,1073741823,1073741823:l9
1073741823,1073741823,1073741823,1073737727,1073446911,1073346303,1073151999,1073119231,1073610751,1073725439,1073741823,1073741823,1073741823,1073741823,1073741823:l9
1073741823,1073741823,1073741823,1073737727,1073446911,1073608447,1073151999,1073119231,1073610751,1073463295,1073741823,1073741823,1073741823,1073741823,1073741823:h6
1073741823,1073741823,1073741823,1073737727,1073446911,1073575679,1073151999,1073119231,1073610751,1073463295,1073741823,1069547519,1073741823,1073741823,1073741823:h7
1073741823,1073741823,1073741823,1073737727,1073446911,1073575679,1073151999,1073119231,1073610751,1073463295,1073479679,1073741823,1073741823,1073741823,1073741823:h7
1073741823,1073741823,1073741823,1073737727,1073446911,1073575679,1073151999,1073119231,1073610751,1073463295,1072693247,1073741823,1073741823,1073741823,1073741823:h7
1073741823,1073741823,1073741823,1073737727,1073446911,1073575679,1073151999,1073119215,1073610751,1073463295,1073741823,1073741823,1073741823,1073741823,1073741823:h7
1073741823,1073741823,1073741823,1073737727,1073446911,1073575679,1073151935,1073119231,1073610751,1073463295,1073741823,1073741823,1073741823,1073741823,1073741823:h7
1073741823,1073741823,1073741823,1073737727,1073446911,1073575663,1073151999,1073119231,1073610751,1073463295,1073741823,1073741823,1073741823,1073741823,1073741823:h7
1073741823,1073741823,1073741823,1073737711,1073446911,1073575679,1073151999,1073119231,1073610751,1073463295,1073741823,1073741823,1073741823,1073741823,1073741823:h7
1073741823,1073741823,1073741823,1073737727,1073446847,1073575679,1073151999,1073119231,1073610751,1073463295,1073741823,1073741823,1073741823,1073741823,1073741823:h7
1073741823,1073741823,1073741823,1073737727,1073446911,1073575679,1073151999,1073118975,1073610751,1073463295,1073741823,1073741823,1073741823,1073741823,1073741823:h7
1073741823,1073741823,1073741823,1073737727,1073446911,1073575679,1073151999,1073119167,1073610751,1073463295,1073741823,1073741823,1073741823,1073741823,1073741823:h7
1073741823,1073741823,1073741823,1073737727,1073446911,1073575679,1073151743,1073119231,1073610751,1073463295,1073741823,1073741823,1073741823,1073741823,1073741823:h7
1073741823,1073741823,1073741823,1073737727,1073446911,1073575615,1073151999,1073119231,1073610751,1073463295,1073741823,1073741823,1073741823,1073741823,1073741823:h7
1073741823,1073741823,1073741823,1073737663,1073446911,1073575679,1073151999,1073119231,1073610751,1073463295,1073741823,1073741823,1073741823,1073741823,1073741823:h7
1073741823,1073741823,1073741823,1073737727,1073446655,1073575679,1073151999,1073119231,1073610751,1073463295,1073741823,1073741823,1073741823,1073741823,1073741823:h7
1073741823,1073741823,1073741823,1073737471,1073446911,1073575679,1073151999,1073119231,1073610751,1073463295,1073741823,1073741823,1073741823,1073741823,1073741823:h7
1073741823,1073741823,1073741823,1073736703,1073446911,1073575679,1073151999,1073119231,1073610751,1073463295,1073741823,1073741823,1073741823,1073741823,1073741823:h7
1073741823,1073741567,1073741823,1073737727,1073446911,1073575679,1073151999,1073119231,1073610751,1073463295,1073741823,1073741823,1073741823,1073741823,1073741823:h7
1073741823,1073737727,1073741823,1073737727,1073446911,1073575679,1073151999,1073119231,1073610751,1073463295,1073741823,1073741823,1073741823,1073741823,1073741823:h7
1073741823,1073741823,1073737727,1073737727,1073446911,1073575679,1073151999,1073119231,1073610751,1073463295,1073741823,1073741823,1073741823,1073741823,1073741823:h7
1073741823,1073676287,1073741823,1073737727,1073446911,1073575679,1073151999,1073119231,1073610751,1073463295,1073741823,1073741823,1073741823,1073741823,1073741823:h7
1073741823,1073741823,1073741823,1073737727,1073446911,1073575679,1073150975,1073119231,1073610751,1073463295,1073741823,1073741823,1073741823,1073741823,1073741823:h7
1073741823,1073741823,1073741823,1073737727,1073445887,1073575679,1073151999,1073119231,1073610751,1073463295,1073741823,1073741823,1073741823,1073741823,1073741823:h7
1073741823,1073741823,1073740799,1073737727,1073446911,1073575679,1073151999,1073119231,1073610751,1073463295,1073741823,1073741823,1073741823,1073741823,1073741823:h7
1073741823,1073741823,1073741823,1073721343,1073446911,1073575679,1073151999,1073119231,1073610751,1073463295,1073741823,1073741823,1073741823,1073741823,1073741823:j6
1073741823,1073741823,1073725439,1073737727,1073446911,1073575679,1073151999,1073119231,1073610751,1073463295,1073741823,1073741823,1073741823,1073741823,1073741823:h7
1073741823,1073741823,1073479679,1073737727,1073446911,1073575679,1073151999,1073119231,1073610751,1073463295,1073741823,1073741823,1073741823,1073741823,1073741823:h7
1073741823,1073741823,1073741823,1073475583,1073446911,1073575679,1073151999,1073119231,1073610751,1073463295,1073741823,1073741823,1073741823,1073741823,1073741823:h7
1073741823,1073741823,1069547519,1073737727,1073446911,1073575679,1073151999,1073119231,1073610751,1073463295,1073741823,1073741823,1073741823,1073741823,1073741823:h7
1073741823,1073741823,1073741823,1073737727,1069252607,1073575679,1073151999,1073119231,1073610751,1073463295,1073741823,1073741823,1073741823,1073741823,1073741823:h7
1073741823,1073741823,1073741823,1073737727,1073446911,1073575679,1068957695,1073119231,1073610751,1073463295,1073741823,1073741823,1073741823,1073741823,1073741823:h7
1073741823,1073741823,1073741823,1073737727,1073446911,1073575679,1073151999,1073119231,1069416447,1073463295,1073741823,1073741823,1073741823,1073741823,1073741823:h7
1073741823,1073741823,1073741823,1073737727,1073446911,1073575679,1073151999,1073119231,1073610751,1072414719,1073741823,1073741823,1073741823,1073741823,1073741823:h7
1073741823,1073741823,1073741823,1073737727,1073446911,1073571583,1073151999,1073119231,1073610751,1073463295,1073741823,1073741823,1073741823,1073741823,1073741823:h7
1073741823,1073741823,1073741823,1073672191,1073446911,1073575679,1073151999,1073119231,1073610751,1073463295,1073741823,1073741823,1073741823,1073741823,1073741823:h7
1073741823,1073741823,1073741823,1072689151,1073446911,1073575679,1073151999,1073119231,1073610751,1073463295,1073741823,1073741823,1073741823,1073741823,1073741823:h7
1073741823,1073741823,1073741823,1073737727,1073446911,1072527103,1073151999,1073119231,1073610751,1073463295,1073741823,1073741823,1073741823,1073741823,1073741823:h7
1073741823,1073741823,1073741823,1073737727,1073446911,1073575679,1073151999,1073119231,1073610751,1073463295,1073741823,1073740799,1073741823,1073741823,1073741823:h7
1073741823,1073741823,1073741823,1073737727,1073446911,1073575679,1073151999,1073119231,1073610751,1073463295,1073737727,1073741823,1073741823,1073741823,1073741823:h7
1073741823,1073741823,1073741823,1073737727,1073446911,1073575679,1073151999,1073119231,1073610751,1073459199,1073741823,1073741823,1073741823,1073741823,1073741823:h7
1073741823,1073741823,1073741823,1073737727,1073446911,1073575679,1073151999,1073119231,1073610751,1073397759,1073741823,1073741823,1073741823,1073741823,1073741823:h7
1073741823,1073741823,1073741823,1073737727,1073446911,1073575679,1073151999,1073119231,1073610751,1073463295,1073741823,1073479679,1073741823,1073741823,1073741823:h7
1073741823,1073741823,1073741823,1073737727,1073446911,1073575679,1073151999,1073119231,1073610751,1073463295,1073676287,1073741823,1073741823,1073741823,1073741823:h7
1073741823,1073741823,1073741823,1073737727,1073446911,1073575679,1073151999,1073119231,1073610751,1073463295,1073741823,1073725439,1073741823,1073741823,1073741823:h7
1073741823,1073741823,1073741823,1073737727,1073446911,1073575679,1073151999,1073119231,1073610751,1073463295,1073725439,1073741823,1073741823,1073741823,1073741823:h7
1073741823,1073741823,1073741823,1073737727,1073446911,1069381375,1073151999,1073119231,1073610751,1073463295,1073741823,1073741823,1073741823,1073741823,1073741823:h7
1073741823,1073741823,1073741823,1073737727,1073446911,1073575679,1073151999,1068924927,1073610751,1073463295,1073741823,1073741823,1073741823,1073741823,1073741823:h7
1073741823,1073741823,1073741823,1073737727,1073446911,1073575679,1073151999,1072070655,1073610751,1073463295,1073741823,1073741823,1073741823,1073741823,1073741823:h7
1073741823,1073741823,1073741823,1073737727,1073446911,1073575679,1073151999,1073119231,1073610751,1069268991,1073741823,1073741823,1073741823,1073741823,1073741823:h7
1073741823,1073741823,1073741823,1073737727,1073446911,1073575679,1073151999,1073119231,1073348607,1073463295,1073741823,1073741823,1073741823,1073741823,1073741823:h7
1073741823,1073741823,1073741823,1073737727,1073442815,1073575679,1073151999,1073119231,1073610751,1073463295,1073741823,1073741823,1073741823,1073741823,1073741823:h7
1073741823,1073741823,1073741823,1073737727,1073381375,1073575679,1073151999,1073119231,1073610751,1073463295,1073741823,1073741823,1073741823,1073741823,1073741823:h7
1073741823,1073741823,1073741823,1073737727,1072398335,1073575679,1073151999,1073119231,1073610751,1073463295,1073741823,1073741823,1073741823,1073741823,1073741823:h7
1073741823,1073741823,1073741823,1073737727,1073446911,1073575679,1072103423,1073119231,1073610751,1073463295,1073741823,1073741823,1073741823,1073741823,1073741823:h7
1073741823,1073741823,1073741823,1073737727,1073446911,1073575679,1073151999,1073119231,1072562175,1073463295,1073741823,1073741823,1073741823,1073741823,1073741823:h7
1073741823,1073741823,1073741823,1073737727,1073446911,1073575679,1073151999,1073119231,1073610751,1073462271,1073741823,1073741823,1073741823,1073741823,1073741823:h7
1073741823,1073741823,1073741823,1073737727,1073446911,1073575679,1073151999,1073119231,1073606655,1073463295,1073741823,1073741823,1073741823,1073741823,1073741823:h7
1073741823,1073741823,1073741823,1073737727,1073446911,1073575679,1073151999,1073118207,1073610751,1073463295,1073741823,1073741823,1073741823,1073741823,1073741823:h7
1073741823,1073741823,1073741823,1073737727,1073446911,1073575679,1073151999,1073115135,1073610751,1073463295,1073741823,1073741823,1073741823,1073741823,1073741823:h7
1073741823,1073741823,1073741823,1073737727,1073446911,1073575679,1073147903,1073119231,1073610751,1073463295,1073741823,1073741823,1073741823,1073741823,1073741823:h7
1073741823,1073741823,1073741823,1073737727,1073446911,1073575679,1073135615,1073119231,1073610751,1073463295,1073741823,1073741823,1073741823,1073741823,1073741823:g6
1073741823,1073741823,1073741823,1073737727,1073446911,1073313535,1073151999,1073119231,1073610751,1073463295,1073741823,1073741823,1073741823,1073741823,1073741823:h7
1073741823,1073741823,1073741823,1073737727,1073446911,1073575679,1073151999,1073119231,1073594367,1073463295,1073741823,1073741823,1073741823,1073741823,1073741823:g6
1073741823,1073741823,1073741823,1073737727,1073446911,1073608447,1073151999,1073119231,1073594367,1073725439,1073741823,1073741823,1073741823,1073741823,1073741823:g7
