1073741823,1073741823,1073741823,1073737727,1073446911,1073608703,1073135615,1073119231,1073741823,1073725439,1073741823,1073741823,1073741823,1073741823,1073741823:j9
1073741823,1073741823,1073741823,1073737727,1073446911,1073608703,1073135615,1073119231,1073217535,1073725439,1069547519,1073741823,1073741823,1073741823,1073741823:l9
1073741823,1073741823,1073741823,1073737727,1073446911,1073608703,1073135615,1073119231,1073217535,1073725439,1073479679,1073741823,1073741823,1073741823,1073741823:l9
1073741823,1073741823,1073741823,1073737727,1073446911,1073608703,1073135615,1073119231,1073216511,1073725439,1073741823,1073741823,1073741823,1073741823,1073741823:l9
1073741823,1073741823,1073741823,1073737727,1073446911,1073608703,1073135615,1073119167,1073217535,1073725439,1073741823,1073741823,1073741823,1073741823,1073741823:l9
1073741823,1073741823,1073741823,1073737727,1073446911,1073608703,1073135359,1073119231,1073217535,1073725439,1073741823,1073741823,1073741823,1073741823,1073741823:j10
1073741823,1073741823,1073741823,1073737727,1073446911,1073608639,1073135615,1073119231,1073217535,1073725439,1073741823,1073741823,1073741823,1073741823,1073741823:l9
1073741823,1073741823,1073741823,1073737663,1073446911,1073608703,1073135615,1073119231,1073217535,1073725439,1073741823,1073741823,1073741823,1073741823,1073741823:l9
1073741823,1073741823,1073741823,1073737727,1073446655,1073608703,1073135615,1073119231,1073217535,1073725439,1073741823,1073741823,1073741823,1073741823,1073741823:l9
1073741823,1073741823,1073741823,1073737727,1073446911,1073608447,1073135615,1073119231,1073217535,1073725439,1073741823,1073741823,1073741823,1073741823,1073741823:l9
1073741823,1073741823,1073741823,1073737471,1073446911,1073608703,1073135615,1073119231,1073217535,1073725439,1073741823,1073741823,1073741823,1073741823,1073741823:j10
1073741823,1073741823,1073741823,1073736703,1073446911,1073608703,1073135615,1073119231,1073217535,1073725439,1073741823,1073741823,1073741823,1073741823,1073741823:l9
1073741823,1073741567,1073741823,1073737727,1073446911,1073608703,1073135615,1073119231,1073217535,1073725439,1073741823,1073741823,1073741823,1073741823,1073741823:l9
1073741823,1073737727,1073741823,1073737727,1073446911,1073608703,1073135615,1073119231,1073217535,1073725439,1073741823,1073741823,1073741823,1073741823,1073741823:l9
1073741823,1073741823,1073737727,1073737727,1073446911,1073608703,1073135615,1073119231,1073217535,1073725439,1073741823,1073741823,1073741823,1073741823,1073741823:l9
1073741823,1073676287,1073741823,1073737727,1073446911,1073608703,1073135615,1073119231,1073217535,1073725439,1073741823,1073741823,1073741823,1073741823,1073741823:l9
1073741823,1073741823,1073741823,1073737727,1073446911,1073608703,1073134591,1073119231,1073217535,1073725439,1073741823,1073741823,1073741823,1073741823,1073741823:j10
1073741823,1073741823,1073741823,1073737727,1073445887,1073608703,1073135615,1073119231,1073217535,1073725439,1073741823,1073741823,1073741823,1073741823,1073741823:j10
1073741823,1073741823,1073740799,1073737727,1073446911,1073608703,1073135615,1073119231,1073217535,1073725439,1073741823,1073741823,1073741823,1073741823,1073741823:l9
1073741823,1073741823,1073741823,1073721343,1073446911,1073608703,1073135615,1073119231,1073217535,1073725439,1073741823,1073741823,1073741823,1073741823,1073741823:l9
1073741823,1073741823,1073725439,1073737727,1073446911,1073608703,1073135615,1073119231,1073217535,1073725439,1073741823,1073741823,1073741823,1073741823,1073741823:l9
1073741823,1073741823,1073479679,1073737727,1073446911,1073608703,1073135615,1073119231,1073217535,1073725439,1073741823,1073741823,1073741823,1073741823,1073741823:l9
1073741823,1073741823,1073741823,1073475583,1073446911,1073608703,1073135615,1073119231,1073217535,1073725439,1073741823,1073741823,1073741823,1073741823,1073741823:l9
1073741823,1073741823,1069547519,1073737727,1073446911,1073608703,1073135615,1073119231,1073217535,1073725439,1073741823,1073741823,1073741823,1073741823,1073741823:l9
1073741823,1073741823,1073741823,1073737727,1069252607,1073608703,1073135615,1073119231,1073217535,1073725439,1073741823,1073741823,1073741823,1073741823,1073741823:l9
1073741823,1073741823,1073741823,1073737727,1073446911,1073608703,1068941311,1073119231,1073217535,1073725439,1073741823,1073741823,1073741823,1073741823,1073741823:l9
1073741823,1073741823,1073741823,1073737727,1073446911,1073608703,1073135615,1073119231,1069023231,1073725439,1073741823,1073741823,1073741823,1073741823,1073741823:j10
1073741823,1073741823,1073741823,1073737727,1073446911,1073608703,1073135615,1073119231,1073217535,1072676863,1073741823,1073741823,1073741823,1073741823,1073741823:l9
1073741823,1073741823,1073741823,1073737727,1073446911,1073604607,1073135615,1073119231,1073217535,1073725439,1073741823,1073741823,1073741823,1073741823,1073741823:j10
1073741823,1073741823,1073741823,1073672191,1073446911,1073608703,1073135615,1073119231,1073217535,1073725439,1073741823,1073741823,1073741823,1073741823,1073741823:l9
1073741823,1073741823,1073741823,1072689151,1073446911,1073608703,1073135615,1073119231,1073217535,1073725439,1073741823,1073741823,1073741823,1073741823,1073741823:l9
1073741823,1073741823,1073741823,1073737727,1073446911,1072560127,1073135615,1073119231,1073217535,1073725439,1073741823,1073741823,1073741823,1073741823,1073741823:l9
1073741823,1073741823,1073741823,1073737727,1073446911,1073608703,1073135615,1073119231,1073217535,1073725439,1073741823,1073740799,1073741823,1073741823,1073741823:l9
1073741823,1073741823,1073741823,1073737727,1073446911,1073608703,1073135615,1073119231,1073217535,1073725439,1073737727,1073741823,1073741823,1073741823,1073741823:l9
1073741823,1073741823,1073741823,1073737727,1073446911,1073608703,1073135615,1073119231,1073217535,1073721343,1073741823,1073741823,1073741823,1073741823,1073741823:l9
1073741823,1073741823,1073741823,1073737727,1073446911,1073608703,1073135615,1073119231,1073217535,1073659903,1073741823,1073741823,1073741823,1073741823,1073741823:l9
1073741823,1073741823,1073741823,1073737727,1073446911,1073608703,1073135615,1073119231,1073217535,1073725439,1073741823,1073479679,1073741823,1073741823,1073741823:l9
1073741823,1073741823,1073741823,1073737727,1073446911,1073608703,1073135615,1073119231,1073217535,1073725439,1073676287,1073741823,1073741823,1073741823,1073741823:l9
1073741823,1073741823,1073741823,1073737727,1073446911,1073608703,1073135615,1073119231,1073217535,1073725439,1073741823,1073725439,1073741823,1073741823,1073741823:l9
1073741823,1073741823,1073741823,1073737727,1073446911,1073608703,1073135615,1073119231,1073217535,1073725439,1073725439,1073741823,1073741823,1073741823,1073741823:l9
1073741823,1073741823,1073741823,1073737727,1073446911,1069414399,1073135615,1073119231,1073217535,1073725439,1073741823,1073741823,1073741823,1073741823,1073741823:l9
1073741823,1073741823,1073741823,1073737727,1073446911,1073608703,1073135615,1068924927,1073217535,1073725439,1073741823,1073741823,1073741823,1073741823,1073741823:l9
1073741823,1073741823,1073741823,1073737727,1073446911,1073608703,1073135615,1072070655,1073217535,1073725439,1073741823,1073741823,1073741823,1073741823,1073741823:j10
1073741823,1073741823,1073741823,1073737727,1073446911,1073608703,1073135615,1073119231,1073217535,1069531135,1073741823,1073741823,1073741823,1073741823,1073741823:l9
1073741823,1073741823,1073741823,1073737727,1073442815,1073608703,1073135615,1073119231,1073217535,1073725439,1073741823,1073741823,1073741823,1073741823,1073741823:l9
1073741823,1073741823,1073741823,1073737727,1073381375,1073608703,1073135615,1073119231,1073217535,1073725439,1073741823,1073741823,1073741823,1073741823,1073741823:l9
1073741823,1073741823,1073741823,1073737727,1072398335,1073608703,1073135615,1073119231,1073217535,1073725439,1073741823,1073741823,1073741823,1073741823,1073741823:l9
1073741823,1073741823,1073741823,1073737727,1073446911,1073608703,1072087039,1073119231,1073217535,1073725439,1073741823,1073741823,1073741823,1073741823,1073741823:l9
1073741823,1073741823,1073741823,1073737727,1073446911,1073608703,1073135615,1073119231,1072168959,1073725439,1073741823,1073741823,1073741823,1073741823,1073741823:j10
1073741823,1073741823,1073741823,1073737727,1073446911,1073608703,1073135615,1073119231,1073217535,1073724415,1073741823,1073741823,1073741823,1073741823,1073741823:l9
1073741823,1073741823,1073741823,1073737727,1073446911,1073608703,1073135615,1073119231,1073213439,1073725439,1073741823,1073741823,1073741823,1073741823,1073741823:l9
1073741823,1073741823,1073741823,1073737727,1073446911,1073608703,1073135615,1073118207,1073217535,1073725439,1073741823,1073741823,1073741823,1073741823,1073741823:l9
1073741823,1073741823,1073741823,1073737727,1073446911,1073608703,1073135615,1073115135,1073217535,1073725439,1073741823,1073741823,1073741823,1073741823,1073741823:l9
1073741823,1073741823,1073741823,1073737727,1073446911,1073608703,1073131519,1073119231,1073217535,1073725439,1073741823,1073741823,1073741823,1073741823,1073741823:j10
1073741823,1073741823,1073741823,1073737727,1073446911,1073592319,1073135615,1073119231,1073217535,1073725439,1073741823,1073741823,1073741823,1073741823,1073741823:l9
1073741823,1073741823,1073741823,1073737727,1073446911,1073346559,1073135615,1073119231,1073217535,1073725439,1073741823,1073741823,1073741823,1073741823,1073741823:l9
1073741823,1073741823,1073741823,1073737727,1073446911,1073608703,1073135615,1073119231,1073217535,1073463295,1073741823,1073741823,1073741823,1073741823,1073741823:i9
1073741823,1073741823,1073741823,1073737727,1073446911,1073608703,1073135615,1073119231,1073086463,1073463295,1073741823,1069547519,1073741823,1073741823,1073741823:l9
1073741823,1073741823,1073741823,1073737727,1073446911,1073608703,1073135615,1073119231,1073086463,1073463295,1072693247,1073741823,1073741823,1073741823,1073741823:l9
1073741823,1073741823,1073741823,1073737727,1073446911,1073608703,1073135615,1073119231,1073086463,1073463295,1069547519,1073741823,1073741823,1073741823,1073741823:l9
1073741823,1073741823,1073741823,1073737727,1073446911,1073608703,1073135615,1073119231,1073086463,1073463295,1073479679,1073741823,1073741823,1073741823,1073741823:l9
1073741823,1073741823,1073741823,1073737727,1073446911,1073608703,1073135615,1073119231,1073085439,1073463295,1073741823,1073741823,1073741823,1073741823,1073741823:l9
1073741823,1073741823,1073741823,1073737727,1073446911,1073608703,1073135615,1073119167,1073086463,1073463295,1073741823,1073741823,1073741823,1073741823,1073741823:l9
1073741823,1073741823,1073741823,1073737727,1073446911,1073608703,1073135359,1073119231,1073086463,1073463295,1073741823,1073741823,1073741823,1073741823,1073741823:l9
1073741823,1073741823,1073741823,1073737727,1073446911,1073608639,1073135615,1073119231,1073086463,1073463295,1073741823,1073741823,1073741823,1073741823,1073741823:l9
1073741823,1073741823,1073741823,1073737663,1073446911,1073608703,1073135615,1073119231,1073086463,1073463295,1073741823,1073741823,1073741823,1073741823,1073741823:l9
1073741823,1073741823,1073741823,1073737727,1073446655,1073608703,1073135615,1073119231,1073086463,1073463295,1073741823,1073741823,1073741823,1073741823,1073741823:l9
1073741823,1073741823,1073741823,1073737727,1073446911,1073608447,1073135615,1073119231,1073086463,1073463295,1073741823,1073741823,1073741823,1073741823,1073741823:l9
1073741823,1073741823,1073741823,1073737471,1073446911,1073608703,1073135615,1073119231,1073086463,1073463295,1073741823,1073741823,1073741823,1073741823,1073741823:l9
1073741823,1073741823,1073741823,1073736703,1073446911,1073608703,1073135615,1073119231,1073086463,1073463295,1073741823,1073741823,1073741823,1073741823,1073741823:l9
1073741823,1073741567,1073741823,1073737727,1073446911,1073608703,1073135615,1073119231,1073086463,1073463295,1073741823,1073741823,1073741823,1073741823,1073741823:l9
1073741823,1073737727,1073741823,1073737727,1073446911,1073608703,1073135615,1073119231,1073086463,1073463295,1073741823,1073741823,1073741823,1073741823,1073741823:l9
1073741823,1073741823,1073737727,1073737727,1073446911,1073608703,1073135615,1073119231,1073086463,1073463295,1073741823,1073741823,1073741823,1073741823,1073741823:l9
1073741823,1073676287,1073741823,1073737727,1073446911,1073608703,1073135615,1073119231,1073086463,1073463295,1073741823,1073741823,1073741823,1073741823,1073741823:l9
1073741823,1073741823,1073741823,1073737727,1073446911,1073608703,1073134591,1073119231,1073086463,1073463295,1073741823,1073741823,1073741823,1073741823,1073741823:l9
1073741823,1073741823,1073741823,1073737727,1073445887,1073608703,1073135615,1073119231,1073086463,1073463295,1073741823,1073741823,1073741823,1073741823,1073741823:l9
1073741823,1073741823,1073740799,1073737727,1073446911,1073608703,1073135615,1073119231,1073086463,1073463295,1073741823,1073741823,1073741823,1073741823,1073741823:l9
1073741823,1073741823,1073741823,1073721343,1073446911,1073608703,1073135615,1073119231,1073086463,1073463295,1073741823,1073741823,1073741823,1073741823,1073741823:l9
1073741823,1073741823,1073725439,1073737727,1073446911,1073608703,1073135615,1073119231,1073086463,1073463295,1073741823,1073741823,1073741823,1073741823,1073741823:l9
1073741823,1073741823,1073479679,1073737727,1073446911,1073608703,1073135615,1073119231,1073086463,1073463295,1073741823,1073741823,1073741823,1073741823,1073741823:l9
1073741823,1073741823,1073741823,1073475583,1073446911,1073608703,1073135615,1073119231,1073086463,1073463295,1073741823,1073741823,1073741823,1073741823,1073741823:l9
1073741823,1073741823,1069547519,1073737727,1073446911,1073608703,1073135615,1073119231,1073086463,1073463295,1073741823,1073741823,1073741823,1073741823,1073741823:l9
1073741823,1073741823,1073741823,1073737727,1069252607,1073608703,1073135615,1073119231,1073086463,1073463295,1073741823,1073741823,1073741823,1073741823,1073741823:l9
1073741823,1073741823,1073741823,1073737727,1073446911,1073608703,1068941311,1073119231,1073086463,1073463295,1073741823,1073741823,1073741823,1073741823,1073741823:l9
1073741823,1073741823,1073741823,1073737727,1073446911,1073608703,1073135615,1073119231,1068892159,1073463295,1073741823,1073741823,1073741823,1073741823,1073741823:g6
1073741823,1073741823,1073741823,1073737727,1073446911,1073608703,1073135615,1073119231,1073086463,1072414719,1073741823,1073741823,1073741823,1073741823,1073741823:l9
1073741823,1073741823,1073741823,1073737727,1073446911,1073604607,1073135615,1073119231,1073086463,1073463295,1073741823,1073741823,1073741823,1073741823,1073741823:l9
1073741823,1073741823,1073741823,1073672191,1073446911,1073608703,1073135615,1073119231,1073086463,1073463295,1073741823,1073741823,1073741823,1073741823,1073741823:l9
1073741823,1073741823,1073741823,1072689151,1073446911,1073608703,1073135615,1073119231,1073086463,1073463295,1073741823,1073741823,1073741823,1073741823,1073741823:l9
1073741823,1073741823,1073741823,1073737727,1073446911,1072560127,1073135615,1073119231,1073086463,1073463295,1073741823,1073741823,1073741823,1073741823,1073741823:l9
1073741823,1073741823,1073741823,1073737727,1073446911,1073608703,1073135615,1073119231,1073086463,1073463295,1073741823,1073740799,1073741823,1073741823,1073741823:l9
1073741823,1073741823,1073741823,1073737727,1073446911,1073608703,1073135615,1073119231,1073086463,1073463295,1073737727,1073741823,1073741823,1073741823,1073741823:l9
1073741823,1073741823,1073741823,1073737727,1073446911,1073608703,1073135615,1073119231,1073086463,1073459199,1073741823,1073741823,1073741823,1073741823,1073741823:l9
1073741823,1073741823,1073741823,1073737727,1073446911,1073608703,1073135615,1073119231,1073086463,1073397759,1073741823,1073741823,1073741823,1073741823,1073741823:l9
1073741823,1073741823,1073741823,1073737727,1073446911,1073608703,1073135615,1073119231,1073086463,1073463295,1073741823,1073479679,1073741823,1073741823,1073741823:l9
1073741823,1073741823,1073741823,1073737727,1073446911,1073608703,1073135615,1073119231,1073086463,1073463295,1073676287,1073741823,1073741823,1073741823,1073741823:l9
1073741823,1073741823,1073741823,1073737727,1073446911,1073608703,1073135615,1073119231,1073086463,1073463295,1073741823,1073725439,1073741823,1073741823,1073741823:l9
1073741823,1073741823,1073741823,1073737727,1073446911,1073608703,1073135615,1073119231,1073086463,1073463295,1073725439,1073741823,1073741823,1073741823,1073741823:l9
1073741823,1073741823,1073741823,1073737727,1073446911,1069414399,1073135615,1073119231,1073086463,1073463295,1073741823,1073741823,1073741823,1073741823,1073741823:l9
1073741823,1073741823,1073741823,1073737727,1073446911,1073608703,1073135615,1068924927,1073086463,1073463295,1073741823,1073741823,1073741823,1073741823,1073741823:l9
1073741823,1073741823,1073741823,1073737727,1073446911,1073608703,1073135615,1072070655,1073086463,1073463295,1073741823,1073741823,1073741823,1073741823,1073741823:g6
1073741823,1073741823,1073741823,1073737727,1073446911,1073608703,1073135615,1073119231,1073086463,1069268991,1073741823,1073741823,1073741823,1073741823,1073741823:l9
1073741823,1073741823,1073741823,1073737727,1073442815,1073608703,1073135615,1073119231,1073086463,1073463295,1073741823,1073741823,1073741823,1073741823,1073741823:l9
1073741823,1073741823,1073741823,1073737727,1073381375,1073608703,1073135615,1073119231,1073086463,1073463295,1073741823,1073741823,1073741823,1073741823,1073741823:l9
1073741823,1073741823,1073741823,1073737727,1072398335,1073608703,1073135615,1073119231,1073086463,1073463295,1073741823,1073741823,1073741823,1073741823,1073741823:l9
1073741823,1073741823,1073741823,1073737727,1073446911,1073608703,1072087039,1073119231,1073086463,1073463295,1073741823,1073741823,1073741823,1073741823,1073741823:l9
1073741823,1073741823,1073741823,1073737727,1073446911,1073608703,1073135615,1073119231,1072037887,1073463295,1073741823,1073741823,1073741823,1073741823,1073741823:g6
1073741823,1073741823,1073741823,1073737727,1073446911,1073608703,1073135615,1073119231,1073086463,1073462271,1073741823,1073741823,1073741823,1073741823,1073741823:l9
1073741823,1073741823,1073741823,1073737727,1073446911,1073608703,1073135615,1073119231,1073082367,1073463295,1073741823,1073741823,1073741823,1073741823,1073741823:l9
1073741823,1073741823,1073741823,1073737727,1073446911,1073608703,1073135615,1073118207,1073086463,1073463295,1073741823,1073741823,1073741823,1073741823,1073741823:l9
1073741823,1073741823,1073741823,1073737727,1073446911,1073608703,1073135615,1073115135,1073086463,1073463295,1073741823,1073741823,1073741823,1073741823,1073741823:l9
1073741823,1073741823,1073741823,1073737727,1073446911,1073608703,1073131519,1073119231,1073086463,1073463295,1073741823,1073741823,1073741823,1073741823,1073741823:l9
1073741823,1073741823,1073741823,1073737727,1073446911,1073592319,1073135615,1073119231,1073086463,1073463295,1073741823,1073741823,1073741823,1073741823,1073741823:l9
1073741823,1073741823,1073741823,1073737727,1073446911,1073346559,1073135615,1073119231,1073086463,1073463295,1073741823,1073741823,1073741823,1073741823,1073741823:l9
1073741823,1073741823,1073741823,1073737727,1073446911,1073608703,1073135615,1073119231,1073070079,1073463295,1073741823,1073741823,1073741823,1073741823,1073741823:g6
1073741823,1073741823,1073741823,1073737727,1073446911,1073608703,1073135615,1073119231,1073151999,1073725439,1073741823,1073741823,1073741823,1073741823,1073741823:j10
1073741823,1073741823,1073741823,1073737727,1073446911,1073608703,1073135615,1073119231,1073201151,1073725439,1073741823,1073741823,1073741823,1073741823,1073741823:j10
