1073741823,1073741823,1073741823,1073741823,1073741823,1073741823,1073377279,1073118975,1071513599,1073201151,1073741823,1073741823,1073741823,1073741823,1073741823:j9
1073741823,1073741823,1073741823,1073741823,1073741823,1073741823,1073377279,1073118975,1070989311,1073201151,1069547519,1073741823,1073741823,1073741823,1073741823:k11
1073741823,1073741823,1073741823,1073741823,1073741823,1073741823,1073377279,1073118975,1070989311,1073201135,1073741823,1073741823,1073741823,1073741823,1073741823:k11
1073741823,1073741823,1073741823,1073741823,1073741823,1073741823,1073377279,1073118975,1070989247,1073201151,1073741823,1073741823,1073741823,1073741823,1073741823:k11
1073741823,1073741823,1073741823,1073741823,1073741823,1073741823,1073377279,1073118959,1070989311,1073201151,1073741823,1073741823,1073741823,1073741823,1073741823:k11
1073741823,1073741823,1073741823,1073741823,1073741823,1073741823,1073377279,1073118911,1070989311,1073201151,1073741823,1073741823,1073741823,1073741823,1073741823:k11
1073741823,1073741823,1073741823,1073741823,1073741823,1073741807,1073377279,1073118975,1070989311,1073201151,1073741823,1073741823,1073741823,1073741823,1073741823:k11
1073741823,1073741823,1073741823,1073741823,1073741823,1073741823,1073377215,1073118975,1070989311,1073201151,1073741823,1073741823,1073741823,1073741823,1073741823:k11
1073741823,1073741823,1073741823,1073741823,1073741823,1073741567,1073377279,1073118975,1070989311,1073201151,1073741823,1073741823,1073741823,1073741823,1073741823:k11
1073741823,1073741823,1073741823,1073741823,1073741823,1073741823,1073377279,1073118975,1070989311,1073200895,1073741823,1073741823,1073741823,1073741823,1073741823:k11
1073741823,1073741823,1073741823,1073741823,1073741823,1073741823,1073377279,1073118975,1070988287,1073201151,1073741823,1073741823,1073741823,1073741823,1073741823:k11
1073741823,1073741823,1073741823,1073741823,1073740799,1073741823,1073377279,1073118975,1070989311,1073201151,1073741823,1073741823,1073741823,1073741823,1073741823:k11
1073741823,1073741823,1073741823,1073741823,1073725439,1073741823,1073377279,1073118975,1070989311,1073201151,1073741823,1073741823,1073741823,1073741823,1073741823:h9
1073741823,1073741823,1073741823,1073741823,1073479679,1073741823,1073377279,1073118975,1070989311,1073201151,1073741823,1073741823,1073741823,1073741823,1073741823:k11
1073741823,1073741823,1073741823,1073741823,1069547519,1073741823,1073377279,1073118975,1070989311,1073201151,1073741823,1073741823,1073741823,1073741823,1073741823:h9
1073741823,1073741823,1073741823,1073741823,1073741823,1073741823,1069182975,1073118975,1070989311,1073201151,1073741823,1073741823,1073741823,1073741823,1073741823:k11
1073741823,1073741823,1073741823,1073741823,1073741823,1073741823,1056600063,1073118975,1070989311,1073201151,1073741823,1073741823,1073741823,1073741823,1073741823:k11
1073741823,1073741823,1073741823,1073741823,1073741823,1073741823,1073377279,1073118975,1054212095,1073201151,1073741823,1073741823,1073741823,1073741823,1073741823:h9
1073741823,1073741823,1073741823,1073741823,1073741823,1073741823,1073377279,1073118975,1066795007,1073201151,1073741823,1073741823,1073741823,1073741823,1073741823:k11
1073741823,1073741823,1073741823,1073741823,1073741823,1073741823,1073377279,1073118975,1070989311,1073201151,1056964607,1073741823,1073741823,1073741823,1073741823:k11
1073741823,1073741823,1073741823,1073741823,1073741823,1073741823,1073377279,1073118975,1070989055,1073201151,1073741823,1073741823,1073741823,1073741823,1073741823:k11
1073741823,1073741823,1073741823,1073741823,1073741823,1073741823,1073377023,1073118975,1070989311,1073201151,1073741823,1073741823,1073741823,1073741823,1073741823:k11
1073741823,1073741823,1073741823,1073741823,1073741823,1073741823,1073376255,1073118975,1070989311,1073201151,1073741823,1073741823,1073741823,1073741823,1073741823:k11
1073741823,1073741823,1073741823,1073741823,1073741567,1073741823,1073377279,1073118975,1070989311,1073201151,1073741823,1073741823,1073741823,1073741823,1073741823:k11
1073741823,1073741823,1073741823,1073741823,1073741823,1073741823,1073377279,1073118975,1070989311,1073201151,1073741823,1069547519,1073741823,1073741823,1073741823:h9
1073741823,1073741823,1073741823,1073741823,1073741823,1073741823,1073377279,1073118975,1070989311,1073201151,1073479679,1073741823,1073741823,1073741823,1073741823:h9
1073741823,1073741823,1073741823,1073741823,1073741823,1073741823,1073377279,1073118975,1070989311,1073201151,1073741823,1073740799,1073741823,1073741823,1073741823:k11
1073741823,1073741823,1073741823,1073741823,1073741823,1073741823,1073377279,1073118975,1070989311,1073201151,1073741823,1073479679,1073741823,1073741823,1073741823:h9
1073741823,1073741823,1073741823,1073741823,1073741823,1073741823,1073377279,1073118975,1070989311,1073201151,1073741823,1073725439,1073741823,1073741823,1073741823:h9
1073741823,1073741823,1073741823,1073741823,1073741823,1073741823,1073377279,1073118975,1070989311,1073201151,1073725439,1073741823,1073741823,1073741823,1073741823:k11
1073741823,1073741823,1073741823,1073741823,1073741823,1073741823,1073377279,1073118975,1070989311,1073201151,1073737727,1073741823,1073741823,1073741823,1073741823:k11
1073741823,1073741823,1073741823,1073741823,1073741823,1073741823,1073377279,1073118975,1070989311,1073201151,1072693247,1073741823,1073741823,1073741823,1073741823:h9
1073741823,1073741823,1073741823,1073741823,1073741823,1073741823,1073377279,1073118975,1070989311,1073201151,1073676287,1073741823,1073741823,1073741823,1073741823:k11
1073741823,1073741823,1073741823,1073741823,1073741823,1073741823,1073377279,1073118975,1070989311,1073197055,1073741823,1073741823,1073741823,1073741823,1073741823:h9
1073741823,1073741823,1073741823,1073741823,1073741823,1073737727,1073377279,1073118975,1070989311,1073201151,1073741823,1073741823,1073741823,1073741823,1073741823:k11
1073741823,1073741823,1073741823,1073741823,1073741823,1072693247,1073377279,1073118975,1070989311,1073201151,1073741823,1073741823,1073741823,1073741823,1073741823:h9
1073741823,1073741823,1073741823,1073741823,1073741823,1073741823,1073377279,1073118975,1070989311,1072152575,1073741823,1073741823,1073741823,1073741823,1073741823:h9
1073741823,1073741823,1073741823,1073741823,1073741823,1073741823,1073377279,1073118975,1070989311,1073135615,1073741823,1073741823,1073741823,1073741823,1073741823:h9
1073741823,1073741823,1073741823,1073741823,1073741823,1069547519,1073377279,1073118975,1070989311,1073201151,1073741823,1073741823,1073741823,1073741823,1073741823:k11
1073741823,1073741823,1073741823,1073741823,1073741823,1073741823,1073377279,1068924671,1070989311,1073201151,1073741823,1073741823,1073741823,1073741823,1073741823:k11
1073741823,1073741823,1073741823,1073741823,1073741823,1073741823,1073377279,1072070399,1070989311,1073201151,1073741823,1073741823,1073741823,1073741823,1073741823:h9
1073741823,1073741823,1073741823,1073741823,1073741823,1073741823,1073377279,1073118975,1070989311,1069006847,1073741823,1073741823,1073741823,1073741823,1073741823:h9
1073741823,1073741823,1073741823,1073741823,1073737727,1073741823,1073377279,1073118975,1070989311,1073201151,1073741823,1073741823,1073741823,1073741823,1073741823:k11
1073741823,1073741823,1073741823,1073741823,1073676287,1073741823,1073377279,1073118975,1070989311,1073201151,1073741823,1073741823,1073741823,1073741823,1073741823:h9
1073741823,1073741823,1073741823,1073741823,1073741823,1073676287,1073377279,1073118975,1070989311,1073201151,1073741823,1073741823,1073741823,1073741823,1073741823:h9
1073741823,1073741823,1073741823,1073741823,1072693247,1073741823,1073377279,1073118975,1070989311,1073201151,1073741823,1073741823,1073741823,1073741823,1073741823:k11
1073741823,1073741823,1073741823,1073741823,1073741823,1073741823,1072328703,1073118975,1070989311,1073201151,1073741823,1073741823,1073741823,1073741823,1073741823:k11
1073741823,1073741823,1073741823,1073741823,1073741823,1073741823,1073377279,1073118975,1070989311,1073200127,1073741823,1073741823,1073741823,1073741823,1073741823:k11
1073741823,1073741823,1073741823,1073741823,1073741823,1073741823,1073377279,1073118975,1070985215,1073201151,1073741823,1073741823,1073741823,1073741823,1073741823:k11
1073741823,1073741823,1073741823,1073741823,1073741823,1073741823,1073377279,1073117951,1070989311,1073201151,1073741823,1073741823,1073741823,1073741823,1073741823:k11
1073741823,1073741823,1073741823,1073741823,1073741823,1073741823,1073377279,1073114879,1070989311,1073201151,1073741823,1073741823,1073741823,1073741823,1073741823:h9
1073741823,1073741823,1073741823,1073741823,1073741823,1073740799,1073377279,1073118975,1070989311,1073201151,1073741823,1073741823,1073741823,1073741823,1073741823:k11
1073741823,1073741823,1073741823,1073741823,1073741823,1073725439,1073377279,1073118975,1070989311,1073201151,1073741823,1073741823,1073741823,1073741823,1073741823:k11
1073741823,1073741823,1073741823,1073741823,1073741823,1073479679,1073377279,1073118975,1070989311,1073201151,1073741823,1073741823,1073741823,1073741823,1073741823:k11
1073741823,1073741823,1073741823,1073741823,1073741823,1073741823,1073377279,1073118975,1070972927,1073201151,1073741823,1073741823,1073741823,1073741823,1073741823:k11
