1073741823,1073741823,1073741823,1073741823,1073741823,1073610751,1071316991,1072070655,1066758143,1069006847,1072562175,1073725439,1073741823,1073741823,1073741823:j6
1073741823,1073741823,1073741823,1073725439,1073741823,1073086463,1071316991,1072070655,1066758143,1069006847,1072562175,1073725439,1073741823,1073741823,1073741823:l6
1073741823,1073741823,1073741823,1073479679,1073741823,1073086463,1071316991,1072070655,1066758143,1069006847,1072562175,1073725439,1073741823,1073741823,1073741823:l6
1073741823,1073741823,1073741823,1069547519,1073741823,1073086463,1071316991,1072070655,1066758143,1069006847,1072562175,1073725439,1073741823,1073741823,1073741823:l6
1073741823,1073741823,1073741823,1073741823,1073741823,1073086463,1071316991,1004961791,1066758143,1069006847,1072562175,1073725439,1073741823,1073741823,1073741823:l6
1073741823,1073741823,1073741823,1073741823,1073741823,1073086463,1071316991,1072070655,1066758143,1001897983,1072562175,1073725439,1073741823,1073741823,1073741823:l6
1073741823,1073741823,1073741823,1073741823,1073741823,1073086463,1071316991,1072070655,1066758143,1069006847,1072562175,1006616575,1073741823,1073741823,1073741823:l6
1073741823,1073741823,1073741823,1073737727,1073741823,1073086463,1071316991,1072070655,1066758143,1069006847,1072562175,1073725439,1073741823,1073741823,1073741823:l6
1073741823,1073741823,1073741823,1073676287,1073741823,1073086463,1071316991,1072070655,1066758143,1069006847,1072562175,1073725439,1073741823,1073741823,1073741823:l6
1073741823,1073741823,1073741823,1072693247,1073741823,1073086463,1071316991,1072070655,1066758143,1069006847,1072562175,1073725439,1073741823,1073741823,1073741823:l6
1073741823,1073741823,1073741823,1073741823,1073741823,1056309247,1071316991,1072070655,1066758143,1069006847,1072562175,1073725439,1073741823,1073741823,1073741823:l6
1073741823,1073741823,1073741823,1073741823,1056964607,1073086463,1071316991,1072070655,1066758143,1069006847,1072562175,1073725439,1073741823,1073741823,1073741823:l8
1073741823,1073741823,1073741823,1073741823,1073741823,1073086463,1071316991,1072070655,1066758143,1069006847,1072562175,1073725439,1073741823,1073740799,1073741823:l6
1073741823,1073741823,1073741823,1073741823,1073741823,1073086463,1071316991,1072070655,1066758143,1069006847,1072562175,1073721343,1073741823,1073741823,1073741823:l6
1073741823,1073741823,1073741823,1073741823,1073741823,1073086463,1071316991,1072070655,1066758143,1069006847,1072562175,1073725439,1073741823,1073479679,1073741823:l6
1073741823,1073741823,1073741823,1073741823,1073741823,1073086463,1071316991,1072070655,1066758143,1069006847,1072562175,1073725439,1073741823,1073725439,1073741823:l6
1073741823,1073741823,1073741823,1073741823,1073741823,1073086463,1071316991,1072070655,1066758143,1069006847,1072562175,1073725439,1073725439,1073741823,1073741823:l6
1073741823,1073741823,1073741823,1073741823,1073741823,1073086463,1071316991,1072070655,1066758143,1069006847,1072562175,1073725439,1073737727,1073741823,1073741823:l6
1073741823,1073741823,1073741823,1073741823,1073741823,1073086463,1071316991,1072070655,1066758143,1069006847,1072562175,1073659903,1073741823,1073741823,1073741823:l6
1073741823,1073741823,1073741823,1073741823,1073741823,1073086463,1004208127,1072070655,1066758143,1069006847,1072562175,1073725439,1073741823,1073741823,1073741823:l6
1073741823,1073741823,1073741823,1073741823,1073741823,1073086463,1071316991,1055293439,1066758143,1069006847,1072562175,1073725439,1073741823,1073741823,1073741823:l6
1073741823,1073741823,1073741823,1073741823,1073741823,1073086463,1071316991,1072070655,999649279,1069006847,1072562175,1073725439,1073741823,1073741823,1073741823:l6
1073741823,1073741823,1073741823,1073741823,1073741823,1073086463,1071316991,1072070655,1066758143,1069006847,1005453311,1073725439,1073741823,1073741823,1073741823:m10
1073741823,1073741823,1073741823,1073741823,1073741823,1073086463,1071316991,803635199,1066758143,1035452415,1005453311,1073725439,1073741823,1073741823,1073741823:h6
1073741823,1073741823,1073741823,1073741823,1073741823,1073086463,1071316991,1072070655,1066758143,1035452415,1005453311,1073725439,1069547519,1073741823,1073741823:l6
1073741823,1073741823,1073741823,1073741823,1073741823,1073086463,1071316991,1072070655,1066758143,1035452415,1005453311,1056948223,1073741823,1073741823,1073741823:h6
1073741823,1073741823,1073741823,1073741823,1073741823,1073086463,1071316991,1072070655,1066758143,767016959,1005453311,1073725439,1073741823,1073741823,1073741823:h6
1073741823,1073741823,1073741823,1073741823,1073741823,1073086463,1071316991,1072070655,1066758143,1035452415,737017855,1073725439,1073741823,1073741823,1073741823:l6
1073741823,1073741823,1073741823,1073741823,1073741823,1073086463,1071316991,1072070655,1066758143,1035452415,1005453311,805289983,1073741823,1073741823,1073741823:h6
1073741823,1073741823,1073741823,1073741823,1073741823,1073086463,1071316991,1072070655,1066758143,1035452415,1005453311,1073725439,1006632959,1073741823,1073741823:h6
1073741823,1073741823,1073741823,1073725439,1073741823,1073086463,1071316991,1072070655,1066758143,1035452415,1005453311,1073725439,1073741823,1073741823,1073741823:h6
1073741823,1073741823,1073741823,1073479679,1073741823,1073086463,1071316991,1072070655,1066758143,1035452415,1005453311,1073725439,1073741823,1073741823,1073741823:h6
1073741823,1073741823,1073741823,1069547519,1073741823,1073086463,1071316991,1072070655,1066758143,1035452415,1005453311,1073725439,1073741823,1073741823,1073741823:l6
1073741823,1073741823,1073741823,1073741823,1073741823,1073086463,1071316991,1004961791,1066758143,1035452415,1005453311,1073725439,1073741823,1073741823,1073741823:l6
1073741823,1073741823,1073741823,1073741823,1073741823,1073086463,1071316991,1072070655,1066758143,968343551,1005453311,1073725439,1073741823,1073741823,1073741823:h6
1073741823,1073741823,1073741823,1073741823,1073741823,1073086463,1071316991,1072070655,1066758143,1035452415,1005453311,1006616575,1073741823,1073741823,1073741823:h6
1073741823,1073741823,1073741823,1073737727,1073741823,1073086463,1071316991,1072070655,1066758143,1035452415,1005453311,1073725439,1073741823,1073741823,1073741823:h6
1073741823,1073741823,1073741823,1073676287,1073741823,1073086463,1071316991,1072070655,1066758143,1035452415,1005453311,1073725439,1073741823,1073741823,1073741823:l6
1073741823,1073741823,1073741823,1072693247,1073741823,1073086463,1071316991,1072070655,1066758143,1035452415,1005453311,1073725439,1073741823,1073741823,1073741823:l6
1073741823,1073741823,1073741823,1073741823,1073741823,1056309247,1071316991,1072070655,1066758143,1035452415,1005453311,1073725439,1073741823,1073741823,1073741823:l8
1073741823,1073741823,1073741823,1073741823,1056964607,1073086463,1071316991,1072070655,1066758143,1035452415,1005453311,1073725439,1073741823,1073741823,1073741823:l8
1073741823,1073741823,1073741823,1073741823,1073741823,1073086463,1071316991,1072070655,1066758143,1035452415,1005453311,1073725439,1073741823,1073740799,1073741823:h6
1073741823,1073741823,1073741823,1073741823,1073741823,1073086463,1071316991,1072070655,1066758143,1035452415,1005453311,1073721343,1073741823,1073741823,1073741823:h6
1073741823,1073741823,1073741823,1073741823,1073741823,1073086463,1071316991,1072070655,1066758143,1035452415,1005453311,1073725439,1073741823,1073479679,1073741823:h6
1073741823,1073741823,1073741823,1073741823,1073741823,1073086463,1071316991,1072070655,1066758143,1035452415,1005453311,1073725439,1073741823,1073725439,1073741823:l6
1073741823,1073741823,1073741823,1073741823,1073741823,1073086463,1071316991,1072070655,1066758143,1035452415,1005453311,1073725439,1073725439,1073741823,1073741823:l6
1073741823,1073741823,1073741823,1073741823,1073741823,1073086463,1071316991,1072070655,1066758143,1035452415,1005453311,1073725439,1073737727,1073741823,1073741823:h6
1073741823,1073741823,1073741823,1073741823,1073741823,1073086463,1071316991,1072070655,1066758143,1035452415,1005453311,1073659903,1073741823,1073741823,1073741823:h6
1073741823,1073741823,1073741823,1073741823,1073741823,1073086463,1004208127,1072070655,1066758143,1035452415,1005453311,1073725439,1073741823,1073741823,1073741823:h6
1073741823,1073741823,1073741823,1073741823,1073741823,1073086463,1071316991,1055293439,1066758143,1035452415,1005453311,1073725439,1073741823,1073741823,1073741823:h6
1073741823,1073741823,1073741823,1073741823,1073741823,1073086463,1071316991,1072070655,999649279,1035452415,1005453311,1073725439,1073741823,1073741823,1073741823:h6
1073741823,1073741823,1073741823,1073741823,1073741823,1073086463,1054539775,1072070655,1066758143,1035452415,1005453311,1073725439,1073741823,1073741823,1073741823:h6
1073741823,1073741823,1073741823,1073741823,1073741823,1073086463,1071316991,1072070655,1066758143,1035452415,1005453055,1073725439,1073741823,1073741823,1073741823:h6
1073741823,1073741823,1073741823,1073741823,1073741823,1073086463,1071316991,1072070655,1066757887,1035452415,1005453311,1073725439,1073741823,1073741823,1073741823:h6
1073741823,1073741823,1073741823,1073741823,1073741823,1073086463,1071316735,1072070655,1066758143,1035452415,1005453311,1073725439,1073741823,1073741823,1073741823:h6
1073741823,1073741823,1073741823,1073741823,1073741823,1073086463,1071316991,1072070655,1066758143,1035452415,1005452287,1073725439,1073741823,1073741823,1073741823:h6
1073741823,1073741823,1073741823,1073741823,1073741823,1073086463,1071316991,1072070655,1066757119,1035452415,1005453311,1073725439,1073741823,1073741823,1073741823:l6
1073741823,1073741823,1073741823,1073741823,1073741823,1073086463,1071315967,1072070655,1066758143,1035452415,1005453311,1073725439,1073741823,1073741823,1073741823:l6
1073741823,1073741823,1073741823,1073741823,1073725439,1073086463,1071316991,1072070655,1066758143,1035452415,1005453311,1073725439,1073741823,1073741823,1073741823:l6
1073741823,1073741823,1073741823,1073741823,1073479679,1073086463,1071316991,1072070655,1066758143,1035452415,1005453311,1073725439,1073741823,1073741823,1073741823:l6
1073741823,1073741823,1073741823,1073741823,1069547519,1073086463,1071316991,1072070655,1066758143,1035452415,1005453311,1073725439,1073741823,1073741823,1073741823:l8
1073741823,1073741823,1073741823,1073741823,1073741823,1073086463,1067122687,1072070655,1066758143,1035452415,1005453311,1073725439,1073741823,1073741823,1073741823:l6
1073741823,1073741823,1073741823,1073741823,1073741823,1073086463,1071316991,1072070655,1066758143,1035452415,1005453311,1073725439,1073676287,1073741823,1073741823:l6
1073741823,1073741823,1073741823,1073741823,1073741823,1073086463,1071316991,1072070655,1049980927,1035452415,1005453311,1073725439,1073741823,1073741823,1073741823:l6
1073741823,1073741823,1073741823,1073741823,1073741823,1073086463,1071316991,1072070655,1066758143,1035452415,988676095,1073725439,1073741823,1073741823,1073741823:l6
1073741823,1073741823,1073741823,1073741823,1073741823,1073086463,1071316991,1072070655,1066758143,1035452415,1001259007,1073725439,1073741823,1073741823,1073741823:l6
1073741823,1073741823,1073741823,1073741823,1073741823,1073086463,1071316991,1072070655,1066758143,1035452415,1005453311,1073725439,1056964607,1073741823,1073741823:h6
1073741823,1073741823,1073741823,1073741823,1073741823,1073086463,1071316991,1072070655,1066758143,1035452415,1005453311,1073725439,1072693247,1073741823,1073741823:h6
1073741823,1073741823,1073741823,1073741823,1073741823,1073086463,1071316991,1072070655,1066758143,1035452415,1005453311,1072676863,1073741823,1073741823,1073741823:l6
1073741823,1073741823,1073741823,1073741823,1073741823,1073086463,1071316991,1072070655,1066758143,1035452415,1005453311,1069531135,1073741823,1073741823,1073741823:l6
1073741823,1073741823,1073741823,1073741823,1073741823,1073086463,1071316991,1072070655,1066758143,1035452415,1005191167,1073725439,1073741823,1073741823,1073741823:l6
1073741823,1073741823,1073741823,1073741823,1073741823,1073086463,1071316991,1072070655,1066758143,1035452415,1005453311,1073724415,1073741823,1073741823,1073741823:h6
1073741823,1073741823,1073741823,1073741823,1073741823,1073086463,1071316991,1072070655,1066758143,1035452415,1005453311,1073463295,1073741823,1073741823,1073741823:l6
1073741823,1073741823,1073741823,1073741823,1073741823,1073086463,1071316991,1072070655,1066758143,1035452415,1005436927,1073725439,1073741823,1073741823,1073741823:l6
1073741823,1073741823,1073741823,1073741823,1073741823,1073086463,1071316991,1072070655,1066758143,1035452415,1005449215,1073725439,1073741823,1073741823,1073741823:h6
1073741823,1073741823,1073741823,1073741823,1073741823,1073086463,1071316991,1072070655,1066758143,1035448319,1005453311,1073725439,1073741823,1073741823,1073741823:h6
1073741823,1073741823,1073741823,1073741823,1073741823,1073082367,1071316991,1072070655,1066758143,1035452415,1005453311,1073725439,1073741823,1073741823,1073741823:l6
1073741823,1073741823,1073741823,1073741823,1073741823,1072037887,1071316991,1072070655,1066758143,1035452415,1005453311,1073725439,1073741823,1073741823,1073741823:l8
1073741823,1073741823,1073741823,1073741823,1073741823,1073086463,1071316991,1072070655,1066758143,1034403839,1005453311,1073725439,1073741823,1073741823,1073741823:h6
1073741823,1073741823,1073741823,1073741823,1073741823,1073086463,1071316991,1072070655,1066758143,1035386879,1005453311,1073725439,1073741823,1073741823,1073741823:l6
1073741823,1073741823,1073741823,1073741823,1073741823,1068892159,1071316991,1072070655,1066758143,1035452415,1005453311,1073725439,1073741823,1073741823,1073741823:l8
1073741823,1073741823,1073741823,1073741823,1073741823,1073086463,1071316991,1067876351,1066758143,1035452415,1005453311,1073725439,1073741823,1073741823,1073741823:l6
1073741823,1073741823,1073741823,1073741823,1073737727,1073086463,1071316991,1072070655,1066758143,1035452415,1005453311,1073725439,1073741823,1073741823,1073741823:h6
1073741823,1073741823,1073741823,1073741823,1073676287,1073086463,1071316991,1072070655,1066758143,1035452415,1005453311,1073725439,1073741823,1073741823,1073741823:l6
1073741823,1073741823,1073741823,1073741823,1072693247,1073086463,1071316991,1072070655,1066758143,1035452415,1005453311,1073725439,1073741823,1073741823,1073741823:l6
1073741823,1073741823,1073741823,1073741823,1073741823,1073086463,1071316991,1072070655,1066758143,1035451391,1005453311,1073725439,1073741823,1073741823,1073741823:h6
1073741823,1073741823,1073741823,1073741823,1073741823,1073086463,1071316991,1072069631,1066758143,1035452415,1005453311,1073725439,1073741823,1073741823,1073741823:h6
1073741823,1073741823,1073741823,1073741823,1073741823,1073086463,1071316991,1072066559,1066758143,1035452415,1005453311,1073725439,1073741823,1073741823,1073741823:l6
1073741823,1073741823,1073741823,1073741823,1073741823,1073085439,1071316991,1072070655,1066758143,1035452415,1005453311,1073725439,1073741823,1073741823,1073741823:l6
1073741823,1073741823,1073741823,1073741823,1073741823,1073086463,1071312895,1072070655,1066758143,1035452415,1005453311,1073725439,1073741823,1073741823,1073741823:l6
1073741823,1073741823,1073741823,1073741823,1073741823,1073070079,1071316991,1072070655,1066758143,1035452415,1005453311,1073725439,1073741823,1073741823,1073741823:l8
1073741823,1073741823,1073741823,1073741823,1073741823,1073086463,1071300607,1072070655,1066758143,1035452415,1005453311,1073725439,1073741823,1073741823,1073741823:l6
1073741823,1073741823,1073741823,1073741823,1073741823,1073086463,1071316991,1072070655,1066758143,1052229631,1072562175,1073725439,1073741823,1073741823,1073741823:n11
1073741823,1073741823,1073741823,1073741823,1073741823,1073086463,1071316991,1072070655,1066758143,1052229631,938344447,1073725439,1069547519,1073741823,1073741823:l6
1073741823,1073741823,1073741823,1073741823,1073741823,1073086463,1071316991,1072070655,1066758143,1052229631,669908991,1073725439,1073741823,1073741823,1073741823:h6
1073741823,1073741823,1073741823,1073741823,1073741823,1073086463,1071316991,1072070655,1066758143,1052229631,938344447,1073725439,1006632959,1073741823,1073741823:h6
1073741823,1073741823,1073741823,1073741823,1073741823,1073086463,1071316991,803635199,1066758143,1052229631,938344447,1073725439,1073741823,1073741823,1073741823:h6
1073741823,1073741823,1073741823,1073741823,1073741823,1073086463,1071316991,1072070655,1066758143,783794175,938344447,1073725439,1073741823,1073741823,1073741823:l6
1073741823,1073741823,1073741823,1073741823,1073741823,1073086463,1071316991,1072070655,1066758143,1052229631,938344447,805289983,1073741823,1073741823,1073741823:h6
1073741823,1073741823,1073741823,1073741823,1073741823,1073086463,1071316991,1072070655,1066758143,1052229631,938344447,1056948223,1073741823,1073741823,1073741823:h6
1073741823,1073741823,1073741823,1073725439,1073741823,1073086463,1071316991,1072070655,1066758143,1052229631,938344447,1073725439,1073741823,1073741823,1073741823:h6
1073741823,1073741823,1073741823,1073479679,1073741823,1073086463,1071316991,1072070655,1066758143,1052229631,938344447,1073725439,1073741823,1073741823,1073741823:h6
1073741823,1073741823,1073741823,1069547519,1073741823,1073086463,1071316991,1072070655,1066758143,1052229631,938344447,1073725439,1073741823,1073741823,1073741823:l6
1073741823,1073741823,1073741823,1073741823,1073741823,1073086463,1071316991,1004961791,1066758143,1052229631,938344447,1073725439,1073741823,1073741823,1073741823:l6
1073741823,1073741823,1073741823,1073741823,1073741823,1073086463,1071316991,1072070655,1066758143,985120767,938344447,1073725439,1073741823,1073741823,1073741823:l6
1073741823,1073741823,1073741823,1073741823,1073741823,1073086463,1071316991,1072070655,1066758143,1052229631,938344447,1006616575,1073741823,1073741823,1073741823:h6
1073741823,1073741823,1073741823,1073737727,1073741823,1073086463,1071316991,1072070655,1066758143,1052229631,938344447,1073725439,1073741823,1073741823,1073741823:h6
1073741823,1073741823,1073741823,1073676287,1073741823,1073086463,1071316991,1072070655,1066758143,1052229631,938344447,1073725439,1073741823,1073741823,1073741823:l6
1073741823,1073741823,1073741823,1072693247,1073741823,1073086463,1071316991,1072070655,1066758143,1052229631,938344447,1073725439,1073741823,1073741823,1073741823:l6
1073741823,1073741823,1073741823,1073741823,1073741823,1056309247,1071316991,1072070655,1066758143,1052229631,938344447,1073725439,1073741823,1073741823,1073741823:l8
1073741823,1073741823,1073741823,1073741823,1056964607,1073086463,1071316991,1072070655,1066758143,1052229631,938344447,1073725439,1073741823,1073741823,1073741823:l8
1073741823,1073741823,1073741823,1073741823,1073741823,1073086463,1071316991,1072070655,1066758143,1052229631,938344447,1073725439,1073741823,1073740799,1073741823:h6
1073741823,1073741823,1073741823,1073741823,1073741823,1073086463,1071316991,1072070655,1066758143,1052229631,938344447,1073721343,1073741823,1073741823,1073741823:h6
1073741823,1073741823,1073741823,1073741823,1073741823,1073086463,1071316991,1072070655,1066758143,1052229631,938344447,1073725439,1073741823,1073479679,1073741823:h6
1073741823,1073741823,1073741823,1073741823,1073741823,1073086463,1071316991,1072070655,1066758143,1052229631,938344447,1073725439,1073741823,1073725439,1073741823:l6
1073741823,1073741823,1073741823,1073741823,1073741823,1073086463,1071316991,1072070655,1066758143,1052229631,938344447,1073725439,1073725439,1073741823,1073741823:l6
1073741823,1073741823,1073741823,1073741823,1073741823,1073086463,1071316991,1072070655,1066758143,1052229631,938344447,1073725439,1073737727,1073741823,1073741823:h6
1073741823,1073741823,1073741823,1073741823,1073741823,1073086463,1071316991,1072070655,1066758143,1052229631,938344447,1073659903,1073741823,1073741823,1073741823:h6
1073741823,1073741823,1073741823,1073741823,1073741823,1073086463,1004208127,1072070655,1066758143,1052229631,938344447,1073725439,1073741823,1073741823,1073741823:h6
1073741823,1073741823,1073741823,1073741823,1073741823,1073086463,1071316991,1055293439,1066758143,1052229631,938344447,1073725439,1073741823,1073741823,1073741823:h6
1073741823,1073741823,1073741823,1073741823,1073741823,1073086463,1071316991,1072070655,999649279,1052229631,938344447,1073725439,1073741823,1073741823,1073741823:h6
1073741823,1073741823,1073741823,1073741823,1073741823,1073086463,1054539775,1072070655,1066758143,1052229631,938344447,1073725439,1073741823,1073741823,1073741823:h6
1073741823,1073741823,1073741823,1073741823,1073741823,1073086463,1071316991,1072070655,1066758143,1052229631,938344191,1073725439,1073741823,1073741823,1073741823:h6
1073741823,1073741823,1073741823,1073741823,1073741823,1073086463,1071316991,1072070655,1066757887,1052229631,938344447,1073725439,1073741823,1073741823,1073741823:h6
1073741823,1073741823,1073741823,1073741823,1073741823,1073086463,1071316735,1072070655,1066758143,1052229631,938344447,1073725439,1073741823,1073741823,1073741823:h6
1073741823,1073741823,1073741823,1073741823,1073741823,1073086463,1071316991,1072070655,1066758143,1052229631,938343423,1073725439,1073741823,1073741823,1073741823:h6
1073741823,1073741823,1073741823,1073741823,1073741823,1073086463,1071316991,1072070655,1066757119,1052229631,938344447,1073725439,1073741823,1073741823,1073741823:l6
1073741823,1073741823,1073741823,1073741823,1073741823,1073086463,1071315967,1072070655,1066758143,1052229631,938344447,1073725439,1073741823,1073741823,1073741823:l6
1073741823,1073741823,1073741823,1073741823,1073725439,1073086463,1071316991,1072070655,1066758143,1052229631,938344447,1073725439,1073741823,1073741823,1073741823:l6
1073741823,1073741823,1073741823,1073741823,1073479679,1073086463,1071316991,1072070655,1066758143,1052229631,938344447,1073725439,1073741823,1073741823,1073741823:l6
1073741823,1073741823,1073741823,1073741823,1069547519,1073086463,1071316991,1072070655,1066758143,1052229631,938344447,1073725439,1073741823,1073741823,1073741823:l8
1073741823,1073741823,1073741823,1073741823,1073741823,1073086463,1067122687,1072070655,1066758143,1052229631,938344447,1073725439,1073741823,1073741823,1073741823:l6
1073741823,1073741823,1073741823,1073741823,1073741823,1073086463,1071316991,1072070655,1066758143,1052229631,938344447,1073725439,1073676287,1073741823,1073741823:l6
1073741823,1073741823,1073741823,1073741823,1073741823,1073086463,1071316991,1072070655,1049980927,1052229631,938344447,1073725439,1073741823,1073741823,1073741823:l6
1073741823,1073741823,1073741823,1073741823,1073741823,1073086463,1071316991,1072070655,1066758143,1052229631,921567231,1073725439,1073741823,1073741823,1073741823:h6
1073741823,1073741823,1073741823,1073741823,1073741823,1073086463,1071316991,1072070655,1066758143,1052229631,934150143,1073725439,1073741823,1073741823,1073741823:l6
1073741823,1073741823,1073741823,1073741823,1073741823,1073086463,1071316991,1072070655,1066758143,1052229631,938344447,1073725439,1056964607,1073741823,1073741823:h6
1073741823,1073741823,1073741823,1073741823,1073741823,1073086463,1071316991,1072070655,1066758143,1052229631,938344447,1073725439,1072693247,1073741823,1073741823:h6
1073741823,1073741823,1073741823,1073741823,1073741823,1073086463,1071316991,1072070655,1066758143,1052229631,938344447,1072676863,1073741823,1073741823,1073741823:l6
1073741823,1073741823,1073741823,1073741823,1073741823,1073086463,1071316991,1072070655,1066758143,1052229631,938344447,1069531135,1073741823,1073741823,1073741823:l6
1073741823,1073741823,1073741823,1073741823,1073741823,1073086463,1071316991,1072070655,1066758143,1052229631,938082303,1073725439,1073741823,1073741823,1073741823:l6
1073741823,1073741823,1073741823,1073741823,1073741823,1073086463,1071316991,1072070655,1066758143,1052229631,938344447,1073724415,1073741823,1073741823,1073741823:h6
1073741823,1073741823,1073741823,1073741823,1073741823,1073086463,1071316991,1072070655,1066758143,1052229631,938344447,1073463295,1073741823,1073741823,1073741823:l6
1073741823,1073741823,1073741823,1073741823,1073741823,1073086463,1071316991,1072070655,1066758143,1052229631,938328063,1073725439,1073741823,1073741823,1073741823:l6
1073741823,1073741823,1073741823,1073741823,1073741823,1073086463,1071316991,1072070655,1066758143,1052229631,938340351,1073725439,1073741823,1073741823,1073741823:h6
1073741823,1073741823,1073741823,1073741823,1073741823,1073086463,1071316991,1072070655,1066758143,1052225535,938344447,1073725439,1073741823,1073741823,1073741823:h6
1073741823,1073741823,1073741823,1073741823,1073741823,1073082367,1071316991,1072070655,1066758143,1052229631,938344447,1073725439,1073741823,1073741823,1073741823:l6
1073741823,1073741823,1073741823,1073741823,1073741823,1072037887,1071316991,1072070655,1066758143,1052229631,938344447,1073725439,1073741823,1073741823,1073741823:l8
1073741823,1073741823,1073741823,1073741823,1073741823,1073086463,1071316991,1072070655,1066758143,1051181055,938344447,1073725439,1073741823,1073741823,1073741823:h6
1073741823,1073741823,1073741823,1073741823,1073741823,1073086463,1071316991,1072070655,1066758143,1052164095,938344447,1073725439,1073741823,1073741823,1073741823:l6
1073741823,1073741823,1073741823,1073741823,1073741823,1068892159,1071316991,1072070655,1066758143,1052229631,938344447,1073725439,1073741823,1073741823,1073741823:l8
1073741823,1073741823,1073741823,1073741823,1073741823,1073086463,1071316991,1067876351,1066758143,1052229631,938344447,1073725439,1073741823,1073741823,1073741823:l6
1073741823,1073741823,1073741823,1073741823,1073737727,1073086463,1071316991,1072070655,1066758143,1052229631,938344447,1073725439,1073741823,1073741823,1073741823:h6
1073741823,1073741823,1073741823,1073741823,1073676287,1073086463,1071316991,1072070655,1066758143,1052229631,938344447,1073725439,1073741823,1073741823,1073741823:l6
1073741823,1073741823,1073741823,1073741823,1072693247,1073086463,1071316991,1072070655,1066758143,1052229631,938344447,1073725439,1073741823,1073741823,1073741823:l6
1073741823,1073741823,1073741823,1073741823,1073741823,1073086463,1071316991,1072070655,1066758143,1052228607,938344447,1073725439,1073741823,1073741823,1073741823:h6
1073741823,1073741823,1073741823,1073741823,1073741823,1073086463,1071316991,1072069631,1066758143,1052229631,938344447,1073725439,1073741823,1073741823,1073741823:h6
1073741823,1073741823,1073741823,1073741823,1073741823,1073086463,1071316991,1072066559,1066758143,1052229631,938344447,1073725439,1073741823,1073741823,1073741823:l6
1073741823,1073741823,1073741823,1073741823,1073741823,1073085439,1071316991,1072070655,1066758143,1052229631,938344447,1073725439,1073741823,1073741823,1073741823:l6
1073741823,1073741823,1073741823,1073741823,1073741823,1073086463,1071312895,1072070655,1066758143,1052229631,938344447,1073725439,1073741823,1073741823,1073741823:l6
1073741823,1073741823,1073741823,1073741823,1073741823,1073070079,1071316991,1072070655,1066758143,1052229631,938344447,1073725439,1073741823,1073741823,1073741823:l8
1073741823,1073741823,1073741823,1073741823,1073741823,1073086463,1071300607,1072070655,1066758143,1052229631,938344447,1073725439,1073741823,1073741823,1073741823:l6
1073741823,1073741823,1073741823,1073741823,1073741823,1073086463,1054539775,1072070655,1066758143,1069006847,1072562175,1073725439,1073741823,1073741823,1073741823:l6
1073741823,1073741823,1073741823,1073741823,1073741823,1073086463,1071316991,1072070655,1066758143,1069006847,1072561919,1073725439,1073741823,1073741823,1073741823:l6
1073741823,1073741823,1073741823,1073741823,1073741823,1073086463,1071316991,1072070655,1066757887,1069006847,1072562175,1073725439,1073741823,1073741823,1073741823:l6
1073741823,1073741823,1073741823,1073741823,1073741823,1073086463,1071316735,1072070655,1066758143,1069006847,1072562175,1073725439,1073741823,1073741823,1073741823:l6
1073741823,1073741823,1073741823,1073741823,1073741823,1073086463,1071316991,1072070655,1066758143,1069006847,1072561151,1073725439,1073741823,1073741823,1073741823:l6
1073741823,1073741823,1073741823,1073741823,1073741823,1073086463,1071316991,1072070655,1066757119,1069006847,1072562175,1073725439,1073741823,1073741823,1073741823:l6
1073741823,1073741823,1073741823,1073741823,1073741823,1073086463,1071315967,1072070655,1066758143,1069006847,1072562175,1073725439,1073741823,1073741823,1073741823:l6
1073741823,1073741823,1073741823,1073741823,1073725439,1073086463,1071316991,1072070655,1066758143,1069006847,1072562175,1073725439,1073741823,1073741823,1073741823:l6
1073741823,1073741823,1073741823,1073741823,1073479679,1073086463,1071316991,1072070655,1066758143,1069006847,1072562175,1073725439,1073741823,1073741823,1073741823:l6
1073741823,1073741823,1073741823,1073741823,1069547519,1073086463,1071316991,1072070655,1066758143,1069006847,1072562175,1073725439,1073741823,1073741823,1073741823:l6
1073741823,1073741823,1073741823,1073741823,1073741823,1073086463,1067122687,1072070655,1066758143,1069006847,1072562175,1073725439,1073741823,1073741823,1073741823:l6
1073741823,1073741823,1073741823,1073741823,1073741823,1073086463,1071316991,1072070655,1066758143,1069006847,1072562175,1073725439,1073676287,1073741823,1073741823:l6
1073741823,1073741823,1073741823,1073741823,1073741823,1073086463,1071316991,1072070655,1049980927,1069006847,1072562175,1073725439,1073741823,1073741823,1073741823:l6
1073741823,1073741823,1073741823,1073741823,1073741823,1073086463,1071316991,1072070655,1066758143,1069006847,1055784959,1073725439,1073741823,1073741823,1073741823:l6
1073741823,1073741823,1073741823,1073741823,1073741823,1073086463,1071316991,1072070655,1066758143,1069006847,1068367871,1073725439,1073741823,1073741823,1073741823:l6
1073741823,1073741823,1073741823,1073741823,1073741823,1073086463,1071316991,1072070655,1066758143,1069006847,1072562175,1073725439,1056964607,1073741823,1073741823:l6
1073741823,1073741823,1073741823,1073741823,1073741823,1073086463,1071316991,1072070655,1066758143,1069006847,1072562175,1073725439,1072693247,1073741823,1073741823:l6
1073741823,1073741823,1073741823,1073741823,1073741823,1073086463,1071316991,1072070655,1066758143,1069006847,1072562175,1072676863,1073741823,1073741823,1073741823:l6
1073741823,1073741823,1073741823,1073741823,1073741823,1073086463,1071316991,1072070655,1066758143,1069006847,1072562175,1069531135,1073741823,1073741823,1073741823:l6
1073741823,1073741823,1073741823,1073741823,1073741823,1073086463,1071316991,1072070655,1066758143,1069006847,1072300031,1073725439,1073741823,1073741823,1073741823:l6
1073741823,1073741823,1073741823,1073741823,1073741823,1073086463,1071316991,1072070655,1066758143,1069006847,1072562175,1073724415,1073741823,1073741823,1073741823:l6
1073741823,1073741823,1073741823,1073741823,1073741823,1073086463,1071316991,1072070655,1066758143,1069006847,1072562175,1073463295,1073741823,1073741823,1073741823:l6
1073741823,1073741823,1073741823,1073741823,1073741823,1073086463,1071316991,1072070655,1066758143,1069006847,1072545791,1073725439,1073741823,1073741823,1073741823:l6
1073741823,1073741823,1073741823,1073741823,1073741823,1073086463,1071316991,1072070655,1066758143,1069006847,1072558079,1073725439,1073741823,1073741823,1073741823:l6
1073741823,1073741823,1073741823,1073741823,1073741823,1073086463,1071316991,1072070655,1066758143,1069002751,1072562175,1073725439,1073741823,1073741823,1073741823:l6
1073741823,1073741823,1073741823,1073741823,1073741823,1073082367,1071316991,1072070655,1066758143,1069006847,1072562175,1073725439,1073741823,1073741823,1073741823:l6
1073741823,1073741823,1073741823,1073741823,1073741823,1072037887,1071316991,1072070655,1066758143,1069006847,1072562175,1073725439,1073741823,1073741823,1073741823:l8
1073741823,1073741823,1073741823,1073741823,1073741823,1073086463,1071316991,1072070655,1066758143,1067958271,1072562175,1073725439,1073741823,1073741823,1073741823:l6
1073741823,1073741823,1073741823,1073741823,1073741823,1073086463,1071316991,1072070655,1066758143,1068941311,1072562175,1073725439,1073741823,1073741823,1073741823:l6
1073741823,1073741823,1073741823,1073741823,1073741823,1068892159,1071316991,1072070655,1066758143,1069006847,1072562175,1073725439,1073741823,1073741823,1073741823:l8
1073741823,1073741823,1073741823,1073741823,1073741823,1073086463,1071316991,1067876351,1066758143,1069006847,1072562175,1073725439,1073741823,1073741823,1073741823:l6
1073741823,1073741823,1073741823,1073741823,1073737727,1073086463,1071316991,1072070655,1066758143,1069006847,1072562175,1073725439,1073741823,1073741823,1073741823:l6
1073741823,1073741823,1073741823,1073741823,1073676287,1073086463,1071316991,1072070655,1066758143,1069006847,1072562175,1073725439,1073741823,1073741823,1073741823:l6
1073741823,1073741823,1073741823,1073741823,1072693247,1073086463,1071316991,1072070655,1066758143,1069006847,1072562175,1073725439,1073741823,1073741823,1073741823:l6
1073741823,1073741823,1073741823,1073741823,1073741823,1073086463,1071316991,1072070655,1066758143,1069005823,1072562175,1073725439,1073741823,1073741823,1073741823:l6
1073741823,1073741823,1073741823,1073741823,1073741823,1073086463,1071316991,1072069631,1066758143,1069006847,1072562175,1073725439,1073741823,1073741823,1073741823:l6
1073741823,1073741823,1073741823,1073741823,1073741823,1073086463,1071316991,1072066559,1066758143,1069006847,1072562175,1073725439,1073741823,1073741823,1073741823:l6
1073741823,1073741823,1073741823,1073741823,1073741823,1073085439,1071316991,1072070655,1066758143,1069006847,1072562175,1073725439,1073741823,1073741823,1073741823:l6
1073741823,1073741823,1073741823,1073741823,1073741823,1073086463,1071312895,1072070655,1066758143,1069006847,1072562175,1073725439,1073741823,1073741823,1073741823:l6
1073741823,1073741823,1073741823,1073741823,1073741823,1073070079,1071316991,1072070655,1066758143,1069006847,1072562175,1073725439,1073741823,1073741823,1073741823:l8
1073741823,1073741823,1073741823,1073741823,1073741823,1073086463,1071300607,1072070655,1066758143,1069006847,1072562175,1073725439,1073741823,1073741823,1073741823:l6
