1073741823,1073741823,1073741823,1073741823,1073741823,1073610751,1071316991,1072070655,1066758143,1073201151,1072562175,1069531135,1073741823,1073741823,1073741823:j6
1073741823,1073741823,1073741823,1073725439,1073741823,1073086463,1071316991,1072070655,1066758143,1073201151,1072562175,1069531135,1073741823,1073741823,1073741823:l6
1073741823,1073741823,1073741823,1073479679,1073741823,1073086463,1071316991,1072070655,1066758143,1073201151,1072562175,1069531135,1073741823,1073741823,1073741823:l6
1073741823,1073741823,1073741823,1069547519,1073741823,1073086463,1071316991,1072070655,1066758143,1073201151,1072562175,1069531135,1073741823,1073741823,1073741823:l6
1073741823,1073741823,1073741823,1073741823,1073741823,1073086463,1071316991,1072070655,1066758143,1006092287,1072562175,1069531135,1073741823,1073741823,1073741823:l6
1073741823,1073741823,1073741823,1073741823,1073741823,1073086463,1071316991,1072070655,1066758143,1073201151,1072562175,1002422271,1073741823,1073741823,1073741823:l6
1073741823,1073741823,1073741823,1073741823,1073741823,1073086463,1071316991,1072070655,1066758143,1073201151,1072562175,1052753919,1073741823,1073741823,1073741823:l6
1073741823,1073741823,1073741823,1073741823,1073741823,1073086463,1071316991,1072070655,1066758143,1073201151,1072562175,1069531135,1073741823,1006632959,1073741823:l6
1073741823,1073741823,1073741823,1073741823,1073741823,1073086463,1071316991,1072070655,1066758143,1073201151,1072562175,1069531135,1073741823,1069547519,1073741823:l6
1073741823,1073741823,1073741823,1073741823,1073741823,1073086463,1071316991,1072070655,1066758143,1073201151,1072562175,1069531135,1069547519,1073741823,1073741823:l6
1073741823,1073741823,1073741823,1073737727,1073741823,1073086463,1071316991,1072070655,1066758143,1073201151,1072562175,1069531135,1073741823,1073741823,1073741823:l6
1073741823,1073741823,1073741823,1073676287,1073741823,1073086463,1071316991,1072070655,1066758143,1073201151,1072562175,1069531135,1073741823,1073741823,1073741823:l6
1073741823,1073741823,1073741823,1072693247,1073741823,1073086463,1071316991,1072070655,1066758143,1073201151,1072562175,1069531135,1073741823,1073741823,1073741823:l6
1073741823,1073741823,1073741823,1073741823,1073741823,1056309247,1071316991,1072070655,1066758143,1073201151,1072562175,1069531135,1073741823,1073741823,1073741823:l6
1073741823,1073741823,1073741823,1073741823,1056964607,1073086463,1071316991,1072070655,1066758143,1073201151,1072562175,1069531135,1073741823,1073741823,1073741823:l8
1073741823,1073741823,1073741823,1073741823,1073741823,1073086463,1071316991,1072070655,1066758143,1073201151,1072562175,1069531135,1073741823,1073740799,1073741823:l6
1073741823,1073741823,1073741823,1073741823,1073741823,1073086463,1071316991,1072070655,1066758143,1073201151,1072562175,1069527039,1073741823,1073741823,1073741823:l6
1073741823,1073741823,1073741823,1073741823,1073741823,1073086463,1071316991,1072070655,1066758143,1073201151,1072562175,1069531135,1073741823,1073479679,1073741823:l6
1073741823,1073741823,1073741823,1073741823,1073741823,1073086463,1071316991,1072070655,1066758143,1073201151,1072562175,1069531135,1073741823,1073725439,1073741823:l6
1073741823,1073741823,1073741823,1073741823,1073741823,1073086463,1071316991,1072070655,1066758143,1073201151,1072562175,1069531135,1073725439,1073741823,1073741823:l6
1073741823,1073741823,1073741823,1073741823,1073741823,1073086463,1071316991,1072070655,1066758143,1073201151,1072562175,1069531135,1073737727,1073741823,1073741823:l6
1073741823,1073741823,1073741823,1073741823,1073741823,1073086463,1071316991,1072070655,1066758143,1073201151,1072562175,1069465599,1073741823,1073741823,1073741823:l6
1073741823,1073741823,1073741823,1073741823,1073741823,1073086463,1004208127,1072070655,1066758143,1073201151,1072562175,1069531135,1073741823,1073741823,1073741823:l6
1073741823,1073741823,1073741823,1073741823,1073741823,1073086463,1071316991,1055293439,1066758143,1073201151,1072562175,1069531135,1073741823,1073741823,1073741823:l6
1073741823,1073741823,1073741823,1073741823,1073741823,1073086463,1071316991,1072070655,999649279,1073201151,1072562175,1069531135,1073741823,1073741823,1073741823:l6
1073741823,1073741823,1073741823,1073741823,1073741823,1073086463,1071316991,1072070655,1066758143,1073201151,1005453311,1069531135,1073741823,1073741823,1073741823:m10
1073741823,1073741823,1073741823,1073741823,1073741823,1073086463,1071316991,803635199,1066758143,1039646719,1005453311,1069531135,1073741823,1073741823,1073741823:h6
1073741823,1073741823,1073741823,1073741823,1073741823,1073086463,1071316991,1072070655,1066758143,771211263,1005453311,1069531135,1073741823,1073741823,1073741823:h6
1073741823,1073741823,1073741823,1073741823,1073741823,1073086463,1071316991,1072070655,1066758143,1039646719,737017855,1069531135,1073741823,1073741823,1073741823:l6
1073741823,1073741823,1073741823,1073741823,1073741823,1073086463,1071316991,1072070655,1066758143,1039646719,1005453311,801095679,1073741823,1073741823,1073741823:h6
1073741823,1073741823,1073741823,1073741823,1073741823,1073086463,1071316991,1072070655,1066758143,1039646719,1005453311,1069531135,1006632959,1073741823,1073741823:h6
1073741823,1073741823,1073741823,1073725439,1073741823,1073086463,1071316991,1072070655,1066758143,1039646719,1005453311,1069531135,1073741823,1073741823,1073741823:h6
1073741823,1073741823,1073741823,1073479679,1073741823,1073086463,1071316991,1072070655,1066758143,1039646719,1005453311,1069531135,1073741823,1073741823,1073741823:h6
1073741823,1073741823,1073741823,1069547519,1073741823,1073086463,1071316991,1072070655,1066758143,1039646719,1005453311,1069531135,1073741823,1073741823,1073741823:l6
1073741823,1073741823,1073741823,1073741823,1073741823,1073086463,1071316991,1072070655,1066758143,972537855,1005453311,1069531135,1073741823,1073741823,1073741823:h6
1073741823,1073741823,1073741823,1073741823,1073741823,1073086463,1071316991,1072070655,1066758143,1039646719,1005453311,1002422271,1073741823,1073741823,1073741823:h6
1073741823,1073741823,1073741823,1073741823,1073741823,1073086463,1071316991,1072070655,1066758143,1039646719,1005453311,1052753919,1073741823,1073741823,1073741823:h6
1073741823,1073741823,1073741823,1073741823,1073741823,1073086463,1071316991,1072070655,1066758143,1039646719,1005453311,1069531135,1073741823,1006632959,1073741823:h6
1073741823,1073741823,1073741823,1073741823,1073741823,1073086463,1071316991,1072070655,1066758143,1039646719,1005453311,1069531135,1073741823,1069547519,1073741823:h6
1073741823,1073741823,1073741823,1073741823,1073741823,1073086463,1071316991,1072070655,1066758143,1039646719,1005453311,1069531135,1069547519,1073741823,1073741823:l6
1073741823,1073741823,1073741823,1073737727,1073741823,1073086463,1071316991,1072070655,1066758143,1039646719,1005453311,1069531135,1073741823,1073741823,1073741823:h6
1073741823,1073741823,1073741823,1073676287,1073741823,1073086463,1071316991,1072070655,1066758143,1039646719,1005453311,1069531135,1073741823,1073741823,1073741823:l6
1073741823,1073741823,1073741823,1072693247,1073741823,1073086463,1071316991,1072070655,1066758143,1039646719,1005453311,1069531135,1073741823,1073741823,1073741823:l6
1073741823,1073741823,1073741823,1073741823,1073741823,1056309247,1071316991,1072070655,1066758143,1039646719,1005453311,1069531135,1073741823,1073741823,1073741823:l8
1073741823,1073741823,1073741823,1073741823,1056964607,1073086463,1071316991,1072070655,1066758143,1039646719,1005453311,1069531135,1073741823,1073741823,1073741823:l8
1073741823,1073741823,1073741823,1073741823,1073741823,1073086463,1071316991,1072070655,1066758143,1039646719,1005453311,1069531135,1073741823,1073740799,1073741823:h6
1073741823,1073741823,1073741823,1073741823,1073741823,1073086463,1071316991,1072070655,1066758143,1039646719,1005453311,1069527039,1073741823,1073741823,1073741823:h6
1073741823,1073741823,1073741823,1073741823,1073741823,1073086463,1071316991,1072070655,1066758143,1039646719,1005453311,1069531135,1073741823,1073479679,1073741823:h6
1073741823,1073741823,1073741823,1073741823,1073741823,1073086463,1071316991,1072070655,1066758143,1039646719,1005453311,1069531135,1073741823,1073725439,1073741823:h6
1073741823,1073741823,1073741823,1073741823,1073741823,1073086463,1071316991,1072070655,1066758143,1039646719,1005453311,1069531135,1073725439,1073741823,1073741823:l6
1073741823,1073741823,1073741823,1073741823,1073741823,1073086463,1071316991,1072070655,1066758143,1039646719,1005453311,1069531135,1073737727,1073741823,1073741823:h6
1073741823,1073741823,1073741823,1073741823,1073741823,1073086463,1071316991,1072070655,1066758143,1039646719,1005453311,1069465599,1073741823,1073741823,1073741823:l6
1073741823,1073741823,1073741823,1073741823,1073741823,1073086463,1004208127,1072070655,1066758143,1039646719,1005453311,1069531135,1073741823,1073741823,1073741823:h6
1073741823,1073741823,1073741823,1073741823,1073741823,1073086463,1071316991,1055293439,1066758143,1039646719,1005453311,1069531135,1073741823,1073741823,1073741823:h6
1073741823,1073741823,1073741823,1073741823,1073741823,1073086463,1071316991,1072070655,999649279,1039646719,1005453311,1069531135,1073741823,1073741823,1073741823:h6
1073741823,1073741823,1073741823,1073741823,1073741823,1073086463,1054539775,1072070655,1066758143,1039646719,1005453311,1069531135,1073741823,1073741823,1073741823:h6
1073741823,1073741823,1073741823,1073741823,1073741823,1073086463,1071316991,1072070655,1066758143,1039646719,1005453055,1069531135,1073741823,1073741823,1073741823:h6
1073741823,1073741823,1073741823,1073741823,1073741823,1073086463,1071316991,1072070655,1066757887,1039646719,1005453311,1069531135,1073741823,1073741823,1073741823:h6
1073741823,1073741823,1073741823,1073741823,1073741823,1073086463,1071316735,1072070655,1066758143,1039646719,1005453311,1069531135,1073741823,1073741823,1073741823:h6
1073741823,1073741823,1073741823,1073741823,1073741823,1073086463,1071316991,1072070655,1066758143,1039646719,1005452287,1069531135,1073741823,1073741823,1073741823:h6
1073741823,1073741823,1073741823,1073741823,1073741823,1073086463,1071316991,1072070655,1066757119,1039646719,1005453311,1069531135,1073741823,1073741823,1073741823:l6
1073741823,1073741823,1073741823,1073741823,1073741823,1073086463,1071315967,1072070655,1066758143,1039646719,1005453311,1069531135,1073741823,1073741823,1073741823:l6
1073741823,1073741823,1073741823,1073741823,1073725439,1073086463,1071316991,1072070655,1066758143,1039646719,1005453311,1069531135,1073741823,1073741823,1073741823:l6
1073741823,1073741823,1073741823,1073741823,1073479679,1073086463,1071316991,1072070655,1066758143,1039646719,1005453311,1069531135,1073741823,1073741823,1073741823:l6
1073741823,1073741823,1073741823,1073741823,1069547519,1073086463,1071316991,1072070655,1066758143,1039646719,1005453311,1069531135,1073741823,1073741823,1073741823:l8
1073741823,1073741823,1073741823,1073741823,1073741823,1073086463,1067122687,1072070655,1066758143,1039646719,1005453311,1069531135,1073741823,1073741823,1073741823:l6
1073741823,1073741823,1073741823,1073741823,1073741823,1073086463,1071316991,1072070655,1066758143,1039646719,1005453311,1069531135,1073676287,1073741823,1073741823:h6
1073741823,1073741823,1073741823,1073741823,1073741823,1073086463,1071316991,1072070655,1049980927,1039646719,1005453311,1069531135,1073741823,1073741823,1073741823:h6
1073741823,1073741823,1073741823,1073741823,1073741823,1073086463,1071316991,1072070655,1066758143,1039646719,988676095,1069531135,1073741823,1073741823,1073741823:l6
1073741823,1073741823,1073741823,1073741823,1073741823,1073086463,1071316991,1072070655,1066758143,1039646719,1001259007,1069531135,1073741823,1073741823,1073741823:l6
1073741823,1073741823,1073741823,1073741823,1073741823,1073086463,1071316991,1072070655,1066758143,1039646719,1005453311,1069531135,1056964607,1073741823,1073741823:l6
1073741823,1073741823,1073741823,1073741823,1073741823,1073086463,1071316991,1072070655,1066758143,1039646719,1005453311,1069531135,1072693247,1073741823,1073741823:h6
1073741823,1073741823,1073741823,1073741823,1073741823,1073086463,1071316991,1072070655,1066758143,1039646719,1005453311,1068482559,1073741823,1073741823,1073741823:l6
1073741823,1073741823,1073741823,1073741823,1073741823,1073086463,1071316991,1072070655,1066758143,1039646719,1005191167,1069531135,1073741823,1073741823,1073741823:l6
1073741823,1073741823,1073741823,1073741823,1073741823,1073086463,1071316991,1072070655,1066758143,1039646719,1005453311,1069530111,1073741823,1073741823,1073741823:h6
1073741823,1073741823,1073741823,1073741823,1073741823,1073086463,1071316991,1072070655,1066758143,1039646719,1005453311,1069268991,1073741823,1073741823,1073741823:l6
1073741823,1073741823,1073741823,1073741823,1073741823,1073086463,1071316991,1072070655,1066758143,1039646719,1005436927,1069531135,1073741823,1073741823,1073741823:l6
1073741823,1073741823,1073741823,1073741823,1073741823,1073086463,1071316991,1072070655,1066758143,1039646719,1005449215,1069531135,1073741823,1073741823,1073741823:h6
1073741823,1073741823,1073741823,1073741823,1073741823,1073086463,1071316991,1072070655,1066758143,1039642623,1005453311,1069531135,1073741823,1073741823,1073741823:h6
1073741823,1073741823,1073741823,1073741823,1073741823,1073082367,1071316991,1072070655,1066758143,1039646719,1005453311,1069531135,1073741823,1073741823,1073741823:l6
1073741823,1073741823,1073741823,1073741823,1073741823,1072037887,1071316991,1072070655,1066758143,1039646719,1005453311,1069531135,1073741823,1073741823,1073741823:l8
1073741823,1073741823,1073741823,1073741823,1073741823,1073086463,1071316991,1072070655,1066758143,1038598143,1005453311,1069531135,1073741823,1073741823,1073741823:h6
1073741823,1073741823,1073741823,1073741823,1073741823,1073086463,1071316991,1072070655,1066758143,1039581183,1005453311,1069531135,1073741823,1073741823,1073741823:l6
1073741823,1073741823,1073741823,1073741823,1073741823,1068892159,1071316991,1072070655,1066758143,1039646719,1005453311,1069531135,1073741823,1073741823,1073741823:l8
1073741823,1073741823,1073741823,1073741823,1073741823,1073086463,1071316991,1067876351,1066758143,1039646719,1005453311,1069531135,1073741823,1073741823,1073741823:l6
1073741823,1073741823,1073741823,1073741823,1073741823,1073086463,1071316991,1072070655,1066758143,1035452415,1005453311,1069531135,1073741823,1073741823,1073741823:l6
1073741823,1073741823,1073741823,1073741823,1073737727,1073086463,1071316991,1072070655,1066758143,1039646719,1005453311,1069531135,1073741823,1073741823,1073741823:h6
1073741823,1073741823,1073741823,1073741823,1073676287,1073086463,1071316991,1072070655,1066758143,1039646719,1005453311,1069531135,1073741823,1073741823,1073741823:l6
1073741823,1073741823,1073741823,1073741823,1072693247,1073086463,1071316991,1072070655,1066758143,1039646719,1005453311,1069531135,1073741823,1073741823,1073741823:l6
1073741823,1073741823,1073741823,1073741823,1073741823,1073086463,1071316991,1072070655,1066758143,1039645695,1005453311,1069531135,1073741823,1073741823,1073741823:h6
1073741823,1073741823,1073741823,1073741823,1073741823,1073086463,1071316991,1072069631,1066758143,1039646719,1005453311,1069531135,1073741823,1073741823,1073741823:h6
1073741823,1073741823,1073741823,1073741823,1073741823,1073086463,1071316991,1072066559,1066758143,1039646719,1005453311,1069531135,1073741823,1073741823,1073741823:l6
1073741823,1073741823,1073741823,1073741823,1073741823,1073085439,1071316991,1072070655,1066758143,1039646719,1005453311,1069531135,1073741823,1073741823,1073741823:l6
1073741823,1073741823,1073741823,1073741823,1073741823,1073086463,1071312895,1072070655,1066758143,1039646719,1005453311,1069531135,1073741823,1073741823,1073741823:l6
1073741823,1073741823,1073741823,1073741823,1073741823,1073070079,1071316991,1072070655,1066758143,1039646719,1005453311,1069531135,1073741823,1073741823,1073741823:l8
1073741823,1073741823,1073741823,1073741823,1073741823,1073086463,1071300607,1072070655,1066758143,1039646719,1005453311,1069531135,1073741823,1073741823,1073741823:l6
1073741823,1073741823,1073741823,1073741823,1073741823,1073086463,1071316991,1072070655,1066758143,1056423935,1072562175,1069531135,1073741823,1073741823,1073741823:n11
1073741823,1073741823,1073741823,1073741823,1073741823,1073086463,1071316991,1072070655,1066758143,1056423935,669908991,1069531135,1073741823,1073741823,1073741823:h6
1073741823,1073741823,1073741823,1073741823,1073741823,1073086463,1071316991,1072070655,1066758143,1056423935,938344447,1069531135,1006632959,1073741823,1073741823:h6
1073741823,1073741823,1073741823,1073741823,1073741823,1073086463,1071316991,803635199,1066758143,1056423935,938344447,1069531135,1073741823,1073741823,1073741823:h6
1073741823,1073741823,1073741823,1073741823,1073741823,1073086463,1071316991,1072070655,1066758143,787988479,938344447,1069531135,1073741823,1073741823,1073741823:h6
1073741823,1073741823,1073741823,1073741823,1073741823,1073086463,1071316991,1072070655,1066758143,1056423935,938344447,801095679,1073741823,1073741823,1073741823:h6
1073741823,1073741823,1073741823,1073725439,1073741823,1073086463,1071316991,1072070655,1066758143,1056423935,938344447,1069531135,1073741823,1073741823,1073741823:h6
1073741823,1073741823,1073741823,1073479679,1073741823,1073086463,1071316991,1072070655,1066758143,1056423935,938344447,1069531135,1073741823,1073741823,1073741823:h6
1073741823,1073741823,1073741823,1069547519,1073741823,1073086463,1071316991,1072070655,1066758143,1056423935,938344447,1069531135,1073741823,1073741823,1073741823:l6
1073741823,1073741823,1073741823,1073741823,1073741823,1073086463,1071316991,1072070655,1066758143,989315071,938344447,1069531135,1073741823,1073741823,1073741823:h6
1073741823,1073741823,1073741823,1073741823,1073741823,1073086463,1071316991,1072070655,1066758143,1056423935,938344447,1002422271,1073741823,1073741823,1073741823:h6
1073741823,1073741823,1073741823,1073741823,1073741823,1073086463,1071316991,1072070655,1066758143,1056423935,938344447,1052753919,1073741823,1073741823,1073741823:h6
1073741823,1073741823,1073741823,1073741823,1073741823,1073086463,1071316991,1072070655,1066758143,1056423935,938344447,1069531135,1073741823,1006632959,1073741823:l6
1073741823,1073741823,1073741823,1073741823,1073741823,1073086463,1071316991,1072070655,1066758143,1056423935,938344447,1069531135,1073741823,1069547519,1073741823:h6
1073741823,1073741823,1073741823,1073741823,1073741823,1073086463,1071316991,1072070655,1066758143,1056423935,938344447,1069531135,1069547519,1073741823,1073741823:l6
1073741823,1073741823,1073741823,1073737727,1073741823,1073086463,1071316991,1072070655,1066758143,1056423935,938344447,1069531135,1073741823,1073741823,1073741823:h6
1073741823,1073741823,1073741823,1073676287,1073741823,1073086463,1071316991,1072070655,1066758143,1056423935,938344447,1069531135,1073741823,1073741823,1073741823:l6
1073741823,1073741823,1073741823,1072693247,1073741823,1073086463,1071316991,1072070655,1066758143,1056423935,938344447,1069531135,1073741823,1073741823,1073741823:l6
1073741823,1073741823,1073741823,1073741823,1073741823,1056309247,1071316991,1072070655,1066758143,1056423935,938344447,1069531135,1073741823,1073741823,1073741823:l8
1073741823,1073741823,1073741823,1073741823,1056964607,1073086463,1071316991,1072070655,1066758143,1056423935,938344447,1069531135,1073741823,1073741823,1073741823:l8
1073741823,1073741823,1073741823,1073741823,1073741823,1073086463,1071316991,1072070655,1066758143,1056423935,938344447,1069531135,1073741823,1073740799,1073741823:h6
1073741823,1073741823,1073741823,1073741823,1073741823,1073086463,1071316991,1072070655,1066758143,1056423935,938344447,1069527039,1073741823,1073741823,1073741823:h6
1073741823,1073741823,1073741823,1073741823,1073741823,1073086463,1071316991,1072070655,1066758143,1056423935,938344447,1069531135,1073741823,1073479679,1073741823:h6
1073741823,1073741823,1073741823,1073741823,1073741823,1073086463,1071316991,1072070655,1066758143,1056423935,938344447,1069531135,1073741823,1073725439,1073741823:h6
1073741823,1073741823,1073741823,1073741823,1073741823,1073086463,1071316991,1072070655,1066758143,1056423935,938344447,1069531135,1073725439,1073741823,1073741823:l6
1073741823,1073741823,1073741823,1073741823,1073741823,1073086463,1071316991,1072070655,1066758143,1056423935,938344447,1069531135,1073737727,1073741823,1073741823:h6
1073741823,1073741823,1073741823,1073741823,1073741823,1073086463,1071316991,1072070655,1066758143,1056423935,938344447,1069465599,1073741823,1073741823,1073741823:l6
1073741823,1073741823,1073741823,1073741823,1073741823,1073086463,1004208127,1072070655,1066758143,1056423935,938344447,1069531135,1073741823,1073741823,1073741823:h6
1073741823,1073741823,1073741823,1073741823,1073741823,1073086463,1071316991,1055293439,1066758143,1056423935,938344447,1069531135,1073741823,1073741823,1073741823:h6
1073741823,1073741823,1073741823,1073741823,1073741823,1073086463,1071316991,1072070655,999649279,1056423935,938344447,1069531135,1073741823,1073741823,1073741823:h6
1073741823,1073741823,1073741823,1073741823,1073741823,1073086463,1054539775,1072070655,1066758143,1056423935,938344447,1069531135,1073741823,1073741823,1073741823:h6
1073741823,1073741823,1073741823,1073741823,1073741823,1073086463,1071316991,1072070655,1066758143,1056423935,938344191,1069531135,1073741823,1073741823,1073741823:h6
1073741823,1073741823,1073741823,1073741823,1073741823,1073086463,1071316991,1072070655,1066757887,1056423935,938344447,1069531135,1073741823,1073741823,1073741823:h6
1073741823,1073741823,1073741823,1073741823,1073741823,1073086463,1071316735,1072070655,1066758143,1056423935,938344447,1069531135,1073741823,1073741823,1073741823:h6
1073741823,1073741823,1073741823,1073741823,1073741823,1073086463,1071316991,1072070655,1066758143,1056423935,938343423,1069531135,1073741823,1073741823,1073741823:h6
1073741823,1073741823,1073741823,1073741823,1073741823,1073086463,1071316991,1072070655,1066757119,1056423935,938344447,1069531135,1073741823,1073741823,1073741823:l6
1073741823,1073741823,1073741823,1073741823,1073741823,1073086463,1071315967,1072070655,1066758143,1056423935,938344447,1069531135,1073741823,1073741823,1073741823:l6
1073741823,1073741823,1073741823,1073741823,1073725439,1073086463,1071316991,1072070655,1066758143,1056423935,938344447,1069531135,1073741823,1073741823,1073741823:l6
1073741823,1073741823,1073741823,1073741823,1073479679,1073086463,1071316991,1072070655,1066758143,1056423935,938344447,1069531135,1073741823,1073741823,1073741823:l6
1073741823,1073741823,1073741823,1073741823,1069547519,1073086463,1071316991,1072070655,1066758143,1056423935,938344447,1069531135,1073741823,1073741823,1073741823:l8
1073741823,1073741823,1073741823,1073741823,1073741823,1073086463,1067122687,1072070655,1066758143,1056423935,938344447,1069531135,1073741823,1073741823,1073741823:l6
1073741823,1073741823,1073741823,1073741823,1073741823,1073086463,1071316991,1072070655,1066758143,1056423935,938344447,1069531135,1073676287,1073741823,1073741823:h6
1073741823,1073741823,1073741823,1073741823,1073741823,1073086463,1071316991,1072070655,1049980927,1056423935,938344447,1069531135,1073741823,1073741823,1073741823:h6
1073741823,1073741823,1073741823,1073741823,1073741823,1073086463,1071316991,1072070655,1066758143,1056423935,921567231,1069531135,1073741823,1073741823,1073741823:h6
1073741823,1073741823,1073741823,1073741823,1073741823,1073086463,1071316991,1072070655,1066758143,1056423935,934150143,1069531135,1073741823,1073741823,1073741823:l6
1073741823,1073741823,1073741823,1073741823,1073741823,1073086463,1071316991,1072070655,1066758143,1056423935,938344447,1069531135,1056964607,1073741823,1073741823:h6
1073741823,1073741823,1073741823,1073741823,1073741823,1073086463,1071316991,1072070655,1066758143,1056423935,938344447,1069531135,1072693247,1073741823,1073741823:h6
1073741823,1073741823,1073741823,1073741823,1073741823,1073086463,1071316991,1072070655,1066758143,1056423935,938344447,1068482559,1073741823,1073741823,1073741823:l6
1073741823,1073741823,1073741823,1073741823,1073741823,1073086463,1071316991,1072070655,1066758143,1056423935,938082303,1069531135,1073741823,1073741823,1073741823:l6
1073741823,1073741823,1073741823,1073741823,1073741823,1073086463,1071316991,1072070655,1066758143,1056423935,938344447,1069530111,1073741823,1073741823,1073741823:h6
1073741823,1073741823,1073741823,1073741823,1073741823,1073086463,1071316991,1072070655,1066758143,1056423935,938344447,1069268991,1073741823,1073741823,1073741823:l6
1073741823,1073741823,1073741823,1073741823,1073741823,1073086463,1071316991,1072070655,1066758143,1056423935,938328063,1069531135,1073741823,1073741823,1073741823:l6
1073741823,1073741823,1073741823,1073741823,1073741823,1073086463,1071316991,1072070655,1066758143,1056423935,938340351,1069531135,1073741823,1073741823,1073741823:h6
1073741823,1073741823,1073741823,1073741823,1073741823,1073086463,1071316991,1072070655,1066758143,1056419839,938344447,1069531135,1073741823,1073741823,1073741823:h6
1073741823,1073741823,1073741823,1073741823,1073741823,1073082367,1071316991,1072070655,1066758143,1056423935,938344447,1069531135,1073741823,1073741823,1073741823:l6
1073741823,1073741823,1073741823,1073741823,1073741823,1072037887,1071316991,1072070655,1066758143,1056423935,938344447,1069531135,1073741823,1073741823,1073741823:l8
1073741823,1073741823,1073741823,1073741823,1073741823,1073086463,1071316991,1072070655,1066758143,1055375359,938344447,1069531135,1073741823,1073741823,1073741823:h6
1073741823,1073741823,1073741823,1073741823,1073741823,1073086463,1071316991,1072070655,1066758143,1056358399,938344447,1069531135,1073741823,1073741823,1073741823:l6
1073741823,1073741823,1073741823,1073741823,1073741823,1068892159,1071316991,1072070655,1066758143,1056423935,938344447,1069531135,1073741823,1073741823,1073741823:l8
1073741823,1073741823,1073741823,1073741823,1073741823,1073086463,1071316991,1067876351,1066758143,1056423935,938344447,1069531135,1073741823,1073741823,1073741823:l6
1073741823,1073741823,1073741823,1073741823,1073741823,1073086463,1071316991,1072070655,1066758143,1052229631,938344447,1069531135,1073741823,1073741823,1073741823:l6
1073741823,1073741823,1073741823,1073741823,1073737727,1073086463,1071316991,1072070655,1066758143,1056423935,938344447,1069531135,1073741823,1073741823,1073741823:h6
1073741823,1073741823,1073741823,1073741823,1073676287,1073086463,1071316991,1072070655,1066758143,1056423935,938344447,1069531135,1073741823,1073741823,1073741823:l6
1073741823,1073741823,1073741823,1073741823,1072693247,1073086463,1071316991,1072070655,1066758143,1056423935,938344447,1069531135,1073741823,1073741823,1073741823:l6
1073741823,1073741823,1073741823,1073741823,1073741823,1073086463,1071316991,1072070655,1066758143,1056422911,938344447,1069531135,1073741823,1073741823,1073741823:h6
1073741823,1073741823,1073741823,1073741823,1073741823,1073086463,1071316991,1072069631,1066758143,1056423935,938344447,1069531135,1073741823,1073741823,1073741823:h6
1073741823,1073741823,1073741823,1073741823,1073741823,1073086463,1071316991,1072066559,1066758143,1056423935,938344447,1069531135,1073741823,1073741823,1073741823:l6
1073741823,1073741823,1073741823,1073741823,1073741823,1073085439,1071316991,1072070655,1066758143,1056423935,938344447,1069531135,1073741823,1073741823,1073741823:l6
1073741823,1073741823,1073741823,1073741823,1073741823,1073086463,1071312895,1072070655,1066758143,1056423935,938344447,1069531135,1073741823,1073741823,1073741823:l6
1073741823,1073741823,1073741823,1073741823,1073741823,1073070079,1071316991,1072070655,1066758143,1056423935,938344447,1069531135,1073741823,1073741823,1073741823:l8
1073741823,1073741823,1073741823,1073741823,1073741823,1073086463,1071300607,1072070655,1066758143,1056423935,938344447,1069531135,1073741823,1073741823,1073741823:l6
1073741823,1073741823,1073741823,1073741823,1073741823,1073086463,1054539775,1072070655,1066758143,1073201151,1072562175,1069531135,1073741823,1073741823,1073741823:l6
1073741823,1073741823,1073741823,1073741823,1073741823,1073086463,1071316991,1072070655,1066758143,1073201151,1072561919,1069531135,1073741823,1073741823,1073741823:l6
1073741823,1073741823,1073741823,1073741823,1073741823,1073086463,1071316991,1072070655,1066757887,1073201151,1072562175,1069531135,1073741823,1073741823,1073741823:l6
1073741823,1073741823,1073741823,1073741823,1073741823,1073086463,1071316735,1072070655,1066758143,1073201151,1072562175,1069531135,1073741823,1073741823,1073741823:l6
1073741823,1073741823,1073741823,1073741823,1073741823,1073086463,1071316991,1072070655,1066758143,1073201151,1072561151,1069531135,1073741823,1073741823,1073741823:l6
1073741823,1073741823,1073741823,1073741823,1073741823,1073086463,1071316991,1072070655,1066757119,1073201151,1072562175,1069531135,1073741823,1073741823,1073741823:l6
1073741823,1073741823,1073741823,1073741823,1073741823,1073086463,1071315967,1072070655,1066758143,1073201151,1072562175,1069531135,1073741823,1073741823,1073741823:l6
1073741823,1073741823,1073741823,1073741823,1073725439,1073086463,1071316991,1072070655,1066758143,1073201151,1072562175,1069531135,1073741823,1073741823,1073741823:l6
1073741823,1073741823,1073741823,1073741823,1073479679,1073086463,1071316991,1072070655,1066758143,1073201151,1072562175,1069531135,1073741823,1073741823,1073741823:l6
1073741823,1073741823,1073741823,1073741823,1069547519,1073086463,1071316991,1072070655,1066758143,1073201151,1072562175,1069531135,1073741823,1073741823,1073741823:l6
1073741823,1073741823,1073741823,1073741823,1073741823,1073086463,1067122687,1072070655,1066758143,1073201151,1072562175,1069531135,1073741823,1073741823,1073741823:l6
1073741823,1073741823,1073741823,1073741823,1073741823,1073086463,1071316991,1072070655,1066758143,1073201151,1072562175,1069531135,1073676287,1073741823,1073741823:l6
1073741823,1073741823,1073741823,1073741823,1073741823,1073086463,1071316991,1072070655,1049980927,1073201151,1072562175,1069531135,1073741823,1073741823,1073741823:l6
1073741823,1073741823,1073741823,1073741823,1073741823,1073086463,1071316991,1072070655,1066758143,1073201151,1055784959,1069531135,1073741823,1073741823,1073741823:l6
1073741823,1073741823,1073741823,1073741823,1073741823,1073086463,1071316991,1072070655,1066758143,1073201151,1068367871,1069531135,1073741823,1073741823,1073741823:l6
1073741823,1073741823,1073741823,1073741823,1073741823,1073086463,1071316991,1072070655,1066758143,1073201151,1072562175,1069531135,1056964607,1073741823,1073741823:l6
1073741823,1073741823,1073741823,1073741823,1073741823,1073086463,1071316991,1072070655,1066758143,1073201151,1072562175,1069531135,1072693247,1073741823,1073741823:l6
1073741823,1073741823,1073741823,1073741823,1073741823,1073086463,1071316991,1072070655,1066758143,1073201151,1072562175,1068482559,1073741823,1073741823,1073741823:l6
1073741823,1073741823,1073741823,1073741823,1073741823,1073086463,1071316991,1072070655,1066758143,1073201151,1072300031,1069531135,1073741823,1073741823,1073741823:l6
1073741823,1073741823,1073741823,1073741823,1073741823,1073086463,1071316991,1072070655,1066758143,1073201151,1072562175,1069530111,1073741823,1073741823,1073741823:l6
1073741823,1073741823,1073741823,1073741823,1073741823,1073086463,1071316991,1072070655,1066758143,1073201151,1072562175,1069268991,1073741823,1073741823,1073741823:l6
1073741823,1073741823,1073741823,1073741823,1073741823,1073086463,1071316991,1072070655,1066758143,1073201151,1072545791,1069531135,1073741823,1073741823,1073741823:l6
1073741823,1073741823,1073741823,1073741823,1073741823,1073086463,1071316991,1072070655,1066758143,1073201151,1072558079,1069531135,1073741823,1073741823,1073741823:l6
1073741823,1073741823,1073741823,1073741823,1073741823,1073086463,1071316991,1072070655,1066758143,1073197055,1072562175,1069531135,1073741823,1073741823,1073741823:l6
1073741823,1073741823,1073741823,1073741823,1073741823,1073082367,1071316991,1072070655,1066758143,1073201151,1072562175,1069531135,1073741823,1073741823,1073741823:l6
1073741823,1073741823,1073741823,1073741823,1073741823,1072037887,1071316991,1072070655,1066758143,1073201151,1072562175,1069531135,1073741823,1073741823,1073741823:l8
1073741823,1073741823,1073741823,1073741823,1073741823,1073086463,1071316991,1072070655,1066758143,1072152575,1072562175,1069531135,1073741823,1073741823,1073741823:l6
1073741823,1073741823,1073741823,1073741823,1073741823,1073086463,1071316991,1072070655,1066758143,1073135615,1072562175,1069531135,1073741823,1073741823,1073741823:l6
1073741823,1073741823,1073741823,1073741823,1073741823,1068892159,1071316991,1072070655,1066758143,1073201151,1072562175,1069531135,1073741823,1073741823,1073741823:l8
1073741823,1073741823,1073741823,1073741823,1073741823,1073086463,1071316991,1067876351,1066758143,1073201151,1072562175,1069531135,1073741823,1073741823,1073741823:l6
1073741823,1073741823,1073741823,1073741823,1073741823,1073086463,1071316991,1072070655,1066758143,1069006847,1072562175,1069531135,1073741823,1073741823,1073741823:l6
1073741823,1073741823,1073741823,1073741823,1073737727,1073086463,1071316991,1072070655,1066758143,1073201151,1072562175,1069531135,1073741823,1073741823,1073741823:l6
1073741823,1073741823,1073741823,1073741823,1073676287,1073086463,1071316991,1072070655,1066758143,1073201151,1072562175,1069531135,1073741823,1073741823,1073741823:l6
1073741823,1073741823,1073741823,1073741823,1072693247,1073086463,1071316991,1072070655,1066758143,1073201151,1072562175,1069531135,1073741823,1073741823,1073741823:l6
1073741823,1073741823,1073741823,1073741823,1073741823,1073086463,1071316991,1072070655,1066758143,1073200127,1072562175,1069531135,1073741823,1073741823,1073741823:l6
1073741823,1073741823,1073741823,1073741823,1073741823,1073086463,1071316991,1072069631,1066758143,1073201151,1072562175,1069531135,1073741823,1073741823,1073741823:l6
1073741823,1073741823,1073741823,1073741823,1073741823,1073086463,1071316991,1072066559,1066758143,1073201151,1072562175,1069531135,1073741823,1073741823,1073741823:l6
1073741823,1073741823,1073741823,1073741823,1073741823,1073085439,1071316991,1072070655,1066758143,1073201151,1072562175,1069531135,1073741823,1073741823,1073741823:l6
1073741823,1073741823,1073741823,1073741823,1073741823,1073086463,1071312895,1072070655,1066758143,1073201151,1072562175,1069531135,1073741823,1073741823,1073741823:l6
1073741823,1073741823,1073741823,1073741823,1073741823,1073070079,1071316991,1072070655,1066758143,1073201151,1072562175,1069531135,1073741823,1073741823,1073741823:l8
1073741823,1073741823,1073741823,1073741823,1073741823,1073086463,1071300607,1072070655,1066758143,1073201151,1072562175,1069531135,1073741823,1073741823,1073741823:l6
