1073741823,1073741823,1073741823,1073741823,1073741823,1069547519,1071579135,1073119231,1072545791,1073201151,1072553983,1073709055,1073741823,1073741567,1073741823:g10
1073741823,1073741823,1073741823,1073741823,1073741823,1069547519,1071579135,1073119231,1072545791,1073192703,1072553983,1073709055,1073741823,1073741567,1073741823:g7
1073741823,1073741823,1073741823,1073741823,1073741823,1069547519,1071579135,1073118975,1072545791,1073192959,1072553983,1073709055,1073741823,1073741567,1073741823:g7
1073741823,1073741823,1073741823,1073741823,1073741823,1069547519,1071579135,1073119231,1072545791,1073192959,1072553983,1073709055,1073741823,1073741567,1073741759:g7
1073741823,1073741823,1073741823,1073741823,1073741823,1069547519,1071579135,1073119231,1072545791,1073192959,1072553983,1073709055,1073741823,1073741551,1073741823:g7
1073741823,1073741823,1073741823,1073741823,1073741823,1069547519,1071579135,1073119231,1072545791,1073192959,1072553983,1073709055,1073741823,1073741503,1073741823:g7
1073741823,1073741823,1073741823,1073741823,1073741823,1069547519,1071579135,1073119231,1072545791,1073192959,1072553983,1073709039,1073741823,1073741567,1073741823:g7
1073741823,1073741823,1073741823,1073741823,1073741823,1069547519,1071579135,1073119231,1072545791,1073192959,1072553983,1073709055,1073741759,1073741567,1073741823:g7
1073741823,1073741823,1073741823,1073741823,1073741823,1069547519,1071579135,1073119231,1072545791,1073192959,1072553983,1073708799,1073741823,1073741567,1073741823:g7
1073741823,1073741823,1073741823,1073741823,1073741823,1069547519,1071579135,1073119231,1072545791,1073192959,1072553983,1073709055,1073740799,1073741567,1073741823:g7
1073741823,1073741823,1073741823,1073741823,1073741823,1069547519,1071579135,1073119231,1072545791,1073192959,1072553983,1073709055,1073741823,1073737471,1073741823:g7
1073741823,1073741823,1073741823,1073741823,1073741823,1069547519,1071579135,1073119231,1072545791,1073192959,1072553983,1073709055,1073741823,1073741567,1073740799:g7
1073741823,1073741823,1073741823,1073741823,1073741823,1069547519,1071579135,1073119231,1072545791,1073192959,1072553983,1073709055,1073741823,1073741567,1073741567:g7
1073741823,1073741823,1073741823,1073741823,1073741823,1069547519,1071579135,1073119231,1072545791,1073192959,1072553983,1073709055,1073741567,1073741567,1073741823:g7
1073741823,1073741823,1073741823,1073741823,1073741823,1069547519,1071579135,1073119231,1072545791,1073192959,1072553727,1073709055,1073741823,1073741567,1073741823:g7
1073741823,1073741823,1073741823,1073741823,1073741823,1069547519,1071579135,1073119231,1072545535,1073192959,1072553983,1073709055,1073741823,1073741567,1073741823:g7
1073741823,1073741823,1073741823,1073741823,1073741823,1069547519,1071579135,1073119231,1068351487,1073192959,1072553983,1073709055,1073741823,1073741567,1073741823:g7
1073741823,1073741823,1073741823,1073741823,1073741823,1069547519,1071579135,1073119231,1072545791,1073192959,1072553983,1073709055,1073741823,1073740543,1073741823:g7
1073741823,1073741823,1073741823,1073741823,1073741823,1069547519,1071579135,1073119231,1072545791,1073192959,1072553983,1073704959,1073741823,1073741567,1073741823:h11
1073741823,1073741823,1073741823,1073741823,1073741823,1069547519,1071579135,1073119231,1072545791,1073192959,1072553983,1073709055,1073741823,1073479423,1073741823:g7
1073741823,1073741823,1073741823,1073741823,1073741823,1069547519,1071579135,1073119231,1072545791,1073192959,1072553983,1073709055,1073741823,1073725183,1073741823:g7
1073741823,1073741823,1073741823,1073741823,1073741823,1069547519,1071579135,1073119231,1072545791,1073192959,1072553983,1073709055,1073725439,1073741567,1073741823:g7
1073741823,1073741823,1073741823,1073741823,1073741823,1069547519,1071579135,1073119231,1072545791,1073192959,1072553983,1073708031,1073741823,1073741567,1073741823:g7
1073741823,1073741823,1073741823,1073741823,1073741823,1069547519,1071579135,1073119231,1072545791,1073192959,1072553983,1073709055,1073737727,1073741567,1073741823:h11
1073741823,1073741823,1073741823,1073741823,1073741823,1069547519,1071579135,1073119231,1072545791,1073192959,1072553983,1073643519,1073741823,1073741567,1073741823:g7
1073741823,1073741823,1073741823,1073741823,1073741823,1069547519,1071579135,1073119231,1072545791,1073192959,1072553983,1073709055,1073676287,1073741567,1073741823:g7
1073741823,1073741823,1073741823,1073741823,1073741823,1069547519,1071579135,1073119231,1072545791,1073192959,1055776767,1073709055,1073741823,1073741567,1073741823:g7
1073741823,1073741823,1073741823,1073741823,1073741823,1069547519,1071579135,1073119231,1072545791,1073192959,1068359679,1073709055,1073741823,1073741567,1073741823:g7
1073741823,1073741823,1073741823,1073741823,1073741823,1069547519,1071579135,1073119231,1072545791,1073192959,1072553983,1073709055,1056964607,1073741567,1073741823:g7
1073741823,1073741823,1073741823,1073741823,1073741823,1069547519,1071579135,1073119231,1072545791,1073192959,1072553983,1073709055,1072693247,1073741567,1073741823:g7
1073741823,1073741823,1073741823,1073741823,1073741823,1069547519,1071579135,1073119231,1072545791,1073192959,1072553983,1072660479,1073741823,1073741567,1073741823:g7
1073741823,1073741823,1073741823,1073741823,1073741823,1069547519,1071579135,1073119231,1072545791,1073192959,1072553983,1069514751,1073741823,1073741567,1073741823:g7
1073741823,1073741823,1073741823,1073741823,1073741823,1069547519,1071579135,1073119231,1072545791,1073192959,1072553983,1073446911,1073741823,1073741567,1073741823:g7
1073741823,1073741823,1073741823,1073479679,1073741823,1069547519,1071579135,1073119231,1072545791,1073192959,1072553983,1073709055,1073741823,1073741567,1073741823:g7
1073741823,1073741823,1073741823,1069547519,1073741823,1069547519,1071579135,1073119231,1072545791,1073192959,1072553983,1073709055,1073741823,1073741567,1073741823:g7
1073741823,1073741823,1073741823,1073741823,1069547519,1069547519,1071579135,1073119231,1072545791,1073192959,1072553983,1073709055,1073741823,1073741567,1073741823:g7
1073741823,1073741823,1073741823,1006632959,1073741823,1069547519,1071579135,1073119231,1072545791,1073192959,1072553983,1073709055,1073741823,1073741567,1073741823:g7
1073741823,1073741823,1073741823,1073741823,1073741823,1002438655,1071579135,1073119231,1072545791,1073192959,1072553983,1073709055,1073741823,1073741567,1073741823:g7
1073741823,1073741823,1073741823,1073741823,1073741823,1052770303,1071579135,1073119231,1072545791,1073192959,1072553983,1073709055,1073741823,1073741567,1073741823:g7
1073741823,1073741823,1073741823,1073741823,1073741823,1069547519,1071579135,1006010367,1072545791,1073192959,1072553983,1073709055,1073741823,1073741567,1073741823:g7
1073741823,1073741823,1073741823,1073741823,1056964607,1069547519,1071579135,1073119231,1072545791,1073192959,1072553983,1073709055,1073741823,1073741567,1073741823:g7
1073741823,1073741823,1073741823,1073741823,1073741823,1069547519,1054801919,1073119231,1072545791,1073192959,1072553983,1073709055,1073741823,1073741567,1073741823:g7
1073741823,1073741823,1073741823,1073741823,1073741823,1069547519,1067384831,1073119231,1072545791,1073192959,1072553983,1073709055,1073741823,1073741567,1073741823:g7
1073741823,1073741823,1073741823,1073741823,1073741823,1069547519,1071579135,1073119231,1055768575,1073192959,1072553983,1073709055,1073741823,1073741567,1073741823:g7
1073741823,1073741823,1073741823,1073741823,1073741823,1069543423,1071579135,1073119231,1072545791,1073192959,1072553983,1073709055,1073741823,1073741567,1073741823:g7
1073741823,1073741823,1073741823,1073741823,1073741823,1068498943,1071579135,1073119231,1072545791,1073192959,1072553983,1073709055,1073741823,1073741567,1073741823:g7
1073741823,1073741823,1073741823,1073741823,1073741823,1069547519,1071579135,1073119231,1072545791,1072144383,1072553983,1073709055,1073741823,1073741567,1073741823:g7
1073741823,1073741823,1073741823,1073741823,1073741823,1069547519,1071579135,1073119231,1072545791,1073192959,1072552959,1073709055,1073741823,1073741567,1073741823:g7
1073741823,1073741823,1073741823,1073741823,1073741823,1069547519,1071579135,1073119231,1072544767,1073192959,1072553983,1073709055,1073741823,1073741567,1073741823:g7
1073741823,1073741823,1073741823,1073741823,1073741823,1069547519,1071578111,1073119231,1072545791,1073192959,1072553983,1073709055,1073741823,1073741567,1073741823:g7
1073741823,1073741823,1073741823,1073741823,1073741823,1069547519,1071579135,1073119231,1072545791,1073192959,1072291839,1073709055,1073741823,1073741567,1073741823:g7
1073741823,1073741823,1073741823,1073741823,1073741823,1069547519,1071579135,1073119231,1072545791,1073127423,1072553983,1073709055,1073741823,1073741567,1073741823:g7
1073741823,1073741823,1073741823,1073741823,1073741823,1069547519,1071579135,1073119231,1072545791,1073192959,1072537599,1073709055,1073741823,1073741567,1073741823:g7
1073741823,1073741823,1073741823,1073741823,1073741823,1069547519,1071579135,1068924927,1072545791,1073192959,1072553983,1073709055,1073741823,1073741567,1073741823:g7
1073741823,1073741823,1073741823,1073741823,1073741823,1069547519,1071579135,1072070655,1072545791,1073192959,1072553983,1073709055,1073741823,1073741567,1073741823:g7
1073741823,1073741823,1073741823,1073741823,1073741823,1069547519,1071579135,1073119231,1072545791,1068998655,1072553983,1073709055,1073741823,1073741567,1073741823:g7
1073741823,1073741823,1073741823,1073741823,1073741823,1069547519,1071579135,1073119231,1072283647,1073192959,1072553983,1073709055,1073741823,1073741567,1073741823:g7
1073741823,1073741823,1073741823,1073741823,1073737727,1069547519,1071579135,1073119231,1072545791,1073192959,1072553983,1073709055,1073741823,1073741567,1073741823:g7
1073741823,1073741823,1073741823,1073741823,1073676287,1069547519,1071579135,1073119231,1072545791,1073192959,1072553983,1073709055,1073741823,1073741567,1073741823:g7
1073741823,1073741823,1073741823,1073741823,1073741823,1069481983,1071579135,1073119231,1072545791,1073192959,1072553983,1073709055,1073741823,1073741567,1073741823:g7
1073741823,1073741823,1073741823,1073741823,1072693247,1069547519,1071579135,1073119231,1072545791,1073192959,1072553983,1073709055,1073741823,1073741567,1073741823:g7
1073741823,1073741823,1073741823,1073741823,1073741823,1069547519,1071316991,1073119231,1072545791,1073192959,1072553983,1073709055,1073741823,1073741567,1073741823:g7
1073741823,1073741823,1073741823,1073741823,1073741823,1069547519,1071579135,1073119231,1072545791,1073191935,1072553983,1073709055,1073741823,1073741567,1073741823:g7
1073741823,1073741823,1073741823,1073741823,1073741823,1069547519,1071579135,1073119231,1072541695,1073192959,1072553983,1073709055,1073741823,1073741567,1073741823:h11
1073741823,1073741823,1073741823,1073741823,1073741823,1069547519,1071579135,1073118207,1072545791,1073192959,1072553983,1073709055,1073741823,1073741567,1073741823:g7
1073741823,1073741823,1073741823,1073741823,1073741823,1069547519,1071579135,1073115135,1072545791,1073192959,1072553983,1073709055,1073741823,1073741567,1073741823:g12
1073741823,1073741823,1073741823,1073741823,1073741823,1069546495,1071579135,1073119231,1072545791,1073192959,1072553983,1073709055,1073741823,1073741567,1073741823:g12
1073741823,1073741823,1073741823,1073741823,1073741823,1069547519,1071575039,1073119231,1072545791,1073192959,1072553983,1073709055,1073741823,1073741567,1073741823:g12
1073741823,1073741823,1073741823,1073741823,1073741823,1069531135,1071579135,1073119231,1072545791,1073192959,1072553983,1073709055,1073741823,1073741567,1073741823:g7
1073741823,1073741823,1073741823,1073741823,1073741823,1069547519,1071562751,1073119231,1072545791,1073192959,1072553983,1073709055,1073741823,1073741567,1073741823:g7
1073741823,1073741823,1073741823,1073741823,1073741823,1069285375,1071579135,1073119231,1072545791,1073192959,1072553983,1073709055,1073741823,1073741567,1073741823:g7
