1073741823,1073741823,1073741823,1073741823,1073741823,1073741823,1069481983,1066758143,1073709055,1073676287,1073741823,1073741823,1073741823,1073741823,1073741823:h7
1073741823,1073741823,1073741823,1073741823,1073740799,1073741823,1069449215,1066758143,1073709055,1073676287,1073741823,1073741823,1073741823,1073741823,1073741823:h6
1073741823,1073741823,1073741823,1073741823,1073725439,1073741823,1069449215,1066758143,1073709055,1073676287,1073741823,1073741823,1073741823,1073741823,1073741823:h10
1073741823,1073741823,1073741823,1073741823,1073479679,1073741823,1069449215,1066758143,1073709055,1073676287,1073741823,1073741823,1073741823,1073741823,1073741823:h6
1073741823,1073741823,1073741823,1073741823,1069547519,1073741823,1069449215,1066758143,1073709055,1073676287,1073741823,1073741823,1073741823,1073741823,1073741823:h6
1073741823,1073741823,1073741823,1073741823,1006632959,1073741823,1069449215,1066758143,1073709055,1073676287,1073741823,1073741823,1073741823,1073741823,1073741823:h6
1073741823,1073741823,1073741823,1073741823,1073741823,1073741823,1002340351,1066758143,1073709055,1073676287,1073741823,1073741823,1073741823,1073741823,1073741823:h6
1073741823,1073741823,1073741823,1073741823,1073741823,1073741823,1069449215,1066758143,1006600191,1073676287,1073741823,1073741823,1073741823,1073741823,1073741823:h6
1073741823,1073741823,1073741823,1073741823,1073741823,1073741823,1069449215,1066758143,1073709055,1073676287,1073740799,1073741823,1073741823,1073741823,1073741823:h6
1073741823,1073741823,1073741823,1073741823,1073741823,1006632959,1069449215,1066758143,1073709055,1073676287,1073741823,1073741823,1073741823,1073741823,1073741823:h6
1073741823,1073741823,1073741823,1073741823,1073741823,1073741823,1052671999,1066758143,1073709055,1073676287,1073741823,1073741823,1073741823,1073741823,1073741823:h6
1073741823,1073741823,1073741823,1073741823,1073741823,1073741823,1069449215,999649279,1073709055,1073676287,1073741823,1073741823,1073741823,1073741823,1073741823:h6
1073741823,1073741823,1073741823,1073741823,1073741823,1073741823,1069449215,1066758143,1073709055,1006567423,1073741823,1073741823,1073741823,1073741823,1073741823:h6
1073741823,1073741823,1073741823,1073741823,1073741823,1073741823,1069449215,1066758143,1056931839,1073676287,1073741823,1073741823,1073741823,1073741823,1073741823:h6
1073741823,1073741823,1073741823,1073741823,1073741823,1056964607,1069449215,1066758143,1073709055,1073676287,1073741823,1073741823,1073741823,1073741823,1073741823:h6
1073741823,1073741823,1073741823,1073741823,1073741823,1073741823,1069449215,1049980927,1073709055,1073676287,1073741823,1073741823,1073741823,1073741823,1073741823:h6
1073741823,1073741823,1073741823,1073741823,1073741823,1073741823,1069449215,1066758143,1073709055,1056899071,1073741823,1073741823,1073741823,1073741823,1073741823:h6
1073741823,1073741823,1073741823,1073741823,1073741823,1073741823,1069449215,1066758143,1069514751,1073676287,1073741823,1073741823,1073741823,1073741823,1073741823:h6
1073741823,1073741823,1073741823,1073741823,1073741823,1073741823,1069449215,1066758143,1073709055,1073676031,1073741823,1073741823,1073741823,1073741823,1073741823:h6
1073741823,1073741823,1073741823,1073741823,1073741823,1073741823,1069449215,1066758143,1073708031,1073676287,1073741823,1073741823,1073741823,1073741823,1073741823:h6
1073741823,1073741823,1073741823,1073741823,1073741823,1073741823,1069449215,1066757887,1073709055,1073676287,1073741823,1073741823,1073741823,1073741823,1073741823:h6
1073741823,1073741823,1073741823,1073741823,1073741823,1073741567,1069449215,1066758143,1073709055,1073676287,1073741823,1073741823,1073741823,1073741823,1073741823:h6
1073741823,1073741823,1073741823,1073741823,1073741823,1073741823,1069448191,1066758143,1073709055,1073676287,1073741823,1073741823,1073741823,1073741823,1073741823:h6
1073741823,1073741823,1073741823,1073741823,1073741823,1073737727,1069449215,1066758143,1073709055,1073676287,1073741823,1073741823,1073741823,1073741823,1073741823:h6
1073741823,1073741823,1073741823,1073741823,1073741823,1072693247,1069449215,1066758143,1073709055,1073676287,1073741823,1073741823,1073741823,1073741823,1073741823:h6
1073741823,1073741823,1073741823,1073741823,1073741823,1073741823,1069449215,1066758143,1073709055,1073676287,1073741823,1073737727,1073741823,1073741823,1073741823:h6
1073741823,1073741823,1073741823,1073741823,1073741823,1073741823,1069449215,1066758143,1073709055,1073676287,1073725439,1073741823,1073741823,1073741823,1073741823:h6
1073741823,1073741823,1073741823,1073741823,1073741823,1073741823,1069449215,1066758143,1073709055,1073672191,1073741823,1073741823,1073741823,1073741823,1073741823:h6
1073741823,1073741823,1073741823,1073741823,1073741823,1073741823,1069449215,1066758143,1073709055,1072627711,1073741823,1073741823,1073741823,1073741823,1073741823:h6
1073741823,1073741823,1073741823,1073741823,1073741823,1073741823,1069449215,1066758143,1073709055,1073676287,1073741823,1072693247,1073741823,1073741823,1073741823:h6
1073741823,1073741823,1073741823,1073741823,1073741823,1073741823,1069449215,1066758143,1073709055,1073676287,1073479679,1073741823,1073741823,1073741823,1073741823:h6
1073741823,1073741823,1073741823,1073741823,1073741823,1073741823,1069449215,1066758143,1073709055,1073676287,1073741823,1073676287,1073741823,1073741823,1073741823:h6
1073741823,1073741823,1073741823,1073741823,1073741823,1073741823,1069449215,1066758143,1073709055,1073676287,1073676287,1073741823,1073741823,1073741823,1073741823:h6
1073741823,1073741823,1073741823,1073741823,1073741823,1069547519,1069449215,1066758143,1073709055,1073676287,1073741823,1073741823,1073741823,1073741823,1073741823:h6
1073741823,1073741823,1073741823,1073741823,1073741823,1073741823,1069449215,1066758143,1073709055,1069481983,1073741823,1073741823,1073741823,1073741823,1073741823:h6
1073741823,1073741823,1073741823,1073741823,1073741823,1073741823,1069449215,1066758143,1073446911,1073676287,1073741823,1073741823,1073741823,1073741823,1073741823:h6
1073741823,1073741823,1073741823,1073741823,1073737727,1073741823,1069449215,1066758143,1073709055,1073676287,1073741823,1073741823,1073741823,1073741823,1073741823:h6
1073741823,1073741823,1073741823,1073741823,1073676287,1073741823,1069449215,1066758143,1073709055,1073676287,1073741823,1073741823,1073741823,1073741823,1073741823:h6
1073741823,1073741823,1073741823,1073741823,1073741823,1073676287,1069449215,1066758143,1073709055,1073676287,1073741823,1073741823,1073741823,1073741823,1073741823:h6
1073741823,1073741823,1073741823,1073741823,1072693247,1073741823,1069449215,1066758143,1073709055,1073676287,1073741823,1073741823,1073741823,1073741823,1073741823:h6
1073741823,1073741823,1073741823,1073741823,1073741823,1073741823,1068400639,1066758143,1073709055,1073676287,1073741823,1073741823,1073741823,1073741823,1073741823:h6
1073741823,1073741823,1073741823,1073741823,1073741823,1073741823,1069187071,1066758143,1073709055,1073676287,1073741823,1073741823,1073741823,1073741823,1073741823:h6
1073741823,1073741823,1073741823,1073741823,1073741823,1073741823,1069449215,1066758143,1072660479,1073676287,1073741823,1073741823,1073741823,1073741823,1073741823:h6
1073741823,1073741823,1073741823,1073741823,1073741823,1073741823,1069449215,1066758143,1073709055,1073675263,1073741823,1073741823,1073741823,1073741823,1073741823:h6
1073741823,1073741823,1073741823,1073741823,1073741823,1073741823,1069449215,1066758143,1073704959,1073676287,1073741823,1073741823,1073741823,1073741823,1073741823:h6
1073741823,1073741823,1073741823,1073741823,1073741823,1073741823,1069449215,1066757119,1073709055,1073676287,1073741823,1073741823,1073741823,1073741823,1073741823:h6
1073741823,1073741823,1073741823,1073741823,1073741823,1073740799,1069449215,1066758143,1073709055,1073676287,1073741823,1073741823,1073741823,1073741823,1073741823:h6
1073741823,1073741823,1073741823,1073741823,1073741823,1073741823,1069445119,1066758143,1073709055,1073676287,1073741823,1073741823,1073741823,1073741823,1073741823:h6
1073741823,1073741823,1073741823,1073741823,1073741823,1073725439,1069449215,1066758143,1073709055,1073676287,1073741823,1073741823,1073741823,1073741823,1073741823:j9
1073741823,1073741823,1073741823,1073741823,1073741823,1073479679,1069449215,1066758143,1073709055,1073676287,1073741823,1073741823,1073741823,1073741823,1073741823:h6
1073741823,1073741823,1073741823,1073741823,1073741823,1073741823,1069449215,1066758143,1073709055,1073414143,1073741823,1073741823,1073741823,1073741823,1073741823:h6
1073741823,1073741823,1073741823,1073741823,1073741823,1073741823,1069449215,1066758143,1073643519,1073676287,1073741823,1073741823,1073741823,1073741823,1073741823:h6
1073741823,1073741823,1073741823,1073741823,1073741823,1073741823,1069449215,1066758143,1073709055,1073659903,1073741823,1073741823,1073741823,1073741823,1073741823:h5
