1073741823,1073741823,1073741823,1073676287,1073741823,1073741823,1073672191,1073119231,1073086463,1073741823,1073741823,1073741823,1073741823,1073741823,1073741823:h9
1073741823,1073741823,1073741823,1073676287,1073741823,1073741823,1073672191,1073119231,1073053695,1073741823,1073740799,1073741823,1073741823,1073741823,1073741823:g9
1073741823,1073741823,1073741823,1073676287,1073741823,1073741823,1073672191,1073119231,1073052671,1073741823,1073741823,1073741823,1073741823,1073741823,1073741823:k9
1073741823,1073741823,1073741823,1073676287,1073725439,1073741823,1073672191,1073119231,1073053695,1073741823,1073741823,1073741823,1073741823,1073741823,1073741823:g9
1073741823,1073741823,1073741823,1073672191,1073741823,1073741823,1073672191,1073119231,1073053695,1073741823,1073741823,1073741823,1073741823,1073741823,1073741823:g9
1073741823,1073741823,1073741823,1073659903,1073741823,1073741823,1073672191,1073119231,1073053695,1073741823,1073741823,1073741823,1073741823,1073741823,1073741823:g9
1073741823,1073737727,1073741823,1073676287,1073741823,1073741823,1073672191,1073119231,1073053695,1073741823,1073741823,1073741823,1073741823,1073741823,1073741823:g9
1073741823,1073741823,1073725439,1073676287,1073741823,1073741823,1073672191,1073119231,1073053695,1073741823,1073741823,1073741823,1073741823,1073741823,1073741823:g9
1073741823,1073676287,1073741823,1073676287,1073741823,1073741823,1073672191,1073119231,1073053695,1073741823,1073741823,1073741823,1073741823,1073741823,1073741823:g9
1073741823,1073741823,1073676287,1073676287,1073741823,1073741823,1073672191,1073119231,1073053695,1073741823,1073741823,1073741823,1073741823,1073741823,1073741823:g9
1073741823,1072693247,1073741823,1073676287,1073741823,1073741823,1073672191,1073119231,1073053695,1073741823,1073741823,1073741823,1073741823,1073741823,1073741823:g9
1073741823,1073741823,1073479679,1073676287,1073741823,1073741823,1073672191,1073119231,1073053695,1073741823,1073741823,1073741823,1073741823,1073741823,1073741823:g9
1073741823,1073741823,1073741823,1072627711,1073741823,1073741823,1073672191,1073119231,1073053695,1073741823,1073741823,1073741823,1073741823,1073741823,1073741823:g9
1073741823,1073741823,1073741823,1073414143,1073741823,1073741823,1073672191,1073119231,1073053695,1073741823,1073741823,1073741823,1073741823,1073741823,1073741823:g9
1073741823,1073741823,1073741823,1073676287,1073479679,1073741823,1073672191,1073119231,1073053695,1073741823,1073741823,1073741823,1073741823,1073741823,1073741823:g9
1073741823,1073741823,1073741823,1073676287,1073741823,1073741823,1073672191,1073119231,1073053695,1073741823,1073725439,1073741823,1073741823,1073741823,1073741823:g9
1073741823,1073741823,1073741823,1073676287,1073741823,1073741823,1069477887,1073119231,1073053695,1073741823,1073741823,1073741823,1073741823,1073741823,1073741823:g9
1073741823,1073741823,1073741823,1073676287,1073741823,1073741823,1073672191,1073119231,1068859391,1073741823,1073741823,1073741823,1073741823,1073741823,1073741823:g9
1073741823,1073741823,1073741823,1073676287,1073741823,1073741823,1073672191,1073119231,1073053695,1073741823,1069547519,1073741823,1073741823,1073741823,1073741823:g9
1073741823,1073741823,1073741823,1073676287,1073741823,1073741823,1073672191,1073119231,1073053695,1073741823,1073479679,1073741823,1073741823,1073741823,1073741823:g9
1073741823,1073741823,1073741823,1073676287,1073741823,1073741823,1073672191,1073119231,1073053439,1073741823,1073741823,1073741823,1073741823,1073741823,1073741823:g9
1073741823,1073741823,1073741823,1073676287,1073741823,1073741823,1073671935,1073119231,1073053695,1073741823,1073741823,1073741823,1073741823,1073741823,1073741823:g9
1073741823,1073741823,1073741823,1073676287,1073741823,1073741823,1073671167,1073119231,1073053695,1073741823,1073741823,1073741823,1073741823,1073741823,1073741823:g9
1073741823,1073741823,1073741823,1073676287,1073741567,1073741823,1073672191,1073119231,1073053695,1073741823,1073741823,1073741823,1073741823,1073741823,1073741823:g9
1073741823,1073741823,1073741823,1073676287,1073741823,1073741823,1073672191,1073119231,1073053695,1073741823,1073737727,1073741823,1073741823,1073741823,1073741823:g9
1073741823,1073741823,1073741823,1073676287,1073741823,1073741823,1073672191,1073119231,1073053695,1073741823,1072693247,1073741823,1073741823,1073741823,1073741823:g9
1073741823,1073741823,1073741823,1073676287,1073741823,1073741823,1073672191,1073119231,1073053695,1073741823,1073676287,1073741823,1073741823,1073741823,1073741823:g9
1073741823,1073741823,1073741823,1073676287,1073741823,1073741823,1073672191,1073119231,1073053695,1073737727,1073741823,1073741823,1073741823,1073741823,1073741823:g9
1073741823,1073741823,1073741823,1073676287,1073741823,1073737727,1073672191,1073119231,1073053695,1073741823,1073741823,1073741823,1073741823,1073741823,1073741823:g9
1073741823,1073741823,1073741823,1073676287,1073741823,1072693247,1073672191,1073119231,1073053695,1073741823,1073741823,1073741823,1073741823,1073741823,1073741823:g9
1073741823,1073741823,1073741823,1073676287,1073741823,1073741823,1073672191,1073119231,1073053695,1072693247,1073741823,1073741823,1073741823,1073741823,1073741823:g9
1073741823,1073741823,1073741823,1073676287,1073741823,1073741823,1073672191,1073119231,1073053695,1073676287,1073741823,1073741823,1073741823,1073741823,1073741823:g9
1073741823,1073741823,1073741823,1073676287,1073741823,1069547519,1073672191,1073119231,1073053695,1073741823,1073741823,1073741823,1073741823,1073741823,1073741823:g9
1073741823,1073741823,1073741823,1073676287,1073741823,1073741823,1073672191,1068924927,1073053695,1073741823,1073741823,1073741823,1073741823,1073741823,1073741823:g9
1073741823,1073741823,1073741823,1073676287,1073741823,1073741823,1073672191,1072070655,1073053695,1073741823,1073741823,1073741823,1073741823,1073741823,1073741823:g9
1073741823,1073741823,1073741823,1073676287,1073741823,1073741823,1073672191,1073119231,1073053695,1069547519,1073741823,1073741823,1073741823,1073741823,1073741823:g9
1073741823,1073741823,1073741823,1073676287,1073737727,1073741823,1073672191,1073119231,1073053695,1073741823,1073741823,1073741823,1073741823,1073741823,1073741823:g9
1073741823,1073741823,1073741823,1073676287,1073676287,1073741823,1073672191,1073119231,1073053695,1073741823,1073741823,1073741823,1073741823,1073741823,1073741823:i6
1073741823,1073741823,1073737727,1073676287,1073676287,1073610751,1073672191,1073119231,1073053695,1073741823,1073741823,1073741823,1073741823,1073741823,1073741823:h7
1073741823,1073741823,1072693247,1073676287,1073676287,1073610751,1073672191,1073119231,1073053695,1073741823,1073741823,1073741823,1073741823,1073741823,1073741823:g9
1073741823,1073741823,1073741823,1073676287,1073676287,1073610751,1073672191,1073119231,1073053695,1073741823,1073740799,1073741823,1073741823,1073741823,1073741823:h7
1073741823,1073741823,1073741823,1073676287,1073676287,1073610751,1073672191,1073119231,1073052671,1073741823,1073741823,1073741823,1073741823,1073741823,1073741823:h10
1073741823,1073741823,1073741823,1073676287,1073659903,1073610751,1073672191,1073119231,1073053695,1073741823,1073741823,1073741823,1073741823,1073741823,1073741823:h7
1073741823,1073741823,1073741823,1073672191,1073676287,1073610751,1073672191,1073119231,1073053695,1073741823,1073741823,1073741823,1073741823,1073741823,1073741823:h7
1073741823,1073741823,1073741823,1073659903,1073676287,1073610751,1073672191,1073119231,1073053695,1073741823,1073741823,1073741823,1073741823,1073741823,1073741823:h7
1073741823,1073737727,1073741823,1073676287,1073676287,1073610751,1073672191,1073119231,1073053695,1073741823,1073741823,1073741823,1073741823,1073741823,1073741823:h7
1073741823,1073741823,1073725439,1073676287,1073676287,1073610751,1073672191,1073119231,1073053695,1073741823,1073741823,1073741823,1073741823,1073741823,1073741823:h7
1073741823,1073676287,1073741823,1073676287,1073676287,1073610751,1073672191,1073119231,1073053695,1073741823,1073741823,1073741823,1073741823,1073741823,1073741823:h7
1073741823,1073741823,1073676287,1073676287,1073676287,1073610751,1073672191,1073119231,1073053695,1073741823,1073741823,1073741823,1073741823,1073741823,1073741823:h7
1073741823,1072693247,1073741823,1073676287,1073676287,1073610751,1073672191,1073119231,1073053695,1073741823,1073741823,1073741823,1073741823,1073741823,1073741823:h7
1073741823,1073741823,1073479679,1073676287,1073676287,1073610751,1073672191,1073119231,1073053695,1073741823,1073741823,1073741823,1073741823,1073741823,1073741823:h7
1073741823,1073741823,1073741823,1072627711,1073676287,1073610751,1073672191,1073119231,1073053695,1073741823,1073741823,1073741823,1073741823,1073741823,1073741823:h7
1073741823,1073741823,1073741823,1073414143,1073676287,1073610751,1073672191,1073119231,1073053695,1073741823,1073741823,1073741823,1073741823,1073741823,1073741823:g9
1073741823,1073741823,1073741823,1073676287,1073414143,1073610751,1073672191,1073119231,1073053695,1073741823,1073741823,1073741823,1073741823,1073741823,1073741823:h10
1073741823,1073741823,1073741823,1073676287,1073676287,1073610751,1073672191,1073119231,1073053695,1073741823,1073725439,1073741823,1073741823,1073741823,1073741823:h7
1073741823,1073741823,1073741823,1073676287,1073676287,1073610751,1069477887,1073119231,1073053695,1073741823,1073741823,1073741823,1073741823,1073741823,1073741823:h7
1073741823,1073741823,1073741823,1073676287,1073676287,1073610751,1073672191,1073119231,1068859391,1073741823,1073741823,1073741823,1073741823,1073741823,1073741823:h7
1073741823,1073741823,1073741823,1073676287,1073676287,1073610751,1073672191,1073119231,1073053695,1073741823,1069547519,1073741823,1073741823,1073741823,1073741823:h7
1073741823,1073741823,1073741823,1073676287,1073676287,1073610751,1073672191,1073119231,1073053695,1073741823,1073479679,1073741823,1073741823,1073741823,1073741823:h7
1073741823,1073741823,1073741823,1073676287,1073676287,1073610751,1073672191,1073119231,1073053439,1073741823,1073741823,1073741823,1073741823,1073741823,1073741823:g9
1073741823,1073741823,1073741823,1073676287,1073676287,1073610751,1073671935,1073119231,1073053695,1073741823,1073741823,1073741823,1073741823,1073741823,1073741823:h7
1073741823,1073741823,1073741823,1073676287,1073676287,1073610751,1073671167,1073119231,1073053695,1073741823,1073741823,1073741823,1073741823,1073741823,1073741823:g9
1073741823,1073741823,1073741823,1073676287,1073676031,1073610751,1073672191,1073119231,1073053695,1073741823,1073741823,1073741823,1073741823,1073741823,1073741823:h7
1073741823,1073741823,1073741823,1073676287,1073676287,1073610751,1073672191,1073119231,1073053695,1073741823,1073737727,1073741823,1073741823,1073741823,1073741823:h7
1073741823,1073741823,1073741823,1073676287,1073676287,1073610751,1073672191,1073119231,1073053695,1073741823,1072693247,1073741823,1073741823,1073741823,1073741823:h7
1073741823,1073741823,1073741823,1073676287,1073676287,1073610751,1073672191,1073119231,1073053695,1073741823,1073676287,1073741823,1073741823,1073741823,1073741823:h7
1073741823,1073741823,1073741823,1073676287,1073676287,1073610751,1073672191,1073119231,1073053695,1073737727,1073741823,1073741823,1073741823,1073741823,1073741823:h7
1073741823,1073741823,1073741823,1073676287,1073676287,1073606655,1073672191,1073119231,1073053695,1073741823,1073741823,1073741823,1073741823,1073741823,1073741823:h7
1073741823,1073741823,1073741823,1073676287,1073676287,1072562175,1073672191,1073119231,1073053695,1073741823,1073741823,1073741823,1073741823,1073741823,1073741823:h7
1073741823,1073741823,1073741823,1073676287,1073676287,1073610751,1073672191,1073119231,1073053695,1072693247,1073741823,1073741823,1073741823,1073741823,1073741823:h7
1073741823,1073741823,1073741823,1073676287,1073676287,1073610751,1073672191,1073119231,1073053695,1073676287,1073741823,1073741823,1073741823,1073741823,1073741823:h7
1073741823,1073741823,1073741823,1073676287,1073676287,1069416447,1073672191,1073119231,1073053695,1073741823,1073741823,1073741823,1073741823,1073741823,1073741823:h7
1073741823,1073741823,1073741823,1073676287,1073676287,1073610751,1073672191,1068924927,1073053695,1073741823,1073741823,1073741823,1073741823,1073741823,1073741823:h7
1073741823,1073741823,1073741823,1073676287,1073676287,1073610751,1073672191,1072070655,1073053695,1073741823,1073741823,1073741823,1073741823,1073741823,1073741823:h7
1073741823,1073741823,1073741823,1073676287,1073676287,1073610751,1073672191,1073119231,1073053695,1069547519,1073741823,1073741823,1073741823,1073741823,1073741823:h7
1073741823,1073741823,1073741823,1073676287,1073672191,1073610751,1073672191,1073119231,1073053695,1073741823,1073741823,1073741823,1073741823,1073741823,1073741823:h7
1073741823,1073741823,1073741823,1073676287,1072627711,1073610751,1073672191,1073119231,1073053695,1073741823,1073741823,1073741823,1073741823,1073741823,1073741823:h7
1073741823,1073741823,1073741823,1073676287,1073676287,1073610751,1072623615,1073119231,1073053695,1073741823,1073741823,1073741823,1073741823,1073741823,1073741823:h7
1073741823,1073741823,1073741823,1073676287,1073676287,1073610751,1073410047,1073119231,1073053695,1073741823,1073741823,1073741823,1073741823,1073741823,1073741823:g9
1073741823,1073741823,1073741823,1073676287,1073676287,1073610751,1073672191,1073119231,1072005119,1073741823,1073741823,1073741823,1073741823,1073741823,1073741823:h7
1073741823,1073741823,1073741823,1073676287,1073676287,1073610751,1073672191,1073119231,1073053695,1073740799,1073741823,1073741823,1073741823,1073741823,1073741823:h7
1073741823,1073741823,1073741823,1073676287,1073676287,1073610751,1073672191,1073119231,1073049599,1073741823,1073741823,1073741823,1073741823,1073741823,1073741823:h10
1073741823,1073741823,1073741823,1073676287,1073676287,1073610751,1073672191,1073118207,1073053695,1073741823,1073741823,1073741823,1073741823,1073741823,1073741823:g9
1073741823,1073741823,1073741823,1073676287,1073676287,1073610751,1073672191,1073115135,1073053695,1073741823,1073741823,1073741823,1073741823,1073741823,1073741823:h10
1073741823,1073741823,1073741823,1073676287,1073676287,1073609727,1073672191,1073119231,1073053695,1073741823,1073741823,1073741823,1073741823,1073741823,1073741823:h7
1073741823,1073741823,1073741823,1073676287,1073676287,1073594367,1073672191,1073119231,1073053695,1073741823,1073741823,1073741823,1073741823,1073741823,1073741823:g9
1073741823,1073741823,1073741823,1073676287,1073676287,1073610751,1073655807,1073119231,1073053695,1073741823,1073741823,1073741823,1073741823,1073741823,1073741823:g9
1073741823,1073741823,1073741823,1073676287,1073676287,1073348607,1073672191,1073119231,1073053695,1073741823,1073741823,1073741823,1073741823,1073741823,1073741823:h7
1073741823,1073741823,1073741823,1073676287,1073676287,1073610751,1073672191,1073119231,1073053695,1073479679,1073741823,1073741823,1073741823,1073741823,1073741823:h7
1073741823,1073741823,1073741823,1073676287,1073676287,1073610751,1073672191,1073119231,1073053695,1073725439,1073741823,1073741823,1073741823,1073741823,1073741823:j7
1073741823,1073741823,1073741823,1073676287,1073741823,1073676287,1073672191,1073119231,1073053695,1073741823,1073741823,1073741823,1073741823,1073741823,1073741823:i5
1073741823,1073741823,1073737727,1073676287,1073610751,1073676287,1073672191,1073119231,1073053695,1073741823,1073741823,1073741823,1073741823,1073741823,1073741823:h10
1073741823,1073741823,1072693247,1073676287,1073610751,1073676287,1073672191,1073119231,1073053695,1073741823,1073741823,1073741823,1073741823,1073741823,1073741823:h10
1073741823,1073741823,1073741823,1073676287,1073610751,1073676287,1073672191,1073119231,1073053695,1073741823,1073740799,1073741823,1073741823,1073741823,1073741823:h10
1073741823,1073741823,1073741823,1073676287,1073610751,1073676287,1073672191,1073119231,1073052671,1073741823,1073741823,1073741823,1073741823,1073741823,1073741823:h10
1073741823,1073741823,1073741823,1073676287,1073594367,1073676287,1073672191,1073119231,1073053695,1073741823,1073741823,1073741823,1073741823,1073741823,1073741823:h10
1073741823,1073741823,1073741823,1073672191,1073610751,1073676287,1073672191,1073119231,1073053695,1073741823,1073741823,1073741823,1073741823,1073741823,1073741823:h10
1073741823,1073741823,1073741823,1073659903,1073610751,1073676287,1073672191,1073119231,1073053695,1073741823,1073741823,1073741823,1073741823,1073741823,1073741823:h10
1073741823,1073737727,1073741823,1073676287,1073610751,1073676287,1073672191,1073119231,1073053695,1073741823,1073741823,1073741823,1073741823,1073741823,1073741823:h10
1073741823,1073741823,1073725439,1073676287,1073610751,1073676287,1073672191,1073119231,1073053695,1073741823,1073741823,1073741823,1073741823,1073741823,1073741823:h10
1073741823,1073676287,1073741823,1073676287,1073610751,1073676287,1073672191,1073119231,1073053695,1073741823,1073741823,1073741823,1073741823,1073741823,1073741823:h10
1073741823,1073741823,1073676287,1073676287,1073610751,1073676287,1073672191,1073119231,1073053695,1073741823,1073741823,1073741823,1073741823,1073741823,1073741823:h10
1073741823,1072693247,1073741823,1073676287,1073610751,1073676287,1073672191,1073119231,1073053695,1073741823,1073741823,1073741823,1073741823,1073741823,1073741823:h10
1073741823,1073741823,1073479679,1073676287,1073610751,1073676287,1073672191,1073119231,1073053695,1073741823,1073741823,1073741823,1073741823,1073741823,1073741823:h10
1073741823,1073741823,1073741823,1072627711,1073610751,1073676287,1073672191,1073119231,1073053695,1073741823,1073741823,1073741823,1073741823,1073741823,1073741823:h10
1073741823,1073741823,1073741823,1073414143,1073610751,1073676287,1073672191,1073119231,1073053695,1073741823,1073741823,1073741823,1073741823,1073741823,1073741823:h10
1073741823,1073741823,1073741823,1073676287,1073348607,1073676287,1073672191,1073119231,1073053695,1073741823,1073741823,1073741823,1073741823,1073741823,1073741823:h10
1073741823,1073741823,1073741823,1073676287,1073610751,1073676287,1073672191,1073119231,1073053695,1073741823,1073725439,1073741823,1073741823,1073741823,1073741823:k7
1073741823,1073741823,1073741823,1073676287,1073610751,1073676287,1069477887,1073119231,1073053695,1073741823,1073741823,1073741823,1073741823,1073741823,1073741823:h10
1073741823,1073741823,1073741823,1073676287,1073610751,1073676287,1073672191,1073119231,1068859391,1073741823,1073741823,1073741823,1073741823,1073741823,1073741823:h10
1073741823,1073741823,1073741823,1073676287,1073610751,1073676287,1073672191,1073119231,1073053695,1073741823,1069547519,1073741823,1073741823,1073741823,1073741823:h10
1073741823,1073741823,1073741823,1073676287,1073610751,1073676287,1073672191,1073119231,1073053695,1073741823,1073479679,1073741823,1073741823,1073741823,1073741823:h10
1073741823,1073741823,1073741823,1073676287,1073610751,1073676287,1073672191,1073119231,1073053439,1073741823,1073741823,1073741823,1073741823,1073741823,1073741823:h10
1073741823,1073741823,1073741823,1073676287,1073610751,1073676287,1073671935,1073119231,1073053695,1073741823,1073741823,1073741823,1073741823,1073741823,1073741823:g9
1073741823,1073741823,1073741823,1073676287,1073610751,1073676287,1073671167,1073119231,1073053695,1073741823,1073741823,1073741823,1073741823,1073741823,1073741823:g9
1073741823,1073741823,1073741823,1073676287,1073610495,1073676287,1073672191,1073119231,1073053695,1073741823,1073741823,1073741823,1073741823,1073741823,1073741823:h10
1073741823,1073741823,1073741823,1073676287,1073610751,1073676287,1073672191,1073119231,1073053695,1073741823,1073737727,1073741823,1073741823,1073741823,1073741823:k7
1073741823,1073741823,1073741823,1073676287,1073610751,1073676287,1073672191,1073119231,1073053695,1073741823,1072693247,1073741823,1073741823,1073741823,1073741823:h10
1073741823,1073741823,1073741823,1073676287,1073610751,1073676287,1073672191,1073119231,1073053695,1073741823,1073676287,1073741823,1073741823,1073741823,1073741823:h10
1073741823,1073741823,1073741823,1073676287,1073610751,1073676287,1073672191,1073119231,1073053695,1073737727,1073741823,1073741823,1073741823,1073741823,1073741823:h10
1073741823,1073741823,1073741823,1073676287,1073610751,1073672191,1073672191,1073119231,1073053695,1073741823,1073741823,1073741823,1073741823,1073741823,1073741823:h10
1073741823,1073741823,1073741823,1073676287,1073610751,1072627711,1073672191,1073119231,1073053695,1073741823,1073741823,1073741823,1073741823,1073741823,1073741823:h10
1073741823,1073741823,1073741823,1073676287,1073610751,1073676287,1073672191,1073119231,1073053695,1072693247,1073741823,1073741823,1073741823,1073741823,1073741823:h10
1073741823,1073741823,1073741823,1073676287,1073610751,1073676287,1073672191,1073119231,1073053695,1073676287,1073741823,1073741823,1073741823,1073741823,1073741823:h10
1073741823,1073741823,1073741823,1073676287,1073610751,1069481983,1073672191,1073119231,1073053695,1073741823,1073741823,1073741823,1073741823,1073741823,1073741823:h10
1073741823,1073741823,1073741823,1073676287,1073610751,1073676287,1073672191,1068924927,1073053695,1073741823,1073741823,1073741823,1073741823,1073741823,1073741823:h10
1073741823,1073741823,1073741823,1073676287,1073610751,1073676287,1073672191,1072070655,1073053695,1073741823,1073741823,1073741823,1073741823,1073741823,1073741823:h10
1073741823,1073741823,1073741823,1073676287,1073610751,1073676287,1073672191,1073119231,1073053695,1069547519,1073741823,1073741823,1073741823,1073741823,1073741823:h10
1073741823,1073741823,1073741823,1073676287,1073606655,1073676287,1073672191,1073119231,1073053695,1073741823,1073741823,1073741823,1073741823,1073741823,1073741823:h10
1073741823,1073741823,1073741823,1073676287,1072562175,1073676287,1073672191,1073119231,1073053695,1073741823,1073741823,1073741823,1073741823,1073741823,1073741823:h10
1073741823,1073741823,1073741823,1073676287,1073610751,1073676287,1072623615,1073119231,1073053695,1073741823,1073741823,1073741823,1073741823,1073741823,1073741823:g9
1073741823,1073741823,1073741823,1073676287,1073610751,1073676287,1073410047,1073119231,1073053695,1073741823,1073741823,1073741823,1073741823,1073741823,1073741823:g9
1073741823,1073741823,1073741823,1073676287,1073610751,1073676287,1073672191,1073119231,1072005119,1073741823,1073741823,1073741823,1073741823,1073741823,1073741823:h10
1073741823,1073741823,1073741823,1073676287,1073610751,1073676287,1073672191,1073119231,1073053695,1073740799,1073741823,1073741823,1073741823,1073741823,1073741823:h10
1073741823,1073741823,1073741823,1073676287,1073610751,1073676287,1073672191,1073119231,1073049599,1073741823,1073741823,1073741823,1073741823,1073741823,1073741823:h10
1073741823,1073741823,1073741823,1073676287,1073610751,1073676287,1073672191,1073118207,1073053695,1073741823,1073741823,1073741823,1073741823,1073741823,1073741823:h10
1073741823,1073741823,1073741823,1073676287,1073610751,1073676287,1073672191,1073115135,1073053695,1073741823,1073741823,1073741823,1073741823,1073741823,1073741823:h10
1073741823,1073741823,1073741823,1073676287,1073610751,1073675263,1073672191,1073119231,1073053695,1073741823,1073741823,1073741823,1073741823,1073741823,1073741823:h10
1073741823,1073741823,1073741823,1073676287,1073610751,1073659903,1073672191,1073119231,1073053695,1073741823,1073741823,1073741823,1073741823,1073741823,1073741823:h10
1073741823,1073741823,1073741823,1073676287,1073610751,1073676287,1073655807,1073119231,1073053695,1073741823,1073741823,1073741823,1073741823,1073741823,1073741823:g9
1073741823,1073741823,1073741823,1073676287,1073610751,1073414143,1073672191,1073119231,1073053695,1073741823,1073741823,1073741823,1073741823,1073741823,1073741823:h10
1073741823,1073741823,1073741823,1073676287,1073610751,1073676287,1073672191,1073119231,1073053695,1073479679,1073741823,1073741823,1073741823,1073741823,1073741823:h10
1073741823,1073741823,1073741823,1073676287,1073610751,1073676287,1073672191,1073119231,1073053695,1073725439,1073741823,1073741823,1073741823,1073741823,1073741823:g9
1073741823,1073741823,1073741823,1073676287,1072693247,1073741823,1073672191,1073119231,1073053695,1073741823,1073741823,1073741823,1073741823,1073741823,1073741823:g9
1073741823,1073741823,1073741823,1073676287,1073741823,1073741823,1072623615,1073119231,1073053695,1073741823,1073741823,1073741823,1073741823,1073741823,1073741823:g9
1073741823,1073741823,1073741823,1073676287,1073741823,1073741823,1073410047,1073119231,1073053695,1073741823,1073741823,1073741823,1073741823,1073741823,1073741823:g9
1073741823,1073741823,1073741823,1073676287,1073741823,1073741823,1073672191,1073119231,1072005119,1073741823,1073741823,1073741823,1073741823,1073741823,1073741823:h10
1073741823,1073741823,1073741823,1073676287,1073741823,1073741823,1073672191,1073119231,1072005119,1073709055,1073741823,1073740799,1073741823,1073741823,1073741823:h7
1073741823,1073741823,1073741823,1073676287,1073741823,1073741823,1073672191,1073119231,1072005119,1073709055,1073741823,1073479679,1073741823,1073741823,1073741823:h7
1073741823,1073741823,1073741823,1073676287,1073741823,1073741823,1073672191,1073119231,1072005119,1073709055,1073741823,1073725439,1073741823,1073741823,1073741823:h7
1073741823,1073741823,1073741823,1073676287,1073741823,1073741823,1056894975,1073119231,1072005119,1073709055,1073741823,1073741823,1073741823,1073741823,1073741823:h7
1073741823,1073741823,1073741823,1073676287,1073741823,1073741823,1073672191,1073119231,1055227903,1073709055,1073741823,1073741823,1073741823,1073741823,1073741823:h7
1073741823,1073741823,1073741823,1073676287,1073741823,1073741823,1073672191,1073119231,1072005119,1073709055,1056964607,1073741823,1073741823,1073741823,1073741823:h7
1073741823,1073741823,1073741823,1073676287,1073741823,1073741823,1073672191,1073119231,1072005119,1073709055,1073740799,1073741823,1073741823,1073741823,1073741823:h7
1073741823,1073741823,1073741823,1073676287,1073741823,1073741823,1073672191,1073119231,1072004095,1073709055,1073741823,1073741823,1073741823,1073741823,1073741823:h7
1073741823,1073741823,1073741823,1073676287,1073725439,1073741823,1073672191,1073119231,1072005119,1073709055,1073741823,1073741823,1073741823,1073741823,1073741823:h7
1073741823,1073741823,1073741823,1073672191,1073741823,1073741823,1073672191,1073119231,1072005119,1073709055,1073741823,1073741823,1073741823,1073741823,1073741823:h7
1073741823,1073741823,1073741823,1073659903,1073741823,1073741823,1073672191,1073119231,1072005119,1073709055,1073741823,1073741823,1073741823,1073741823,1073741823:h7
1073741823,1073737727,1073741823,1073676287,1073741823,1073741823,1073672191,1073119231,1072005119,1073709055,1073741823,1073741823,1073741823,1073741823,1073741823:h7
1073741823,1073741823,1073725439,1073676287,1073741823,1073741823,1073672191,1073119231,1072005119,1073709055,1073741823,1073741823,1073741823,1073741823,1073741823:h7
1073741823,1073676287,1073741823,1073676287,1073741823,1073741823,1073672191,1073119231,1072005119,1073709055,1073741823,1073741823,1073741823,1073741823,1073741823:h7
1073741823,1073741823,1073676287,1073676287,1073741823,1073741823,1073672191,1073119231,1072005119,1073709055,1073741823,1073741823,1073741823,1073741823,1073741823:h7
1073741823,1072693247,1073741823,1073676287,1073741823,1073741823,1073672191,1073119231,1072005119,1073709055,1073741823,1073741823,1073741823,1073741823,1073741823:h7
1073741823,1073741823,1073479679,1073676287,1073741823,1073741823,1073672191,1073119231,1072005119,1073709055,1073741823,1073741823,1073741823,1073741823,1073741823:h7
1073741823,1073741823,1073741823,1072627711,1073741823,1073741823,1073672191,1073119231,1072005119,1073709055,1073741823,1073741823,1073741823,1073741823,1073741823:h7
1073741823,1073741823,1073741823,1073414143,1073741823,1073741823,1073672191,1073119231,1072005119,1073709055,1073741823,1073741823,1073741823,1073741823,1073741823:h7
1073741823,1073741823,1073741823,1073676287,1073479679,1073741823,1073672191,1073119231,1072005119,1073709055,1073741823,1073741823,1073741823,1073741823,1073741823:h7
1073741823,1073741823,1073741823,1073676287,1073741823,1073741823,1073672191,1073119231,1072005119,1073709055,1073725439,1073741823,1073741823,1073741823,1073741823:k7
1073741823,1073741823,1073741823,1073676287,1073741823,1073741823,1069477887,1073119231,1072005119,1073709055,1073741823,1073741823,1073741823,1073741823,1073741823:h7
1073741823,1073741823,1073741823,1073676287,1073741823,1073741823,1073672191,1073119231,1067810815,1073709055,1073741823,1073741823,1073741823,1073741823,1073741823:h7
1073741823,1073741823,1073741823,1073676287,1073741823,1073741823,1073672191,1073119231,1072005119,1073709055,1069547519,1073741823,1073741823,1073741823,1073741823:h7
1073741823,1073741823,1073741823,1073676287,1073741823,1073741823,1073672191,1073119231,1072005119,1073709055,1073479679,1073741823,1073741823,1073741823,1073741823:h7
1073741823,1073741823,1073741823,1073676287,1073741823,1073741823,1073672191,1073119231,1072004863,1073709055,1073741823,1073741823,1073741823,1073741823,1073741823:h7
1073741823,1073741823,1073741823,1073676287,1073741823,1073741823,1073671935,1073119231,1072005119,1073709055,1073741823,1073741823,1073741823,1073741823,1073741823:h7
1073741823,1073741823,1073741823,1073676287,1073741823,1073741823,1073671167,1073119231,1072005119,1073709055,1073741823,1073741823,1073741823,1073741823,1073741823:h7
1073741823,1073741823,1073741823,1073676287,1073741567,1073741823,1073672191,1073119231,1072005119,1073709055,1073741823,1073741823,1073741823,1073741823,1073741823:h7
1073741823,1073741823,1073741823,1073676287,1073741823,1073741823,1073672191,1073119231,1072005119,1073709055,1073737727,1073741823,1073741823,1073741823,1073741823:h7
1073741823,1073741823,1073741823,1073676287,1073741823,1073741823,1073672191,1073119231,1072005119,1073709055,1072693247,1073741823,1073741823,1073741823,1073741823:h7
1073741823,1073741823,1073741823,1073676287,1073741823,1073741823,1073672191,1073119231,1072005119,1073709055,1073676287,1073741823,1073741823,1073741823,1073741823:h7
1073741823,1073741823,1073741823,1073676287,1073741823,1073741823,1073672191,1073119231,1072005119,1073704959,1073741823,1073741823,1073741823,1073741823,1073741823:h7
1073741823,1073741823,1073741823,1073676287,1073741823,1073737727,1073672191,1073119231,1072005119,1073709055,1073741823,1073741823,1073741823,1073741823,1073741823:h7
1073741823,1073741823,1073741823,1073676287,1073741823,1072693247,1073672191,1073119231,1072005119,1073709055,1073741823,1073741823,1073741823,1073741823,1073741823:h7
1073741823,1073741823,1073741823,1073676287,1073741823,1073741823,1073672191,1073119231,1072005119,1072660479,1073741823,1073741823,1073741823,1073741823,1073741823:h7
1073741823,1073741823,1073741823,1073676287,1073741823,1073741823,1073672191,1073119231,1072005119,1073643519,1073741823,1073741823,1073741823,1073741823,1073741823:h7
1073741823,1073741823,1073741823,1073676287,1073741823,1069547519,1073672191,1073119231,1072005119,1073709055,1073741823,1073741823,1073741823,1073741823,1073741823:h7
1073741823,1073741823,1073741823,1073676287,1073741823,1073741823,1073672191,1068924927,1072005119,1073709055,1073741823,1073741823,1073741823,1073741823,1073741823:h7
1073741823,1073741823,1073741823,1073676287,1073741823,1073741823,1073672191,1072070655,1072005119,1073709055,1073741823,1073741823,1073741823,1073741823,1073741823:h7
1073741823,1073741823,1073741823,1073676287,1073741823,1073741823,1073672191,1073119231,1072005119,1069514751,1073741823,1073741823,1073741823,1073741823,1073741823:h7
1073741823,1073741823,1073741823,1073676287,1073737727,1073741823,1073672191,1073119231,1072005119,1073709055,1073741823,1073741823,1073741823,1073741823,1073741823:h7
1073741823,1073741823,1073741823,1073676287,1073676287,1073741823,1073672191,1073119231,1072005119,1073709055,1073741823,1073741823,1073741823,1073741823,1073741823:i6
1073741823,1073741823,1073737727,1073676287,1073676287,1073610751,1073672191,1073119231,1072005119,1073709055,1073741823,1073741823,1073741823,1073741823,1073741823:h7
1073741823,1073741823,1072693247,1073676287,1073676287,1073610751,1073672191,1073119231,1072005119,1073709055,1073741823,1073741823,1073741823,1073741823,1073741823:h7
1073741823,1073741823,1073741823,1073676287,1073676287,1073610751,1073672191,1073119231,1072005119,1073709055,1073741823,1073740799,1073741823,1073741823,1073741823:h7
1073741823,1073741823,1073741823,1073676287,1073676287,1073610751,1073672191,1073119231,1072005119,1073709055,1073741823,1073479679,1073741823,1073741823,1073741823:h7
1073741823,1073741823,1073741823,1073676287,1073676287,1073610751,1073672191,1073119231,1072005119,1073709055,1073741823,1073725439,1073741823,1073741823,1073741823:h7
1073741823,1073741823,1073741823,1073676287,1073676287,1073610751,1056894975,1073119231,1072005119,1073709055,1073741823,1073741823,1073741823,1073741823,1073741823:h7
1073741823,1073741823,1073741823,1073676287,1073676287,1073610751,1073672191,1073119231,1055227903,1073709055,1073741823,1073741823,1073741823,1073741823,1073741823:h7
1073741823,1073741823,1073741823,1073676287,1073676287,1073610751,1073672191,1073119231,1072005119,1073709055,1056964607,1073741823,1073741823,1073741823,1073741823:h7
1073741823,1073741823,1073741823,1073676287,1073676287,1073610751,1073672191,1073119231,1072005119,1073709055,1073740799,1073741823,1073741823,1073741823,1073741823:h7
1073741823,1073741823,1073741823,1073676287,1073676287,1073610751,1073672191,1073119231,1072004095,1073709055,1073741823,1073741823,1073741823,1073741823,1073741823:h7
1073741823,1073741823,1073741823,1073676287,1073659903,1073610751,1073672191,1073119231,1072005119,1073709055,1073741823,1073741823,1073741823,1073741823,1073741823:h7
1073741823,1073741823,1073741823,1073672191,1073676287,1073610751,1073672191,1073119231,1072005119,1073709055,1073741823,1073741823,1073741823,1073741823,1073741823:h7
1073741823,1073741823,1073741823,1073659903,1073676287,1073610751,1073672191,1073119231,1072005119,1073709055,1073741823,1073741823,1073741823,1073741823,1073741823:h7
1073741823,1073737727,1073741823,1073676287,1073676287,1073610751,1073672191,1073119231,1072005119,1073709055,1073741823,1073741823,1073741823,1073741823,1073741823:h7
1073741823,1073741823,1073725439,1073676287,1073676287,1073610751,1073672191,1073119231,1072005119,1073709055,1073741823,1073741823,1073741823,1073741823,1073741823:h7
1073741823,1073676287,1073741823,1073676287,1073676287,1073610751,1073672191,1073119231,1072005119,1073709055,1073741823,1073741823,1073741823,1073741823,1073741823:h7
1073741823,1073741823,1073676287,1073676287,1073676287,1073610751,1073672191,1073119231,1072005119,1073709055,1073741823,1073741823,1073741823,1073741823,1073741823:h7
1073741823,1072693247,1073741823,1073676287,1073676287,1073610751,1073672191,1073119231,1072005119,1073709055,1073741823,1073741823,1073741823,1073741823,1073741823:h7
1073741823,1073741823,1073479679,1073676287,1073676287,1073610751,1073672191,1073119231,1072005119,1073709055,1073741823,1073741823,1073741823,1073741823,1073741823:h7
1073741823,1073741823,1073741823,1072627711,1073676287,1073610751,1073672191,1073119231,1072005119,1073709055,1073741823,1073741823,1073741823,1073741823,1073741823:h7
1073741823,1073741823,1073741823,1073414143,1073676287,1073610751,1073672191,1073119231,1072005119,1073709055,1073741823,1073741823,1073741823,1073741823,1073741823:h7
1073741823,1073741823,1073741823,1073676287,1073414143,1073610751,1073672191,1073119231,1072005119,1073709055,1073741823,1073741823,1073741823,1073741823,1073741823:h7
1073741823,1073741823,1073741823,1073676287,1073676287,1073610751,1073672191,1073119231,1072005119,1073709055,1073725439,1073741823,1073741823,1073741823,1073741823:h7
1073741823,1073741823,1073741823,1073676287,1073676287,1073610751,1069477887,1073119231,1072005119,1073709055,1073741823,1073741823,1073741823,1073741823,1073741823:h7
1073741823,1073741823,1073741823,1073676287,1073676287,1073610751,1073672191,1073119231,1067810815,1073709055,1073741823,1073741823,1073741823,1073741823,1073741823:h7
1073741823,1073741823,1073741823,1073676287,1073676287,1073610751,1073672191,1073119231,1072005119,1073709055,1069547519,1073741823,1073741823,1073741823,1073741823:h7
1073741823,1073741823,1073741823,1073676287,1073676287,1073610751,1073672191,1073119231,1072005119,1073709055,1073479679,1073741823,1073741823,1073741823,1073741823:h7
1073741823,1073741823,1073741823,1073676287,1073676287,1073610751,1073672191,1073119231,1072004863,1073709055,1073741823,1073741823,1073741823,1073741823,1073741823:h7
1073741823,1073741823,1073741823,1073676287,1073676287,1073610751,1073671935,1073119231,1072005119,1073709055,1073741823,1073741823,1073741823,1073741823,1073741823:h7
1073741823,1073741823,1073741823,1073676287,1073676287,1073610751,1073671167,1073119231,1072005119,1073709055,1073741823,1073741823,1073741823,1073741823,1073741823:h7
1073741823,1073741823,1073741823,1073676287,1073676031,1073610751,1073672191,1073119231,1072005119,1073709055,1073741823,1073741823,1073741823,1073741823,1073741823:h7
1073741823,1073741823,1073741823,1073676287,1073676287,1073610751,1073672191,1073119231,1072005119,1073709055,1073737727,1073741823,1073741823,1073741823,1073741823:h7
1073741823,1073741823,1073741823,1073676287,1073676287,1073610751,1073672191,1073119231,1072005119,1073709055,1072693247,1073741823,1073741823,1073741823,1073741823:h7
1073741823,1073741823,1073741823,1073676287,1073676287,1073610751,1073672191,1073119231,1072005119,1073709055,1073676287,1073741823,1073741823,1073741823,1073741823:h7
1073741823,1073741823,1073741823,1073676287,1073676287,1073610751,1073672191,1073119231,1072005119,1073704959,1073741823,1073741823,1073741823,1073741823,1073741823:h7
1073741823,1073741823,1073741823,1073676287,1073676287,1073606655,1073672191,1073119231,1072005119,1073709055,1073741823,1073741823,1073741823,1073741823,1073741823:h7
1073741823,1073741823,1073741823,1073676287,1073676287,1072562175,1073672191,1073119231,1072005119,1073709055,1073741823,1073741823,1073741823,1073741823,1073741823:h7
1073741823,1073741823,1073741823,1073676287,1073676287,1073610751,1073672191,1073119231,1072005119,1072660479,1073741823,1073741823,1073741823,1073741823,1073741823:h7
1073741823,1073741823,1073741823,1073676287,1073676287,1073610751,1073672191,1073119231,1072005119,1073643519,1073741823,1073741823,1073741823,1073741823,1073741823:h7
1073741823,1073741823,1073741823,1073676287,1073676287,1069416447,1073672191,1073119231,1072005119,1073709055,1073741823,1073741823,1073741823,1073741823,1073741823:h7
1073741823,1073741823,1073741823,1073676287,1073676287,1073610751,1073672191,1068924927,1072005119,1073709055,1073741823,1073741823,1073741823,1073741823,1073741823:h7
1073741823,1073741823,1073741823,1073676287,1073676287,1073610751,1073672191,1072070655,1072005119,1073709055,1073741823,1073741823,1073741823,1073741823,1073741823:h7
1073741823,1073741823,1073741823,1073676287,1073676287,1073610751,1073672191,1073119231,1072005119,1069514751,1073741823,1073741823,1073741823,1073741823,1073741823:h7
1073741823,1073741823,1073741823,1073676287,1073672191,1073610751,1073672191,1073119231,1072005119,1073709055,1073741823,1073741823,1073741823,1073741823,1073741823:h7
1073741823,1073741823,1073741823,1073676287,1072627711,1073610751,1073672191,1073119231,1072005119,1073709055,1073741823,1073741823,1073741823,1073741823,1073741823:h7
1073741823,1073741823,1073741823,1073676287,1073676287,1073610751,1072623615,1073119231,1072005119,1073709055,1073741823,1073741823,1073741823,1073741823,1073741823:h7
1073741823,1073741823,1073741823,1073676287,1073676287,1073610751,1073410047,1073119231,1072005119,1073709055,1073741823,1073741823,1073741823,1073741823,1073741823:h7
1073741823,1073741823,1073741823,1073676287,1073676287,1073610751,1073672191,1073119231,1072005119,1073708031,1073741823,1073741823,1073741823,1073741823,1073741823:h7
1073741823,1073741823,1073741823,1073676287,1073676287,1073610751,1073672191,1073119231,1072001023,1073709055,1073741823,1073741823,1073741823,1073741823,1073741823:h7
1073741823,1073741823,1073741823,1073676287,1073676287,1073610751,1073672191,1073118207,1072005119,1073709055,1073741823,1073741823,1073741823,1073741823,1073741823:h7
1073741823,1073741823,1073741823,1073676287,1073676287,1073610751,1073672191,1073115135,1072005119,1073709055,1073741823,1073741823,1073741823,1073741823,1073741823:h7
1073741823,1073741823,1073741823,1073676287,1073676287,1073609727,1073672191,1073119231,1072005119,1073709055,1073741823,1073741823,1073741823,1073741823,1073741823:h7
1073741823,1073741823,1073741823,1073676287,1073676287,1073594367,1073672191,1073119231,1072005119,1073709055,1073741823,1073741823,1073741823,1073741823,1073741823:h7
1073741823,1073741823,1073741823,1073676287,1073676287,1073610751,1073655807,1073119231,1072005119,1073709055,1073741823,1073741823,1073741823,1073741823,1073741823:k7
1073741823,1073741823,1073741823,1073676287,1073676287,1073348607,1073672191,1073119231,1072005119,1073709055,1073741823,1073741823,1073741823,1073741823,1073741823:h7
1073741823,1073741823,1073741823,1073676287,1073676287,1073610751,1073672191,1073119231,1072005119,1073446911,1073741823,1073741823,1073741823,1073741823,1073741823:h7
1073741823,1073741823,1073741823,1073676287,1073741823,1073676287,1073672191,1073119231,1072005119,1073709055,1073741823,1073741823,1073741823,1073741823,1073741823:i5
1073741823,1073741823,1073737727,1073676287,1073610751,1073676287,1073672191,1073119231,1072005119,1073709055,1073741823,1073741823,1073741823,1073741823,1073741823:h7
1073741823,1073741823,1072693247,1073676287,1073610751,1073676287,1073672191,1073119231,1072005119,1073709055,1073741823,1073741823,1073741823,1073741823,1073741823:h7
1073741823,1073741823,1073741823,1073676287,1073610751,1073676287,1073672191,1073119231,1072005119,1073709055,1073741823,1073740799,1073741823,1073741823,1073741823:h7
1073741823,1073741823,1073741823,1073676287,1073610751,1073676287,1073672191,1073119231,1072005119,1073709055,1073741823,1073479679,1073741823,1073741823,1073741823:h7
1073741823,1073741823,1073741823,1073676287,1073610751,1073676287,1073672191,1073119231,1072005119,1073709055,1073741823,1073725439,1073741823,1073741823,1073741823:h7
1073741823,1073741823,1073741823,1073676287,1073610751,1073676287,1056894975,1073119231,1072005119,1073709055,1073741823,1073741823,1073741823,1073741823,1073741823:h7
1073741823,1073741823,1073741823,1073676287,1073610751,1073676287,1073672191,1073119231,1055227903,1073709055,1073741823,1073741823,1073741823,1073741823,1073741823:h7
1073741823,1073741823,1073741823,1073676287,1073610751,1073676287,1073672191,1073119231,1072005119,1073709055,1056964607,1073741823,1073741823,1073741823,1073741823:h7
1073741823,1073741823,1073741823,1073676287,1073610751,1073676287,1073672191,1073119231,1072005119,1073709055,1073740799,1073741823,1073741823,1073741823,1073741823:h7
1073741823,1073741823,1073741823,1073676287,1073610751,1073676287,1073672191,1073119231,1072004095,1073709055,1073741823,1073741823,1073741823,1073741823,1073741823:h7
1073741823,1073741823,1073741823,1073676287,1073594367,1073676287,1073672191,1073119231,1072005119,1073709055,1073741823,1073741823,1073741823,1073741823,1073741823:h7
1073741823,1073741823,1073741823,1073672191,1073610751,1073676287,1073672191,1073119231,1072005119,1073709055,1073741823,1073741823,1073741823,1073741823,1073741823:h7
1073741823,1073741823,1073741823,1073659903,1073610751,1073676287,1073672191,1073119231,1072005119,1073709055,1073741823,1073741823,1073741823,1073741823,1073741823:h7
1073741823,1073737727,1073741823,1073676287,1073610751,1073676287,1073672191,1073119231,1072005119,1073709055,1073741823,1073741823,1073741823,1073741823,1073741823:h7
1073741823,1073741823,1073725439,1073676287,1073610751,1073676287,1073672191,1073119231,1072005119,1073709055,1073741823,1073741823,1073741823,1073741823,1073741823:h7
1073741823,1073676287,1073741823,1073676287,1073610751,1073676287,1073672191,1073119231,1072005119,1073709055,1073741823,1073741823,1073741823,1073741823,1073741823:h7
1073741823,1073741823,1073676287,1073676287,1073610751,1073676287,1073672191,1073119231,1072005119,1073709055,1073741823,1073741823,1073741823,1073741823,1073741823:h7
1073741823,1072693247,1073741823,1073676287,1073610751,1073676287,1073672191,1073119231,1072005119,1073709055,1073741823,1073741823,1073741823,1073741823,1073741823:h7
1073741823,1073741823,1073479679,1073676287,1073610751,1073676287,1073672191,1073119231,1072005119,1073709055,1073741823,1073741823,1073741823,1073741823,1073741823:h7
1073741823,1073741823,1073741823,1072627711,1073610751,1073676287,1073672191,1073119231,1072005119,1073709055,1073741823,1073741823,1073741823,1073741823,1073741823:h7
1073741823,1073741823,1073741823,1073414143,1073610751,1073676287,1073672191,1073119231,1072005119,1073709055,1073741823,1073741823,1073741823,1073741823,1073741823:h7
1073741823,1073741823,1073741823,1073676287,1073348607,1073676287,1073672191,1073119231,1072005119,1073709055,1073741823,1073741823,1073741823,1073741823,1073741823:h7
1073741823,1073741823,1073741823,1073676287,1073610751,1073676287,1073672191,1073119231,1072005119,1073709055,1073725439,1073741823,1073741823,1073741823,1073741823:j6
1073741823,1073741823,1073741823,1073676287,1073610751,1073676287,1069477887,1073119231,1072005119,1073709055,1073741823,1073741823,1073741823,1073741823,1073741823:h7
1073741823,1073741823,1073741823,1073676287,1073610751,1073676287,1073672191,1073119231,1067810815,1073709055,1073741823,1073741823,1073741823,1073741823,1073741823:h7
1073741823,1073741823,1073741823,1073676287,1073610751,1073676287,1073672191,1073119231,1072005119,1073709055,1069547519,1073741823,1073741823,1073741823,1073741823:h7
1073741823,1073741823,1073741823,1073676287,1073610751,1073676287,1073672191,1073119231,1072005119,1073709055,1073479679,1073741823,1073741823,1073741823,1073741823:h7
1073741823,1073741823,1073741823,1073676287,1073610751,1073676287,1073672191,1073119231,1072004863,1073709055,1073741823,1073741823,1073741823,1073741823,1073741823:h7
1073741823,1073741823,1073741823,1073676287,1073610751,1073676287,1073671935,1073119231,1072005119,1073709055,1073741823,1073741823,1073741823,1073741823,1073741823:h7
1073741823,1073741823,1073741823,1073676287,1073610751,1073676287,1073671167,1073119231,1072005119,1073709055,1073741823,1073741823,1073741823,1073741823,1073741823:h7
1073741823,1073741823,1073741823,1073676287,1073610495,1073676287,1073672191,1073119231,1072005119,1073709055,1073741823,1073741823,1073741823,1073741823,1073741823:h7
1073741823,1073741823,1073741823,1073676287,1073610751,1073676287,1073672191,1073119231,1072005119,1073709055,1073737727,1073741823,1073741823,1073741823,1073741823:h7
1073741823,1073741823,1073741823,1073676287,1073610751,1073676287,1073672191,1073119231,1072005119,1073709055,1072693247,1073741823,1073741823,1073741823,1073741823:h7
1073741823,1073741823,1073741823,1073676287,1073610751,1073676287,1073672191,1073119231,1072005119,1073709055,1073676287,1073741823,1073741823,1073741823,1073741823:h7
1073741823,1073741823,1073741823,1073676287,1073610751,1073676287,1073672191,1073119231,1072005119,1073704959,1073741823,1073741823,1073741823,1073741823,1073741823:h7
1073741823,1073741823,1073741823,1073676287,1073610751,1073672191,1073672191,1073119231,1072005119,1073709055,1073741823,1073741823,1073741823,1073741823,1073741823:h7
1073741823,1073741823,1073741823,1073676287,1073610751,1072627711,1073672191,1073119231,1072005119,1073709055,1073741823,1073741823,1073741823,1073741823,1073741823:h7
1073741823,1073741823,1073741823,1073676287,1073610751,1073676287,1073672191,1073119231,1072005119,1072660479,1073741823,1073741823,1073741823,1073741823,1073741823:h7
1073741823,1073741823,1073741823,1073676287,1073610751,1073676287,1073672191,1073119231,1072005119,1073643519,1073741823,1073741823,1073741823,1073741823,1073741823:h7
1073741823,1073741823,1073741823,1073676287,1073610751,1069481983,1073672191,1073119231,1072005119,1073709055,1073741823,1073741823,1073741823,1073741823,1073741823:h7
1073741823,1073741823,1073741823,1073676287,1073610751,1073676287,1073672191,1068924927,1072005119,1073709055,1073741823,1073741823,1073741823,1073741823,1073741823:h7
1073741823,1073741823,1073741823,1073676287,1073610751,1073676287,1073672191,1072070655,1072005119,1073709055,1073741823,1073741823,1073741823,1073741823,1073741823:h7
1073741823,1073741823,1073741823,1073676287,1073610751,1073676287,1073672191,1073119231,1072005119,1069514751,1073741823,1073741823,1073741823,1073741823,1073741823:h7
1073741823,1073741823,1073741823,1073676287,1073606655,1073676287,1073672191,1073119231,1072005119,1073709055,1073741823,1073741823,1073741823,1073741823,1073741823:h7
1073741823,1073741823,1073741823,1073676287,1072562175,1073676287,1073672191,1073119231,1072005119,1073709055,1073741823,1073741823,1073741823,1073741823,1073741823:h7
1073741823,1073741823,1073741823,1073676287,1073610751,1073676287,1072623615,1073119231,1072005119,1073709055,1073741823,1073741823,1073741823,1073741823,1073741823:h7
1073741823,1073741823,1073741823,1073676287,1073610751,1073676287,1073410047,1073119231,1072005119,1073709055,1073741823,1073741823,1073741823,1073741823,1073741823:h7
1073741823,1073741823,1073741823,1073676287,1073610751,1073676287,1073672191,1073119231,1072005119,1073708031,1073741823,1073741823,1073741823,1073741823,1073741823:h7
1073741823,1073741823,1073741823,1073676287,1073610751,1073676287,1073672191,1073119231,1072001023,1073709055,1073741823,1073741823,1073741823,1073741823,1073741823:h7
1073741823,1073741823,1073741823,1073676287,1073610751,1073676287,1073672191,1073118207,1072005119,1073709055,1073741823,1073741823,1073741823,1073741823,1073741823:h7
1073741823,1073741823,1073741823,1073676287,1073610751,1073676287,1073672191,1073115135,1072005119,1073709055,1073741823,1073741823,1073741823,1073741823,1073741823:h7
1073741823,1073741823,1073741823,1073676287,1073610751,1073675263,1073672191,1073119231,1072005119,1073709055,1073741823,1073741823,1073741823,1073741823,1073741823:h7
1073741823,1073741823,1073741823,1073676287,1073610751,1073659903,1073672191,1073119231,1072005119,1073709055,1073741823,1073741823,1073741823,1073741823,1073741823:h11
1073741823,1073741823,1073741823,1073676287,1073610751,1073676287,1073655807,1073119231,1072005119,1073709055,1073741823,1073741823,1073741823,1073741823,1073741823:k7
1073741823,1073741823,1073741823,1073676287,1073610751,1073414143,1073672191,1073119231,1072005119,1073709055,1073741823,1073741823,1073741823,1073741823,1073741823:h7
1073741823,1073741823,1073741823,1073676287,1073610751,1073676287,1073672191,1073119231,1072005119,1073446911,1073741823,1073741823,1073741823,1073741823,1073741823:h7
1073741823,1073741823,1073741823,1073676287,1072693247,1073741823,1073672191,1073119231,1072005119,1073709055,1073741823,1073741823,1073741823,1073741823,1073741823:h7
1073741823,1073741823,1073741823,1073676287,1073741823,1073741823,1072623615,1073119231,1072005119,1073709055,1073741823,1073741823,1073741823,1073741823,1073741823:h7
1073741823,1073741823,1073741823,1073676287,1073741823,1073741823,1073410047,1073119231,1072005119,1073709055,1073741823,1073741823,1073741823,1073741823,1073741823:h7
1073741823,1073741823,1073741823,1073676287,1073741823,1073741823,1073672191,1073119231,1072005119,1073708031,1073741823,1073741823,1073741823,1073741823,1073741823:h7
1073741823,1073741823,1073741823,1073676287,1073741823,1073741823,1073672191,1073119231,1072001023,1073709055,1073741823,1073741823,1073741823,1073741823,1073741823:h7
1073741823,1073741823,1073741823,1073676287,1073741823,1073741823,1073672191,1073118207,1072005119,1073709055,1073741823,1073741823,1073741823,1073741823,1073741823:h7
1073741823,1073741823,1073741823,1073676287,1073741823,1073741823,1073672191,1073115135,1072005119,1073709055,1073741823,1073741823,1073741823,1073741823,1073741823:h7
1073741823,1073741823,1073741823,1073676287,1073741823,1073740799,1073672191,1073119231,1072005119,1073709055,1073741823,1073741823,1073741823,1073741823,1073741823:h7
1073741823,1073741823,1073741823,1073676287,1073741823,1073725439,1073672191,1073119231,1072005119,1073709055,1073741823,1073741823,1073741823,1073741823,1073741823:h11
1073741823,1073741823,1073741823,1073676287,1073741823,1073741823,1073655807,1073119231,1072005119,1073709055,1073741823,1073741823,1073741823,1073741823,1073741823:k7
1073741823,1073741823,1073741823,1073676287,1073741823,1073479679,1073672191,1073119231,1072005119,1073709055,1073741823,1073741823,1073741823,1073741823,1073741823:h7
1073741823,1073741823,1073741823,1073676287,1073741823,1073741823,1073672191,1073119231,1072005119,1073446911,1073741823,1073741823,1073741823,1073741823,1073741823:h7
1073741823,1073741823,1073741823,1073676287,1073741823,1073741823,1073672191,1073119231,1073053695,1073740799,1073741823,1073741823,1073741823,1073741823,1073741823:g9
1073741823,1073741823,1073741823,1073676287,1073741823,1073741823,1073672191,1073119231,1073049599,1073741823,1073741823,1073741823,1073741823,1073741823,1073741823:h10
1073741823,1073741823,1073741823,1073676287,1073741823,1073741823,1073672191,1073119231,1073049599,1073709055,1073741823,1073740799,1073741823,1073741823,1073741823:h7
1073741823,1073741823,1073741823,1073676287,1073741823,1073741823,1073672191,1073119231,1073049599,1073709055,1073741823,1073479679,1073741823,1073741823,1073741823:h7
1073741823,1073741823,1073741823,1073676287,1073741823,1073741823,1073672191,1073119231,1073049599,1073709055,1073741823,1073725439,1073741823,1073741823,1073741823:h7
1073741823,1073741823,1073741823,1073676287,1073741823,1073741823,1073672191,1073119231,1073049599,1073709055,1073741567,1073741823,1073741823,1073741823,1073741823:h7
1073741823,1073741823,1073741823,1073676287,1073741823,1073741823,1073672191,1073119231,1073049599,1073709055,1073740799,1073741823,1073741823,1073741823,1073741823:h7
1073741823,1073741823,1073741823,1073676287,1073741823,1073741823,1073672191,1073119231,1073048575,1073709055,1073741823,1073741823,1073741823,1073741823,1073741823:h7
1073741823,1073741823,1073741823,1073676287,1073725439,1073741823,1073672191,1073119231,1073049599,1073709055,1073741823,1073741823,1073741823,1073741823,1073741823:h7
1073741823,1073741823,1073741823,1073672191,1073741823,1073741823,1073672191,1073119231,1073049599,1073709055,1073741823,1073741823,1073741823,1073741823,1073741823:h7
1073741823,1073741823,1073741823,1073659903,1073741823,1073741823,1073672191,1073119231,1073049599,1073709055,1073741823,1073741823,1073741823,1073741823,1073741823:h7
1073741823,1073737727,1073741823,1073676287,1073741823,1073741823,1073672191,1073119231,1073049599,1073709055,1073741823,1073741823,1073741823,1073741823,1073741823:h7
1073741823,1073741823,1073725439,1073676287,1073741823,1073741823,1073672191,1073119231,1073049599,1073709055,1073741823,1073741823,1073741823,1073741823,1073741823:h7
1073741823,1073676287,1073741823,1073676287,1073741823,1073741823,1073672191,1073119231,1073049599,1073709055,1073741823,1073741823,1073741823,1073741823,1073741823:h7
1073741823,1073741823,1073676287,1073676287,1073741823,1073741823,1073672191,1073119231,1073049599,1073709055,1073741823,1073741823,1073741823,1073741823,1073741823:h7
1073741823,1072693247,1073741823,1073676287,1073741823,1073741823,1073672191,1073119231,1073049599,1073709055,1073741823,1073741823,1073741823,1073741823,1073741823:h7
1073741823,1073741823,1073479679,1073676287,1073741823,1073741823,1073672191,1073119231,1073049599,1073709055,1073741823,1073741823,1073741823,1073741823,1073741823:h7
1073741823,1073741823,1073741823,1072627711,1073741823,1073741823,1073672191,1073119231,1073049599,1073709055,1073741823,1073741823,1073741823,1073741823,1073741823:h7
1073741823,1073741823,1073741823,1073414143,1073741823,1073741823,1073672191,1073119231,1073049599,1073709055,1073741823,1073741823,1073741823,1073741823,1073741823:h7
1073741823,1073741823,1073741823,1073676287,1073479679,1073741823,1073672191,1073119231,1073049599,1073709055,1073741823,1073741823,1073741823,1073741823,1073741823:h7
1073741823,1073741823,1073741823,1073676287,1073741823,1073741823,1073672191,1073119231,1073049599,1073709055,1073725439,1073741823,1073741823,1073741823,1073741823:k7
1073741823,1073741823,1073741823,1073676287,1073741823,1073741823,1069477887,1073119231,1073049599,1073709055,1073741823,1073741823,1073741823,1073741823,1073741823:h7
1073741823,1073741823,1073741823,1073676287,1073741823,1073741823,1073672191,1073119231,1068855295,1073709055,1073741823,1073741823,1073741823,1073741823,1073741823:h7
1073741823,1073741823,1073741823,1073676287,1073741823,1073741823,1073672191,1073119231,1073049599,1073709055,1069547519,1073741823,1073741823,1073741823,1073741823:h7
1073741823,1073741823,1073741823,1073676287,1073741823,1073741823,1073672191,1073119231,1073049599,1073709055,1073479679,1073741823,1073741823,1073741823,1073741823:h7
1073741823,1073741823,1073741823,1073676287,1073741823,1073741823,1073672191,1073119231,1073049343,1073709055,1073741823,1073741823,1073741823,1073741823,1073741823:h7
1073741823,1073741823,1073741823,1073676287,1073741823,1073741823,1073671935,1073119231,1073049599,1073709055,1073741823,1073741823,1073741823,1073741823,1073741823:h7
1073741823,1073741823,1073741823,1073676287,1073741823,1073741823,1073671167,1073119231,1073049599,1073709055,1073741823,1073741823,1073741823,1073741823,1073741823:h7
1073741823,1073741823,1073741823,1073676287,1073741567,1073741823,1073672191,1073119231,1073049599,1073709055,1073741823,1073741823,1073741823,1073741823,1073741823:h7
1073741823,1073741823,1073741823,1073676287,1073741823,1073741823,1073672191,1073119231,1073049599,1073709055,1073737727,1073741823,1073741823,1073741823,1073741823:h7
1073741823,1073741823,1073741823,1073676287,1073741823,1073741823,1073672191,1073119231,1073049599,1073709055,1072693247,1073741823,1073741823,1073741823,1073741823:h7
1073741823,1073741823,1073741823,1073676287,1073741823,1073741823,1073672191,1073119231,1073049599,1073709055,1073676287,1073741823,1073741823,1073741823,1073741823:h7
1073741823,1073741823,1073741823,1073676287,1073741823,1073741823,1073672191,1073119231,1073049599,1073704959,1073741823,1073741823,1073741823,1073741823,1073741823:h7
1073741823,1073741823,1073741823,1073676287,1073741823,1073737727,1073672191,1073119231,1073049599,1073709055,1073741823,1073741823,1073741823,1073741823,1073741823:h7
1073741823,1073741823,1073741823,1073676287,1073741823,1072693247,1073672191,1073119231,1073049599,1073709055,1073741823,1073741823,1073741823,1073741823,1073741823:h7
1073741823,1073741823,1073741823,1073676287,1073741823,1073741823,1073672191,1073119231,1073049599,1072660479,1073741823,1073741823,1073741823,1073741823,1073741823:h7
1073741823,1073741823,1073741823,1073676287,1073741823,1073741823,1073672191,1073119231,1073049599,1073643519,1073741823,1073741823,1073741823,1073741823,1073741823:h7
1073741823,1073741823,1073741823,1073676287,1073741823,1069547519,1073672191,1073119231,1073049599,1073709055,1073741823,1073741823,1073741823,1073741823,1073741823:h7
1073741823,1073741823,1073741823,1073676287,1073741823,1073741823,1073672191,1068924927,1073049599,1073709055,1073741823,1073741823,1073741823,1073741823,1073741823:h7
1073741823,1073741823,1073741823,1073676287,1073741823,1073741823,1073672191,1072070655,1073049599,1073709055,1073741823,1073741823,1073741823,1073741823,1073741823:h7
1073741823,1073741823,1073741823,1073676287,1073741823,1073741823,1073672191,1073119231,1073049599,1069514751,1073741823,1073741823,1073741823,1073741823,1073741823:h7
1073741823,1073741823,1073741823,1073676287,1073737727,1073741823,1073672191,1073119231,1073049599,1073709055,1073741823,1073741823,1073741823,1073741823,1073741823:h7
1073741823,1073741823,1073741823,1073676287,1073676287,1073741823,1073672191,1073119231,1073049599,1073709055,1073741823,1073741823,1073741823,1073741823,1073741823:i6
1073741823,1073741823,1073737727,1073676287,1073676287,1073610751,1073672191,1073119231,1073049599,1073709055,1073741823,1073741823,1073741823,1073741823,1073741823:h7
1073741823,1073741823,1072693247,1073676287,1073676287,1073610751,1073672191,1073119231,1073049599,1073709055,1073741823,1073741823,1073741823,1073741823,1073741823:h7
1073741823,1073741823,1073741823,1073676287,1073676287,1073610751,1073672191,1073119231,1073049599,1073709055,1073741823,1073740799,1073741823,1073741823,1073741823:h7
1073741823,1073741823,1073741823,1073676287,1073676287,1073610751,1073672191,1073119231,1073049599,1073709055,1073741823,1073479679,1073741823,1073741823,1073741823:h7
1073741823,1073741823,1073741823,1073676287,1073676287,1073610751,1073672191,1073119231,1073049599,1073709055,1073741823,1073725439,1073741823,1073741823,1073741823:h7
1073741823,1073741823,1073741823,1073676287,1073676287,1073610751,1073672191,1073119231,1073049599,1073709055,1073741567,1073741823,1073741823,1073741823,1073741823:h7
1073741823,1073741823,1073741823,1073676287,1073676287,1073610751,1073672191,1073119231,1073049599,1073709055,1073740799,1073741823,1073741823,1073741823,1073741823:h7
1073741823,1073741823,1073741823,1073676287,1073676287,1073610751,1073672191,1073119231,1073048575,1073709055,1073741823,1073741823,1073741823,1073741823,1073741823:h7
1073741823,1073741823,1073741823,1073676287,1073659903,1073610751,1073672191,1073119231,1073049599,1073709055,1073741823,1073741823,1073741823,1073741823,1073741823:h7
1073741823,1073741823,1073741823,1073672191,1073676287,1073610751,1073672191,1073119231,1073049599,1073709055,1073741823,1073741823,1073741823,1073741823,1073741823:h7
1073741823,1073741823,1073741823,1073659903,1073676287,1073610751,1073672191,1073119231,1073049599,1073709055,1073741823,1073741823,1073741823,1073741823,1073741823:h7
1073741823,1073737727,1073741823,1073676287,1073676287,1073610751,1073672191,1073119231,1073049599,1073709055,1073741823,1073741823,1073741823,1073741823,1073741823:h7
1073741823,1073741823,1073725439,1073676287,1073676287,1073610751,1073672191,1073119231,1073049599,1073709055,1073741823,1073741823,1073741823,1073741823,1073741823:h7
1073741823,1073676287,1073741823,1073676287,1073676287,1073610751,1073672191,1073119231,1073049599,1073709055,1073741823,1073741823,1073741823,1073741823,1073741823:h7
1073741823,1073741823,1073676287,1073676287,1073676287,1073610751,1073672191,1073119231,1073049599,1073709055,1073741823,1073741823,1073741823,1073741823,1073741823:h7
1073741823,1072693247,1073741823,1073676287,1073676287,1073610751,1073672191,1073119231,1073049599,1073709055,1073741823,1073741823,1073741823,1073741823,1073741823:h7
1073741823,1073741823,1073479679,1073676287,1073676287,1073610751,1073672191,1073119231,1073049599,1073709055,1073741823,1073741823,1073741823,1073741823,1073741823:h7
1073741823,1073741823,1073741823,1072627711,1073676287,1073610751,1073672191,1073119231,1073049599,1073709055,1073741823,1073741823,1073741823,1073741823,1073741823:h7
1073741823,1073741823,1073741823,1073414143,1073676287,1073610751,1073672191,1073119231,1073049599,1073709055,1073741823,1073741823,1073741823,1073741823,1073741823:h7
1073741823,1073741823,1073741823,1073676287,1073414143,1073610751,1073672191,1073119231,1073049599,1073709055,1073741823,1073741823,1073741823,1073741823,1073741823:h7
1073741823,1073741823,1073741823,1073676287,1073676287,1073610751,1073672191,1073119231,1073049599,1073709055,1073725439,1073741823,1073741823,1073741823,1073741823:j7
1073741823,1073741823,1073741823,1073676287,1073676287,1073610751,1069477887,1073119231,1073049599,1073709055,1073741823,1073741823,1073741823,1073741823,1073741823:h7
1073741823,1073741823,1073741823,1073676287,1073676287,1073610751,1073672191,1073119231,1068855295,1073709055,1073741823,1073741823,1073741823,1073741823,1073741823:h7
1073741823,1073741823,1073741823,1073676287,1073676287,1073610751,1073672191,1073119231,1073049599,1073709055,1069547519,1073741823,1073741823,1073741823,1073741823:h7
1073741823,1073741823,1073741823,1073676287,1073676287,1073610751,1073672191,1073119231,1073049599,1073709055,1073479679,1073741823,1073741823,1073741823,1073741823:h7
1073741823,1073741823,1073741823,1073676287,1073676287,1073610751,1073672191,1073119231,1073049343,1073709055,1073741823,1073741823,1073741823,1073741823,1073741823:h7
1073741823,1073741823,1073741823,1073676287,1073676287,1073610751,1073671935,1073119231,1073049599,1073709055,1073741823,1073741823,1073741823,1073741823,1073741823:h7
1073741823,1073741823,1073741823,1073676287,1073676287,1073610751,1073671167,1073119231,1073049599,1073709055,1073741823,1073741823,1073741823,1073741823,1073741823:h7
1073741823,1073741823,1073741823,1073676287,1073676031,1073610751,1073672191,1073119231,1073049599,1073709055,1073741823,1073741823,1073741823,1073741823,1073741823:h7
1073741823,1073741823,1073741823,1073676287,1073676287,1073610751,1073672191,1073119231,1073049599,1073709055,1073737727,1073741823,1073741823,1073741823,1073741823:h7
1073741823,1073741823,1073741823,1073676287,1073676287,1073610751,1073672191,1073119231,1073049599,1073709055,1072693247,1073741823,1073741823,1073741823,1073741823:h7
1073741823,1073741823,1073741823,1073676287,1073676287,1073610751,1073672191,1073119231,1073049599,1073709055,1073676287,1073741823,1073741823,1073741823,1073741823:h7
1073741823,1073741823,1073741823,1073676287,1073676287,1073610751,1073672191,1073119231,1073049599,1073704959,1073741823,1073741823,1073741823,1073741823,1073741823:h7
1073741823,1073741823,1073741823,1073676287,1073676287,1073606655,1073672191,1073119231,1073049599,1073709055,1073741823,1073741823,1073741823,1073741823,1073741823:h7
1073741823,1073741823,1073741823,1073676287,1073676287,1072562175,1073672191,1073119231,1073049599,1073709055,1073741823,1073741823,1073741823,1073741823,1073741823:h7
1073741823,1073741823,1073741823,1073676287,1073676287,1073610751,1073672191,1073119231,1073049599,1072660479,1073741823,1073741823,1073741823,1073741823,1073741823:h7
1073741823,1073741823,1073741823,1073676287,1073676287,1073610751,1073672191,1073119231,1073049599,1073643519,1073741823,1073741823,1073741823,1073741823,1073741823:h7
1073741823,1073741823,1073741823,1073676287,1073676287,1069416447,1073672191,1073119231,1073049599,1073709055,1073741823,1073741823,1073741823,1073741823,1073741823:h7
1073741823,1073741823,1073741823,1073676287,1073676287,1073610751,1073672191,1068924927,1073049599,1073709055,1073741823,1073741823,1073741823,1073741823,1073741823:h7
1073741823,1073741823,1073741823,1073676287,1073676287,1073610751,1073672191,1072070655,1073049599,1073709055,1073741823,1073741823,1073741823,1073741823,1073741823:h7
1073741823,1073741823,1073741823,1073676287,1073676287,1073610751,1073672191,1073119231,1073049599,1069514751,1073741823,1073741823,1073741823,1073741823,1073741823:h7
1073741823,1073741823,1073741823,1073676287,1073672191,1073610751,1073672191,1073119231,1073049599,1073709055,1073741823,1073741823,1073741823,1073741823,1073741823:h7
1073741823,1073741823,1073741823,1073676287,1072627711,1073610751,1073672191,1073119231,1073049599,1073709055,1073741823,1073741823,1073741823,1073741823,1073741823:h7
1073741823,1073741823,1073741823,1073676287,1073676287,1073610751,1072623615,1073119231,1073049599,1073709055,1073741823,1073741823,1073741823,1073741823,1073741823:h7
1073741823,1073741823,1073741823,1073676287,1073676287,1073610751,1073410047,1073119231,1073049599,1073709055,1073741823,1073741823,1073741823,1073741823,1073741823:h7
1073741823,1073741823,1073741823,1073676287,1073676287,1073610751,1073672191,1073119231,1072001023,1073709055,1073741823,1073741823,1073741823,1073741823,1073741823:h7
1073741823,1073741823,1073741823,1073676287,1073676287,1073610751,1073672191,1073119231,1073049599,1073708031,1073741823,1073741823,1073741823,1073741823,1073741823:h7
1073741823,1073741823,1073741823,1073676287,1073676287,1073610751,1073672191,1073118207,1073049599,1073709055,1073741823,1073741823,1073741823,1073741823,1073741823:h7
1073741823,1073741823,1073741823,1073676287,1073676287,1073610751,1073672191,1073115135,1073049599,1073709055,1073741823,1073741823,1073741823,1073741823,1073741823:h7
1073741823,1073741823,1073741823,1073676287,1073676287,1073609727,1073672191,1073119231,1073049599,1073709055,1073741823,1073741823,1073741823,1073741823,1073741823:h7
1073741823,1073741823,1073741823,1073676287,1073676287,1073594367,1073672191,1073119231,1073049599,1073709055,1073741823,1073741823,1073741823,1073741823,1073741823:h11
1073741823,1073741823,1073741823,1073676287,1073676287,1073610751,1073655807,1073119231,1073049599,1073709055,1073741823,1073741823,1073741823,1073741823,1073741823:k7
1073741823,1073741823,1073741823,1073676287,1073676287,1073348607,1073672191,1073119231,1073049599,1073709055,1073741823,1073741823,1073741823,1073741823,1073741823:h7
1073741823,1073741823,1073741823,1073676287,1073676287,1073610751,1073672191,1073119231,1073049599,1073446911,1073741823,1073741823,1073741823,1073741823,1073741823:h7
1073741823,1073741823,1073741823,1073676287,1073741823,1073676287,1073672191,1073119231,1073049599,1073709055,1073741823,1073741823,1073741823,1073741823,1073741823:i5
1073741823,1073741823,1073737727,1073676287,1073610751,1073676287,1073672191,1073119231,1073049599,1073709055,1073741823,1073741823,1073741823,1073741823,1073741823:h7
1073741823,1073741823,1072693247,1073676287,1073610751,1073676287,1073672191,1073119231,1073049599,1073709055,1073741823,1073741823,1073741823,1073741823,1073741823:h7
1073741823,1073741823,1073741823,1073676287,1073610751,1073676287,1073672191,1073119231,1073049599,1073709055,1073741823,1073740799,1073741823,1073741823,1073741823:h7
1073741823,1073741823,1073741823,1073676287,1073610751,1073676287,1073672191,1073119231,1073049599,1073709055,1073741823,1073479679,1073741823,1073741823,1073741823:h7
1073741823,1073741823,1073741823,1073676287,1073610751,1073676287,1073672191,1073119231,1073049599,1073709055,1073741823,1073725439,1073741823,1073741823,1073741823:h7
1073741823,1073741823,1073741823,1073676287,1073610751,1073676287,1073672191,1073119231,1073049599,1073709055,1073741567,1073741823,1073741823,1073741823,1073741823:h7
1073741823,1073741823,1073741823,1073676287,1073610751,1073676287,1073672191,1073119231,1073049599,1073709055,1073740799,1073741823,1073741823,1073741823,1073741823:h7
1073741823,1073741823,1073741823,1073676287,1073610751,1073676287,1073672191,1073119231,1073048575,1073709055,1073741823,1073741823,1073741823,1073741823,1073741823:h7
1073741823,1073741823,1073741823,1073676287,1073594367,1073676287,1073672191,1073119231,1073049599,1073709055,1073741823,1073741823,1073741823,1073741823,1073741823:h7
1073741823,1073741823,1073741823,1073672191,1073610751,1073676287,1073672191,1073119231,1073049599,1073709055,1073741823,1073741823,1073741823,1073741823,1073741823:h7
1073741823,1073741823,1073741823,1073659903,1073610751,1073676287,1073672191,1073119231,1073049599,1073709055,1073741823,1073741823,1073741823,1073741823,1073741823:h7
1073741823,1073737727,1073741823,1073676287,1073610751,1073676287,1073672191,1073119231,1073049599,1073709055,1073741823,1073741823,1073741823,1073741823,1073741823:h7
1073741823,1073741823,1073725439,1073676287,1073610751,1073676287,1073672191,1073119231,1073049599,1073709055,1073741823,1073741823,1073741823,1073741823,1073741823:h7
1073741823,1073676287,1073741823,1073676287,1073610751,1073676287,1073672191,1073119231,1073049599,1073709055,1073741823,1073741823,1073741823,1073741823,1073741823:h7
1073741823,1073741823,1073676287,1073676287,1073610751,1073676287,1073672191,1073119231,1073049599,1073709055,1073741823,1073741823,1073741823,1073741823,1073741823:h7
1073741823,1072693247,1073741823,1073676287,1073610751,1073676287,1073672191,1073119231,1073049599,1073709055,1073741823,1073741823,1073741823,1073741823,1073741823:h7
1073741823,1073741823,1073479679,1073676287,1073610751,1073676287,1073672191,1073119231,1073049599,1073709055,1073741823,1073741823,1073741823,1073741823,1073741823:h7
1073741823,1073741823,1073741823,1072627711,1073610751,1073676287,1073672191,1073119231,1073049599,1073709055,1073741823,1073741823,1073741823,1073741823,1073741823:h7
1073741823,1073741823,1073741823,1073414143,1073610751,1073676287,1073672191,1073119231,1073049599,1073709055,1073741823,1073741823,1073741823,1073741823,1073741823:h7
1073741823,1073741823,1073741823,1073676287,1073348607,1073676287,1073672191,1073119231,1073049599,1073709055,1073741823,1073741823,1073741823,1073741823,1073741823:h7
1073741823,1073741823,1073741823,1073676287,1073610751,1073676287,1073672191,1073119231,1073049599,1073709055,1073725439,1073741823,1073741823,1073741823,1073741823:j6
1073741823,1073741823,1073741823,1073676287,1073610751,1073676287,1069477887,1073119231,1073049599,1073709055,1073741823,1073741823,1073741823,1073741823,1073741823:h7
1073741823,1073741823,1073741823,1073676287,1073610751,1073676287,1073672191,1073119231,1068855295,1073709055,1073741823,1073741823,1073741823,1073741823,1073741823:h7
1073741823,1073741823,1073741823,1073676287,1073610751,1073676287,1073672191,1073119231,1073049599,1073709055,1069547519,1073741823,1073741823,1073741823,1073741823:h7
1073741823,1073741823,1073741823,1073676287,1073610751,1073676287,1073672191,1073119231,1073049599,1073709055,1073479679,1073741823,1073741823,1073741823,1073741823:h7
1073741823,1073741823,1073741823,1073676287,1073610751,1073676287,1073672191,1073119231,1073049343,1073709055,1073741823,1073741823,1073741823,1073741823,1073741823:h7
1073741823,1073741823,1073741823,1073676287,1073610751,1073676287,1073671935,1073119231,1073049599,1073709055,1073741823,1073741823,1073741823,1073741823,1073741823:h7
1073741823,1073741823,1073741823,1073676287,1073610751,1073676287,1073671167,1073119231,1073049599,1073709055,1073741823,1073741823,1073741823,1073741823,1073741823:h7
1073741823,1073741823,1073741823,1073676287,1073610495,1073676287,1073672191,1073119231,1073049599,1073709055,1073741823,1073741823,1073741823,1073741823,1073741823:h7
1073741823,1073741823,1073741823,1073676287,1073610751,1073676287,1073672191,1073119231,1073049599,1073709055,1073737727,1073741823,1073741823,1073741823,1073741823:h7
1073741823,1073741823,1073741823,1073676287,1073610751,1073676287,1073672191,1073119231,1073049599,1073709055,1072693247,1073741823,1073741823,1073741823,1073741823:h7
1073741823,1073741823,1073741823,1073676287,1073610751,1073676287,1073672191,1073119231,1073049599,1073709055,1073676287,1073741823,1073741823,1073741823,1073741823:h7
1073741823,1073741823,1073741823,1073676287,1073610751,1073676287,1073672191,1073119231,1073049599,1073704959,1073741823,1073741823,1073741823,1073741823,1073741823:h7
1073741823,1073741823,1073741823,1073676287,1073610751,1073672191,1073672191,1073119231,1073049599,1073709055,1073741823,1073741823,1073741823,1073741823,1073741823:h7
1073741823,1073741823,1073741823,1073676287,1073610751,1072627711,1073672191,1073119231,1073049599,1073709055,1073741823,1073741823,1073741823,1073741823,1073741823:h7
1073741823,1073741823,1073741823,1073676287,1073610751,1073676287,1073672191,1073119231,1073049599,1072660479,1073741823,1073741823,1073741823,1073741823,1073741823:h7
1073741823,1073741823,1073741823,1073676287,1073610751,1073676287,1073672191,1073119231,1073049599,1073643519,1073741823,1073741823,1073741823,1073741823,1073741823:h7
1073741823,1073741823,1073741823,1073676287,1073610751,1069481983,1073672191,1073119231,1073049599,1073709055,1073741823,1073741823,1073741823,1073741823,1073741823:h7
1073741823,1073741823,1073741823,1073676287,1073610751,1073676287,1073672191,1068924927,1073049599,1073709055,1073741823,1073741823,1073741823,1073741823,1073741823:h7
1073741823,1073741823,1073741823,1073676287,1073610751,1073676287,1073672191,1072070655,1073049599,1073709055,1073741823,1073741823,1073741823,1073741823,1073741823:h7
1073741823,1073741823,1073741823,1073676287,1073610751,1073676287,1073672191,1073119231,1073049599,1069514751,1073741823,1073741823,1073741823,1073741823,1073741823:h7
1073741823,1073741823,1073741823,1073676287,1073606655,1073676287,1073672191,1073119231,1073049599,1073709055,1073741823,1073741823,1073741823,1073741823,1073741823:h7
1073741823,1073741823,1073741823,1073676287,1072562175,1073676287,1073672191,1073119231,1073049599,1073709055,1073741823,1073741823,1073741823,1073741823,1073741823:h7
1073741823,1073741823,1073741823,1073676287,1073610751,1073676287,1072623615,1073119231,1073049599,1073709055,1073741823,1073741823,1073741823,1073741823,1073741823:h7
1073741823,1073741823,1073741823,1073676287,1073610751,1073676287,1073410047,1073119231,1073049599,1073709055,1073741823,1073741823,1073741823,1073741823,1073741823:h7
1073741823,1073741823,1073741823,1073676287,1073610751,1073676287,1073672191,1073119231,1072001023,1073709055,1073741823,1073741823,1073741823,1073741823,1073741823:h7
1073741823,1073741823,1073741823,1073676287,1073610751,1073676287,1073672191,1073119231,1073049599,1073708031,1073741823,1073741823,1073741823,1073741823,1073741823:h7
1073741823,1073741823,1073741823,1073676287,1073610751,1073676287,1073672191,1073118207,1073049599,1073709055,1073741823,1073741823,1073741823,1073741823,1073741823:h7
1073741823,1073741823,1073741823,1073676287,1073610751,1073676287,1073672191,1073115135,1073049599,1073709055,1073741823,1073741823,1073741823,1073741823,1073741823:h7
1073741823,1073741823,1073741823,1073676287,1073610751,1073675263,1073672191,1073119231,1073049599,1073709055,1073741823,1073741823,1073741823,1073741823,1073741823:h7
1073741823,1073741823,1073741823,1073676287,1073610751,1073659903,1073672191,1073119231,1073049599,1073709055,1073741823,1073741823,1073741823,1073741823,1073741823:h11
1073741823,1073741823,1073741823,1073676287,1073610751,1073676287,1073655807,1073119231,1073049599,1073709055,1073741823,1073741823,1073741823,1073741823,1073741823:k7
1073741823,1073741823,1073741823,1073676287,1073610751,1073414143,1073672191,1073119231,1073049599,1073709055,1073741823,1073741823,1073741823,1073741823,1073741823:h7
1073741823,1073741823,1073741823,1073676287,1073610751,1073676287,1073672191,1073119231,1073049599,1073446911,1073741823,1073741823,1073741823,1073741823,1073741823:h7
1073741823,1073741823,1073741823,1073676287,1072693247,1073741823,1073672191,1073119231,1073049599,1073709055,1073741823,1073741823,1073741823,1073741823,1073741823:h7
1073741823,1073741823,1073741823,1073676287,1073741823,1073741823,1072623615,1073119231,1073049599,1073709055,1073741823,1073741823,1073741823,1073741823,1073741823:h7
1073741823,1073741823,1073741823,1073676287,1073741823,1073741823,1073410047,1073119231,1073049599,1073709055,1073741823,1073741823,1073741823,1073741823,1073741823:h7
1073741823,1073741823,1073741823,1073676287,1073741823,1073741823,1073672191,1073119231,1072001023,1073709055,1073741823,1073741823,1073741823,1073741823,1073741823:h7
1073741823,1073741823,1073741823,1073676287,1073741823,1073741823,1073672191,1073119231,1073049599,1073708031,1073741823,1073741823,1073741823,1073741823,1073741823:h7
1073741823,1073741823,1073741823,1073676287,1073741823,1073741823,1073672191,1073118207,1073049599,1073709055,1073741823,1073741823,1073741823,1073741823,1073741823:h7
1073741823,1073741823,1073741823,1073676287,1073741823,1073741823,1073672191,1073115135,1073049599,1073709055,1073741823,1073741823,1073741823,1073741823,1073741823:h7
1073741823,1073741823,1073741823,1073676287,1073741823,1073740799,1073672191,1073119231,1073049599,1073709055,1073741823,1073741823,1073741823,1073741823,1073741823:h7
1073741823,1073741823,1073741823,1073676287,1073741823,1073725439,1073672191,1073119231,1073049599,1073709055,1073741823,1073741823,1073741823,1073741823,1073741823:h11
1073741823,1073741823,1073741823,1073676287,1073741823,1073741823,1073655807,1073119231,1073049599,1073709055,1073741823,1073741823,1073741823,1073741823,1073741823:k7
1073741823,1073741823,1073741823,1073676287,1073741823,1073479679,1073672191,1073119231,1073049599,1073709055,1073741823,1073741823,1073741823,1073741823,1073741823:h7
1073741823,1073741823,1073741823,1073676287,1073741823,1073741823,1073672191,1073119231,1073049599,1073446911,1073741823,1073741823,1073741823,1073741823,1073741823:h7
1073741823,1073741823,1073741823,1073676287,1073741823,1073741823,1073672191,1073118207,1073053695,1073741823,1073741823,1073741823,1073741823,1073741823,1073741823:g9
1073741823,1073741823,1073741823,1073676287,1073741823,1073741823,1073672191,1073115135,1073053695,1073741823,1073741823,1073741823,1073741823,1073741823,1073741823:g9
1073741823,1073741823,1073741823,1073676287,1073741823,1073740799,1073672191,1073119231,1073053695,1073741823,1073741823,1073741823,1073741823,1073741823,1073741823:g9
1073741823,1073741823,1073741823,1073676287,1073741823,1073725439,1073672191,1073119231,1073053695,1073741823,1073741823,1073741823,1073741823,1073741823,1073741823:g9
1073741823,1073741823,1073741823,1073676287,1073741823,1073741823,1073655807,1073119231,1073053695,1073741823,1073741823,1073741823,1073741823,1073741823,1073741823:g9
1073741823,1073741823,1073741823,1073676287,1073741823,1073479679,1073672191,1073119231,1073053695,1073741823,1073741823,1073741823,1073741823,1073741823,1073741823:g9
1073741823,1073741823,1073741823,1073676287,1073741823,1073741823,1073672191,1073119231,1073053695,1073479679,1073741823,1073741823,1073741823,1073741823,1073741823:g9
1073741823,1073741823,1073741823,1073676287,1073741823,1073741823,1073672191,1073119231,1073053695,1073725439,1073741823,1073741823,1073741823,1073741823,1073741823:g9
