1073741823,1073741823,1073741823,1072693247,1073184767,1073348607,1073643519,1073119231,1073725439,1073479679,1073741823,1073741823,1073741823,1073741823,1073741823:g5
1073741823,1073741823,1073741823,1072693247,1073176575,1073348607,1073643263,1073119231,1073725439,1073479679,1073741823,1073741823,1073741823,1073741823,1073741823:i5
1073741823,1073741823,1073741823,1072693247,1073176319,1073348607,1073643519,1073119231,1073725439,1073479679,1073741823,1073741823,1073741823,1073741823,1073741823:i5
1073741823,1073741823,1073741567,1072693247,1073176575,1073348607,1073643519,1073119231,1073725439,1073479679,1073741823,1073741823,1073741823,1073741823,1073741823:i5
1073741823,1073741823,1073741823,1072692223,1073176575,1073348607,1073643519,1073119231,1073725439,1073479679,1073741823,1073741823,1073741823,1073741823,1073741823:i5
1073741823,1073741823,1073737727,1072693247,1073176575,1073348607,1073643519,1073119231,1073725439,1073479679,1073741823,1073741823,1073741823,1073741823,1073741823:i5
1073741823,1073741823,1073676287,1072693247,1073176575,1073348607,1073643519,1073119231,1073725439,1073479679,1073741823,1073741823,1073741823,1073741823,1073741823:i5
1073741823,1073741823,1073740799,1072693247,1073176575,1073348607,1073643519,1073119231,1073725439,1073479679,1073741823,1073741823,1073741823,1073741823,1073741823:i5
1073741823,1073741823,1073741823,1072676863,1073176575,1073348607,1073643519,1073119231,1073725439,1073479679,1073741823,1073741823,1073741823,1073741823,1073741823:i5
1073741823,1073676287,1073741823,1072693247,1073176575,1073348607,1073643519,1073119231,1073725439,1073479679,1073741823,1073741823,1073741823,1073741823,1073741823:i5
1073741823,1072693247,1073741823,1072693247,1073176575,1073348607,1073643519,1073119231,1073725439,1073479679,1073741823,1073741823,1073741823,1073741823,1073741823:i5
1073741823,1073741823,1072693247,1072693247,1073176575,1073348607,1073643519,1073119231,1073725439,1073479679,1073741823,1073741823,1073741823,1073741823,1073741823:i5
1073741823,1056964607,1073741823,1072693247,1073176575,1073348607,1073643519,1073119231,1073725439,1073479679,1073741823,1073741823,1073741823,1073741823,1073741823:i5
1073741823,1073741823,1073741823,1055916031,1073176575,1073348607,1073643519,1073119231,1073725439,1073479679,1073741823,1073741823,1073741823,1073741823,1073741823:i5
1073741823,1073741823,1073741823,1068498943,1073176575,1073348607,1073643519,1073119231,1073725439,1073479679,1073741823,1073741823,1073741823,1073741823,1073741823:i5
1073741823,1073741823,1073741823,1072693247,1073176575,1056571391,1073643519,1073119231,1073725439,1073479679,1073741823,1073741823,1073741823,1073741823,1073741823:i5
1073741823,1073741823,1073725439,1072693247,1073176575,1073348607,1073643519,1073119231,1073725439,1073479679,1073741823,1073741823,1073741823,1073741823,1073741823:i5
1073741823,1073741823,1073479679,1072693247,1073176575,1073348607,1073643519,1073119231,1073725439,1073479679,1073741823,1073741823,1073741823,1073741823,1073741823:i5
1073741823,1073741823,1073741823,1072431103,1073176575,1073348607,1073643519,1073119231,1073725439,1073479679,1073741823,1073741823,1073741823,1073741823,1073741823:i5
1073741823,1073741823,1069547519,1072693247,1073176575,1073348607,1073643519,1073119231,1073725439,1073479679,1073741823,1073741823,1073741823,1073741823,1073741823:i5
1073741823,1073741823,1073741823,1072693247,1068982271,1073348607,1073643519,1073119231,1073725439,1073479679,1073741823,1073741823,1073741823,1073741823,1073741823:i5
1073741823,1073741823,1073741823,1072693247,1073176575,1073348607,1069449215,1073119231,1073725439,1073479679,1073741823,1073741823,1073741823,1073741823,1073741823:i5
1073741823,1073741823,1073741823,1072693247,1073176575,1073348607,1073643519,1073119231,1073725439,1073479679,1073740799,1073741823,1073741823,1073741823,1073741823:i5
1073741823,1073741823,1073741823,1072693247,1073176575,1073348607,1073643519,1073119231,1073725439,1073479679,1073725439,1073741823,1073741823,1073741823,1073741823:i5
1073741823,1073741823,1073741823,1072693247,1073176575,1073348607,1073643519,1073119231,1073724415,1073479679,1073741823,1073741823,1073741823,1073741823,1073741823:i5
1073741823,1073741823,1073741823,1072693247,1073176575,1073348607,1073642495,1073119231,1073725439,1073479679,1073741823,1073741823,1073741823,1073741823,1073741823:i5
1073741823,1073741823,1073741823,1072693247,1073175551,1073348607,1073643519,1073119231,1073725439,1073479679,1073741823,1073741823,1073741823,1073741823,1073741823:h4
1073741823,1073741823,1073741823,1072693247,1073176575,1073348607,1073643519,1073119231,1073725439,1073475583,1073741823,1073741823,1073741823,1073741823,1073741823:i5
1073741823,1073741823,1073741823,1072693247,1073176575,1073344511,1073643519,1073119231,1073725439,1073479679,1073741823,1073741823,1073741823,1073741823,1073741823:i5
1073741823,1073741823,1073741823,1072689151,1073176575,1073348607,1073643519,1073119231,1073725439,1073479679,1073741823,1073741823,1073741823,1073741823,1073741823:i5
1073741823,1073741823,1073741823,1072627711,1073176575,1073348607,1073643519,1073119231,1073725439,1073479679,1073741823,1073741823,1073741823,1073741823,1073741823:i5
1073741823,1073741823,1073741823,1072693247,1073176575,1072300031,1073643519,1073119231,1073725439,1073479679,1073741823,1073741823,1073741823,1073741823,1073741823:i5
1073741823,1073741823,1073741823,1072693247,1073176575,1073348607,1073643519,1073119231,1073725439,1073479679,1073741823,1073725439,1073741823,1073741823,1073741823:i5
1073741823,1073741823,1073741823,1072693247,1073176575,1073348607,1073643519,1073119231,1073725439,1073479679,1073676287,1073741823,1073741823,1073741823,1073741823:i5
1073741823,1073741823,1073741823,1072693247,1073176575,1073348607,1073643519,1073119231,1073725439,1073414143,1073741823,1073741823,1073741823,1073741823,1073741823:i5
1073741823,1073741823,1073741823,1072693247,1073176575,1073348607,1073643519,1073119231,1073725439,1072431103,1073741823,1073741823,1073741823,1073741823,1073741823:i5
1073741823,1073741823,1073741823,1072693247,1073176575,1073348607,1073643519,1073119231,1073725439,1073479679,1073741823,1069547519,1073741823,1073741823,1073741823:i5
1073741823,1073741823,1073741823,1072693247,1073176575,1073348607,1073643519,1073119231,1073725439,1073479679,1072693247,1073741823,1073741823,1073741823,1073741823:i5
1073741823,1073741823,1073741823,1072693247,1073176575,1073348607,1073643519,1073119231,1073725439,1073479679,1073741823,1073479679,1073741823,1073741823,1073741823:i5
1073741823,1073741823,1073741823,1072693247,1073176575,1073348607,1073643519,1073119231,1073725439,1073479679,1073479679,1073741823,1073741823,1073741823,1073741823:i5
1073741823,1073741823,1073741823,1072693247,1073176575,1069154303,1073643519,1073119231,1073725439,1073479679,1073741823,1073741823,1073741823,1073741823,1073741823:i5
1073741823,1073741823,1073741823,1072693247,1073176575,1073348607,1073643519,1068924927,1073725439,1073479679,1073741823,1073741823,1073741823,1073741823,1073741823:i5
1073741823,1073741823,1073741823,1072693247,1073176575,1073348607,1073643519,1072070655,1073725439,1073479679,1073741823,1073741823,1073741823,1073741823,1073741823:i5
1073741823,1073741823,1073741823,1072693247,1073176575,1073348607,1073643519,1073119231,1073725439,1069285375,1073741823,1073741823,1073741823,1073741823,1073741823:i5
1073741823,1073741823,1073741823,1072693247,1073176575,1073348607,1073643519,1073119231,1073463295,1073479679,1073741823,1073741823,1073741823,1073741823,1073741823:i5
1073741823,1073741823,1073741823,1072693247,1073111039,1073348607,1073643519,1073119231,1073725439,1073479679,1073741823,1073741823,1073741823,1073741823,1073741823:h4
1073741823,1073741823,1073741823,1072693247,1072127999,1073348607,1073643519,1073119231,1073725439,1073479679,1073741823,1073741823,1073741823,1073741823,1073741823:i4
1073741823,1073737727,1073741823,1072562175,1072127999,1073348607,1073643519,1073119231,1073725439,1073479679,1073741823,1073741823,1073741823,1073741823,1073741823:g6
1073741823,1073741823,1056964607,1072562175,1072127999,1073348607,1073643519,1073119231,1073725439,1073479679,1073741823,1073741823,1073741823,1073741823,1073741823:l4
1073741823,1073479679,1056964607,1064173567,1072127999,1073348607,1073643519,1073119231,1073725439,1073479679,1073741823,1073741823,1073741823,1073741823,1073741823:g6
1073741823,1073741823,1056964607,1064173567,1072127999,1006239743,1073643519,1073119231,1073725439,1073479679,1073741823,1073741823,1073741823,1073741823,1073741823:g6
1072693247,1073741823,1056964607,1064173567,1072127999,1073348607,1073643519,1073119231,1073725439,1073479679,1073741823,1073741823,1073741823,1073741823,1073741823:i5
1073741823,1069547519,1056964607,1064173567,1072127999,1073348607,1073643519,1073119231,1073725439,1073479679,1073741823,1073741823,1073741823,1073741823,1073741823:g6
1056964607,1073741823,1056964607,1064173567,1072127999,1073348607,1073643519,1073119231,1073725439,1073479679,1073741823,1073741823,1073741823,1073741823,1073741823:g6
805306367,1073741823,1056964607,1064173567,1072127999,1073348607,1073643519,1073119231,1073725439,1073479679,1073741823,1073741823,1073741823,1073741823,1073741823:g6
1073741823,1006632959,1056964607,1064173567,1072127999,1073348607,1073643519,1073119231,1073725439,1073479679,1073741823,1073741823,1073741823,1073741823,1073741823:g6
1073741823,1073741823,788529151,1064173567,1072127999,1073348607,1073643519,1073119231,1073725439,1073479679,1073741823,1073741823,1073741823,1073741823,1073741823:g6
1073741823,1073741823,989855743,1064173567,1072127999,1073348607,1073643519,1073119231,1073725439,1073479679,1073741823,1073741823,1073741823,1073741823,1073741823:g6
1073741823,1073741823,1056964607,1064173567,803692543,1073348607,1073643519,1073119231,1073725439,1073479679,1073741823,1073741823,1073741823,1073741823,1073741823:g6
1073741823,1073741823,1056964607,997064703,1072127999,1073348607,1073643519,1073119231,1073725439,1073479679,1073741823,1073741823,1073741823,1073741823,1073741823:g6
1073741823,1073737727,1056964607,1064173567,1072127999,1073348607,1073643519,1073119231,1073725439,1073479679,1073741823,1073741823,1073741823,1073741823,1073741823:g6
1073741823,1073741823,1056964607,1064173567,1055350783,1073348607,1073643519,1073119231,1073725439,1073479679,1073741823,1073741823,1073741823,1073741823,1073741823:g6
1073741823,1073741823,1056964607,1064173567,1072127999,1073348607,1056866303,1073119231,1073725439,1073479679,1073741823,1073741823,1073741823,1073741823,1073741823:g6
1073741823,1073741823,1056964607,1064173567,1072127999,1073348607,1073643263,1073119231,1073725439,1073479679,1073741823,1073741823,1073741823,1073741823,1073741823:g6
1073741823,1073741823,1056964607,1064173567,1072127743,1073348607,1073643519,1073119231,1073725439,1073479679,1073741823,1073741823,1073741823,1073741823,1073741823:g6
1073741823,1073741823,1056964351,1064173567,1072127999,1073348607,1073643519,1073119231,1073725439,1073479679,1073741823,1073741823,1073741823,1073741823,1073741823:g6
1073741823,1073741823,1056964607,1064172543,1072127999,1073348607,1073643519,1073119231,1073725439,1073479679,1073741823,1073741823,1073741823,1073741823,1073741823:g6
1073741823,1073741823,1056960511,1064173567,1072127999,1073348607,1073643519,1073119231,1073725439,1073479679,1073741823,1073741823,1073741823,1073741823,1073741823:g6
1073741823,1073741823,1056899071,1064173567,1072127999,1073348607,1073643519,1073119231,1073725439,1073479679,1073741823,1073741823,1073741823,1073741823,1073741823:g6
1073741823,1073741823,1056963583,1064173567,1072127999,1073348607,1073643519,1073119231,1073725439,1073479679,1073741823,1073741823,1073741823,1073741823,1073741823:g6
1073741823,1073741823,1056964607,1064157183,1072127999,1073348607,1073643519,1073119231,1073725439,1073479679,1073741823,1073741823,1073741823,1073741823,1073741823:g6
1073741823,1073676287,1056964607,1064173567,1072127999,1073348607,1073643519,1073119231,1073725439,1073479679,1073741823,1073741823,1073741823,1073741823,1073741823:g6
1073741823,1072693247,1056964607,1064173567,1072127999,1073348607,1073643519,1073119231,1073725439,1073479679,1073741823,1073741823,1073741823,1073741823,1073741823:i5
1073741823,1073741823,1055916031,1064173567,1072127999,1073348607,1073643519,1073119231,1073725439,1073479679,1073741823,1073741823,1073741823,1073741823,1073741823:i5
1073741823,1056964607,1056964607,1064173567,1072127999,1073348607,1073643519,1073119231,1073725439,1073479679,1073741823,1073741823,1073741823,1073741823,1073741823:g6
1073741823,1073741823,1056964607,1047396351,1072127999,1073348607,1073643519,1073119231,1073725439,1073479679,1073741823,1073741823,1073741823,1073741823,1073741823:g6
1073741823,1073741823,1056964607,1064173567,1072127999,1056571391,1073643519,1073119231,1073725439,1073479679,1073741823,1073741823,1073741823,1073741823,1073741823:g6
1073741823,1073741823,1056948223,1064173567,1072127999,1073348607,1073643519,1073119231,1073725439,1073479679,1073741823,1073741823,1073741823,1073741823,1073741823:g6
1073741823,1073741823,1056702463,1064173567,1072127999,1073348607,1073643519,1073119231,1073725439,1073479679,1073741823,1073741823,1073741823,1073741823,1073741823:e5
1073741823,1073741823,1056964607,1063911423,1072127999,1073348607,1073643519,1073119231,1073725439,1073479679,1073741823,1073741823,1073741823,1073741823,1073741823:g6
1073741823,1073741823,1052770303,1064173567,1072127999,1073348607,1073643519,1073119231,1073725439,1073479679,1073741823,1073741823,1073741823,1073741823,1073741823:g6
1073741823,1073741823,1056964607,1064173567,1067933695,1073348607,1073643519,1073119231,1073725439,1073479679,1073741823,1073741823,1073741823,1073741823,1073741823:i5
1073741823,1073741823,1056964607,1064173567,1072127999,1073348607,1069449215,1073119231,1073725439,1073479679,1073741823,1073741823,1073741823,1073741823,1073741823:g6
1073741823,1073741823,1056964607,1064173567,1072127999,1073348607,1073643519,1073119231,1073725439,1073479679,1073740799,1073741823,1073741823,1073741823,1073741823:i5
1073741823,1073741823,1056964607,1064173567,1072127999,1073348607,1073643519,1073119231,1073725439,1073479679,1073725439,1073741823,1073741823,1073741823,1073741823:g6
1073741823,1073741823,1056964607,1064173567,1072127999,1073348607,1073643519,1073119231,1073724415,1073479679,1073741823,1073741823,1073741823,1073741823,1073741823:g6
1073741823,1073741823,1056964607,1064173567,1072127999,1073348607,1073642495,1073119231,1073725439,1073479679,1073741823,1073741823,1073741823,1073741823,1073741823:i5
1073741823,1073741823,1056964607,1064173567,1072126975,1073348607,1073643519,1073119231,1073725439,1073479679,1073741823,1073741823,1073741823,1073741823,1073741823:g6
1073741823,1073741823,1056964607,1064173567,1072127999,1073348607,1073643519,1073119231,1073725439,1073475583,1073741823,1073741823,1073741823,1073741823,1073741823:i5
1073741823,1073741823,1056964607,1064173567,1072127999,1073344511,1073643519,1073119231,1073725439,1073479679,1073741823,1073741823,1073741823,1073741823,1073741823:e5
1073741823,1073741823,1056964607,1064169471,1072127999,1073348607,1073643519,1073119231,1073725439,1073479679,1073741823,1073741823,1073741823,1073741823,1073741823:e5
1073741823,1073741823,1056964607,1064173567,1072127999,1072300031,1073643519,1073119231,1073725439,1073479679,1073741823,1073741823,1073741823,1073741823,1073741823:i5
1073741823,1073741823,1056964607,1064173567,1072127999,1073348607,1073643519,1073119231,1073725439,1073479679,1073741823,1073725439,1073741823,1073741823,1073741823:g6
1073741823,1073741823,1056964607,1064173567,1072127999,1073348607,1073643519,1073119231,1073725439,1073479679,1073676287,1073741823,1073741823,1073741823,1073741823:i5
1073741823,1073741823,1056964607,1064173567,1072127999,1073348607,1073643519,1073119231,1073725439,1073414143,1073741823,1073741823,1073741823,1073741823,1073741823:i5
1073741823,1073741823,1056964607,1064173567,1072127999,1073348607,1073643519,1073119231,1073725439,1072431103,1073741823,1073741823,1073741823,1073741823,1073741823:g6
1073741823,1073741823,1056964607,1064173567,1072127999,1073348607,1073643519,1073119231,1073725439,1073479679,1073741823,1069547519,1073741823,1073741823,1073741823:g6
1073741823,1073741823,1056964607,1064173567,1072127999,1073348607,1073643519,1073119231,1073725439,1073479679,1072693247,1073741823,1073741823,1073741823,1073741823:g6
1073741823,1073741823,1056964607,1064173567,1072127999,1073348607,1073643519,1073119231,1073725439,1073479679,1073741823,1073479679,1073741823,1073741823,1073741823:g6
1073741823,1073741823,1056964607,1064173567,1072127999,1073348607,1073643519,1073119231,1073725439,1073479679,1073479679,1073741823,1073741823,1073741823,1073741823:g6
1073741823,1073741823,1056964607,1064173567,1072127999,1069154303,1073643519,1073119231,1073725439,1073479679,1073741823,1073741823,1073741823,1073741823,1073741823:g6
1073741823,1073741823,1056964607,1064173567,1072127999,1073348607,1073643519,1068924927,1073725439,1073479679,1073741823,1073741823,1073741823,1073741823,1073741823:g6
1073741823,1073741823,1056964607,1064173567,1072127999,1073348607,1073643519,1072070655,1073725439,1073479679,1073741823,1073741823,1073741823,1073741823,1073741823:i5
1073741823,1073741823,1056964607,1064173567,1072127999,1073348607,1073643519,1073119231,1073725439,1069285375,1073741823,1073741823,1073741823,1073741823,1073741823:g6
1073741823,1073741823,1056964607,1064173567,1072127999,1073348607,1073643519,1073119231,1073463295,1073479679,1073741823,1073741823,1073741823,1073741823,1073741823:g6
1073741823,1073741823,1056964607,1064173567,1072062463,1073348607,1073643519,1073119231,1073725439,1073479679,1073741823,1073741823,1073741823,1073741823,1073741823:g6
1073741823,1073741823,1056964607,1064173567,1072127999,1073348607,1072594943,1073119231,1073725439,1073479679,1073741823,1073741823,1073741823,1073741823,1073741823:i5
1073741823,1073741823,1056964607,1064173567,1072127999,1073348607,1073381375,1073119231,1073725439,1073479679,1073741823,1073741823,1073741823,1073741823,1073741823:i5
1073741823,1073741823,1056964607,1064173567,1072127999,1073348607,1073643519,1073119231,1072676863,1073479679,1073741823,1073741823,1073741823,1073741823,1073741823:g6
1073741823,1073741823,1056964607,1064173567,1072127999,1073348607,1073643519,1073119231,1073725439,1073478655,1073741823,1073741823,1073741823,1073741823,1073741823:g6
1073741823,1073741823,1056964607,1064173567,1072127999,1073348607,1073643519,1073119231,1073721343,1073479679,1073741823,1073741823,1073741823,1073741823,1073741823:g6
1073741823,1073741823,1056964607,1064173567,1072127999,1073348607,1073643519,1073118207,1073725439,1073479679,1073741823,1073741823,1073741823,1073741823,1073741823:g6
1073741823,1073741823,1056964607,1064173567,1072127999,1073348607,1073643519,1073115135,1073725439,1073479679,1073741823,1073741823,1073741823,1073741823,1073741823:i5
1073741823,1073741823,1056964607,1064173567,1072127999,1073347583,1073643519,1073119231,1073725439,1073479679,1073741823,1073741823,1073741823,1073741823,1073741823:g6
1073741823,1073741823,1056964607,1064173567,1072127999,1073348607,1073639423,1073119231,1073725439,1073479679,1073741823,1073741823,1073741823,1073741823,1073741823:i5
1073741823,1073741823,1056964607,1064173567,1072127999,1073332223,1073643519,1073119231,1073725439,1073479679,1073741823,1073741823,1073741823,1073741823,1073741823:g6
1073741823,1073741823,1056964607,1064173567,1072127999,1073348607,1073643519,1073119231,1073659903,1073479679,1073741823,1073741823,1073741823,1073741823,1073741823:i5
1073741823,1073741823,1056964607,1064173567,1072127999,1073348607,1073643519,1073119231,1073725439,1073463295,1073741823,1073741823,1073741823,1073741823,1073741823:g6
1073741823,1073741823,1073741823,1072562175,1055350783,1073348607,1073643519,1073119231,1073725439,1073479679,1073741823,1073741823,1073741823,1073741823,1073741823:i5
1073741823,1073741823,1073741823,1072562175,1072127999,1073348607,1056866303,1073119231,1073725439,1073479679,1073741823,1073741823,1073741823,1073741823,1073741823:g6
1073741823,1073741823,1073741823,1072562175,1072127999,1073348607,1073643263,1073119231,1073725439,1073479679,1073741823,1073741823,1073741823,1073741823,1073741823:g6
1073741823,1073741823,1073741823,1072562175,1072127743,1073348607,1073643519,1073119231,1073725439,1073479679,1073741823,1073741823,1073741823,1073741823,1073741823:g6
1073741823,1073741823,1073741567,1072562175,1072127999,1073348607,1073643519,1073119231,1073725439,1073479679,1073741823,1073741823,1073741823,1073741823,1073741823:g6
1073741823,1073741823,1073741823,1072561151,1072127999,1073348607,1073643519,1073119231,1073725439,1073479679,1073741823,1073741823,1073741823,1073741823,1073741823:g6
1073741823,1073741823,1073737727,1072562175,1072127999,1073348607,1073643519,1073119231,1073725439,1073479679,1073741823,1073741823,1073741823,1073741823,1073741823:g6
1073741823,1073741823,1073676287,1072562175,1072127999,1073348607,1073643519,1073119231,1073725439,1073479679,1073741823,1073741823,1073741823,1073741823,1073741823:g6
1073741823,1073741823,1073740799,1072562175,1072127999,1073348607,1073643519,1073119231,1073725439,1073479679,1073741823,1073741823,1073741823,1073741823,1073741823:g6
1073741823,1073741823,1073741823,1072545791,1072127999,1073348607,1073643519,1073119231,1073725439,1073479679,1073741823,1073741823,1073741823,1073741823,1073741823:g6
1073741823,1073676287,1073741823,1072562175,1072127999,1073348607,1073643519,1073119231,1073725439,1073479679,1073741823,1073741823,1073741823,1073741823,1073741823:g6
1073741823,1072693247,1073741823,1072562175,1072127999,1073348607,1073643519,1073119231,1073725439,1073479679,1073741823,1073741823,1073741823,1073741823,1073741823:i5
1073741823,1073741823,1072693247,1072562175,1072127999,1073348607,1073643519,1073119231,1073725439,1073479679,1073741823,1073741823,1073741823,1073741823,1073741823:i5
1073741823,1056964607,1073741823,1072562175,1072127999,1073348607,1073643519,1073119231,1073725439,1073479679,1073741823,1073741823,1073741823,1073741823,1073741823:g6
1073741823,1073741823,1073741823,1055784959,1072127999,1073348607,1073643519,1073119231,1073725439,1073479679,1073741823,1073741823,1073741823,1073741823,1073741823:i5
1073741823,1073741823,1073741823,1068367871,1072127999,1073348607,1073643519,1073119231,1073725439,1073479679,1073741823,1073741823,1073741823,1073741823,1073741823:m3
1072693247,1073741823,1040187391,1068367871,1072127999,1073348607,1073643519,1073119231,1073725439,1073479679,1073741823,1073741823,1073741823,1073741823,1073741823:i5
1056964607,1073741823,1040187391,1068367871,1072127999,1073348607,1073643519,1073119231,1073725439,1073479679,1073741823,1073741823,1073741823,1073741823,1073741823:g6
805306367,1073741823,1040187391,1068367871,1072127999,1073348607,1073643519,1073119231,1073725439,1073479679,1073741823,1073741823,1073741823,1073741823,1073741823:g6
1073741823,1073741823,771751935,1068367871,1072127999,1073348607,1073643519,1073119231,1073725439,1073479679,1073741823,1073741823,1073741823,1073741823,1073741823:g6
1073741823,1073741823,973078527,1068367871,1072127999,1073348607,1073643519,1073119231,1073725439,1073479679,1073741823,1073741823,1073741823,1073741823,1073741823:g6
1073741823,1073741823,1040187391,1068367871,803692543,1073348607,1073643519,1073119231,1073725439,1073479679,1073741823,1073741823,1073741823,1073741823,1073741823:g6
1073741823,1073479679,1040187391,1068367871,1072127999,1073348607,1073643519,1073119231,1073725439,1073479679,1073741823,1073741823,1073741823,1073741823,1073741823:g6
1073741823,1069547519,1040187391,1068367871,1072127999,1073348607,1073643519,1073119231,1073725439,1073479679,1073741823,1073741823,1073741823,1073741823,1073741823:g6
1073741823,1006632959,1040187391,1068367871,1072127999,1073348607,1073643519,1073119231,1073725439,1073479679,1073741823,1073741823,1073741823,1073741823,1073741823:g6
1073741823,1073741823,1040187391,1001259007,1072127999,1073348607,1073643519,1073119231,1073725439,1073479679,1073741823,1073741823,1073741823,1073741823,1073741823:i5
1073741823,1073741823,1040187391,1068367871,1072127999,1006239743,1073643519,1073119231,1073725439,1073479679,1073741823,1073741823,1073741823,1073741823,1073741823:g6
1073741823,1073737727,1040187391,1068367871,1072127999,1073348607,1073643519,1073119231,1073725439,1073479679,1073741823,1073741823,1073741823,1073741823,1073741823:g6
1073741823,1073741823,1040187391,1068367871,1055350783,1073348607,1073643519,1073119231,1073725439,1073479679,1073741823,1073741823,1073741823,1073741823,1073741823:g6
1073741823,1073741823,1040187391,1068367871,1072127999,1073348607,1056866303,1073119231,1073725439,1073479679,1073741823,1073741823,1073741823,1073741823,1073741823:g6
1073741823,1073741823,1040187391,1068367871,1072127999,1073348607,1073643263,1073119231,1073725439,1073479679,1073741823,1073741823,1073741823,1073741823,1073741823:g6
1073741823,1073741823,1040187391,1068367871,1072127743,1073348607,1073643519,1073119231,1073725439,1073479679,1073741823,1073741823,1073741823,1073741823,1073741823:g6
1073741823,1073741823,1040187135,1068367871,1072127999,1073348607,1073643519,1073119231,1073725439,1073479679,1073741823,1073741823,1073741823,1073741823,1073741823:g6
1073741823,1073741823,1040187391,1068366847,1072127999,1073348607,1073643519,1073119231,1073725439,1073479679,1073741823,1073741823,1073741823,1073741823,1073741823:g6
1073741823,1073741823,1040183295,1068367871,1072127999,1073348607,1073643519,1073119231,1073725439,1073479679,1073741823,1073741823,1073741823,1073741823,1073741823:g6
1073741823,1073741823,1040121855,1068367871,1072127999,1073348607,1073643519,1073119231,1073725439,1073479679,1073741823,1073741823,1073741823,1073741823,1073741823:g6
1073741823,1073741823,1040186367,1068367871,1072127999,1073348607,1073643519,1073119231,1073725439,1073479679,1073741823,1073741823,1073741823,1073741823,1073741823:g6
1073741823,1073741823,1040187391,1068351487,1072127999,1073348607,1073643519,1073119231,1073725439,1073479679,1073741823,1073741823,1073741823,1073741823,1073741823:g6
1073741823,1073676287,1040187391,1068367871,1072127999,1073348607,1073643519,1073119231,1073725439,1073479679,1073741823,1073741823,1073741823,1073741823,1073741823:g6
1073741823,1072693247,1040187391,1068367871,1072127999,1073348607,1073643519,1073119231,1073725439,1073479679,1073741823,1073741823,1073741823,1073741823,1073741823:i5
1073741823,1073741823,1039138815,1068367871,1072127999,1073348607,1073643519,1073119231,1073725439,1073479679,1073741823,1073741823,1073741823,1073741823,1073741823:i5
1073741823,1056964607,1040187391,1068367871,1072127999,1073348607,1073643519,1073119231,1073725439,1073479679,1073741823,1073741823,1073741823,1073741823,1073741823:g6
1073741823,1073741823,1040187391,1051590655,1072127999,1073348607,1073643519,1073119231,1073725439,1073479679,1073741823,1073741823,1073741823,1073741823,1073741823:i5
1073741823,1073741823,1040187391,1068367871,1072127999,1056571391,1073643519,1073119231,1073725439,1073479679,1073741823,1073741823,1073741823,1073741823,1073741823:g6
1073741823,1073741823,1040171007,1068367871,1072127999,1073348607,1073643519,1073119231,1073725439,1073479679,1073741823,1073741823,1073741823,1073741823,1073741823:g6
1073741823,1073741823,1039925247,1068367871,1072127999,1073348607,1073643519,1073119231,1073725439,1073479679,1073741823,1073741823,1073741823,1073741823,1073741823:e5
1073741823,1073741823,1040187391,1068105727,1072127999,1073348607,1073643519,1073119231,1073725439,1073479679,1073741823,1073741823,1073741823,1073741823,1073741823:g6
1073741823,1073741823,1035993087,1068367871,1072127999,1073348607,1073643519,1073119231,1073725439,1073479679,1073741823,1073741823,1073741823,1073741823,1073741823:g6
1073741823,1073741823,1040187391,1068367871,1067933695,1073348607,1073643519,1073119231,1073725439,1073479679,1073741823,1073741823,1073741823,1073741823,1073741823:i5
1073741823,1073741823,1040187391,1068367871,1072127999,1073348607,1069449215,1073119231,1073725439,1073479679,1073741823,1073741823,1073741823,1073741823,1073741823:g6
1073741823,1073741823,1040187391,1068367871,1072127999,1073348607,1073643519,1073119231,1073725439,1073479679,1073740799,1073741823,1073741823,1073741823,1073741823:i5
1073741823,1073741823,1040187391,1068367871,1072127999,1073348607,1073643519,1073119231,1073725439,1073479679,1073725439,1073741823,1073741823,1073741823,1073741823:g6
1073741823,1073741823,1040187391,1068367871,1072127999,1073348607,1073643519,1073119231,1073724415,1073479679,1073741823,1073741823,1073741823,1073741823,1073741823:g6
1073741823,1073741823,1040187391,1068367871,1072127999,1073348607,1073642495,1073119231,1073725439,1073479679,1073741823,1073741823,1073741823,1073741823,1073741823:i5
1073741823,1073741823,1040187391,1068367871,1072126975,1073348607,1073643519,1073119231,1073725439,1073479679,1073741823,1073741823,1073741823,1073741823,1073741823:g6
1073741823,1073741823,1040187391,1068367871,1072127999,1073348607,1073643519,1073119231,1073725439,1073475583,1073741823,1073741823,1073741823,1073741823,1073741823:i5
1073741823,1073741823,1040187391,1068367871,1072127999,1073344511,1073643519,1073119231,1073725439,1073479679,1073741823,1073741823,1073741823,1073741823,1073741823:e5
1073741823,1073741823,1040187391,1068363775,1072127999,1073348607,1073643519,1073119231,1073725439,1073479679,1073741823,1073741823,1073741823,1073741823,1073741823:e5
1073741823,1073741823,1040187391,1068367871,1072127999,1072300031,1073643519,1073119231,1073725439,1073479679,1073741823,1073741823,1073741823,1073741823,1073741823:i5
1073741823,1073741823,1040187391,1068367871,1072127999,1073348607,1073643519,1073119231,1073725439,1073479679,1073741823,1073725439,1073741823,1073741823,1073741823:g6
1073741823,1073741823,1040187391,1068367871,1072127999,1073348607,1073643519,1073119231,1073725439,1073479679,1073676287,1073741823,1073741823,1073741823,1073741823:i5
1073741823,1073741823,1040187391,1068367871,1072127999,1073348607,1073643519,1073119231,1073725439,1073414143,1073741823,1073741823,1073741823,1073741823,1073741823:i5
1073741823,1073741823,1040187391,1068367871,1072127999,1073348607,1073643519,1073119231,1073725439,1072431103,1073741823,1073741823,1073741823,1073741823,1073741823:g6
1073741823,1073741823,1040187391,1068367871,1072127999,1073348607,1073643519,1073119231,1073725439,1073479679,1073741823,1069547519,1073741823,1073741823,1073741823:g6
1073741823,1073741823,1040187391,1068367871,1072127999,1073348607,1073643519,1073119231,1073725439,1073479679,1072693247,1073741823,1073741823,1073741823,1073741823:g6
1073741823,1073741823,1040187391,1068367871,1072127999,1073348607,1073643519,1073119231,1073725439,1073479679,1073741823,1073479679,1073741823,1073741823,1073741823:g6
1073741823,1073741823,1040187391,1068367871,1072127999,1073348607,1073643519,1073119231,1073725439,1073479679,1073479679,1073741823,1073741823,1073741823,1073741823:g6
1073741823,1073741823,1040187391,1068367871,1072127999,1069154303,1073643519,1073119231,1073725439,1073479679,1073741823,1073741823,1073741823,1073741823,1073741823:g6
1073741823,1073741823,1040187391,1068367871,1072127999,1073348607,1073643519,1068924927,1073725439,1073479679,1073741823,1073741823,1073741823,1073741823,1073741823:g6
1073741823,1073741823,1040187391,1068367871,1072127999,1073348607,1073643519,1072070655,1073725439,1073479679,1073741823,1073741823,1073741823,1073741823,1073741823:i5
1073741823,1073741823,1040187391,1068367871,1072127999,1073348607,1073643519,1073119231,1073725439,1069285375,1073741823,1073741823,1073741823,1073741823,1073741823:g6
1073741823,1073741823,1040187391,1068367871,1072127999,1073348607,1073643519,1073119231,1073463295,1073479679,1073741823,1073741823,1073741823,1073741823,1073741823:g6
1073741823,1073741823,1040187391,1068367871,1072062463,1073348607,1073643519,1073119231,1073725439,1073479679,1073741823,1073741823,1073741823,1073741823,1073741823:g6
1073741823,1073741823,1040187391,1068367871,1072127999,1073348607,1072594943,1073119231,1073725439,1073479679,1073741823,1073741823,1073741823,1073741823,1073741823:i5
1073741823,1073741823,1040187391,1068367871,1072127999,1073348607,1073381375,1073119231,1073725439,1073479679,1073741823,1073741823,1073741823,1073741823,1073741823:i5
1073741823,1073741823,1040187391,1068367871,1072127999,1073348607,1073643519,1073119231,1072676863,1073479679,1073741823,1073741823,1073741823,1073741823,1073741823:g6
1073741823,1073741823,1040187391,1068367871,1072127999,1073348607,1073643519,1073119231,1073725439,1073478655,1073741823,1073741823,1073741823,1073741823,1073741823:g6
1073741823,1073741823,1040187391,1068367871,1072127999,1073348607,1073643519,1073119231,1073721343,1073479679,1073741823,1073741823,1073741823,1073741823,1073741823:g6
1073741823,1073741823,1040187391,1068367871,1072127999,1073348607,1073643519,1073118207,1073725439,1073479679,1073741823,1073741823,1073741823,1073741823,1073741823:g6
1073741823,1073741823,1040187391,1068367871,1072127999,1073348607,1073643519,1073115135,1073725439,1073479679,1073741823,1073741823,1073741823,1073741823,1073741823:i5
1073741823,1073741823,1040187391,1068367871,1072127999,1073347583,1073643519,1073119231,1073725439,1073479679,1073741823,1073741823,1073741823,1073741823,1073741823:g6
1073741823,1073741823,1040187391,1068367871,1072127999,1073348607,1073639423,1073119231,1073725439,1073479679,1073741823,1073741823,1073741823,1073741823,1073741823:i5
1073741823,1073741823,1040187391,1068367871,1072127999,1073332223,1073643519,1073119231,1073725439,1073479679,1073741823,1073741823,1073741823,1073741823,1073741823:g6
1073741823,1073741823,1040187391,1068367871,1072127999,1073348607,1073643519,1073119231,1073659903,1073479679,1073741823,1073741823,1073741823,1073741823,1073741823:i5
1073741823,1073741823,1040187391,1068367871,1072127999,1073348607,1073643519,1073119231,1073725439,1073463295,1073741823,1073741823,1073741823,1073741823,1073741823:g6
1073741823,1073741823,1073741823,1072562175,1072127999,1056571391,1073643519,1073119231,1073725439,1073479679,1073741823,1073741823,1073741823,1073741823,1073741823:g6
1073741823,1073741823,1073725439,1072562175,1072127999,1073348607,1073643519,1073119231,1073725439,1073479679,1073741823,1073741823,1073741823,1073741823,1073741823:g6
1073741823,1073741823,1073479679,1072562175,1072127999,1073348607,1073643519,1073119231,1073725439,1073479679,1073741823,1073741823,1073741823,1073741823,1073741823:i5
1073741823,1073741823,1073741823,1072300031,1072127999,1073348607,1073643519,1073119231,1073725439,1073479679,1073741823,1073741823,1073741823,1073741823,1073741823:g6
1073741823,1073741823,1069547519,1072562175,1072127999,1073348607,1073643519,1073119231,1073725439,1073479679,1073741823,1073741823,1073741823,1073741823,1073741823:i5
1073741823,1073741823,1073741823,1072562175,1067933695,1073348607,1073643519,1073119231,1073725439,1073479679,1073741823,1073741823,1073741823,1073741823,1073741823:i5
1073741823,1073741823,1073741823,1072562175,1072127999,1073348607,1069449215,1073119231,1073725439,1073479679,1073741823,1073741823,1073741823,1073741823,1073741823:i5
1073741823,1073741823,1073741823,1072562175,1072127999,1073348607,1073643519,1073119231,1073725439,1073479679,1073740799,1073741823,1073741823,1073741823,1073741823:i5
1073741823,1073741823,1073741823,1072562175,1072127999,1073348607,1073643519,1073119231,1073725439,1073479679,1073725439,1073741823,1073741823,1073741823,1073741823:g6
1073741823,1073741823,1073741823,1072562175,1072127999,1073348607,1073643519,1073119231,1073724415,1073479679,1073741823,1073741823,1073741823,1073741823,1073741823:e5
1073741823,1073741823,1073741823,1072562175,1072127999,1073348607,1073642495,1073119231,1073725439,1073479679,1073741823,1073741823,1073741823,1073741823,1073741823:i5
1073741823,1073741823,1073741823,1072562175,1072126975,1073348607,1073643519,1073119231,1073725439,1073479679,1073741823,1073741823,1073741823,1073741823,1073741823:g6
1073741823,1073741823,1073741823,1072562175,1072127999,1073348607,1073643519,1073119231,1073725439,1073475583,1073741823,1073741823,1073741823,1073741823,1073741823:i5
1073741823,1073741823,1073741823,1072562175,1072127999,1073344511,1073643519,1073119231,1073725439,1073479679,1073741823,1073741823,1073741823,1073741823,1073741823:e5
1073741823,1073741823,1073741823,1072558079,1072127999,1073348607,1073643519,1073119231,1073725439,1073479679,1073741823,1073741823,1073741823,1073741823,1073741823:e5
1073741823,1073741823,1073741823,1072562175,1072127999,1072300031,1073643519,1073119231,1073725439,1073479679,1073741823,1073741823,1073741823,1073741823,1073741823:i5
1073741823,1073741823,1073741823,1072562175,1072127999,1073348607,1073643519,1073119231,1073725439,1073479679,1073741823,1073725439,1073741823,1073741823,1073741823:g6
1073741823,1073741823,1073741823,1072562175,1072127999,1073348607,1073643519,1073119231,1073725439,1073479679,1073676287,1073741823,1073741823,1073741823,1073741823:i5
1073741823,1073741823,1073741823,1072562175,1072127999,1073348607,1073643519,1073119231,1073725439,1073414143,1073741823,1073741823,1073741823,1073741823,1073741823:i5
1073741823,1073741823,1073741823,1072562175,1072127999,1073348607,1073643519,1073119231,1073725439,1072431103,1073741823,1073741823,1073741823,1073741823,1073741823:g6
1073741823,1073741823,1073741823,1072562175,1072127999,1073348607,1073643519,1073119231,1073725439,1073479679,1073741823,1069547519,1073741823,1073741823,1073741823:g6
1073741823,1073741823,1073741823,1072562175,1072127999,1073348607,1073643519,1073119231,1073725439,1073479679,1072693247,1073741823,1073741823,1073741823,1073741823:g6
1073741823,1073741823,1073741823,1072562175,1072127999,1073348607,1073643519,1073119231,1073725439,1073479679,1073741823,1073479679,1073741823,1073741823,1073741823:g6
1073741823,1073741823,1073741823,1072562175,1072127999,1073348607,1073643519,1073119231,1073725439,1073479679,1073479679,1073741823,1073741823,1073741823,1073741823:g6
1073741823,1073741823,1073741823,1072562175,1072127999,1069154303,1073643519,1073119231,1073725439,1073479679,1073741823,1073741823,1073741823,1073741823,1073741823:i5
1073741823,1073741823,1073741823,1072562175,1072127999,1073348607,1073643519,1068924927,1073725439,1073479679,1073741823,1073741823,1073741823,1073741823,1073741823:g6
1073741823,1073741823,1073741823,1072562175,1072127999,1073348607,1073643519,1072070655,1073725439,1073479679,1073741823,1073741823,1073741823,1073741823,1073741823:i5
1073741823,1073741823,1073741823,1072562175,1072127999,1073348607,1073643519,1073119231,1073725439,1069285375,1073741823,1073741823,1073741823,1073741823,1073741823:g6
1073741823,1073741823,1073741823,1072562175,1072127999,1073348607,1073643519,1073119231,1073463295,1073479679,1073741823,1073741823,1073741823,1073741823,1073741823:g6
1073741823,1073741823,1073741823,1072562175,1072062463,1073348607,1073643519,1073119231,1073725439,1073479679,1073741823,1073741823,1073741823,1073741823,1073741823:g6
1073741823,1073741823,1073741823,1072562175,1072127999,1073348607,1072594943,1073119231,1073725439,1073479679,1073741823,1073741823,1073741823,1073741823,1073741823:i5
1073741823,1073741823,1073741823,1072562175,1072127999,1073348607,1073381375,1073119231,1073725439,1073479679,1073741823,1073741823,1073741823,1073741823,1073741823:i5
1073741823,1073741823,1073741823,1072562175,1072127999,1073348607,1073643519,1073119231,1072676863,1073479679,1073741823,1073741823,1073741823,1073741823,1073741823:g6
1073741823,1073741823,1073741823,1072562175,1072127999,1073348607,1073643519,1073119231,1073725439,1073478655,1073741823,1073741823,1073741823,1073741823,1073741823:g6
1073741823,1073741823,1073741823,1072562175,1072127999,1073348607,1073643519,1073119231,1073721343,1073479679,1073741823,1073741823,1073741823,1073741823,1073741823:e5
1073741823,1073741823,1073741823,1072562175,1072127999,1073348607,1073643519,1073118207,1073725439,1073479679,1073741823,1073741823,1073741823,1073741823,1073741823:g6
1073741823,1073741823,1073741823,1072562175,1072127999,1073348607,1073643519,1073115135,1073725439,1073479679,1073741823,1073741823,1073741823,1073741823,1073741823:i5
1073741823,1073741823,1073741823,1072562175,1072127999,1073347583,1073643519,1073119231,1073725439,1073479679,1073741823,1073741823,1073741823,1073741823,1073741823:g6
1073741823,1073741823,1073741823,1072562175,1072127999,1073348607,1073639423,1073119231,1073725439,1073479679,1073741823,1073741823,1073741823,1073741823,1073741823:i5
1073741823,1073741823,1073741823,1072562175,1072127999,1073332223,1073643519,1073119231,1073725439,1073479679,1073741823,1073741823,1073741823,1073741823,1073741823:g6
1073741823,1073741823,1073741823,1072562175,1072127999,1073348607,1073643519,1073119231,1073659903,1073479679,1073741823,1073741823,1073741823,1073741823,1073741823:i5
1073741823,1073741823,1073741823,1072562175,1072127999,1073348607,1073643519,1073119231,1073725439,1073463295,1073741823,1073741823,1073741823,1073741823,1073741823:g6
1073741823,1073741823,1073741823,1072693247,1073176575,1073348607,1072594943,1073119231,1073725439,1073479679,1073741823,1073741823,1073741823,1073741823,1073741823:i5
1073741823,1073741823,1073741823,1072693247,1073176575,1073348607,1073381375,1073119231,1073725439,1073479679,1073741823,1073741823,1073741823,1073741823,1073741823:i5
1073741823,1073741823,1073741823,1072693247,1073176575,1073348607,1073643519,1073119231,1072676863,1073479679,1073741823,1073741823,1073741823,1073741823,1073741823:i5
1073741823,1073741823,1073741823,1072693247,1073176575,1073348607,1073643519,1073119231,1073725439,1073478655,1073741823,1073741823,1073741823,1073741823,1073741823:i5
1073741823,1073741823,1073741823,1072693247,1073176575,1073348607,1073643519,1073119231,1073721343,1073479679,1073741823,1073741823,1073741823,1073741823,1073741823:i5
1073741823,1073741823,1073741823,1072693247,1073176575,1073348607,1073643519,1073118207,1073725439,1073479679,1073741823,1073741823,1073741823,1073741823,1073741823:i5
1073741823,1073741823,1073741823,1072693247,1073176575,1073348607,1073643519,1073115135,1073725439,1073479679,1073741823,1073741823,1073741823,1073741823,1073741823:i5
1073741823,1073741823,1073741823,1072693247,1073176575,1073347583,1073643519,1073119231,1073725439,1073479679,1073741823,1073741823,1073741823,1073741823,1073741823:i5
1073741823,1073741823,1073741823,1072693247,1073176575,1073348607,1073639423,1073119231,1073725439,1073479679,1073741823,1073741823,1073741823,1073741823,1073741823:i5
1073741823,1073741823,1073741823,1072693247,1073176575,1073332223,1073643519,1073119231,1073725439,1073479679,1073741823,1073741823,1073741823,1073741823,1073741823:i5
1073741823,1073741823,1073741823,1072693247,1073176575,1073348607,1073643519,1073119231,1073659903,1073479679,1073741823,1073741823,1073741823,1073741823,1073741823:i5
1073741823,1073741823,1073741823,1072693247,1073176575,1073348607,1073643519,1073119231,1073725439,1073463295,1073741823,1073741823,1073741823,1073741823,1073741823:i5
