1073741823,1073741823,1073741823,1073479679,1073741823,1054834687,1071316991,1073119231,1072037887,1073201151,1072693247,1073741823,1073741823,1073741823,1073741823:l6
1073741823,1073741823,1073741823,1006370815,1073741823,1046446079,1071316991,1073119231,1072037887,1073201151,1072693247,1073741823,1073741823,1073741823,1073741823:m5
1073741823,1073741823,1073741823,1073479679,1073741823,1046446079,1071316991,1006010367,1072037887,1073201151,1072693247,1073741823,1073741823,1073741823,1073741823:m5
1073741823,1073725439,1073741823,1073479679,1073741823,1046446079,1071316991,1073119231,1072037887,1073201151,1072693247,1073741823,1073741823,1073741823,1073741823:m5
1073741823,1073741823,1073676287,1073479679,1073741823,1046446079,1071316991,1073119231,1072037887,1073201151,1072693247,1073741823,1073741823,1073741823,1073741823:m5
1073741823,1073479679,1073741823,1073479679,1073741823,1046446079,1071316991,1073119231,1072037887,1073201151,1072693247,1073741823,1073741823,1073741823,1073741823:m5
1073741823,1073741823,1073479679,1073479679,1073741823,1046446079,1071316991,1073119231,1072037887,1073201151,1072693247,1073741823,1073741823,1073741823,1073741823:m5
1073741823,1069547519,1073741823,1073479679,1073741823,1046446079,1071316991,1073119231,1072037887,1073201151,1072693247,1073741823,1073741823,1073741823,1073741823:m5
1073741823,1073741823,1072693247,1073479679,1073741823,1046446079,1071316991,1073119231,1072037887,1073201151,1072693247,1073741823,1073741823,1073741823,1073741823:m5
1073741823,1073741823,1073741823,1069285375,1073741823,1046446079,1071316991,1073119231,1072037887,1073201151,1072693247,1073741823,1073741823,1073741823,1073741823:m5
1073741823,1073741823,1073741823,1073478655,1073741823,1046446079,1071316991,1073119231,1072037887,1073201151,1072693247,1073741823,1073741823,1073741823,1073741823:m5
1073741823,1073741823,1073741823,1073463295,1073741823,1046446079,1071316991,1073119231,1072037887,1073201151,1072693247,1073741823,1073741823,1073741823,1073741823:m5
1073741823,1073741823,1073741823,805044223,1073741823,1046446079,1071316991,1073119231,1072037887,1073201151,1072693247,1073741823,1073741823,1073741823,1073741823:m5
1073741823,1073741823,1073741823,1073479679,1006632959,1046446079,1071316991,1073119231,1072037887,1073201151,1072693247,1073741823,1073741823,1073741823,1073741823:m5
1073741823,1073741823,1073741823,1073479679,1073741823,778010623,1071316991,1073119231,1072037887,1073201151,1072693247,1073741823,1073741823,1073741823,1073741823:m5
1073741823,1073741823,1073741823,1073479679,1073741823,979337215,1071316991,1073119231,1072037887,1073201151,1072693247,1073741823,1073741823,1073741823,1073741823:m5
1073741823,1073741823,1073741823,1073479679,1073741823,1046446079,1071316991,804683775,1072037887,1073201151,1072693247,1073741823,1073741823,1073741823,1073741823:m5
1073741823,1073741823,1073741823,1073479679,1073741823,1046446079,1004208127,1073119231,1072037887,1073201151,1072693247,1073741823,1073741823,1073741823,1073741823:m5
1073741823,1073741823,1073741823,1073479679,1056964607,1046446079,1071316991,1073119231,1072037887,1073201151,1072693247,1073741823,1073741823,1073741823,1073741823:h7
1073741823,1073741823,1073741823,1073479679,1073741823,1046446079,1054539775,1073119231,1072037887,1073201151,1072693247,1073741823,1073741823,1073741823,1073741823:m5
1073741823,1073741823,1073741823,1073414143,1073741823,1046446079,1071316991,1073119231,1072037887,1073201151,1072693247,1073741823,1073741823,1073741823,1073741823:m5
1073741823,1073741823,1073741823,1072431103,1073741823,1046446079,1071316991,1073119231,1072037887,1073201151,1072693247,1073741823,1073741823,1073741823,1073741823:m5
1073741823,1073741823,1073741823,1056702463,1073741823,1046446079,1071316991,1073119231,1072037887,1073201151,1072693247,1073741823,1073741823,1073741823,1073741823:m5
1073741823,1073741823,1073741823,1073479679,1073741823,1046446079,1071316991,1056342015,1072037887,1073201151,1072693247,1073741823,1073741823,1073741823,1073741823:m5
1073741823,1073741823,1073741823,1073479679,1073725439,1046446079,1071316991,1073119231,1072037887,1073201151,1072693247,1073741823,1073741823,1073741823,1073741823:m5
1073741823,1073741823,1073741823,1073479679,1073479679,1046446079,1071316991,1073119231,1072037887,1073201151,1072693247,1073741823,1073741823,1073741823,1073741823:m5
1073741823,1073741823,1073741823,1073479679,1069547519,1046446079,1071316991,1073119231,1072037887,1073201151,1072693247,1073741823,1073741823,1073741823,1073741823:m5
1073741823,1073741823,1073741823,1073479679,1073741823,1046446079,1067122687,1073119231,1072037887,1073201151,1072693247,1073741823,1073741823,1073741823,1073741823:m5
1073741823,1073741823,1073741823,1073479679,1073741823,1046446079,1071316991,1073119231,1067843583,1073201151,1072693247,1073741823,1073741823,1073741823,1073741823:m5
1073741823,1073741823,1073741823,1073479679,1073741823,1046446079,1071316991,1073119231,1072037887,1073201151,1072693247,1073741823,1073676287,1073741823,1073741823:m5
1073741823,1073741823,1073741823,1073479679,1073741823,1046446079,1071316991,1073119231,1055260671,1073201151,1072693247,1073741823,1073741823,1073741823,1073741823:m5
1073741823,1073741823,1073741823,1073479679,1073741823,1046446079,1071316991,1073119231,1072037887,1073201151,1055916031,1073741823,1073741823,1073741823,1073741823:m5
1073741823,1073741823,1073741823,1073479679,1073741823,1046446079,1071316991,1073119231,1072037887,1073201151,1068498943,1073741823,1073741823,1073741823,1073741823:m5
1073741823,1073741823,1073741823,1073479679,1073741823,1046446079,1071316991,1073119231,1072037887,1073201151,1072693247,1073741823,1056964607,1073741823,1073741823:m5
1073741823,1073741823,1073741823,1073479679,1073741823,1046446079,1071316991,1073119231,1072037887,1073201151,1072693247,1073741823,1072693247,1073741823,1073741823:m5
1073741823,1073741823,1073741823,1073479679,1073741823,1046446079,1071316991,1073119231,1072037887,1073201151,1072693247,1072693247,1073741823,1073741823,1073741823:m5
1073741823,1073741823,1073741823,1073479679,1073741823,1046446079,1071316991,1073119231,1072037887,1073201151,1072693247,1069547519,1073741823,1073741823,1073741823:m5
1073741823,1073741823,1073741823,1073479679,1073741823,1046446079,1071316991,1073119231,1072037887,1073201151,1072431103,1073741823,1073741823,1073741823,1073741823:m5
1073741823,1073741823,1073741823,1073479679,1073741823,1046446079,1071316991,1073119231,1072037887,1073201151,1072693247,1073740799,1073741823,1073741823,1073741823:m5
1073741823,1073741823,1073741823,1073479679,1073741823,1046446079,1071316991,1073119231,1072037887,1073201151,1072693247,1073479679,1073741823,1073741823,1073741823:m5
1073741823,1073741823,1073741823,1073479679,1073741823,1046446079,1071316991,1073119231,1072037887,1073201151,1072693247,1073725439,1073741823,1073741823,1073741823:m5
1073741823,1073741823,1073741823,1073479679,1073741823,1046446079,1071316991,1073119231,1072037887,1073201151,1072676863,1073741823,1073741823,1073741823,1073741823:m5
1073741823,1073741823,1073741823,1073479679,1073741823,1046446079,1071316991,1073119231,1072037887,1073201151,1072689151,1073741823,1073741823,1073741823,1073741823:m5
1073741823,1073741823,1073741823,1073479679,1073741823,1046446079,1071316991,1073119231,1072037887,1073201151,1072627711,1073741823,1073741823,1073741823,1073741823:m5
1073741823,1073741823,1073741823,1073479679,1073741823,1046446079,1071316991,1073119231,1072037887,1073197055,1072693247,1073741823,1073741823,1073741823,1073741823:m5
1073741823,1073741823,1073741823,1073479679,1073741823,1046441983,1071316991,1073119231,1072037887,1073201151,1072693247,1073741823,1073741823,1073741823,1073741823:m5
1073741823,1073741823,1073741823,1073479679,1073741823,1046446079,1071316991,1073119231,1072037887,1072152575,1072693247,1073741823,1073741823,1073741823,1073741823:m5
1073741823,1073741823,1073741823,1073479679,1073741823,1046446079,1071316991,1073119231,1072037887,1073135615,1072693247,1073741823,1073741823,1073741823,1073741823:m5
1073741823,1073741823,1073741823,1073479679,1073741823,1046446079,1071316991,1068924927,1072037887,1073201151,1072693247,1073741823,1073741823,1073741823,1073741823:m5
1073741823,1073741823,1073741823,1073479679,1073741823,1046446079,1071316991,1072070655,1072037887,1073201151,1072693247,1073741823,1073741823,1073741823,1073741823:m5
1073741823,1073741823,1073741823,1073479679,1073741823,1046446079,1071316991,1073119231,1072037887,1069006847,1072693247,1073741823,1073741823,1073741823,1073741823:m5
1073741823,1073741823,1073741823,1073479679,1073737727,1046446079,1071316991,1073119231,1072037887,1073201151,1072693247,1073741823,1073741823,1073741823,1073741823:m5
1073741823,1073741823,1073741823,1073479679,1073676287,1046446079,1071316991,1073119231,1072037887,1073201151,1072693247,1073741823,1073741823,1073741823,1073741823:m5
1073741823,1073741823,1073741823,1073479679,1073741823,1046380543,1071316991,1073119231,1072037887,1073201151,1072693247,1073741823,1073741823,1073741823,1073741823:m5
1073741823,1073741823,1073741823,1073479679,1072693247,1046446079,1071316991,1073119231,1072037887,1073201151,1072693247,1073741823,1073741823,1073741823,1073741823:m5
1073741823,1073741823,1073741823,1073479679,1073741823,1046446079,1071316991,1073119231,1072037887,1073200127,1072693247,1073741823,1073741823,1073741823,1073741823:m5
1073741823,1073741823,1073741823,1073479679,1073741823,1046446079,1071316991,1073119231,1072033791,1073201151,1072693247,1073741823,1073741823,1073741823,1073741823:m5
1073741823,1073741823,1073741823,1073479679,1073741823,1046446079,1071316991,1073118207,1072037887,1073201151,1072693247,1073741823,1073741823,1073741823,1073741823:m5
1073741823,1073741823,1073741823,1073479679,1073741823,1046446079,1071316991,1073115135,1072037887,1073201151,1072693247,1073741823,1073741823,1073741823,1073741823:m5
1073741823,1073741823,1073741823,1073479679,1073741823,1046445055,1071316991,1073119231,1072037887,1073201151,1072693247,1073741823,1073741823,1073741823,1073741823:m5
1073741823,1073741823,1073741823,1073479679,1073741823,1046446079,1071312895,1073119231,1072037887,1073201151,1072693247,1073741823,1073741823,1073741823,1073741823:m5
1073741823,1073741823,1073741823,1073479679,1073741823,1046446079,1071300607,1073119231,1072037887,1073201151,1072693247,1073741823,1073741823,1073741823,1073741823:m5
1073741823,1073741823,1073741823,1073479679,1073741823,1046183935,1071316991,1073119231,1072037887,1073201151,1072693247,1073741823,1073741823,1073741823,1073741823:m5
1073741823,1073741823,1073741823,1073479679,1073741823,1046446079,1071316991,1073119231,1072021503,1073201151,1072693247,1073741823,1073741823,1073741823,1073741823:m5
