1073741823,1073741823,1073741823,1073741823,1073741823,1054834687,1071316991,1073118207,1072037887,1073201151,1072693247,1073741823,1073741823,1073741823,1073741823:h7
1073741823,1073741823,1073741823,1073741823,1073740799,1054834687,1071284223,1073118207,1072037887,1073201151,1072693247,1073741823,1073741823,1073741823,1073741823:i6
1073741823,1073741823,1073741823,1073741823,1073741823,1054834687,1071284223,1073118207,1072037887,1073201087,1072693247,1073741823,1073741823,1073741823,1073741823:i6
1073741823,1073741823,1073741823,1073741823,1073741823,1054834687,1071284223,1073118207,1072037631,1073201151,1072693247,1073741823,1073741823,1073741823,1073741823:i6
1073741823,1073741823,1073741823,1073741823,1073741823,1054834687,1071284223,1073118143,1072037887,1073201151,1072693247,1073741823,1073741823,1073741823,1073741823:i6
1073741823,1073741823,1073741823,1073741823,1073741823,1054834687,1071284223,1073117951,1072037887,1073201151,1072693247,1073741823,1073741823,1073741823,1073741823:i6
1073741823,1073741823,1073741823,1073741823,1073741823,1054834623,1071284223,1073118207,1072037887,1073201151,1072693247,1073741823,1073741823,1073741823,1073741823:j6
1073741823,1073741823,1073741823,1073741823,1073741823,1054834687,1071283967,1073118207,1072037887,1073201151,1072693247,1073741823,1073741823,1073741823,1073741823:h5
1073741823,1073741823,1073741823,1073741823,1073741823,1054834687,1071283199,1073118207,1072037887,1073201151,1072693247,1073741823,1073741823,1073741823,1073741823:i6
1073741823,1073741823,1073741823,1073741823,1073741823,1054834687,1071284223,1073118207,1072036863,1073201151,1072693247,1073741823,1073741823,1073741823,1073741823:i6
1073741823,1073741823,1073741823,1073740799,1073741823,1054834687,1071284223,1073118207,1072037887,1073201151,1072693247,1073741823,1073741823,1073741823,1073741823:i6
1073741823,1073741823,1073741823,1073725439,1073741823,1054834687,1071284223,1073118207,1072037887,1073201151,1072693247,1073741823,1073741823,1073741823,1073741823:i6
1073741823,1073741823,1073741823,1073479679,1073741823,1054834687,1071284223,1073118207,1072037887,1073201151,1072693247,1073741823,1073741823,1073741823,1073741823:i6
1073741823,1073741823,1073741823,805306367,1073741823,1054834687,1071284223,1073118207,1072037887,1073201151,1072693247,1073741823,1073741823,1073741823,1073741823:i6
1073741823,1073741823,1073741823,1073741823,1006632959,1054834687,1071284223,1073118207,1072037887,1073201151,1072693247,1073741823,1073741823,1073741823,1073741823:i6
1073741823,1073741823,1073741823,1073741823,1073741823,786399231,1071284223,1073118207,1072037887,1073201151,1072693247,1073741823,1073741823,1073741823,1073741823:i6
1073741823,1073741823,1073741823,1073741823,1073741823,987725823,1071284223,1073118207,1072037887,1073201151,1072693247,1073741823,1073741823,1073741823,1073741823:i6
1073741823,1073741823,1073741823,1073741823,1073741823,1054834687,1071284223,804682751,1072037887,1073201151,1072693247,1073741823,1073741823,1073741823,1073741823:i6
1073741823,1073741823,1073741823,1073741823,1073741823,1054834687,1004175359,1073118207,1072037887,1073201151,1072693247,1073741823,1073741823,1073741823,1073741823:i6
1073741823,1073741823,1073741823,1073741823,1056964607,1054834687,1071284223,1073118207,1072037887,1073201151,1072693247,1073741823,1073741823,1073741823,1073741823:i6
1073741823,1073741823,1073741823,1073741823,1073741823,1054834687,1054507007,1073118207,1072037887,1073201151,1072693247,1073741823,1073741823,1073741823,1073741823:i6
1073741823,1073741823,1073741823,1073676287,1073741823,1054834687,1071284223,1073118207,1072037887,1073201151,1072693247,1073741823,1073741823,1073741823,1073741823:i6
1073741823,1073741823,1073741823,1072693247,1073741823,1054834687,1071284223,1073118207,1072037887,1073201151,1072693247,1073741823,1073741823,1073741823,1073741823:i6
1073741823,1073741823,1073741823,1056964607,1073741823,1054834687,1071284223,1073118207,1072037887,1073201151,1072693247,1073741823,1073741823,1073741823,1073741823:i6
1073741823,1073741823,1073741823,1073741823,1073741823,1054834687,1071284223,1056340991,1072037887,1073201151,1072693247,1073741823,1073741823,1073741823,1073741823:i6
1073741823,1073741823,1073741823,1073741823,1073725439,1054834687,1071284223,1073118207,1072037887,1073201151,1072693247,1073741823,1073741823,1073741823,1073741823:i6
1073741823,1073741823,1073741823,1073741823,1073479679,1054834687,1071284223,1073118207,1072037887,1073201151,1072693247,1073741823,1073741823,1073741823,1073741823:j6
1073741823,1073741823,1073741823,1073741823,1069547519,1054834687,1071284223,1073118207,1072037887,1073201151,1072693247,1073741823,1073741823,1073741823,1073741823:i6
1073741823,1073741823,1073741823,1073741823,1073741823,1054834687,1067089919,1073118207,1072037887,1073201151,1072693247,1073741823,1073741823,1073741823,1073741823:i6
1073741823,1073741823,1073741823,1073741823,1073741823,1054834687,1071284223,1073118207,1067843583,1073201151,1072693247,1073741823,1073741823,1073741823,1073741823:i6
1073741823,1073741823,1073741823,1073741823,1073741823,1054834687,1071284223,1073118207,1072037887,1073201151,1072693247,1073741823,1073676287,1073741823,1073741823:i6
1073741823,1073741823,1073741823,1073741823,1073741823,1054834687,1071284223,1073118207,1055260671,1073201151,1072693247,1073741823,1073741823,1073741823,1073741823:i6
1073741823,1073741823,1073741823,1073741823,1073741823,1054834687,1071284223,1073118207,1072037887,1073201151,1055916031,1073741823,1073741823,1073741823,1073741823:i6
1073741823,1073741823,1073741823,1073741823,1073741823,1054834687,1071284223,1073118207,1072037887,1073201151,1068498943,1073741823,1073741823,1073741823,1073741823:i6
1073741823,1073741823,1073741823,1073741823,1073741823,1054834687,1071284223,1073118207,1072037887,1073201151,1072693247,1073741823,1056964607,1073741823,1073741823:i6
1073741823,1073741823,1073741823,1073741823,1073741823,1054834687,1071284223,1073118207,1072037887,1073201151,1072693247,1073741823,1072693247,1073741823,1073741823:i6
1073741823,1073741823,1073741823,1073741823,1073741823,1054834687,1071284223,1073118207,1072037887,1073201151,1072693247,1072693247,1073741823,1073741823,1073741823:h5
1073741823,1073741823,1073741823,1073741823,1073741823,1054834687,1071284223,1073118207,1072037887,1073201151,1072693247,1069547519,1073741823,1073741823,1073741823:i6
1073741823,1073741823,1073741823,1073741823,1073741823,1054834687,1071284223,1073118207,1072037887,1073201151,1072431103,1073741823,1073741823,1073741823,1073741823:i6
1073741823,1073741823,1073741823,1073741823,1073741823,1054834687,1071284223,1073118207,1072037887,1073201151,1072693247,1073740799,1073741823,1073741823,1073741823:i6
1073741823,1073741823,1073741823,1073741823,1073741823,1054834687,1071284223,1073118207,1072037887,1073201151,1072693247,1073479679,1073741823,1073741823,1073741823:h5
1073741823,1073741823,1073741823,1073741823,1073741823,1054834687,1071284223,1073118207,1072037887,1073201151,1072693247,1073725439,1073741823,1073741823,1073741823:i6
1073741823,1073741823,1073741823,1073741823,1073741823,1054834687,1071284223,1073118207,1072037887,1073201151,1072676863,1073741823,1073741823,1073741823,1073741823:i6
1073741823,1073741823,1073741823,1073741823,1073741823,1054834687,1071284223,1073118207,1072037887,1073201151,1072689151,1073741823,1073741823,1073741823,1073741823:i6
1073741823,1073741823,1073741823,1073741823,1073741823,1054834687,1071284223,1073118207,1072037887,1073201151,1072627711,1073741823,1073741823,1073741823,1073741823:h5
1073741823,1073741823,1073741823,1073741823,1073741823,1054834687,1071284223,1073118207,1072037887,1073197055,1072693247,1073741823,1073741823,1073741823,1073741823:h5
1073741823,1073741823,1073741823,1073741823,1073741823,1054830591,1071284223,1073118207,1072037887,1073201151,1072693247,1073741823,1073741823,1073741823,1073741823:h5
1073741823,1073741823,1073741823,1073741823,1073741823,1054834687,1071284223,1073118207,1072037887,1072152575,1072693247,1073741823,1073741823,1073741823,1073741823:h5
1073741823,1073741823,1073741823,1073741823,1073741823,1054834687,1071284223,1073118207,1072037887,1073135615,1072693247,1073741823,1073741823,1073741823,1073741823:i6
1073741823,1073741823,1073741823,1073741823,1073741823,1050640383,1071284223,1073118207,1072037887,1073201151,1072693247,1073741823,1073741823,1073741823,1073741823:h5
1073741823,1073741823,1073741823,1073741823,1073741823,1054834687,1071284223,1068923903,1072037887,1073201151,1072693247,1073741823,1073741823,1073741823,1073741823:i6
1073741823,1073741823,1073741823,1073741823,1073741823,1054834687,1071284223,1072069631,1072037887,1073201151,1072693247,1073741823,1073741823,1073741823,1073741823:i6
1073741823,1073741823,1073741823,1073741823,1073741823,1054834687,1071284223,1073118207,1072037887,1069006847,1072693247,1073741823,1073741823,1073741823,1073741823:i6
1073741823,1073741823,1073741823,1073741823,1073737727,1054834687,1071284223,1073118207,1072037887,1073201151,1072693247,1073741823,1073741823,1073741823,1073741823:i6
1073741823,1073741823,1073741823,1073741823,1073676287,1054834687,1071284223,1073118207,1072037887,1073201151,1072693247,1073741823,1073741823,1073741823,1073741823:i6
1073741823,1073741823,1073741823,1073741823,1073741823,1054769151,1071284223,1073118207,1072037887,1073201151,1072693247,1073741823,1073741823,1073741823,1073741823:h5
1073741823,1073741823,1073741823,1073741823,1072693247,1054834687,1071284223,1073118207,1072037887,1073201151,1072693247,1073741823,1073741823,1073741823,1073741823:j6
1073741823,1073741823,1073741823,1073741823,1073741823,1054834687,1071284223,1073118207,1072037887,1073200127,1072693247,1073741823,1073741823,1073741823,1073741823:i6
1073741823,1073741823,1073741823,1073741823,1073741823,1054834687,1071284223,1073118207,1072033791,1073201151,1072693247,1073741823,1073741823,1073741823,1073741823:h5
1073741823,1073741823,1073741823,1073741823,1073741823,1054834687,1071284223,1073114111,1072037887,1073201151,1072693247,1073741823,1073741823,1073741823,1073741823:j6
1073741823,1073741823,1073741823,1073741823,1073741823,1054833663,1071284223,1073118207,1072037887,1073201151,1072693247,1073741823,1073741823,1073741823,1073741823:i6
1073741823,1073741823,1073741823,1073741823,1073741823,1054834687,1071280127,1073118207,1072037887,1073201151,1072693247,1073741823,1073741823,1073741823,1073741823:i6
1073741823,1073741823,1073741823,1073741823,1073741823,1054572543,1071284223,1073118207,1072037887,1073201151,1072693247,1073741823,1073741823,1073741823,1073741823:h5
1073741823,1073741823,1073741823,1073741823,1073741823,1054834687,1071284223,1073118207,1072021503,1073201151,1072693247,1073741823,1073741823,1073741823,1073741823:i6
