1073741823,1073741823,1073741823,1073741823,1073741823,1071644671,1071312895,1071022079,1072037823,1073201151,1072693247,1073741823,1073741823,1073741823,1073741823:m6
1073741823,1073741823,1073741823,805306367,1073741823,1038090239,1071312895,1071022079,1072037823,1073201151,1072693247,1073741823,1073741823,1073741823,1073741823:l7
1073741823,1073741823,1073741823,1073741823,1006632959,1038090239,1071312895,1071022079,1072037823,1073201151,1072693247,1073741823,1073741823,1073741823,1073741823:l6
1073741823,1073741823,1073741823,1073741823,1073741823,769654783,1071312895,1071022079,1072037823,1073201151,1072693247,1073741823,1073741823,1073741823,1073741823:l7
1073741823,1073741823,1073741823,1073741823,1073741823,970981375,1071312895,1071022079,1072037823,1073201151,1072693247,1073741823,1073741823,1073741823,1073741823:l7
1073741823,1073741823,1073741823,1073741823,1073741823,1038090239,1071312895,802586623,1072037823,1073201151,1072693247,1073741823,1073741823,1073741823,1073741823:l7
1073741823,1073741823,1073741823,1073741823,1073741823,1038090239,1004204031,1071022079,1072037823,1073201151,1072693247,1073741823,1073741823,1073741823,1073741823:l7
1073741823,1073741823,1073741823,1073741823,1073741823,1038090239,1071312895,1071022079,1072037823,1073201151,1072693243,1073741823,1073741823,1073741823,1073741823:l7
1073741823,1073741823,1073741823,1073741823,1073741823,1038090239,1071312895,1071022079,1072037823,1073201135,1072693247,1073741823,1073741823,1073741823,1073741823:l7
1073741823,1073741823,1073741823,1073741823,1073741823,1038090239,1071312895,1071022079,1072037819,1073201151,1072693247,1073741823,1073741823,1073741823,1073741823:l7
1073741823,1073741823,1073741823,1073741823,1073741823,1038090239,1071312895,1071022079,1072037807,1073201151,1072693247,1073741823,1073741823,1073741823,1073741823:l7
1073741823,1073741823,1073741823,1073741823,1073741823,1038090239,1071312891,1071022079,1072037823,1073201151,1072693247,1073741823,1073741823,1073741823,1073741823:l7
1073741823,1073741823,1073741823,1073741823,1073741823,1038090239,1071312895,1071022063,1072037823,1073201151,1072693247,1073741823,1073741823,1073741823,1073741823:l7
1073741823,1073741823,1073741823,1073741823,1073741823,1038090239,1071312831,1071022079,1072037823,1073201151,1072693247,1073741823,1073741823,1073741823,1073741823:l7
1073741823,1073741823,1073741823,1073741823,1073741823,1038090239,1071312895,1071022015,1072037823,1073201151,1072693247,1073741823,1073741823,1073741823,1073741823:l7
1073741823,1073741823,1073741823,1073741823,1073741823,1038090239,1071312895,1071021823,1072037823,1073201151,1072693247,1073741823,1073741823,1073741823,1073741823:l7
1073741823,1073741823,1073741823,1073741823,1073741823,1038090239,1071312895,1071022079,1072036799,1073201151,1072693247,1073741823,1073741823,1073741823,1073741823:l7
1073741823,1073741823,1073741823,1073741823,1073741823,1038090239,1071312895,1071022079,1072037823,1073201151,1072692223,1073741823,1073741823,1073741823,1073741823:l7
1073741823,1073741823,1073741823,1073741823,1073741823,1038090239,1071312895,1071022079,1072037823,1073200895,1072693247,1073741823,1073741823,1073741823,1073741823:l7
1073741823,1073741823,1073741823,1073741823,1073741823,1038090239,1071312895,1071022079,1072037823,1073201151,1072693183,1073741823,1073741823,1073741823,1073741823:l7
1073741823,1073741823,1073741823,1073741823,1073741823,1038090239,1071312895,1071022079,1072037823,1073201087,1072693247,1073741823,1073741823,1073741823,1073741823:l7
1073741823,1073741823,1073741823,1073741823,1073741823,1038090239,1071312895,1071022079,1072037823,1056423935,1072693247,1073741823,1073741823,1073741823,1073741823:l7
1073741823,1073741823,1073741823,1073741823,1056964607,1038090239,1071312895,1071022079,1072037823,1073201151,1072693247,1073741823,1073741823,1073741823,1073741823:l7
1073741823,1073741823,1073741823,1073741823,1073741823,1038090239,1054535679,1071022079,1072037823,1073201151,1072693247,1073741823,1073741823,1073741823,1073741823:l7
1073741823,1073741823,1073741823,1073741823,1073741823,1038090239,1071312895,1071022079,1072037567,1073201151,1072693247,1073741823,1073741823,1073741823,1073741823:l7
1073741823,1073741823,1073741823,1073741823,1073741823,1038090239,1071312639,1071022079,1072037823,1073201151,1072693247,1073741823,1073741823,1073741823,1073741823:l7
1073741823,1073741823,1073741823,1073741823,1073741823,1038090239,1071311871,1071022079,1072037823,1073201151,1072693247,1073741823,1073741823,1073741823,1073741823:h7
1073741823,1073741823,1073741823,1073741823,1073741759,1038090239,1071279103,1071022079,1072037823,1073201151,1072693247,1073741823,1073741823,1073741823,1073741823:l6
1073741823,1073741823,1073741823,1073741823,1073741823,1038089983,1071279103,1071022079,1072037823,1073201151,1072693247,1073741823,1073741823,1073741823,1073741823:l6
1073741823,1073741823,1073741823,1073741823,1073740799,1038090239,1071279103,1071022079,1072037823,1073201151,1072693247,1073741823,1073741823,1073741823,1073741823:l6
1073741823,1073741823,1073741823,805306367,1073741823,1038090239,1071279103,1071022079,1072037823,1073201151,1072693247,1073741823,1073741823,1073741823,1073741823:l6
1073741823,1073741823,1073741823,1073741823,1006632959,1038090239,1071279103,1071022079,1072037823,1073201151,1072693247,1073741823,1073741823,1073741823,1073741823:l6
1073741823,1073741823,1073741823,1073741823,1073741823,769654783,1071279103,1071022079,1072037823,1073201151,1072693247,1073741823,1073741823,1073741823,1073741823:l6
1073741823,1073741823,1073741823,1073741823,1073741823,970981375,1071279103,1071022079,1072037823,1073201151,1072693247,1073741823,1073741823,1073741823,1073741823:k4
1073741823,1073741823,1073741823,1073741823,1073741823,1038090239,1071279103,802586623,1072037823,1073201151,1072693247,1073741823,1073741823,1073741823,1073741823:l6
1073741823,1073741823,1073741823,1073741823,1073741823,1038090239,1004170239,1071022079,1072037823,1073201151,1072693247,1073741823,1073741823,1073741823,1073741823:l6
1073741823,1073741823,1073741823,1073741823,1073741823,1038090239,1071279103,1071022079,1072037823,1073201151,1072693243,1073741823,1073741823,1073741823,1073741823:l7
1073741823,1073741823,1073741823,1073741823,1073741823,1038090239,1071279103,1071022079,1072037823,1073201135,1072693247,1073741823,1073741823,1073741823,1073741823:l7
1073741823,1073741823,1073741823,1073741823,1073741823,1038090239,1071279103,1071022079,1072037819,1073201151,1072693247,1073741823,1073741823,1073741823,1073741823:l6
1073741823,1073741823,1073741823,1073741823,1073741823,1038090239,1071279103,1071022079,1072037807,1073201151,1072693247,1073741823,1073741823,1073741823,1073741823:l6
1073741823,1073741823,1073741823,1073741823,1073741823,1038090239,1071279099,1071022079,1072037823,1073201151,1072693247,1073741823,1073741823,1073741823,1073741823:l6
1073741823,1073741823,1073741823,1073741823,1073741823,1038090239,1071279103,1071022063,1072037823,1073201151,1072693247,1073741823,1073741823,1073741823,1073741823:l6
1073741823,1073741823,1073741823,1073741823,1073741823,1038090239,1071279039,1071022079,1072037823,1073201151,1072693247,1073741823,1073741823,1073741823,1073741823:l7
1073741823,1073741823,1073741823,1073741823,1073741823,1038090239,1071279103,1071022015,1072037823,1073201151,1072693247,1073741823,1073741823,1073741823,1073741823:l6
1073741823,1073741823,1073741823,1073741823,1073741823,1038090239,1071279103,1071021823,1072037823,1073201151,1072693247,1073741823,1073741823,1073741823,1073741823:l7
1073741823,1073741823,1073741823,1073741823,1073741823,1038090239,1071279103,1071022079,1072036799,1073201151,1072693247,1073741823,1073741823,1073741823,1073741823:l6
1073741823,1073741823,1073741823,1073741823,1073741823,1038090239,1071279103,1071022079,1072037823,1073201151,1072692223,1073741823,1073741823,1073741823,1073741823:l7
1073741823,1073741823,1073741823,1073741823,1073741823,1038090239,1071279103,1071022079,1072037823,1073200895,1072693247,1073741823,1073741823,1073741823,1073741823:l6
1073741823,1073741823,1073741823,1073741823,1073741823,1038090239,1071279103,1071022079,1072037823,1073201151,1072693183,1073741823,1073741823,1073741823,1073741823:l6
1073741823,1073741823,1073741823,1073741823,1073741823,1038090239,1071279103,1071022079,1072037823,1073201087,1072693247,1073741823,1073741823,1073741823,1073741823:l6
1073741823,1073741823,1073741823,1073741823,1073741823,1038090239,1071279103,1071022079,1072037823,1056423935,1072693247,1073741823,1073741823,1073741823,1073741823:l6
1073741823,1073741823,1073741823,1073741823,1056964607,1038090239,1071279103,1071022079,1072037823,1073201151,1072693247,1073741823,1073741823,1073741823,1073741823:k4
1073741823,1073741823,1073741823,1073741823,1073741823,1038090239,1054501887,1071022079,1072037823,1073201151,1072693247,1073741823,1073741823,1073741823,1073741823:l6
1073741823,1073741823,1073741823,1073741823,1073741823,1038090239,1071279103,1071022079,1072037567,1073201151,1072693247,1073741823,1073741823,1073741823,1073741823:l6
1073741823,1073741823,1073741823,1073741823,1073741823,1038090239,1071278847,1071022079,1072037823,1073201151,1072693247,1073741823,1073741823,1073741823,1073741823:l7
1073741823,1073741823,1073741823,1073741823,1073741567,1038090239,1071279103,1071022079,1072037823,1073201151,1072693247,1073741823,1073741823,1073741823,1073741823:l6
1073741823,1073741823,1073741823,1073676287,1073741823,1038090239,1071279103,1071022079,1072037823,1073201151,1072693247,1073741823,1073741823,1073741823,1073741823:k4
1073741823,1073741823,1073741823,1072693247,1073741823,1038090239,1071279103,1071022079,1072037823,1073201151,1072693247,1073741823,1073741823,1073741823,1073741823:l6
1073741823,1073741823,1073741823,1056964607,1073741823,1038090239,1071279103,1071022079,1072037823,1073201151,1072693247,1073741823,1073741823,1073741823,1073741823:l6
1073741823,1073741823,1073741823,1073741823,1073741823,1038090239,1071279103,1054244863,1072037823,1073201151,1072693247,1073741823,1073741823,1073741823,1073741823:l6
1073741823,1073741823,1073741823,1073741823,1073725439,1038090239,1071279103,1071022079,1072037823,1073201151,1072693247,1073741823,1073741823,1073741823,1073741823:l7
1073741823,1073741823,1073741823,1073741823,1073479679,1038090239,1071279103,1071022079,1072037823,1073201151,1072693247,1073741823,1073741823,1073741823,1073741823:l6
1073741823,1073741823,1073741823,1073741823,1069547519,1038090239,1071279103,1071022079,1072037823,1073201151,1072693247,1073741823,1073741823,1073741823,1073741823:l6
1073741823,1073741823,1073741823,1073741823,1073741823,1038090239,1067084799,1071022079,1072037823,1073201151,1072693247,1073741823,1073741823,1073741823,1073741823:l6
1073741823,1073741823,1073741823,1073741823,1073741823,1038090239,1071279103,1071022079,1067843519,1073201151,1072693247,1073741823,1073741823,1073741823,1073741823:l6
1073741823,1073741823,1073741823,1073741823,1073741823,1038090239,1071279103,1071022079,1072037823,1073201151,1072693247,1073741823,1073676287,1073741823,1073741823:l6
1073741823,1073741823,1073741823,1073741823,1073741823,1038090239,1071279103,1071022079,1055260607,1073201151,1072693247,1073741823,1073741823,1073741823,1073741823:l6
1073741823,1073741823,1073741823,1073741823,1073741823,1038090239,1071279103,1071022079,1072037823,1073201151,1055916031,1073741823,1073741823,1073741823,1073741823:l6
1073741823,1073741823,1073741823,1073741823,1073741823,1038090239,1071279103,1071022079,1072037823,1073201151,1068498943,1073741823,1073741823,1073741823,1073741823:l6
1073741823,1073741823,1073741823,1073741823,1073741823,1038090239,1071279103,1071022079,1072037823,1073201151,1072693247,1073741823,1056964607,1073741823,1073741823:l6
1073741823,1073741823,1073741823,1073741823,1073741823,1038090239,1071279103,1071022079,1072037823,1073201151,1072693247,1073741823,1072693247,1073741823,1073741823:l6
1073741823,1073741823,1073741823,1073741823,1073741823,1038090239,1071279103,1071022079,1072037823,1073201151,1072693247,1072693247,1073741823,1073741823,1073741823:l7
1073741823,1073741823,1073741823,1073741823,1073741823,1038090239,1071279103,1071022079,1072037823,1073201151,1072693247,1069547519,1073741823,1073741823,1073741823:l6
1073741823,1073741823,1073741823,1073741823,1073741823,1038090239,1071279103,1071022079,1072037823,1073201151,1072431103,1073741823,1073741823,1073741823,1073741823:l6
1073741823,1073741823,1073741823,1073741823,1073741823,1038090239,1071279103,1071022079,1072037823,1073201151,1072693247,1073740799,1073741823,1073741823,1073741823:l6
1073741823,1073741823,1073741823,1073741823,1073741823,1038090239,1071279103,1071022079,1072037823,1073201151,1072693247,1073479679,1073741823,1073741823,1073741823:l6
1073741823,1073741823,1073741823,1073741823,1073741823,1038090239,1071279103,1071022079,1072037823,1073201151,1072693247,1073725439,1073741823,1073741823,1073741823:l6
1073741823,1073741823,1073741823,1073741823,1073741823,1038090239,1071279103,1071022079,1072037823,1073201151,1072676863,1073741823,1073741823,1073741823,1073741823:l6
1073741823,1073741823,1073741823,1073741823,1073741823,1038090239,1071279103,1071022079,1072037823,1073201151,1072689151,1073741823,1073741823,1073741823,1073741823:l6
1073741823,1073741823,1073741823,1073741823,1073741823,1038090239,1071279103,1071022079,1072037823,1073201151,1072627711,1073741823,1073741823,1073741823,1073741823:l6
1073741823,1073741823,1073741823,1073741823,1073741823,1038090239,1071279103,1071022079,1072037823,1073197055,1072693247,1073741823,1073741823,1073741823,1073741823:l7
1073741823,1073741823,1073741823,1073741823,1073741823,1038086143,1071279103,1071022079,1072037823,1073201151,1072693247,1073741823,1073741823,1073741823,1073741823:l7
1073741823,1073741823,1073741823,1073741823,1073741823,1038090239,1071279103,1071022079,1072037823,1072152575,1072693247,1073741823,1073741823,1073741823,1073741823:l6
1073741823,1073741823,1073741823,1073741823,1073741823,1038090239,1071279103,1071022079,1072037823,1073135615,1072693247,1073741823,1073741823,1073741823,1073741823:l6
1073741823,1073741823,1073741823,1073741823,1073741823,1033895935,1071279103,1071022079,1072037823,1073201151,1072693247,1073741823,1073741823,1073741823,1073741823:k4
1073741823,1073741823,1073741823,1073741823,1073741823,1038090239,1071279103,1066827775,1072037823,1073201151,1072693247,1073741823,1073741823,1073741823,1073741823:l6
1073741823,1073741823,1073741823,1073741823,1073741823,1038090239,1071279103,1071022079,1072037823,1069006847,1072693247,1073741823,1073741823,1073741823,1073741823:l6
1073741823,1073741823,1073741823,1073741823,1073737727,1038090239,1071279103,1071022079,1072037823,1073201151,1072693247,1073741823,1073741823,1073741823,1073741823:l6
1073741823,1073741823,1073741823,1073741823,1073676287,1038090239,1071279103,1071022079,1072037823,1073201151,1072693247,1073741823,1073741823,1073741823,1073741823:k4
1073741823,1073741823,1073741823,1073741823,1073741823,1038024703,1071279103,1071022079,1072037823,1073201151,1072693247,1073741823,1073741823,1073741823,1073741823:l7
1073741823,1073741823,1073741823,1073741823,1072693247,1038090239,1071279103,1071022079,1072037823,1073201151,1072693247,1073741823,1073741823,1073741823,1073741823:l6
1073741823,1073741823,1073741823,1073741823,1073741823,1038090239,1071279103,1071022079,1072037823,1073200127,1072693247,1073741823,1073741823,1073741823,1073741823:l6
1073741823,1073741823,1073741823,1073741823,1073741823,1038090239,1071279103,1071022079,1072033727,1073201151,1072693247,1073741823,1073741823,1073741823,1073741823:l6
1073741823,1073741823,1073741823,1073741823,1073741823,1038090239,1071279103,1071021055,1072037823,1073201151,1072693247,1073741823,1073741823,1073741823,1073741823:l6
1073741823,1073741823,1073741823,1073741823,1073741823,1038090239,1071279103,1071017983,1072037823,1073201151,1072693247,1073741823,1073741823,1073741823,1073741823:l6
1073741823,1073741823,1073741823,1073741823,1073741823,1038089215,1071279103,1071022079,1072037823,1073201151,1072693247,1073741823,1073741823,1073741823,1073741823:l6
1073741823,1073741823,1073741823,1073741823,1073741823,1038073855,1071279103,1071022079,1072037823,1073201151,1072693247,1073741823,1073741823,1073741823,1073741823:l6
1073741823,1073741823,1073741823,1073741823,1073741823,1037828095,1071279103,1071022079,1072037823,1073201151,1072693247,1073741823,1073741823,1073741823,1073741823:k4
1073741823,1073741823,1073741823,1073741823,1073741823,1038090239,1071279103,1071022079,1072021439,1073201151,1072693247,1073741823,1073741823,1073741823,1073741823:l7
1073741823,1073741823,1073741823,1073741823,1073741567,1038090239,1071312895,1071022079,1072037823,1073201151,1072693247,1073741823,1073741823,1073741823,1073741823:l7
1073741823,1073741823,1073741823,1073676287,1073741823,1038090239,1071312895,1071022079,1072037823,1073201151,1072693247,1073741823,1073741823,1073741823,1073741823:l7
1073741823,1073741823,1073741823,1072693247,1073741823,1038090239,1071312895,1071022079,1072037823,1073201151,1072693247,1073741823,1073741823,1073741823,1073741823:l7
1073741823,1073741823,1073741823,1056964607,1073741823,1038090239,1071312895,1071022079,1072037823,1073201151,1072693247,1073741823,1073741823,1073741823,1073741823:l7
1073741823,1073741823,1073741823,1073741823,1073741823,1038090239,1071312895,1054244863,1072037823,1073201151,1072693247,1073741823,1073741823,1073741823,1073741823:l7
1073741823,1073741823,1073741823,1073741823,1073725439,1038090239,1071312895,1071022079,1072037823,1073201151,1072693247,1073741823,1073741823,1073741823,1073741823:l7
1073741823,1073741823,1073741823,1073741823,1073479679,1038090239,1071312895,1071022079,1072037823,1073201151,1072693247,1073741823,1073741823,1073741823,1073741823:l7
1073741823,1073741823,1073741823,1073741823,1069547519,1038090239,1071312895,1071022079,1072037823,1073201151,1072693247,1073741823,1073741823,1073741823,1073741823:l7
1073741823,1073741823,1073741823,1073741823,1073741823,1038090239,1067118591,1071022079,1072037823,1073201151,1072693247,1073741823,1073741823,1073741823,1073741823:l6
1073741823,1073741823,1073741823,1073741823,1073741823,1038090239,1071312895,1071022079,1067843519,1073201151,1072693247,1073741823,1073741823,1073741823,1073741823:l7
1073741823,1073741823,1073741823,1073741823,1073741823,1038090239,1071312895,1071022079,1072037823,1073201151,1072693247,1073741823,1073676287,1073741823,1073741823:l7
1073741823,1073741823,1073741823,1073741823,1073741823,1038090239,1071312895,1071022079,1055260607,1073201151,1072693247,1073741823,1073741823,1073741823,1073741823:l7
1073741823,1073741823,1073741823,1073741823,1073741823,1038090239,1071312895,1071022079,1072037823,1073201151,1055916031,1073741823,1073741823,1073741823,1073741823:l7
1073741823,1073741823,1073741823,1073741823,1073741823,1038090239,1071312895,1071022079,1072037823,1073201151,1068498943,1073741823,1073741823,1073741823,1073741823:l7
1073741823,1073741823,1073741823,1073741823,1073741823,1038090239,1071312895,1071022079,1072037823,1073201151,1072693247,1073741823,1056964607,1073741823,1073741823:l7
1073741823,1073741823,1073741823,1073741823,1073741823,1038090239,1071312895,1071022079,1072037823,1073201151,1072693247,1073741823,1072693247,1073741823,1073741823:l7
1073741823,1073741823,1073741823,1073741823,1073741823,1038090239,1071312895,1071022079,1072037823,1073201151,1072693247,1072693247,1073741823,1073741823,1073741823:l7
1073741823,1073741823,1073741823,1073741823,1073741823,1038090239,1071312895,1071022079,1072037823,1073201151,1072693247,1069547519,1073741823,1073741823,1073741823:l7
1073741823,1073741823,1073741823,1073741823,1073741823,1038090239,1071312895,1071022079,1072037823,1073201151,1072431103,1073741823,1073741823,1073741823,1073741823:l7
1073741823,1073741823,1073741823,1073741823,1073741823,1038090239,1071312895,1071022079,1072037823,1073201151,1072693247,1073740799,1073741823,1073741823,1073741823:l7
1073741823,1073741823,1073741823,1073741823,1073741823,1038090239,1071312895,1071022079,1072037823,1073201151,1072693247,1073479679,1073741823,1073741823,1073741823:l7
1073741823,1073741823,1073741823,1073741823,1073741823,1038090239,1071312895,1071022079,1072037823,1073201151,1072693247,1073725439,1073741823,1073741823,1073741823:l7
1073741823,1073741823,1073741823,1073741823,1073741823,1038090239,1071312895,1071022079,1072037823,1073201151,1072676863,1073741823,1073741823,1073741823,1073741823:l7
1073741823,1073741823,1073741823,1073741823,1073741823,1038090239,1071312895,1071022079,1072037823,1073201151,1072689151,1073741823,1073741823,1073741823,1073741823:l7
1073741823,1073741823,1073741823,1073741823,1073741823,1038090239,1071312895,1071022079,1072037823,1073201151,1072627711,1073741823,1073741823,1073741823,1073741823:l7
1073741823,1073741823,1073741823,1073741823,1073741823,1038090239,1071312895,1071022079,1072037823,1073197055,1072693247,1073741823,1073741823,1073741823,1073741823:l7
1073741823,1073741823,1073741823,1073741823,1073741823,1038086143,1071312895,1071022079,1072037823,1073201151,1072693247,1073741823,1073741823,1073741823,1073741823:l7
1073741823,1073741823,1073741823,1073741823,1073741823,1038090239,1071312895,1071022079,1072037823,1072152575,1072693247,1073741823,1073741823,1073741823,1073741823:l7
1073741823,1073741823,1073741823,1073741823,1073741823,1038090239,1071312895,1071022079,1072037823,1073135615,1072693247,1073741823,1073741823,1073741823,1073741823:l6
1073741823,1073741823,1073741823,1073741823,1073741823,1033895935,1071312895,1071022079,1072037823,1073201151,1072693247,1073741823,1073741823,1073741823,1073741823:l7
1073741823,1073741823,1073741823,1073741823,1073741823,1038090239,1071312895,1066827775,1072037823,1073201151,1072693247,1073741823,1073741823,1073741823,1073741823:l7
1073741823,1073741823,1073741823,1073741823,1073741823,1038090239,1071312895,1071022079,1072037823,1069006847,1072693247,1073741823,1073741823,1073741823,1073741823:l7
1073741823,1073741823,1073741823,1073741823,1073737727,1038090239,1071312895,1071022079,1072037823,1073201151,1072693247,1073741823,1073741823,1073741823,1073741823:l7
1073741823,1073741823,1073741823,1073741823,1073676287,1038090239,1071312895,1071022079,1072037823,1073201151,1072693247,1073741823,1073741823,1073741823,1073741823:l7
1073741823,1073741823,1073741823,1073741823,1073741823,1038024703,1071312895,1071022079,1072037823,1073201151,1072693247,1073741823,1073741823,1073741823,1073741823:l7
1073741823,1073741823,1073741823,1073741823,1072693247,1038090239,1071312895,1071022079,1072037823,1073201151,1072693247,1073741823,1073741823,1073741823,1073741823:l7
1073741823,1073741823,1073741823,1073741823,1073741823,1038090239,1071312895,1071022079,1072037823,1073200127,1072693247,1073741823,1073741823,1073741823,1073741823:l7
1073741823,1073741823,1073741823,1073741823,1073741823,1038090239,1071312895,1071022079,1072033727,1073201151,1072693247,1073741823,1073741823,1073741823,1073741823:l7
1073741823,1073741823,1073741823,1073741823,1073741823,1038090239,1071312895,1071021055,1072037823,1073201151,1072693247,1073741823,1073741823,1073741823,1073741823:l7
1073741823,1073741823,1073741823,1073741823,1073741823,1038090239,1071312895,1071017983,1072037823,1073201151,1072693247,1073741823,1073741823,1073741823,1073741823:l7
1073741823,1073741823,1073741823,1073741823,1073741823,1038089215,1071312895,1071022079,1072037823,1073201151,1072693247,1073741823,1073741823,1073741823,1073741823:l7
1073741823,1073741823,1073741823,1073741823,1073741823,1038073855,1071312895,1071022079,1072037823,1073201151,1072693247,1073741823,1073741823,1073741823,1073741823:l7
1073741823,1073741823,1073741823,1073741823,1073741823,1038090239,1071296511,1071022079,1072037823,1073201151,1072693247,1073741823,1073741823,1073741823,1073741823:f7
1073741823,1073741823,1073741823,1073741823,1073741759,1038090239,1071294463,1071022079,1072037823,1073201151,1072693247,1073741823,1073741823,1073741823,1073741823:l6
1073741823,1073741823,1073741823,1073741823,1073741823,1038089983,1071294463,1071022079,1072037823,1073201151,1072693247,1073741823,1073741823,1073741823,1073741823:l6
1073741823,1073741823,1073741823,1073741823,1073740799,1038090239,1071294463,1071022079,1072037823,1073201151,1072693247,1073741823,1073741823,1073741823,1073741823:l7
1073741823,1073741823,1073741823,805306367,1073741823,1038090239,1071294463,1071022079,1072037823,1073201151,1072693247,1073741823,1073741823,1073741823,1073741823:l6
1073741823,1073741823,1073741823,1073741823,1006632959,1038090239,1071294463,1071022079,1072037823,1073201151,1072693247,1073741823,1073741823,1073741823,1073741823:l6
1073741823,1073741823,1073741823,1073741823,1073741823,769654783,1071294463,1071022079,1072037823,1073201151,1072693247,1073741823,1073741823,1073741823,1073741823:l6
1073741823,1073741823,1073741823,1073741823,1073741823,970981375,1071294463,1071022079,1072037823,1073201151,1072693247,1073741823,1073741823,1073741823,1073741823:l7
1073741823,1073741823,1073741823,1073741823,1073741823,1038090239,1071294463,802586623,1072037823,1073201151,1072693247,1073741823,1073741823,1073741823,1073741823:l6
1073741823,1073741823,1073741823,1073741823,1073741823,1038090239,1004185599,1071022079,1072037823,1073201151,1072693247,1073741823,1073741823,1073741823,1073741823:l6
1073741823,1073741823,1073741823,1073741823,1073741823,1038090239,1071294463,1071022079,1072037823,1073201151,1072693243,1073741823,1073741823,1073741823,1073741823:l6
1073741823,1073741823,1073741823,1073741823,1073741823,1038090239,1071294463,1071022079,1072037823,1073201135,1072693247,1073741823,1073741823,1073741823,1073741823:l6
1073741823,1073741823,1073741823,1073741823,1073741823,1038090239,1071294463,1071022079,1072037819,1073201151,1072693247,1073741823,1073741823,1073741823,1073741823:l6
1073741823,1073741823,1073741823,1073741823,1073741823,1038090239,1071294463,1071022079,1072037807,1073201151,1072693247,1073741823,1073741823,1073741823,1073741823:l6
1073741823,1073741823,1073741823,1073741823,1073741823,1038090239,1071294459,1071022079,1072037823,1073201151,1072693247,1073741823,1073741823,1073741823,1073741823:l6
1073741823,1073741823,1073741823,1073741823,1073741823,1038090239,1071294463,1071022063,1072037823,1073201151,1072693247,1073741823,1073741823,1073741823,1073741823:l6
1073741823,1073741823,1073741823,1073741823,1073741823,1038090239,1071294399,1071022079,1072037823,1073201151,1072693247,1073741823,1073741823,1073741823,1073741823:l6
1073741823,1073741823,1073741823,1073741823,1073741823,1038090239,1071294463,1071022015,1072037823,1073201151,1072693247,1073741823,1073741823,1073741823,1073741823:l6
1073741823,1073741823,1073741823,1073741823,1073741823,1038090239,1071294463,1071021823,1072037823,1073201151,1072693247,1073741823,1073741823,1073741823,1073741823:l6
1073741823,1073741823,1073741823,1073741823,1073741823,1038090239,1071294463,1071022079,1072036799,1073201151,1072693247,1073741823,1073741823,1073741823,1073741823:l6
1073741823,1073741823,1073741823,1073741823,1073741823,1038090239,1071294463,1071022079,1072037823,1073201151,1072692223,1073741823,1073741823,1073741823,1073741823:l7
1073741823,1073741823,1073741823,1073741823,1073741823,1038090239,1071294463,1071022079,1072037823,1073200895,1072693247,1073741823,1073741823,1073741823,1073741823:l6
1073741823,1073741823,1073741823,1073741823,1073741823,1038090239,1071294463,1071022079,1072037823,1073201151,1072693183,1073741823,1073741823,1073741823,1073741823:l6
1073741823,1073741823,1073741823,1073741823,1073741823,1038090239,1071294463,1071022079,1072037823,1073201087,1072693247,1073741823,1073741823,1073741823,1073741823:l6
1073741823,1073741823,1073741823,1073741823,1073741823,1038090239,1071294463,1071022079,1072037823,1056423935,1072693247,1073741823,1073741823,1073741823,1073741823:l6
1073741823,1073741823,1073741823,1073741823,1056964607,1038090239,1071294463,1071022079,1072037823,1073201151,1072693247,1073741823,1073741823,1073741823,1073741823:l7
1073741823,1073741823,1073741823,1073741823,1073741823,1038090239,1054517247,1071022079,1072037823,1073201151,1072693247,1073741823,1073741823,1073741823,1073741823:l6
1073741823,1073741823,1073741823,1073741823,1073741823,1038090239,1071294463,1071022079,1072037567,1073201151,1072693247,1073741823,1073741823,1073741823,1073741823:l6
1073741823,1073741823,1073741823,1073741823,1073741823,1038090239,1071294207,1071022079,1072037823,1073201151,1072693247,1073741823,1073741823,1073741823,1073741823:l6
1073741823,1073741823,1073741823,1073741823,1073741567,1038090239,1071294463,1071022079,1072037823,1073201151,1072693247,1073741823,1073741823,1073741823,1073741823:l6
1073741823,1073741823,1073741823,1073676287,1073741823,1038090239,1071294463,1071022079,1072037823,1073201151,1072693247,1073741823,1073741823,1073741823,1073741823:l7
1073741823,1073741823,1073741823,1072693247,1073741823,1038090239,1071294463,1071022079,1072037823,1073201151,1072693247,1073741823,1073741823,1073741823,1073741823:l6
1073741823,1073741823,1073741823,1056964607,1073741823,1038090239,1071294463,1071022079,1072037823,1073201151,1072693247,1073741823,1073741823,1073741823,1073741823:l6
1073741823,1073741823,1073741823,1073741823,1073741823,1038090239,1071294463,1054244863,1072037823,1073201151,1072693247,1073741823,1073741823,1073741823,1073741823:l6
1073741823,1073741823,1073741823,1073741823,1073725439,1038090239,1071294463,1071022079,1072037823,1073201151,1072693247,1073741823,1073741823,1073741823,1073741823:l6
1073741823,1073741823,1073741823,1073741823,1073479679,1038090239,1071294463,1071022079,1072037823,1073201151,1072693247,1073741823,1073741823,1073741823,1073741823:l6
1073741823,1073741823,1073741823,1073741823,1069547519,1038090239,1071294463,1071022079,1072037823,1073201151,1072693247,1073741823,1073741823,1073741823,1073741823:l6
1073741823,1073741823,1073741823,1073741823,1073741823,1038090239,1067100159,1071022079,1072037823,1073201151,1072693247,1073741823,1073741823,1073741823,1073741823:l6
1073741823,1073741823,1073741823,1073741823,1073741823,1038090239,1071294463,1071022079,1067843519,1073201151,1072693247,1073741823,1073741823,1073741823,1073741823:l6
1073741823,1073741823,1073741823,1073741823,1073741823,1038090239,1071294463,1071022079,1072037823,1073201151,1072693247,1073741823,1073676287,1073741823,1073741823:l6
1073741823,1073741823,1073741823,1073741823,1073741823,1038090239,1071294463,1071022079,1055260607,1073201151,1072693247,1073741823,1073741823,1073741823,1073741823:l6
1073741823,1073741823,1073741823,1073741823,1073741823,1038090239,1071294463,1071022079,1072037823,1073201151,1055916031,1073741823,1073741823,1073741823,1073741823:l6
1073741823,1073741823,1073741823,1073741823,1073741823,1038090239,1071294463,1071022079,1072037823,1073201151,1068498943,1073741823,1073741823,1073741823,1073741823:l6
1073741823,1073741823,1073741823,1073741823,1073741823,1038090239,1071294463,1071022079,1072037823,1073201151,1072693247,1073741823,1056964607,1073741823,1073741823:l6
1073741823,1073741823,1073741823,1073741823,1073741823,1038090239,1071294463,1071022079,1072037823,1073201151,1072693247,1073741823,1072693247,1073741823,1073741823:l6
1073741823,1073741823,1073741823,1073741823,1073741823,1038090239,1071294463,1071022079,1072037823,1073201151,1072693247,1072693247,1073741823,1073741823,1073741823:l7
1073741823,1073741823,1073741823,1073741823,1073741823,1038090239,1071294463,1071022079,1072037823,1073201151,1072693247,1069547519,1073741823,1073741823,1073741823:l6
1073741823,1073741823,1073741823,1073741823,1073741823,1038090239,1071294463,1071022079,1072037823,1073201151,1072431103,1073741823,1073741823,1073741823,1073741823:l6
1073741823,1073741823,1073741823,1073741823,1073741823,1038090239,1071294463,1071022079,1072037823,1073201151,1072693247,1073740799,1073741823,1073741823,1073741823:l6
1073741823,1073741823,1073741823,1073741823,1073741823,1038090239,1071294463,1071022079,1072037823,1073201151,1072693247,1073479679,1073741823,1073741823,1073741823:l6
1073741823,1073741823,1073741823,1073741823,1073741823,1038090239,1071294463,1071022079,1072037823,1073201151,1072693247,1073725439,1073741823,1073741823,1073741823:l6
1073741823,1073741823,1073741823,1073741823,1073741823,1038090239,1071294463,1071022079,1072037823,1073201151,1072676863,1073741823,1073741823,1073741823,1073741823:l6
1073741823,1073741823,1073741823,1073741823,1073741823,1038090239,1071294463,1071022079,1072037823,1073201151,1072689151,1073741823,1073741823,1073741823,1073741823:l6
1073741823,1073741823,1073741823,1073741823,1073741823,1038090239,1071294463,1071022079,1072037823,1073201151,1072627711,1073741823,1073741823,1073741823,1073741823:l6
1073741823,1073741823,1073741823,1073741823,1073741823,1038090239,1071294463,1071022079,1072037823,1073197055,1072693247,1073741823,1073741823,1073741823,1073741823:l7
1073741823,1073741823,1073741823,1073741823,1073741823,1038086143,1071294463,1071022079,1072037823,1073201151,1072693247,1073741823,1073741823,1073741823,1073741823:l6
1073741823,1073741823,1073741823,1073741823,1073741823,1038090239,1071294463,1071022079,1072037823,1072152575,1072693247,1073741823,1073741823,1073741823,1073741823:l6
1073741823,1073741823,1073741823,1073741823,1073741823,1038090239,1071294463,1071022079,1072037823,1073135615,1072693247,1073741823,1073741823,1073741823,1073741823:l6
1073741823,1073741823,1073741823,1073741823,1073741823,1033895935,1071294463,1071022079,1072037823,1073201151,1072693247,1073741823,1073741823,1073741823,1073741823:l7
1073741823,1073741823,1073741823,1073741823,1073741823,1038090239,1071294463,1066827775,1072037823,1073201151,1072693247,1073741823,1073741823,1073741823,1073741823:l6
1073741823,1073741823,1073741823,1073741823,1073741823,1038090239,1071294463,1071022079,1072037823,1069006847,1072693247,1073741823,1073741823,1073741823,1073741823:l6
1073741823,1073741823,1073741823,1073741823,1073737727,1038090239,1071294463,1071022079,1072037823,1073201151,1072693247,1073741823,1073741823,1073741823,1073741823:l6
1073741823,1073741823,1073741823,1073741823,1073676287,1038090239,1071294463,1071022079,1072037823,1073201151,1072693247,1073741823,1073741823,1073741823,1073741823:l7
1073741823,1073741823,1073741823,1073741823,1073741823,1038024703,1071294463,1071022079,1072037823,1073201151,1072693247,1073741823,1073741823,1073741823,1073741823:l7
1073741823,1073741823,1073741823,1073741823,1072693247,1038090239,1071294463,1071022079,1072037823,1073201151,1072693247,1073741823,1073741823,1073741823,1073741823:l6
1073741823,1073741823,1073741823,1073741823,1073741823,1038090239,1071294463,1071022079,1072037823,1073200127,1072693247,1073741823,1073741823,1073741823,1073741823:l6
1073741823,1073741823,1073741823,1073741823,1073741823,1038090239,1071294463,1071022079,1072033727,1073201151,1072693247,1073741823,1073741823,1073741823,1073741823:l6
1073741823,1073741823,1073741823,1073741823,1073741823,1038090239,1071294463,1071021055,1072037823,1073201151,1072693247,1073741823,1073741823,1073741823,1073741823:l6
1073741823,1073741823,1073741823,1073741823,1073741823,1038090239,1071294463,1071017983,1072037823,1073201151,1072693247,1073741823,1073741823,1073741823,1073741823:l6
1073741823,1073741823,1073741823,1073741823,1073741823,1038089215,1071294463,1071022079,1072037823,1073201151,1072693247,1073741823,1073741823,1073741823,1073741823:l6
1073741823,1073741823,1073741823,1073741823,1073741823,1038073855,1071294463,1071022079,1072037823,1073201151,1072693247,1073741823,1073741823,1073741823,1073741823:l6
1073741823,1073741823,1073741823,1073741823,1073741823,1037828095,1071294463,1071022079,1072037823,1073201151,1072693247,1073741823,1073741823,1073741823,1073741823:l7
1073741823,1073741823,1073741823,1073741823,1073741823,1038090239,1071294463,1071022079,1072021439,1073201151,1072693247,1073741823,1073741823,1073741823,1073741823:l7
1073741823,1073741823,1073741823,1073741823,1073741823,1037828095,1071312895,1071022079,1072037823,1073201151,1072693247,1073741823,1073741823,1073741823,1073741823:l7
1073741823,1073741823,1073741823,1073741823,1073741823,1038090239,1071312895,1071022079,1072021439,1073201151,1072693247,1073741823,1073741823,1073741823,1073741823:l7
