1073741823,1073741823,1073741823,1073741823,1073741823,1071644671,1071312895,1071022079,1072037887,1073135615,1072693247,1073741823,1073741823,1073741823,1073741823:j11
1073741823,1073741823,1073741823,1073741823,1073741823,1071644671,1071312895,1071022079,1072037887,1073135615,1072168959,1073741823,1073725439,1073741823,1073741823:j12
1073741823,1073741823,1073741823,1073741823,1073741823,1071644671,1071312895,1071022079,1072037887,1073135615,1072168959,1073741823,1069547519,1073741823,1073741823:j12
1073741823,1073741823,1073741823,1073741823,1073741823,1071644671,1071312895,1071022079,1072037887,1073135615,1072168959,1073741823,1073479679,1073741823,1073741823:j12
1073741823,1073741823,1073741823,1073741823,1073741823,1071644671,1071312895,1071022079,1072037887,1073135615,1072168959,1073737727,1073741823,1073741823,1073741823:j12
1073741823,1073741823,1073741823,1073741823,1073741823,1071644671,1071312895,1071022079,1072037887,1073135615,1072168959,1073676287,1073741823,1073741823,1073741823:j12
1073741823,1073741823,1073741823,1073741823,1073741823,1071644671,1071312895,1071022079,1072037887,1056358399,1072168959,1073741823,1073741823,1073741823,1073741823:j12
1073741823,1073741823,1073741823,1073741823,1056964607,1071644671,1071312895,1071022079,1072037887,1073135615,1072168959,1073741823,1073741823,1073741823,1073741823:j12
1073741823,1073741823,1073741823,1073741823,1073741823,1071644671,1054535679,1071022079,1072037887,1073135615,1072168959,1073741823,1073741823,1073741823,1073741823:j12
1073741823,1073741823,1073741823,1073741823,1073741823,1071644671,1071312895,1071022079,1072037631,1073135615,1072168959,1073741823,1073741823,1073741823,1073741823:j12
1073741823,1073741823,1073741823,1073741823,1073741823,1071644671,1071312639,1071022079,1072037887,1073135615,1072168959,1073741823,1073741823,1073741823,1073741823:j12
1073741823,1073741823,1073741823,1073741823,1073741823,1071644671,1071311871,1071022079,1072037887,1073135615,1072168959,1073741823,1073741823,1073741823,1073741823:j12
1073741823,1073741823,1073741823,1073741823,1073741567,1071644671,1071312895,1071022079,1072037887,1073135615,1072168959,1073741823,1073741823,1073741823,1073741823:j12
1073741823,1073741823,1073741823,1073676287,1073741823,1071644671,1071312895,1071022079,1072037887,1073135615,1072168959,1073741823,1073741823,1073741823,1073741823:j12
1073741823,1073741823,1073741823,1072693247,1073741823,1071644671,1071312895,1071022079,1072037887,1073135615,1072168959,1073741823,1073741823,1073741823,1073741823:j12
1073741823,1073741823,1073741823,1056964607,1073741823,1071644671,1071312895,1071022079,1072037887,1073135615,1072168959,1073741823,1073741823,1073741823,1073741823:j12
1073741823,1073741823,1073741823,1073741823,1073741823,1054867455,1071312895,1071022079,1072037887,1073135615,1072168959,1073741823,1073741823,1073741823,1073741823:j12
1073741823,1073741823,1073741823,1073741823,1073741823,1071644671,1071312895,1054244863,1072037887,1073135615,1072168959,1073741823,1073741823,1073741823,1073741823:j12
1073741823,1073741823,1073741823,1073741823,1073725439,1071644671,1071312895,1071022079,1072037887,1073135615,1072168959,1073741823,1073741823,1073741823,1073741823:j12
1073741823,1073741823,1073741823,1073741823,1073479679,1071644671,1071312895,1071022079,1072037887,1073135615,1072168959,1073741823,1073741823,1073741823,1073741823:j12
1073741823,1073741823,1073741823,1073741823,1069547519,1071644671,1071312895,1071022079,1072037887,1073135615,1072168959,1073741823,1073741823,1073741823,1073741823:j12
1073741823,1073741823,1073741823,1073741823,1073741823,1071644671,1067118591,1071022079,1072037887,1073135615,1072168959,1073741823,1073741823,1073741823,1073741823:j12
1073741823,1073741823,1073741823,1073741823,1073741823,1071644671,1071312895,1071022079,1067843583,1073135615,1072168959,1073741823,1073741823,1073741823,1073741823:j12
1073741823,1073741823,1073741823,1073741823,1073741823,1071644671,1071312895,1071022079,1072037887,1073135615,1072168959,1073741823,1073676287,1073741823,1073741823:j12
1073741823,1073741823,1073741823,1073741823,1073741823,1071644671,1071312895,1071022079,1055260671,1073135615,1072168959,1073741823,1073741823,1073741823,1073741823:j12
1073741823,1073741823,1073741823,1073741823,1073741823,1071644671,1071312895,1071022079,1072037887,1073135615,1055391743,1073741823,1073741823,1073741823,1073741823:j12
1073741823,1073741823,1073741823,1073741823,1073741823,1071644671,1071312895,1071022079,1072037887,1073135615,1067974655,1073741823,1073741823,1073741823,1073741823:j12
1073741823,1073741823,1073741823,1073741823,1073741823,1071644671,1071312895,1071022079,1072037887,1073135615,1072168959,1073741823,1056964607,1073741823,1073741823:j12
1073741823,1073741823,1073741823,1073741823,1073741823,1071644671,1071312895,1071022079,1072037887,1073135615,1072168959,1073741823,1072693247,1073741823,1073741823:j12
1073741823,1073741823,1073741823,1073741823,1073741823,1071644671,1071312895,1071022079,1072037887,1073135615,1072168959,1072693247,1073741823,1073741823,1073741823:j12
1073741823,1073741823,1073741823,1073741823,1073741823,1071644671,1071312895,1071022079,1072037887,1073135615,1072168959,1069547519,1073741823,1073741823,1073741823:j12
1073741823,1073741823,1073741823,1073741823,1073741823,1071644671,1071312895,1071022079,1072037887,1073135615,1072168959,1073740799,1073741823,1073741823,1073741823:j12
1073741823,1073741823,1073741823,1073741823,1073741823,1071644671,1071312895,1071022079,1072037887,1073135615,1072168959,1073479679,1073741823,1073741823,1073741823:l6
1073741823,1073741823,1073741823,1073741823,1073741823,1071644671,1071312895,1071022079,1072037887,1073135615,1072168959,1073725439,1073741823,1073741823,1073741823:j12
1073741823,1073741823,1073741823,1073741823,1073741823,1071644671,1071312895,1071022079,1072037887,1073135615,1072152575,1073741823,1073741823,1073741823,1073741823:j12
1073741823,1073741823,1073741823,1073741823,1073741823,1071644671,1071312895,1071022079,1072037887,1073135615,1072164863,1073741823,1073741823,1073741823,1073741823:j12
1073741823,1073741823,1073741823,1073741823,1073741823,1071644671,1071312895,1071022079,1072037887,1073135615,1072103423,1073741823,1073741823,1073741823,1073741823:j12
1073741823,1073741823,1073741823,1073741823,1073741823,1071644671,1071312895,1071022079,1072037887,1073131519,1072168959,1073741823,1073741823,1073741823,1073741823:j12
1073741823,1073741823,1073741823,1073741823,1073741823,1071640575,1071312895,1071022079,1072037887,1073135615,1072168959,1073741823,1073741823,1073741823,1073741823:j12
1073741823,1073741823,1073741823,1073741823,1073741823,1071644671,1071312895,1071022079,1072037887,1072087039,1072168959,1073741823,1073741823,1073741823,1073741823:j12
1073741823,1073741823,1073741823,1073741823,1073741823,1067450367,1071312895,1071022079,1072037887,1073135615,1072168959,1073741823,1073741823,1073741823,1073741823:j12
1073741823,1073741823,1073741823,1073741823,1073741823,1071644671,1071312895,1066827775,1072037887,1073135615,1072168959,1073741823,1073741823,1073741823,1073741823:j12
1073741823,1073741823,1073741823,1073741823,1073741823,1071644671,1071312895,1071022079,1072037887,1068941311,1072168959,1073741823,1073741823,1073741823,1073741823:j12
1073741823,1073741823,1073741823,1073741823,1073737727,1071644671,1071312895,1071022079,1072037887,1073135615,1072168959,1073741823,1073741823,1073741823,1073741823:j12
1073741823,1073741823,1073741823,1073741823,1073676287,1071644671,1071312895,1071022079,1072037887,1073135615,1072168959,1073741823,1073741823,1073741823,1073741823:j12
1073741823,1073741823,1073741823,1073741823,1073741823,1071579135,1071312895,1071022079,1072037887,1073135615,1072168959,1073741823,1073741823,1073741823,1073741823:j12
1073741823,1073741823,1073741823,1073741823,1072693247,1071644671,1071312895,1071022079,1072037887,1073135615,1072168959,1073741823,1073741823,1073741823,1073741823:j12
1073741823,1073741823,1073741823,1073741823,1073741823,1071644671,1071312895,1071022079,1072037887,1073134591,1072168959,1073741823,1073741823,1073741823,1073741823:j12
1073741823,1073741823,1073741823,1073741823,1073741823,1071644671,1071312895,1071022079,1072033791,1073135615,1072168959,1073741823,1073741823,1073741823,1073741823:j12
1073741823,1073741823,1073741823,1073741823,1073741823,1071644671,1071312895,1071021055,1072037887,1073135615,1072168959,1073741823,1073741823,1073741823,1073741823:j12
1073741823,1073741823,1073741823,1073741823,1073741823,1071644671,1071312895,1071017983,1072037887,1073135615,1072168959,1073741823,1073741823,1073741823,1073741823:j12
1073741823,1073741823,1073741823,1073741823,1073741823,1071643647,1071312895,1071022079,1072037887,1073135615,1072168959,1073741823,1073741823,1073741823,1073741823:j12
1073741823,1073741823,1073741823,1073741823,1073741823,1071628287,1071312895,1071022079,1072037887,1073135615,1072168959,1073741823,1073741823,1073741823,1073741823:j12
1073741823,1073741823,1073741823,1073741823,1073741823,1071644671,1071296511,1071022079,1072037887,1073135615,1072168959,1073741823,1073741823,1073741823,1073741823:j12
1073741823,1073741823,1073741823,1073741823,1073741823,1071382527,1071312895,1071022079,1072037887,1073135615,1072168959,1073741823,1073741823,1073741823,1073741823:j12
1073741823,1073741823,1073741823,1073741823,1073741823,1071644671,1071312895,1071022079,1072021503,1073135615,1072168959,1073741823,1073741823,1073741823,1073741823:j12
