1073741823,1073741823,1073741823,1073737727,1069252607,1073592319,1073149951,1073119231,1073741823,1073725439,1073741823,1073741823,1073741823,1073741823,1073741823:i9
1073741823,1073741823,1073741823,1073737727,1069252607,1073592319,1073149951,1073119231,1073610751,1073725439,1072693247,1073741823,1073741823,1073741823,1073741823:l9
1073741823,1073741823,1073741823,1069543423,1069252607,1073592319,1073149951,1073119231,1073610751,1073725439,1073741823,1073741823,1073741823,1073741823,1073741823:l9
1073741823,1073741823,1006632959,1073737727,1069252607,1073592319,1073149951,1073119231,1073610751,1073725439,1073741823,1073741823,1073741823,1073741823,1073741823:l9
1073741823,1073741823,1073741823,1056960511,1069252607,1073592319,1073149951,1073119231,1073610751,1073725439,1073741823,1073741823,1073741823,1073741823,1073741823:l9
1073741823,1073741823,1073741823,1073737727,1002143743,1073592319,1073149951,1073119231,1073610751,1073725439,1073741823,1073741823,1073741823,1073741823,1073741823:f5
1073741823,1073741823,1073741823,1073737727,1052475391,1073592319,1073149951,1073119231,1073610751,1073725439,1073741823,1073741823,1073741823,1073741823,1073741823:g7
1073741823,1073741823,1073741823,1073737727,1069252607,1073592319,1006041087,1073119231,1073610751,1073725439,1073741823,1073741823,1073741823,1073741823,1073741823:l9
1073741823,1073741823,1073741823,1073737727,1069252607,1056815103,1073149951,1073119231,1073610751,1073725439,1073741823,1073741823,1073741823,1073741823,1073741823:l9
1073741823,1073741823,1073741823,1073737727,1069252607,1073592319,1073149951,1073119231,1073610687,1073725439,1073741823,1073741823,1073741823,1073741823,1073741823:l9
1073741823,1073741823,1073741823,1073737727,1069252607,1073592319,1073149951,1073118975,1073610751,1073725439,1073741823,1073741823,1073741823,1073741823,1073741823:l9
1073741823,1073741823,1073741823,1073737727,1069252607,1073592319,1073149887,1073119231,1073610751,1073725439,1073741823,1073741823,1073741823,1073741823,1073741823:l9
1073741823,1073741823,1073741823,1073737727,1069252543,1073592319,1073149951,1073119231,1073610751,1073725439,1073741823,1073741823,1073741823,1073741823,1073741823:l9
1073741823,1073741823,1073741823,1073737727,1069252607,1073592319,1073149951,1073119231,1073609727,1073725439,1073741823,1073741823,1073741823,1073741823,1073741823:l9
1073741823,1073741823,1073741823,1073737727,1069252607,1073592319,1073149951,1073119167,1073610751,1073725439,1073741823,1073741823,1073741823,1073741823,1073741823:l9
1073741823,1073741823,1073741823,1073737727,1069252607,1073592319,1073149695,1073119231,1073610751,1073725439,1073741823,1073741823,1073741823,1073741823,1073741823:l9
1073741823,1073741823,1073741823,1073737727,1069252607,1073592255,1073149951,1073119231,1073610751,1073725439,1073741823,1073741823,1073741823,1073741823,1073741823:l9
1073741823,1073741823,1073741823,1073737663,1069252607,1073592319,1073149951,1073119231,1073610751,1073725439,1073741823,1073741823,1073741823,1073741823,1073741823:l9
1073741823,1073741823,1073741823,1073737727,1069252351,1073592319,1073149951,1073119231,1073610751,1073725439,1073741823,1073741823,1073741823,1073741823,1073741823:l9
1073741823,1073741823,1073741823,1073737727,1069252607,1073592063,1073149951,1073119231,1073610751,1073725439,1073741823,1073741823,1073741823,1073741823,1073741823:l9
1073741823,1073741823,1073741823,1073737471,1069252607,1073592319,1073149951,1073119231,1073610751,1073725439,1073741823,1073741823,1073741823,1073741823,1073741823:l9
1073741823,1073741823,1073741823,1073736703,1069252607,1073592319,1073149951,1073119231,1073610751,1073725439,1073741823,1073741823,1073741823,1073741823,1073741823:g7
1073741823,1073741567,1073741823,1073737727,1069252607,1073592319,1073149951,1073119231,1073610751,1073725439,1073741823,1073741823,1073741823,1073741823,1073741823:l9
1073741823,1073737727,1073741823,1073737727,1069252607,1073592319,1073149951,1073119231,1073610751,1073725439,1073741823,1073741823,1073741823,1073741823,1073741823:l9
1073741823,1073741823,1073737727,1073737727,1069252607,1073592319,1073149951,1073119231,1073610751,1073725439,1073741823,1073741823,1073741823,1073741823,1073741823:l9
1073741823,1073676287,1073741823,1073737727,1069252607,1073592319,1073149951,1073119231,1073610751,1073725439,1073741823,1073741823,1073741823,1073741823,1073741823:l9
1073741823,1073741823,1073741823,1073737727,1069251583,1073592319,1073149951,1073119231,1073610751,1073725439,1073741823,1073741823,1073741823,1073741823,1073741823:l9
1073741823,1073741823,1073740799,1073737727,1069252607,1073592319,1073149951,1073119231,1073610751,1073725439,1073741823,1073741823,1073741823,1073741823,1073741823:l9
1073741823,1073741823,1073741823,1073721343,1069252607,1073592319,1073149951,1073119231,1073610751,1073725439,1073741823,1073741823,1073741823,1073741823,1073741823:l9
1073741823,1073741823,1073725439,1073737727,1069252607,1073592319,1073149951,1073119231,1073610751,1073725439,1073741823,1073741823,1073741823,1073741823,1073741823:l9
1073741823,1073741823,1073479679,1073737727,1069252607,1073592319,1073149951,1073119231,1073610751,1073725439,1073741823,1073741823,1073741823,1073741823,1073741823:l9
1073741823,1073741823,1073741823,1073475583,1069252607,1073592319,1073149951,1073119231,1073610751,1073725439,1073741823,1073741823,1073741823,1073741823,1073741823:l9
1073741823,1073741823,1069547519,1073737727,1069252607,1073592319,1073149951,1073119231,1073610751,1073725439,1073741823,1073741823,1073741823,1073741823,1073741823:l9
1073741823,1073741823,1073741823,1073737727,1069252607,1073592319,1068955647,1073119231,1073610751,1073725439,1073741823,1073741823,1073741823,1073741823,1073741823:l9
1073741823,1073741823,1073741823,1073737727,1069252607,1073592319,1073149951,1073119231,1069416447,1073725439,1073741823,1073741823,1073741823,1073741823,1073741823:f5
1073741823,1073741823,1073741823,1073737727,1069252607,1073592319,1073149951,1073119231,1073610751,1072676863,1073741823,1073741823,1073741823,1073741823,1073741823:l9
1073741823,1073741823,1073741823,1073737727,1069252607,1073588223,1073149951,1073119231,1073610751,1073725439,1073741823,1073741823,1073741823,1073741823,1073741823:l9
1073741823,1073741823,1073741823,1073672191,1069252607,1073592319,1073149951,1073119231,1073610751,1073725439,1073741823,1073741823,1073741823,1073741823,1073741823:l9
1073741823,1073741823,1073741823,1072689151,1069252607,1073592319,1073149951,1073119231,1073610751,1073725439,1073741823,1073741823,1073741823,1073741823,1073741823:l9
1073741823,1073741823,1073741823,1073737727,1069252607,1072543743,1073149951,1073119231,1073610751,1073725439,1073741823,1073741823,1073741823,1073741823,1073741823:l9
1073741823,1073741823,1073741823,1073737727,1069252607,1073592319,1073149951,1073119231,1073610751,1073725439,1073741823,1073740799,1073741823,1073741823,1073741823:l9
1073741823,1073741823,1073741823,1073737727,1069252607,1073592319,1073149951,1073119231,1073610751,1073725439,1073737727,1073741823,1073741823,1073741823,1073741823:l9
1073741823,1073741823,1073741823,1073737727,1069252607,1073592319,1073149951,1073119231,1073610751,1073721343,1073741823,1073741823,1073741823,1073741823,1073741823:l9
1073741823,1073741823,1073741823,1073737727,1069252607,1073592319,1073149951,1073119231,1073610751,1073659903,1073741823,1073741823,1073741823,1073741823,1073741823:l9
1073741823,1073741823,1073741823,1073737727,1069252607,1073592319,1073149951,1073119231,1073610751,1073725439,1073741823,1073479679,1073741823,1073741823,1073741823:l9
1073741823,1073741823,1073741823,1073737727,1069252607,1073592319,1073149951,1073119231,1073610751,1073725439,1073676287,1073741823,1073741823,1073741823,1073741823:l9
1073741823,1073741823,1073741823,1073737727,1069252607,1073592319,1073149951,1073119231,1073610751,1073725439,1073741823,1073725439,1073741823,1073741823,1073741823:l9
1073741823,1073741823,1073741823,1073737727,1069252607,1073592319,1073149951,1073119231,1073610751,1073725439,1073725439,1073741823,1073741823,1073741823,1073741823:l9
1073741823,1073741823,1073741823,1073737727,1069252607,1069398015,1073149951,1073119231,1073610751,1073725439,1073741823,1073741823,1073741823,1073741823,1073741823:l9
1073741823,1073741823,1073741823,1073737727,1069252607,1073592319,1073149951,1068924927,1073610751,1073725439,1073741823,1073741823,1073741823,1073741823,1073741823:l9
1073741823,1073741823,1073741823,1073737727,1069252607,1073592319,1073149951,1072070655,1073610751,1073725439,1073741823,1073741823,1073741823,1073741823,1073741823:f5
1073741823,1073741823,1073741823,1073737727,1069252607,1073592319,1073149951,1073119231,1073610751,1069531135,1073741823,1073741823,1073741823,1073741823,1073741823:l9
1073741823,1073741823,1073741823,1073737727,1069252607,1073592319,1073149951,1073119231,1073348607,1073725439,1073741823,1073741823,1073741823,1073741823,1073741823:f5
1073741823,1073741823,1073741823,1073737727,1069248511,1073592319,1073149951,1073119231,1073610751,1073725439,1073741823,1073741823,1073741823,1073741823,1073741823:g7
1073741823,1073741823,1073741823,1073737727,1069187071,1073592319,1073149951,1073119231,1073610751,1073725439,1073741823,1073741823,1073741823,1073741823,1073741823:g7
1073741823,1073741823,1073741823,1073737727,1068204031,1073592319,1073149951,1073119231,1073610751,1073725439,1073741823,1073741823,1073741823,1073741823,1073741823:g7
1073741823,1073741823,1073741823,1073737727,1069252607,1073592319,1072101375,1073119231,1073610751,1073725439,1073741823,1073741823,1073741823,1073741823,1073741823:l9
1073741823,1073741823,1073741823,1073737727,1069252607,1073592319,1073149951,1073119231,1072562175,1073725439,1073741823,1073741823,1073741823,1073741823,1073741823:f5
1073741823,1073741823,1073741823,1073737727,1069252607,1073592319,1073149951,1073119231,1073610751,1073724415,1073741823,1073741823,1073741823,1073741823,1073741823:l9
1073741823,1073741823,1073741823,1073737727,1069252607,1073592319,1073149951,1073119231,1073606655,1073725439,1073741823,1073741823,1073741823,1073741823,1073741823:l9
1073741823,1073741823,1073741823,1073737727,1069252607,1073592319,1073149951,1073118207,1073610751,1073725439,1073741823,1073741823,1073741823,1073741823,1073741823:l9
1073741823,1073741823,1073741823,1073737727,1069252607,1073592319,1073149951,1073115135,1073610751,1073725439,1073741823,1073741823,1073741823,1073741823,1073741823:l9
1073741823,1073741823,1073741823,1073737727,1069252607,1073592319,1073145855,1073119231,1073610751,1073725439,1073741823,1073741823,1073741823,1073741823,1073741823:l9
1073741823,1073741823,1073741823,1073737727,1069252607,1073592319,1073133567,1073119231,1073610751,1073725439,1073741823,1073741823,1073741823,1073741823,1073741823:l9
1073741823,1073741823,1073741823,1073737727,1069252607,1073330175,1073149951,1073119231,1073610751,1073725439,1073741823,1073741823,1073741823,1073741823,1073741823:l9
1073741823,1073741823,1073741823,1073737727,1069252607,1073592319,1073149951,1073119231,1073610751,1073463295,1073741823,1073741823,1073741823,1073741823,1073741823:f5
1073741823,1073741823,1073741823,1073737727,1069252607,1073592319,1073149951,1073119231,1073594367,1073725439,1073741823,1073741823,1073741823,1073741823,1073741823:f5
