1073741823,1073741823,1073741823,1073737727,1073446911,1073592319,1073149951,1073119231,1073741823,805289983,1073741823,1073741823,1073741823,1073741823,1073741823:i9
1073741823,1073741823,1073741823,1073737727,1073446911,1073592319,1073149951,1073119231,1073610751,805289983,1072693247,1073741823,1073741823,1073741823,1073741823:l9
1073741823,1073741823,1073741823,1073737727,1073446911,1073592319,1073149951,1073119231,1073610751,805289983,1073741823,1056964607,1073741823,1073741823,1073741823:l9
1073741823,1073741823,1073741823,1073737727,1073446911,1073592319,1073149951,1073119231,1073610751,805289983,1006632959,1073741823,1073741823,1073741823,1073741823:l9
1073741823,1073741823,1073741823,1073737727,1073446911,1073592319,1073149951,1073119231,1073610751,788512767,1073741823,1073741823,1073741823,1073741823,1073741823:l9
1073741823,1073741823,1073741823,1073737727,1073446911,1073592319,1073149951,1073119231,1073610751,738181119,1073741823,1073741823,1073741823,1073741823,1073741823:l9
1073741823,1073741823,1073741823,1073737727,1073446911,1073592319,1073149951,1056342015,1073610751,805289983,1073741823,1073741823,1073741823,1073741823,1073741823:l9
1073741823,1073741823,1073741823,1073737727,1073446911,1073592319,1073149951,1073119231,1006501887,805289983,1073741823,1073741823,1073741823,1073741823,1073741823:l9
1073741823,1073741823,1073741823,1073737727,1073446911,1073592319,1073149951,804683775,1073610751,805289983,1073741823,1073741823,1073741823,1073741823,1073741823:l9
1073741823,1073741823,1073741823,1073737727,1073446911,1073592319,1073149951,1073119231,805175295,805289983,1073741823,1073741823,1073741823,1073741823,1073741823:l9
1073741823,1073741823,1073741823,1073737727,1073446911,1073592319,1073149951,1073119231,1073610751,805289983,1073741823,805306367,1073741823,1073741823,1073741823:l9
1073741823,1073741823,1073741823,1073737727,1073446911,1073592319,1073149951,1073119231,1073610751,805289983,805306367,1073741823,1073741823,1073741823,1073741823:l9
1073741823,1073741823,1073741823,1073737727,1073446911,1073592319,1073149951,1073119231,1073610687,805289983,1073741823,1073741823,1073741823,1073741823,1073741823:l9
1073741823,1073741823,1073741823,1073737727,1073446911,1073592319,1073149951,1073118975,1073610751,805289983,1073741823,1073741823,1073741823,1073741823,1073741823:l9
1073741823,1073741823,1073741823,1073737727,1073446911,1073592319,1073149887,1073119231,1073610751,805289983,1073741823,1073741823,1073741823,1073741823,1073741823:l9
1073741823,1073741823,1073741823,1073737727,1073446847,1073592319,1073149951,1073119231,1073610751,805289983,1073741823,1073741823,1073741823,1073741823,1073741823:l9
1073741823,1073741823,1073741823,1073737727,1073446911,1073592319,1073149951,1073119231,1073609727,805289983,1073741823,1073741823,1073741823,1073741823,1073741823:l9
1073741823,1073741823,1073741823,1073737727,1073446911,1073592319,1073149951,1073119167,1073610751,805289983,1073741823,1073741823,1073741823,1073741823,1073741823:l9
1073741823,1073741823,1073741823,1073737727,1073446911,1073592319,1073149695,1073119231,1073610751,805289983,1073741823,1073741823,1073741823,1073741823,1073741823:l9
1073741823,1073741823,1073741823,1073737727,1073446911,1073592255,1073149951,1073119231,1073610751,805289983,1073741823,1073741823,1073741823,1073741823,1073741823:l9
1073741823,1073741823,1073741823,1073737663,1073446911,1073592319,1073149951,1073119231,1073610751,805289983,1073741823,1073741823,1073741823,1073741823,1073741823:l9
1073741823,1073741823,1073741823,1073737727,1073446655,1073592319,1073149951,1073119231,1073610751,805289983,1073741823,1073741823,1073741823,1073741823,1073741823:l9
1073741823,1073741823,1073741823,1073737727,1073446911,1073592063,1073149951,1073119231,1073610751,805289983,1073741823,1073741823,1073741823,1073741823,1073741823:l9
1073741823,1073741823,1073741823,1073737471,1073446911,1073592319,1073149951,1073119231,1073610751,805289983,1073741823,1073741823,1073741823,1073741823,1073741823:l9
1073741823,1073741823,1073741823,1073736703,1073446911,1073592319,1073149951,1073119231,1073610751,805289983,1073741823,1073741823,1073741823,1073741823,1073741823:g7
1073741823,1073741567,1073741823,1073737727,1073446911,1073592319,1073149951,1073119231,1073610751,805289983,1073741823,1073741823,1073741823,1073741823,1073741823:l9
1073741823,1073737727,1073741823,1073737727,1073446911,1073592319,1073149951,1073119231,1073610751,805289983,1073741823,1073741823,1073741823,1073741823,1073741823:l9
1073741823,1073741823,1073737727,1073737727,1073446911,1073592319,1073149951,1073119231,1073610751,805289983,1073741823,1073741823,1073741823,1073741823,1073741823:l9
1073741823,1073676287,1073741823,1073737727,1073446911,1073592319,1073149951,1073119231,1073610751,805289983,1073741823,1073741823,1073741823,1073741823,1073741823:l9
1073741823,1073741823,1073741823,1073737727,1073445887,1073592319,1073149951,1073119231,1073610751,805289983,1073741823,1073741823,1073741823,1073741823,1073741823:l9
1073741823,1073741823,1073740799,1073737727,1073446911,1073592319,1073149951,1073119231,1073610751,805289983,1073741823,1073741823,1073741823,1073741823,1073741823:l9
1073741823,1073741823,1073741823,1073721343,1073446911,1073592319,1073149951,1073119231,1073610751,805289983,1073741823,1073741823,1073741823,1073741823,1073741823:l9
1073741823,1073741823,1073725439,1073737727,1073446911,1073592319,1073149951,1073119231,1073610751,805289983,1073741823,1073741823,1073741823,1073741823,1073741823:l9
1073741823,1073741823,1073479679,1073737727,1073446911,1073592319,1073149951,1073119231,1073610751,805289983,1073741823,1073741823,1073741823,1073741823,1073741823:l9
1073741823,1073741823,1073741823,1073475583,1073446911,1073592319,1073149951,1073119231,1073610751,805289983,1073741823,1073741823,1073741823,1073741823,1073741823:l9
1073741823,1073741823,1069547519,1073737727,1073446911,1073592319,1073149951,1073119231,1073610751,805289983,1073741823,1073741823,1073741823,1073741823,1073741823:l9
1073741823,1073741823,1073741823,1073737727,1069252607,1073592319,1073149951,1073119231,1073610751,805289983,1073741823,1073741823,1073741823,1073741823,1073741823:l9
1073741823,1073741823,1073741823,1073737727,1073446911,1073592319,1068955647,1073119231,1073610751,805289983,1073741823,1073741823,1073741823,1073741823,1073741823:l9
1073741823,1073741823,1073741823,1073737727,1073446911,1073592319,1073149951,1073119231,1069416447,805289983,1073741823,1073741823,1073741823,1073741823,1073741823:f5
1073741823,1073741823,1073741823,1073737727,1073446911,1073592319,1073149951,1073119231,1073610751,804241407,1073741823,1073741823,1073741823,1073741823,1073741823:l9
1073741823,1073741823,1073741823,1073737727,1073446911,1073588223,1073149951,1073119231,1073610751,805289983,1073741823,1073741823,1073741823,1073741823,1073741823:l9
1073741823,1073741823,1073741823,1073672191,1073446911,1073592319,1073149951,1073119231,1073610751,805289983,1073741823,1073741823,1073741823,1073741823,1073741823:l9
1073741823,1073741823,1073741823,1072689151,1073446911,1073592319,1073149951,1073119231,1073610751,805289983,1073741823,1073741823,1073741823,1073741823,1073741823:l9
1073741823,1073741823,1073741823,1073737727,1073446911,1072543743,1073149951,1073119231,1073610751,805289983,1073741823,1073741823,1073741823,1073741823,1073741823:l9
1073741823,1073741823,1073741823,1073737727,1073446911,1073592319,1073149951,1073119231,1073610751,805289983,1073741823,1073740799,1073741823,1073741823,1073741823:l9
1073741823,1073741823,1073741823,1073737727,1073446911,1073592319,1073149951,1073119231,1073610751,805289983,1073737727,1073741823,1073741823,1073741823,1073741823:l9
1073741823,1073741823,1073741823,1073737727,1073446911,1073592319,1073149951,1073119231,1073610751,805285887,1073741823,1073741823,1073741823,1073741823,1073741823:l9
1073741823,1073741823,1073741823,1073737727,1073446911,1073592319,1073149951,1073119231,1073610751,805224447,1073741823,1073741823,1073741823,1073741823,1073741823:l9
1073741823,1073741823,1073741823,1073737727,1073446911,1073592319,1073149951,1073119231,1073610751,805289983,1073741823,1073479679,1073741823,1073741823,1073741823:l9
1073741823,1073741823,1073741823,1073737727,1073446911,1073592319,1073149951,1073119231,1073610751,805289983,1073676287,1073741823,1073741823,1073741823,1073741823:l9
1073741823,1073741823,1073741823,1073737727,1073446911,1073592319,1073149951,1073119231,1073610751,805289983,1073741823,1073725439,1073741823,1073741823,1073741823:l9
1073741823,1073741823,1073741823,1073737727,1073446911,1073592319,1073149951,1073119231,1073610751,805289983,1073725439,1073741823,1073741823,1073741823,1073741823:l9
1073741823,1073741823,1073741823,1073737727,1073446911,1069398015,1073149951,1073119231,1073610751,805289983,1073741823,1073741823,1073741823,1073741823,1073741823:l9
1073741823,1073741823,1073741823,1073737727,1073446911,1073592319,1073149951,1068924927,1073610751,805289983,1073741823,1073741823,1073741823,1073741823,1073741823:l9
1073741823,1073741823,1073741823,1073737727,1073446911,1073592319,1073149951,1072070655,1073610751,805289983,1073741823,1073741823,1073741823,1073741823,1073741823:f5
1073741823,1073741823,1073741823,1073737727,1073446911,1073592319,1073149951,1073119231,1073610751,801095679,1073741823,1073741823,1073741823,1073741823,1073741823:l9
1073741823,1073741823,1073741823,1073737727,1073446911,1073592319,1073149951,1073119231,1073348607,805289983,1073741823,1073741823,1073741823,1073741823,1073741823:f5
1073741823,1073741823,1073741823,1073737727,1073442815,1073592319,1073149951,1073119231,1073610751,805289983,1073741823,1073741823,1073741823,1073741823,1073741823:g7
1073741823,1073741823,1073741823,1073737727,1073381375,1073592319,1073149951,1073119231,1073610751,805289983,1073741823,1073741823,1073741823,1073741823,1073741823:l9
1073741823,1073741823,1073741823,1073737727,1072398335,1073592319,1073149951,1073119231,1073610751,805289983,1073741823,1073741823,1073741823,1073741823,1073741823:l9
1073741823,1073741823,1073741823,1073737727,1073446911,1073592319,1072101375,1073119231,1073610751,805289983,1073741823,1073741823,1073741823,1073741823,1073741823:l9
1073741823,1073741823,1073741823,1073737727,1073446911,1073592319,1073149951,1073119231,1072562175,805289983,1073741823,1073741823,1073741823,1073741823,1073741823:f5
1073741823,1073741823,1073741823,1073737727,1073446911,1073592319,1073149951,1073119231,1073610751,805288959,1073741823,1073741823,1073741823,1073741823,1073741823:l9
1073741823,1073741823,1073741823,1073737727,1073446911,1073592319,1073149951,1073119231,1073606655,805289983,1073741823,1073741823,1073741823,1073741823,1073741823:l9
1073741823,1073741823,1073741823,1073737727,1073446911,1073592319,1073149951,1073118207,1073610751,805289983,1073741823,1073741823,1073741823,1073741823,1073741823:l9
1073741823,1073741823,1073741823,1073737727,1073446911,1073592319,1073149951,1073115135,1073610751,805289983,1073741823,1073741823,1073741823,1073741823,1073741823:l9
1073741823,1073741823,1073741823,1073737727,1073446911,1073592319,1073145855,1073119231,1073610751,805289983,1073741823,1073741823,1073741823,1073741823,1073741823:l9
1073741823,1073741823,1073741823,1073737727,1073446911,1073592319,1073133567,1073119231,1073610751,805289983,1073741823,1073741823,1073741823,1073741823,1073741823:l9
1073741823,1073741823,1073741823,1073737727,1073446911,1073330175,1073149951,1073119231,1073610751,805289983,1073741823,1073741823,1073741823,1073741823,1073741823:l9
1073741823,1073741823,1073741823,1073737727,1073446911,1073592319,1073149951,1073119231,1073610751,805027839,1073741823,1073741823,1073741823,1073741823,1073741823:f5
1073741823,1073741823,1073741823,1073737727,1073446911,1073592319,1073149951,1073119231,1073594367,805289983,1073741823,1073741823,1073741823,1073741823,1073741823:f5
