1073741823,1073741823,1073741823,1073725439,1073737727,1073732607,1072095231,1073110527,1073332223,1073741823,1073741823,1073741823,1073741823,1073741823,1073741823:g9
1073741823,1073741823,1073741823,1073725439,1073737727,1073732607,1072095231,1073110527,1073324031,1073741823,1073741567,1073741823,1073741823,1073741823,1073741823:g10
1073741823,1073740799,1073741823,1073725439,1073737727,1073732607,1072095231,1073110527,1073324031,1073741823,1073741823,1073741823,1073741823,1073741823,1073741823:g10
1073741823,1073725439,1073741823,1073725439,1073737727,1073732607,1072095231,1073110527,1073324031,1073741823,1073741823,1073741823,1073741823,1073741823,1073741823:g10
1073741823,1073741823,1073725439,1073725439,1073737727,1073732607,1072095231,1073110527,1073324031,1073741823,1073741823,1073741823,1073741823,1073741823,1073741823:g10
1073741823,1073479679,1073741823,1073725439,1073737727,1073732607,1072095231,1073110527,1073324031,1073741823,1073741823,1073741823,1073741823,1073741823,1073741823:g10
1073741823,1073741823,1073741823,1073463295,1073737727,1073732607,1072095231,1073110527,1073324031,1073741823,1073741823,1073741823,1073741823,1073741823,1073741823:g10
1073741823,1073741823,1073741823,1073725439,1073737727,1073732607,1072095231,1073110527,1073324031,1073741807,1073741823,1073741823,1073741823,1073741823,1073741823:g10
1073741823,1073741823,1073741823,1073725439,1073737727,1073732607,1072095231,1073110527,1073323967,1073741823,1073741823,1073741823,1073741823,1073741823,1073741823:g10
1073741823,1073741823,1073741823,1073725439,1073737727,1073732607,1072095231,1073110511,1073324031,1073741823,1073741823,1073741823,1073741823,1073741823,1073741823:g10
1073741823,1073741823,1073741823,1073725439,1073737727,1073732591,1072095231,1073110527,1073324031,1073741823,1073741823,1073741823,1073741823,1073741823,1073741823:g10
1073741823,1073741823,1073741823,1073725439,1073737727,1073732607,1072095167,1073110527,1073324031,1073741823,1073741823,1073741823,1073741823,1073741823,1073741823:g10
1073741823,1073741823,1073741567,1073725439,1073737727,1073732607,1072095231,1073110527,1073324031,1073741823,1073741823,1073741823,1073741823,1073741823,1073741823:g10
1073741823,1073741823,1073737727,1073725439,1073737727,1073732607,1072095231,1073110527,1073324031,1073741823,1073741823,1073741823,1073741823,1073741823,1073741823:g10
1073741823,1073741823,1073676287,1073725439,1073737727,1073732607,1072095231,1073110527,1073324031,1073741823,1073741823,1073741823,1073741823,1073741823,1073741823:g10
1073741823,1073741823,1073741823,1073725183,1073737727,1073732607,1072095231,1073110527,1073324031,1073741823,1073741823,1073741823,1073741823,1073741823,1073741823:g10
1073741823,1073741823,1073741823,1073721343,1073737727,1073732607,1072095231,1073110527,1073324031,1073741823,1073741823,1073741823,1073741823,1073741823,1073741823:g10
1073741823,1073741823,1073741823,1073659903,1073737727,1073732607,1072095231,1073110527,1073324031,1073741823,1073741823,1073741823,1073741823,1073741823,1073741823:g10
1073741823,1073741823,1073741823,1073725439,1073737727,1073732607,1072095231,1073110527,1073324031,1073741567,1073741823,1073741823,1073741823,1073741823,1073741823:g10
1073741823,1073741823,1073741823,1073725439,1073737727,1073732607,1072095231,1073110527,1073324031,1073741823,1069547519,1073741823,1073741823,1073741823,1073741823:g10
1073741823,1073741823,1073741823,1073725439,1073737727,1073732607,1072095231,1073110527,1073324031,1072693247,1073741823,1073741823,1073741823,1073741823,1073741823:g10
1073741823,1073741823,1073741823,1073725439,1073721343,1073732607,1072095231,1073110527,1073324031,1073741823,1073741823,1073741823,1073741823,1073741823,1073741823:g10
1073741823,1073741823,1073741823,1073725439,1073475583,1073732607,1072095231,1073110527,1073324031,1073741823,1073741823,1073741823,1073741823,1073741823,1073741823:g10
1073741823,1073741823,1073741823,1073725439,1069543423,1073732607,1072095231,1073110527,1073324031,1073741823,1073741823,1073741823,1073741823,1073741823,1073741823:g10
1073741823,1073741823,1073741823,1073725439,1073737727,1073732607,1072095231,1073110527,1069129727,1073741823,1073741823,1073741823,1073741823,1073741823,1073741823:g10
1073741823,1073741823,1073741823,1073725439,1073737727,1073732607,1072095231,1073110463,1073324031,1073741823,1073741823,1073741823,1073741823,1073741823,1073741823:g10
1073741823,1073741823,1073741823,1073725439,1073737727,1073732543,1072095231,1073110527,1073324031,1073741823,1073741823,1073741823,1073741823,1073741823,1073741823:g10
1073741823,1073741823,1073741823,1073725439,1073737727,1073732351,1072095231,1073110527,1073324031,1073741823,1073741823,1073741823,1073741823,1073741823,1073741823:g10
1073741823,1073741823,1073741823,1073725375,1073737727,1073732607,1072095231,1073110527,1073324031,1073741823,1073741823,1073741823,1073741823,1073741823,1073741823:g10
1073741823,1073741823,1073741823,1073724415,1073737727,1073732607,1072095231,1073110527,1073324031,1073741823,1073741823,1073741823,1073741823,1073741823,1073741823:g10
1073741823,1073741823,1073741823,1073725439,1073736703,1073732607,1072095231,1073110527,1073324031,1073741823,1073741823,1073741823,1073741823,1073741823,1073741823:g10
1073741823,1073741823,1073741823,1073725439,1073737727,1073732607,1072095231,1073110527,1073323775,1073741823,1073741823,1073741823,1073741823,1073741823,1073741823:g10
1073741823,1073741823,1073741823,1073725439,1073737727,1073732607,1072094975,1073110527,1073324031,1073741823,1073741823,1073741823,1073741823,1073741823,1073741823:g10
1073741823,1073741823,1073741823,1073725439,1073737471,1073732607,1072095231,1073110527,1073324031,1073741823,1073741823,1073741823,1073741823,1073741823,1073741823:g10
1073741823,1073741823,1073741823,1073725439,1073737727,1072684031,1072095231,1073110527,1073324031,1073741823,1073741823,1073741823,1073741823,1073741823,1073741823:g10
1073741823,1073741823,1073741823,1073725439,1056960511,1073732607,1072095231,1073110527,1073324031,1073741823,1073741823,1073741823,1073741823,1073741823,1073741823:g10
1073741823,1073741823,1073741823,1073725439,1073737727,1073732607,1055318015,1073110527,1073324031,1073741823,1073741823,1073741823,1073741823,1073741823,1073741823:g10
1073741823,1073741823,1073741823,1073725439,1073737727,1073732607,1067900927,1073110527,1073324031,1073741823,1073741823,1073741823,1073741823,1073741823,1073741823:g10
1073741823,1073741823,1073741823,1073725439,1073737727,1073732607,1072095231,1073110527,1056546815,1073741823,1073741823,1073741823,1073741823,1073741823,1073741823:g10
1073741823,1073741823,1073741823,1073725439,1073737727,1073732607,1072095231,1073110527,1073324031,1073741823,1073737727,1073741823,1073741823,1073741823,1073741823:g10
1073741823,1073741823,1073741823,1073725439,1073737727,1073732607,1072095231,1073110527,1073324031,1073741823,1072693247,1073741823,1073741823,1073741823,1073741823:g10
1073741823,1073741823,1073741823,1073725439,1073737727,1073732607,1072095231,1073110527,1073324031,1073741823,1073676287,1073741823,1073741823,1073741823,1073741823:g10
1073741823,1073741823,1073741823,1073725439,1073737727,1073732607,1072095231,1073110527,1073324031,1073741823,1073740799,1073741823,1073741823,1073741823,1073741823:g10
1073741823,1073741823,1073741823,1073725439,1073737727,1073732607,1072095231,1073110527,1073324031,1073737727,1073741823,1073741823,1073741823,1073741823,1073741823:f8
1073741823,1073741823,1073741823,1073725439,1073737727,1073732607,1072095231,1073108479,1073324031,1073737663,1073741823,1073741823,1073741823,1073741823,1073741823:d8
1073741823,1073741823,1073741823,1073725439,1073737727,1073732607,1072095231,1073108479,1073324031,1073737727,1073741823,1073741567,1073741823,1073741823,1073741823:d8
1073741823,1073741823,1073741823,1073725439,1073737727,1073732607,1072095231,1073108479,1073324031,1073737727,1073741823,1073676287,1073741823,1073741823,1073741823:d8
1073741823,1073741823,1073741823,1073725439,1073737727,1073732607,1072095231,1073108479,1073324031,1073737727,1073741823,1073737727,1073741823,1073741823,1073741823:d8
1073741823,1073741823,1073741823,1073725439,1073737727,1073732607,1072095231,1073108479,1073324031,1073737727,1073741567,1073741823,1073741823,1073741823,1073741823:d8
1073741823,1073740799,1073741823,1073725439,1073737727,1073732607,1072095231,1073108479,1073324031,1073737727,1073741823,1073741823,1073741823,1073741823,1073741823:d8
1073741823,1073725439,1073741823,1073725439,1073737727,1073732607,1072095231,1073108479,1073324031,1073737727,1073741823,1073741823,1073741823,1073741823,1073741823:d8
1073741823,1073741823,1073725439,1073725439,1073737727,1073732607,1072095231,1073108479,1073324031,1073737727,1073741823,1073741823,1073741823,1073741823,1073741823:d8
1073741823,1073479679,1073741823,1073725439,1073737727,1073732607,1072095231,1073108479,1073324031,1073737727,1073741823,1073741823,1073741823,1073741823,1073741823:d8
1073741823,1073741823,1073741823,1073463295,1073737727,1073732607,1072095231,1073108479,1073324031,1073737727,1073741823,1073741823,1073741823,1073741823,1073741823:d8
1073741823,1073741823,1073741823,1073725439,1073737727,1073732607,1072095231,1073108479,1073324031,1073737711,1073741823,1073741823,1073741823,1073741823,1073741823:d8
1073741823,1073741823,1073741823,1073725439,1073737727,1073732607,1072095231,1073108479,1073323967,1073737727,1073741823,1073741823,1073741823,1073741823,1073741823:d8
1073741823,1073741823,1073741823,1073725439,1073737727,1073732607,1072095231,1073108463,1073324031,1073737727,1073741823,1073741823,1073741823,1073741823,1073741823:d8
1073741823,1073741823,1073741823,1073725439,1073737727,1073732591,1072095231,1073108479,1073324031,1073737727,1073741823,1073741823,1073741823,1073741823,1073741823:d8
1073741823,1073741823,1073741823,1073725439,1073737727,1073732607,1072095167,1073108479,1073324031,1073737727,1073741823,1073741823,1073741823,1073741823,1073741823:d8
1073741823,1073741823,1073741567,1073725439,1073737727,1073732607,1072095231,1073108479,1073324031,1073737727,1073741823,1073741823,1073741823,1073741823,1073741823:d8
1073741823,1073741823,1073737727,1073725439,1073737727,1073732607,1072095231,1073108479,1073324031,1073737727,1073741823,1073741823,1073741823,1073741823,1073741823:d8
1073741823,1073741823,1073676287,1073725439,1073737727,1073732607,1072095231,1073108479,1073324031,1073737727,1073741823,1073741823,1073741823,1073741823,1073741823:d8
1073741823,1073741823,1073741823,1073725183,1073737727,1073732607,1072095231,1073108479,1073324031,1073737727,1073741823,1073741823,1073741823,1073741823,1073741823:d8
1073741823,1073741823,1073741823,1073721343,1073737727,1073732607,1072095231,1073108479,1073324031,1073737727,1073741823,1073741823,1073741823,1073741823,1073741823:d8
1073741823,1073741823,1073741823,1073659903,1073737727,1073732607,1072095231,1073108479,1073324031,1073737727,1073741823,1073741823,1073741823,1073741823,1073741823:d8
1073741823,1073741823,1073741823,1073725439,1073737727,1073732607,1072095231,1073108479,1073324031,1073737471,1073741823,1073741823,1073741823,1073741823,1073741823:d8
1073741823,1073741823,1073741823,1073725439,1073737727,1073732607,1072095231,1073108479,1073324031,1073737727,1069547519,1073741823,1073741823,1073741823,1073741823:d8
1073741823,1073741823,1073741823,1073725439,1073737727,1073732607,1072095231,1073108479,1073324031,1072689151,1073741823,1073741823,1073741823,1073741823,1073741823:d8
1073741823,1073741823,1073741823,1073725439,1073721343,1073732607,1072095231,1073108479,1073324031,1073737727,1073741823,1073741823,1073741823,1073741823,1073741823:d8
1073741823,1073741823,1073741823,1073725439,1073475583,1073732607,1072095231,1073108479,1073324031,1073737727,1073741823,1073741823,1073741823,1073741823,1073741823:d8
1073741823,1073741823,1073741823,1073725439,1069543423,1073732607,1072095231,1073108479,1073324031,1073737727,1073741823,1073741823,1073741823,1073741823,1073741823:d8
1073741823,1073741823,1073741823,1073725439,1073737727,1073732607,1072095231,1073108479,1069129727,1073737727,1073741823,1073741823,1073741823,1073741823,1073741823:d8
1073741823,1073741823,1073741823,1073725439,1073737727,1073732607,1072095231,1073108415,1073324031,1073737727,1073741823,1073741823,1073741823,1073741823,1073741823:e7
1073741823,1073741823,1073741823,1073725439,1073737727,1073732543,1072095231,1073108479,1073324031,1073737727,1073741823,1073741823,1073741823,1073741823,1073741823:d8
1073741823,1073741823,1073741823,1073725439,1073737727,1073732351,1072095231,1073108479,1073324031,1073737727,1073741823,1073741823,1073741823,1073741823,1073741823:d8
1073741823,1073741823,1073741823,1073725375,1073737727,1073732607,1072095231,1073108479,1073324031,1073737727,1073741823,1073741823,1073741823,1073741823,1073741823:d8
1073741823,1073741823,1073741823,1073724415,1073737727,1073732607,1072095231,1073108479,1073324031,1073737727,1073741823,1073741823,1073741823,1073741823,1073741823:d8
1073741823,1073741823,1073741823,1073725439,1073736703,1073732607,1072095231,1073108479,1073324031,1073737727,1073741823,1073741823,1073741823,1073741823,1073741823:d8
1073741823,1073741823,1073741823,1073725439,1073737727,1073732607,1072095231,1073108479,1073323775,1073737727,1073741823,1073741823,1073741823,1073741823,1073741823:d8
1073741823,1073741823,1073741823,1073725439,1073737727,1073732607,1072094975,1073108479,1073324031,1073737727,1073741823,1073741823,1073741823,1073741823,1073741823:d8
1073741823,1073741823,1073741823,1073725439,1073737471,1073732607,1072095231,1073108479,1073324031,1073737727,1073741823,1073741823,1073741823,1073741823,1073741823:d8
1073741823,1073741823,1073741823,1073725439,1073737727,1072684031,1072095231,1073108479,1073324031,1073737727,1073741823,1073741823,1073741823,1073741823,1073741823:d8
1073741823,1073741823,1073741823,1073725439,1056960511,1073732607,1072095231,1073108479,1073324031,1073737727,1073741823,1073741823,1073741823,1073741823,1073741823:d8
1073741823,1073741823,1073741823,1073725439,1073737727,1073732607,1055318015,1073108479,1073324031,1073737727,1073741823,1073741823,1073741823,1073741823,1073741823:d8
1073741823,1073741823,1073741823,1073725439,1073737727,1073732607,1067900927,1073108479,1073324031,1073737727,1073741823,1073741823,1073741823,1073741823,1073741823:d8
1073741823,1073741823,1073741823,1073725439,1073737727,1073732607,1072095231,1073108479,1056546815,1073737727,1073741823,1073741823,1073741823,1073741823,1073741823:d8
1073741823,1073741823,1073741823,1073725439,1073737727,1073732607,1072095231,1073108479,1073324031,1073737727,1073737727,1073741823,1073741823,1073741823,1073741823:d8
1073741823,1073741823,1073741823,1073725439,1073737727,1073732607,1072095231,1073108479,1073324031,1073737727,1072693247,1073741823,1073741823,1073741823,1073741823:d8
1073741823,1073741823,1073741823,1073725439,1073737727,1073732607,1072095231,1073108479,1073324031,1073737727,1073676287,1073741823,1073741823,1073741823,1073741823:d8
1073741823,1073741823,1073741823,1073725439,1073737727,1073732607,1072095231,1073108479,1073324031,1073737727,1073740799,1073741823,1073741823,1073741823,1073741823:d8
1073741823,1073741823,1073741823,1073725439,1073737727,1073732607,1072095231,1073108479,1073323007,1073737727,1073741823,1073741823,1073741823,1073741823,1073741823:d8
1073741823,1073741823,1073741823,1073725439,1073737727,1073732607,1072094207,1073108479,1073324031,1073737727,1073741823,1073741823,1073741823,1073741823,1073741823:d8
1073741823,1073741823,1073741823,1073725439,1073737727,1073732607,1072095231,1073108479,1073324031,1073737727,1073479679,1073741823,1073741823,1073741823,1073741823:d8
1073741823,1073741823,1073741823,1073725439,1073737727,1073732607,1072095231,1073108479,1073324031,1073672191,1073741823,1073741823,1073741823,1073741823,1073741823:d8
1073741823,1073741823,1073741823,1073725439,1073737727,1073732607,1072095231,1073108479,1073324031,1073737727,1073725439,1073741823,1073741823,1073741823,1073741823:d8
1073741823,1073741823,1073741823,1073725439,1073737727,1069538303,1072095231,1073108479,1073324031,1073737727,1073741823,1073741823,1073741823,1073741823,1073741823:d8
1073741823,1073741823,1073741823,1073725439,1073737727,1073732607,1072095231,1068914175,1073324031,1073737727,1073741823,1073741823,1073741823,1073741823,1073741823:d8
1073741823,1073741823,1073741823,1073725439,1073737727,1073732607,1072095231,1072059903,1073324031,1073737727,1073741823,1073741823,1073741823,1073741823,1073741823:d8
1073741823,1073741823,1073741823,1073725439,1073737727,1073732607,1072095231,1073108479,1073324031,1069543423,1073741823,1073741823,1073741823,1073741823,1073741823:d8
1073741823,1073741823,1073741823,1073725439,1073672191,1073732607,1072095231,1073108479,1073324031,1073737727,1073741823,1073741823,1073741823,1073741823,1073741823:d8
1073741823,1073741823,1073741823,1073725439,1073737727,1073667071,1072095231,1073108479,1073324031,1073737727,1073741823,1073741823,1073741823,1073741823,1073741823:d8
1073741823,1073741823,1073741823,1073725439,1072689151,1073732607,1072095231,1073108479,1073324031,1073737727,1073741823,1073741823,1073741823,1073741823,1073741823:d8
1073741823,1073741823,1073741823,1073725439,1073737727,1073732607,1072095231,1073108479,1072275455,1073737727,1073741823,1073741823,1073741823,1073741823,1073741823:d8
1073741823,1073741823,1073741823,1073725439,1073737727,1073732607,1072095231,1073108479,1073324031,1073736703,1073741823,1073741823,1073741823,1073741823,1073741823:d8
1073741823,1073741823,1073741823,1073725439,1073737727,1073716223,1072095231,1073108479,1073324031,1073737727,1073741823,1073741823,1073741823,1073741823,1073741823:d8
1073741823,1073741823,1073741823,1073725439,1073737727,1073732607,1072078847,1073108479,1073324031,1073737727,1073741823,1073741823,1073741823,1073741823,1073741823:d8
1073741823,1073741823,1073741823,1073725439,1073737727,1073470463,1072095231,1073108479,1073324031,1073737727,1073741823,1073741823,1073741823,1073741823,1073741823:d8
1073741823,1073741823,1073741823,1073725439,1073737727,1073732607,1072095231,1073108479,1073324031,1073475583,1073741823,1073741823,1073741823,1073741823,1073741823:d8
1073741823,1073741823,1073741823,1073725439,1073737727,1073732607,1072095231,1073108479,1073324031,1073721343,1073741823,1073741823,1073741823,1073741823,1073741823:d8
1073741823,1073741823,1073741823,1073725439,1073737727,1073732607,1072095231,1073110527,1073323007,1073741823,1073741823,1073741823,1073741823,1073741823,1073741823:g10
1073741823,1073741823,1073741823,1073725439,1073737727,1073732607,1072094207,1073110527,1073324031,1073741823,1073741823,1073741823,1073741823,1073741823,1073741823:g10
1073741823,1073741823,1073741823,1073725439,1073737727,1073732607,1072095231,1073110527,1073324031,1073741823,1073479679,1073741823,1073741823,1073741823,1073741823:g10
1073741823,1073741823,1073741823,1073725439,1073737727,1073732607,1072095231,1073110527,1073324031,1073676287,1073741823,1073741823,1073741823,1073741823,1073741823:g10
1073741823,1073741823,1073741823,1073725439,1073737727,1073732607,1072095231,1073110527,1073324031,1073741823,1073725439,1073741823,1073741823,1073741823,1073741823:g10
1073741823,1073741823,1073741823,1073725439,1073737727,1069538303,1072095231,1073110527,1073324031,1073741823,1073741823,1073741823,1073741823,1073741823,1073741823:g10
1073741823,1073741823,1073741823,1073725439,1073737727,1073732607,1072095231,1068916223,1073324031,1073741823,1073741823,1073741823,1073741823,1073741823,1073741823:g10
1073741823,1073741823,1073741823,1073725439,1073737727,1073732607,1072095231,1072061951,1073324031,1073741823,1073741823,1073741823,1073741823,1073741823,1073741823:g10
1073741823,1073741823,1073741823,1073725439,1073737727,1073732607,1072095231,1073110527,1073324031,1069547519,1073741823,1073741823,1073741823,1073741823,1073741823:g10
1073741823,1073741823,1073741823,1073725439,1073672191,1073732607,1072095231,1073110527,1073324031,1073741823,1073741823,1073741823,1073741823,1073741823,1073741823:g10
1073741823,1073741823,1073741823,1073725439,1073737727,1073667071,1072095231,1073110527,1073324031,1073741823,1073741823,1073741823,1073741823,1073741823,1073741823:g10
1073741823,1073741823,1073741823,1073725439,1072689151,1073732607,1072095231,1073110527,1073324031,1073741823,1073741823,1073741823,1073741823,1073741823,1073741823:g10
1073741823,1073741823,1073741823,1073725439,1073737727,1073732607,1072095231,1073110527,1072275455,1073741823,1073741823,1073741823,1073741823,1073741823,1073741823:g10
1073741823,1073741823,1073741823,1073725439,1073737727,1073732607,1072095231,1073110527,1073324031,1073740799,1073741823,1073741823,1073741823,1073741823,1073741823:g10
1073741823,1073741823,1073741823,1073725439,1073737727,1073732607,1072095231,1073109503,1073324031,1073741823,1073741823,1073741823,1073741823,1073741823,1073741823:g10
1073741823,1073741823,1073741823,1073725439,1073737727,1073716223,1072095231,1073110527,1073324031,1073741823,1073741823,1073741823,1073741823,1073741823,1073741823:g10
1073741823,1073741823,1073741823,1073725439,1073737727,1073732607,1072078847,1073110527,1073324031,1073741823,1073741823,1073741823,1073741823,1073741823,1073741823:g10
1073741823,1073741823,1073741823,1073725439,1073737727,1073470463,1072095231,1073110527,1073324031,1073741823,1073741823,1073741823,1073741823,1073741823,1073741823:g10
1073741823,1073741823,1073741823,1073725439,1073737727,1073732607,1072095231,1073110527,1073324031,1073479679,1073741823,1073741823,1073741823,1073741823,1073741823:g10
1073741823,1073741823,1073741823,1073725439,1073737727,1073732607,1072095231,1073110527,1073324031,1073725439,1073741823,1073741823,1073741823,1073741823,1073741823:g10
