1073741823,1073741823,1073741823,1073741823,1073737727,1073732607,1072095167,1073110527,1073332223,1073741823,1073741823,1073741823,1073741823,1073741823,1073741823:f7
1073741823,1073741823,1073741823,1073741823,1073737727,1073732607,1072093119,1073110527,1073332219,1073741823,1073741823,1073741823,1073741823,1073741823,1073741823:h5
1073741823,1073741823,1073741823,1073741823,1073737727,1073732607,1072093115,1073110527,1073332223,1073741823,1073741823,1073741823,1073741823,1073741823,1073741823:h5
1073741823,1073741823,1073741823,1073741823,1073737727,1073732607,1072093103,1073110527,1073332223,1073741823,1073741823,1073741823,1073741823,1073741823,1073741823:h5
1073741823,1073741823,1073741823,1073741823,1073737723,1073732607,1072093119,1073110527,1073332223,1073741823,1073741823,1073741823,1073741823,1073741823,1073741823:h5
1073741823,1073741823,1073741823,1073741823,1073737663,1073732607,1072093119,1073110527,1073332223,1073741823,1073741823,1073741823,1073741823,1073741823,1073741823:h5
1073741823,1073741823,1073741823,1073741823,1073737727,1073732607,1072093119,1073110527,1073332223,1073741807,1073741823,1073741823,1073741823,1073741823,1073741823:h5
1073741823,1073741823,1073741823,1073741823,1073737727,1073732607,1072093119,1073110527,1073332159,1073741823,1073741823,1073741823,1073741823,1073741823,1073741823:i6
1073741823,1073741823,1073741823,1072693247,1073737727,1073601535,1072093119,1073110527,1073332159,1073741823,1073741823,1073741823,1073741823,1073741823,1073741823:h5
1073741823,1073741823,1073741823,1073741823,1073737727,1073601535,1072093119,1073110527,1073332159,1073741823,1073741819,1073741823,1073741823,1073741823,1073741823:h5
1073741823,1073741823,1073741823,1073741823,1073737727,1073601535,1072093119,1073110527,1073332143,1073741823,1073741823,1073741823,1073741823,1073741823,1073741823:h5
1073741823,1073741823,1073741823,1073741823,1073737727,1073601535,1072093119,1073110527,1073332159,1073741823,1073741759,1073741823,1073741823,1073741823,1073741823:h5
1073741823,1073741823,1073741823,1073741823,1073737727,1073601535,1072093119,1073110527,1073332159,1073741759,1073741823,1073741823,1073741823,1073741823,1073741823:h5
1073741823,1073741823,1073741823,1073741823,1073737727,1073601535,1072093119,1073110527,1073332155,1073741823,1073741823,1073741823,1073741823,1073741823,1073741823:h5
1073741823,1073741823,1073741823,1073741823,1073737727,1073601535,1072093115,1073110527,1073332159,1073741823,1073741823,1073741823,1073741823,1073741823,1073741823:h5
1073741823,1073741823,1073741823,1073741823,1073737727,1073601535,1072093103,1073110527,1073332159,1073741823,1073741823,1073741823,1073741823,1073741823,1073741823:h5
1073741823,1073741823,1073741823,1073741823,1073737723,1073601535,1072093119,1073110527,1073332159,1073741823,1073741823,1073741823,1073741823,1073741823,1073741823:h5
1073741823,1073741823,1073741823,1073741823,1073737663,1073601535,1072093119,1073110527,1073332159,1073741823,1073741823,1073741823,1073741823,1073741823,1073741823:h5
1073741823,1073741823,1073741823,1073741823,1073737727,1073601535,1072093119,1073110527,1073332159,1073741807,1073741823,1073741823,1073741823,1073741823,1073741823:h5
1073741823,1073741823,1073741823,1073741823,1073737727,1073601535,1072093119,1073110511,1073332159,1073741823,1073741823,1073741823,1073741823,1073741823,1073741823:h5
1073741823,1073741823,1073741823,1073741823,1073737727,1073601519,1072093119,1073110527,1073332159,1073741823,1073741823,1073741823,1073741823,1073741823,1073741823:h5
1073741823,1073741823,1073741567,1073741823,1073737727,1073601535,1072093119,1073110527,1073332159,1073741823,1073741823,1073741823,1073741823,1073741823,1073741823:h5
1073741823,1073741823,1073737727,1073741823,1073737727,1073601535,1072093119,1073110527,1073332159,1073741823,1073741823,1073741823,1073741823,1073741823,1073741823:h5
1073741823,1073741823,1073676287,1073741823,1073737727,1073601535,1072093119,1073110527,1073332159,1073741823,1073741823,1073741823,1073741823,1073741823,1073741823:h5
1073741823,1073741823,1073741823,1073741567,1073737727,1073601535,1072093119,1073110527,1073332159,1073741823,1073741823,1073741823,1073741823,1073741823,1073741823:h5
1073741823,1073741823,1073741823,1073737727,1073737727,1073601535,1072093119,1073110527,1073332159,1073741823,1073741823,1073741823,1073741823,1073741823,1073741823:j5
1073741823,1073741823,1073741823,1073676287,1073737727,1073601535,1072093119,1073110527,1073332159,1073741823,1073741823,1073741823,1073741823,1073741823,1073741823:j5
1073741823,1073741823,1073741823,1073741823,1073737727,1073601535,1072093119,1073110527,1073332159,1073741567,1073741823,1073741823,1073741823,1073741823,1073741823:h5
1073741823,1073741823,1073741823,1073741823,1073737727,1073601535,1072093119,1073110527,1073332159,1073741823,1069547519,1073741823,1073741823,1073741823,1073741823:h5
1073741823,1073741823,1073741823,1073741823,1073737727,1073601535,1072093119,1073110527,1073332159,1072693247,1073741823,1073741823,1073741823,1073741823,1073741823:h5
1073741823,1073741823,1073741823,1073741823,1073721343,1073601535,1072093119,1073110527,1073332159,1073741823,1073741823,1073741823,1073741823,1073741823,1073741823:j5
1073741823,1073741823,1073741823,1073741823,1073475583,1073601535,1072093119,1073110527,1073332159,1073741823,1073741823,1073741823,1073741823,1073741823,1073741823:h5
1073741823,1073741823,1073741823,1073741823,1069543423,1073601535,1072093119,1073110527,1073332159,1073741823,1073741823,1073741823,1073741823,1073741823,1073741823:h5
1073741823,1073741823,1073741823,1073741823,1073737727,1073601535,1072093119,1073110527,1069137855,1073741823,1073741823,1073741823,1073741823,1073741823,1073741823:h5
1073741823,1073741823,1073741823,1073741823,1073737727,1073601535,1072093119,1073110463,1073332159,1073741823,1073741823,1073741823,1073741823,1073741823,1073741823:h5
1073741823,1073741823,1073741823,1073741823,1073737727,1073601471,1072093119,1073110527,1073332159,1073741823,1073741823,1073741823,1073741823,1073741823,1073741823:h5
1073741823,1073741823,1073741823,1073741823,1073737727,1073601279,1072093119,1073110527,1073332159,1073741823,1073741823,1073741823,1073741823,1073741823,1073741823:h5
1073741823,1073741823,1073741823,1073741759,1073737727,1073601535,1072093119,1073110527,1073332159,1073741823,1073741823,1073741823,1073741823,1073741823,1073741823:h5
1073741823,1073741823,1073741823,1073740799,1073737727,1073601535,1072093119,1073110527,1073332159,1073741823,1073741823,1073741823,1073741823,1073741823,1073741823:h5
1073741823,1073741823,1073741823,1073741823,1073736703,1073601535,1072093119,1073110527,1073332159,1073741823,1073741823,1073741823,1073741823,1073741823,1073741823:h5
1073741823,1073741823,1073741823,1073725439,1073737727,1073601535,1072093119,1073110527,1073332159,1073741823,1073741823,1073741823,1073741823,1073741823,1073741823:h5
1073741823,1073741823,1073741823,1073741823,1073737727,1073601535,1072093119,1073110527,1073331903,1073741823,1073741823,1073741823,1073741823,1073741823,1073741823:h5
1073741823,1073741823,1073741823,1073741823,1073737727,1073601535,1072092863,1073110527,1073332159,1073741823,1073741823,1073741823,1073741823,1073741823,1073741823:h5
1073741823,1073741823,1073741823,1073741823,1073737471,1073601535,1072093119,1073110527,1073332159,1073741823,1073741823,1073741823,1073741823,1073741823,1073741823:h5
1073741823,1073741823,1073741823,1073741823,1073737727,1072552959,1072093119,1073110527,1073332159,1073741823,1073741823,1073741823,1073741823,1073741823,1073741823:h5
1073741823,1073741823,1073741823,1073741823,1056960511,1073601535,1072093119,1073110527,1073332159,1073741823,1073741823,1073741823,1073741823,1073741823,1073741823:h5
1073741823,1073741823,1073741823,1073741823,1073737727,1073601535,1055315903,1073110527,1073332159,1073741823,1073741823,1073741823,1073741823,1073741823,1073741823:h5
1073741823,1073741823,1073741823,1073741823,1073737727,1073601535,1067898815,1073110527,1073332159,1073741823,1073741823,1073741823,1073741823,1073741823,1073741823:h5
1073741823,1073741823,1073741823,1073741823,1073737727,1073601535,1072093119,1073110527,1056554943,1073741823,1073741823,1073741823,1073741823,1073741823,1073741823:h5
1073741823,1073741823,1073741823,1073741823,1073737727,1073601535,1072093119,1073110527,1073332159,1073741823,1073737727,1073741823,1073741823,1073741823,1073741823:h5
1073741823,1073741823,1073741823,1073741823,1073737727,1073601535,1072093119,1073110527,1073332159,1073741823,1072693247,1073741823,1073741823,1073741823,1073741823:h5
1073741823,1073741823,1073741823,1073741823,1073737727,1073601535,1072093119,1073110527,1073332159,1073741823,1073676287,1073741823,1073741823,1073741823,1073741823:h5
1073741823,1073741823,1073741823,1073741823,1073737727,1073601535,1072093119,1073110527,1073332159,1073741823,1073740799,1073741823,1073741823,1073741823,1073741823:h5
1073741823,1073741823,1073741823,1073741823,1073737727,1073601535,1072093119,1073110527,1073332159,1073737727,1073741823,1073741823,1073741823,1073741823,1073741823:h5
1073741823,1073741823,1073741823,1073741823,1073737727,1073601535,1072093119,1073110527,1073331135,1073741823,1073741823,1073741823,1073741823,1073741823,1073741823:h5
1073741823,1073741823,1073741823,1073741823,1073737727,1073601535,1072093119,1073110527,1073332159,1073741823,1073479679,1073741823,1073741823,1073741823,1073741823:h5
1073741823,1073741823,1073741823,1073741823,1073737727,1073601535,1072093119,1073110527,1073332159,1073676287,1073741823,1073741823,1073741823,1073741823,1073741823:h5
1073741823,1073741823,1073741823,1073741823,1073737727,1073601535,1072093119,1073110527,1073332159,1073741823,1073725439,1073741823,1073741823,1073741823,1073741823:h5
1073741823,1073741823,1073741823,1073741823,1073737727,1069407231,1072093119,1073110527,1073332159,1073741823,1073741823,1073741823,1073741823,1073741823,1073741823:h5
1073741823,1073741823,1073741823,1073741823,1073737727,1073601535,1072093119,1068916223,1073332159,1073741823,1073741823,1073741823,1073741823,1073741823,1073741823:h5
1073741823,1073741823,1073741823,1073741823,1073737727,1073601535,1072093119,1072061951,1073332159,1073741823,1073741823,1073741823,1073741823,1073741823,1073741823:j5
1073741823,1073741823,1073741823,1073741823,1073737727,1073601535,1072093119,1073110527,1073332159,1069547519,1073741823,1073741823,1073741823,1073741823,1073741823:h5
1073741823,1073741823,1073741823,1073741823,1073672191,1073601535,1072093119,1073110527,1073332159,1073741823,1073741823,1073741823,1073741823,1073741823,1073741823:h5
1073741823,1073741823,1073741823,1073741823,1072689151,1073601535,1072093119,1073110527,1073332159,1073741823,1073741823,1073741823,1073741823,1073741823,1073741823:h5
1073741823,1073741823,1073741823,1073741823,1073737727,1073601535,1072093119,1073110527,1072283583,1073741823,1073741823,1073741823,1073741823,1073741823,1073741823:h5
1073741823,1073741823,1073741823,1073741823,1073737727,1073601535,1072093119,1073110527,1073332159,1073740799,1073741823,1073741823,1073741823,1073741823,1073741823:h5
1073741823,1073741823,1073741823,1073741823,1073737727,1073601535,1072093119,1073110527,1073328063,1073741823,1073741823,1073741823,1073741823,1073741823,1073741823:h5
1073741823,1073741823,1073741823,1073741823,1073737727,1073601535,1072093119,1073109503,1073332159,1073741823,1073741823,1073741823,1073741823,1073741823,1073741823:h5
1073741823,1073741823,1073741823,1073741823,1073737727,1073585151,1072093119,1073110527,1073332159,1073741823,1073741823,1073741823,1073741823,1073741823,1073741823:h5
1073741823,1073741823,1073741823,1073741823,1073737727,1073601535,1072076735,1073110527,1073332159,1073741823,1073741823,1073741823,1073741823,1073741823,1073741823:h5
1073741823,1073741823,1073741823,1073741823,1073737727,1073339391,1072093119,1073110527,1073332159,1073741823,1073741823,1073741823,1073741823,1073741823,1073741823:h5
1073741823,1073741823,1073741823,1073741823,1073737727,1073601535,1072093119,1073110527,1073332159,1073479679,1073741823,1073741823,1073741823,1073741823,1073741823:h5
1073741823,1073741823,1073741823,1073741823,1073737727,1073601535,1072093119,1073110527,1073332159,1073725439,1073741823,1073741823,1073741823,1073741823,1073741823:h5
1073741823,1073741823,1073741823,1073741823,1073737727,1073732607,1072093119,1073110511,1073332223,1073741823,1073741823,1073741823,1073741823,1073741823,1073741823:h5
1073741823,1073741823,1073741823,1073741823,1073737727,1073732591,1072093119,1073110527,1073332223,1073741823,1073741823,1073741823,1073741823,1073741823,1073741823:h5
1073741823,1073741823,1073741567,1073741823,1073737727,1073732607,1072093119,1073110527,1073332223,1073741823,1073741823,1073741823,1073741823,1073741823,1073741823:h5
1073741823,1073741823,1073737727,1073741823,1073737727,1073732607,1072093119,1073110527,1073332223,1073741823,1073741823,1073741823,1073741823,1073741823,1073741823:h5
1073741823,1073741823,1073676287,1073741823,1073737727,1073732607,1072093119,1073110527,1073332223,1073741823,1073741823,1073741823,1073741823,1073741823,1073741823:h5
1073741823,1073741823,1073741823,1073741567,1073737727,1073732607,1072093119,1073110527,1073332223,1073741823,1073741823,1073741823,1073741823,1073741823,1073741823:h5
1073741823,1073741823,1073741823,1073737727,1073737727,1073732607,1072093119,1073110527,1073332223,1073741823,1073741823,1073741823,1073741823,1073741823,1073741823:h5
1073741823,1073741823,1073741823,1073676287,1073737727,1073732607,1072093119,1073110527,1073332223,1073741823,1073741823,1073741823,1073741823,1073741823,1073741823:d9
1073741823,1073741823,1073741823,1073741823,1073737727,1073732607,1072093119,1073110527,1073332223,1073741567,1073741823,1073741823,1073741823,1073741823,1073741823:h5
1073741823,1073741823,1073741823,1073741823,1073737727,1073732607,1072093119,1073110527,1073332223,1073741823,1069547519,1073741823,1073741823,1073741823,1073741823:h5
1073741823,1073741823,1073741823,1073741823,1073737727,1073732607,1072093119,1073110527,1073332223,1072693247,1073741823,1073741823,1073741823,1073741823,1073741823:h5
1073741823,1073741823,1073741823,1073741823,1073721343,1073732607,1072093119,1073110527,1073332223,1073741823,1073741823,1073741823,1073741823,1073741823,1073741823:e7
1073741823,1073741823,1073741823,1073741823,1073721343,1073732607,1072092607,1073110527,1073332207,1073741823,1073741823,1073741823,1073741823,1073741823,1073741823:g9
1073741823,1073741823,1073741823,1073741823,1073721327,1073732607,1072092607,1073110527,1073332223,1073741823,1073741823,1073741823,1073741823,1073741823,1073741823:g9
1073741823,1073741823,1073740799,1073741823,1073721343,1073732607,1072092607,1073110527,1073332223,1073741823,1073741823,1073741823,1073741823,1073741823,1073741823:g9
1073741823,1073741823,1073725439,1073741823,1073721343,1073732607,1072092607,1073110527,1073332223,1073741823,1073741823,1073741823,1073741823,1073741823,1073741823:g9
1073741823,1073741823,1073479679,1073741823,1073721343,1073732607,1072092607,1073110527,1073332223,1073741823,1073741823,1073741823,1073741823,1073741823,1073741823:g9
1073741823,1073741823,1073741823,1073741823,1073721343,1073732607,1072092607,1073110527,1073332219,1073741823,1073741823,1073741823,1073741823,1073741823,1073741823:g9
1073741823,1073741823,1073741823,1073741823,1073721343,1073732607,1072092603,1073110527,1073332223,1073741823,1073741823,1073741823,1073741823,1073741823,1073741823:g9
1073741823,1073741823,1073741823,1073741823,1073721343,1073732607,1072092591,1073110527,1073332223,1073741823,1073741823,1073741823,1073741823,1073741823,1073741823:g9
1073741823,1073741823,1073741823,1073741823,1073721339,1073732607,1072092607,1073110527,1073332223,1073741823,1073741823,1073741823,1073741823,1073741823,1073741823:g9
1073741823,1073741823,1073741823,1073741823,1073721279,1073732607,1072092607,1073110527,1073332223,1073741823,1073741823,1073741823,1073741823,1073741823,1073741823:g9
1073741823,1073741823,1073741823,1073741823,1073721343,1073732607,1072092607,1073110527,1073332223,1073741807,1073741823,1073741823,1073741823,1073741823,1073741823:g9
1073741823,1073741823,1073741823,1073741823,1073721343,1073732607,1072092607,1073110527,1073332159,1073741823,1073741823,1073741823,1073741823,1073741823,1073741823:g9
1073741823,1073741823,1073741823,1073741823,1073721343,1073732607,1072092607,1073110511,1073332223,1073741823,1073741823,1073741823,1073741823,1073741823,1073741823:g9
1073741823,1073741823,1073741823,1073741823,1073721343,1073732591,1072092607,1073110527,1073332223,1073741823,1073741823,1073741823,1073741823,1073741823,1073741823:g9
1073741823,1073741823,1073741567,1073741823,1073721343,1073732607,1072092607,1073110527,1073332223,1073741823,1073741823,1073741823,1073741823,1073741823,1073741823:g9
1073741823,1073741823,1073737727,1073741823,1073721343,1073732607,1072092607,1073110527,1073332223,1073741823,1073741823,1073741823,1073741823,1073741823,1073741823:g9
1073741823,1073741823,1073676287,1073741823,1073721343,1073732607,1072092607,1073110527,1073332223,1073741823,1073741823,1073741823,1073741823,1073741823,1073741823:g9
1073741823,1073741823,1073741823,1073741567,1073721343,1073732607,1072092607,1073110527,1073332223,1073741823,1073741823,1073741823,1073741823,1073741823,1073741823:g9
1073741823,1073741823,1073741823,1073737727,1073721343,1073732607,1072092607,1073110527,1073332223,1073741823,1073741823,1073741823,1073741823,1073741823,1073741823:g9
1073741823,1073741823,1073741823,1073676287,1073721343,1073732607,1072092607,1073110527,1073332223,1073741823,1073741823,1073741823,1073741823,1073741823,1073741823:g9
1073741823,1073741823,1073741823,1073741823,1073721343,1073732607,1072092607,1073110527,1073332223,1073741567,1073741823,1073741823,1073741823,1073741823,1073741823:g9
1073741823,1073741823,1073741823,1073741823,1073721343,1073732607,1072092607,1073110527,1073332223,1073741823,1069547519,1073741823,1073741823,1073741823,1073741823:g9
1073741823,1073741823,1073741823,1073741823,1073721343,1073732607,1072092607,1073110527,1073332223,1072693247,1073741823,1073741823,1073741823,1073741823,1073741823:g9
1073741823,1073741823,1073741823,1073741823,1073459199,1073732607,1072092607,1073110527,1073332223,1073741823,1073741823,1073741823,1073741823,1073741823,1073741823:g9
1073741823,1073741823,1073741823,1073741823,1069527039,1073732607,1072092607,1073110527,1073332223,1073741823,1073741823,1073741823,1073741823,1073741823,1073741823:g9
1073741823,1073741823,1073741823,1073741823,1073721343,1073732607,1072092607,1073110527,1069137919,1073741823,1073741823,1073741823,1073741823,1073741823,1073741823:g9
1073741823,1073741823,1073741823,1073741823,1073721343,1073732607,1072092607,1073110463,1073332223,1073741823,1073741823,1073741823,1073741823,1073741823,1073741823:e9
1073741823,1073741823,1073741823,1073741823,1073721343,1073732543,1072092607,1073110527,1073332223,1073741823,1073741823,1073741823,1073741823,1073741823,1073741823:e9
1073741823,1073741823,1073741823,1073741823,1073721343,1073732351,1072092607,1073110527,1073332223,1073741823,1073741823,1073741823,1073741823,1073741823,1073741823:g9
1073741823,1073741823,1073741823,1073741759,1073721343,1073732607,1072092607,1073110527,1073332223,1073741823,1073741823,1073741823,1073741823,1073741823,1073741823:g9
1073741823,1073741823,1073741823,1073740799,1073721343,1073732607,1072092607,1073110527,1073332223,1073741823,1073741823,1073741823,1073741823,1073741823,1073741823:g9
1073741823,1073741823,1073741823,1073741823,1073720319,1073732607,1072092607,1073110527,1073332223,1073741823,1073741823,1073741823,1073741823,1073741823,1073741823:g9
1073741823,1073741823,1073741823,1073725439,1073721343,1073732607,1072092607,1073110527,1073332223,1073741823,1073741823,1073741823,1073741823,1073741823,1073741823:g9
1073741823,1073741823,1073741823,1073741823,1073721343,1073732607,1072092607,1073110527,1073331967,1073741823,1073741823,1073741823,1073741823,1073741823,1073741823:g9
1073741823,1073741823,1073741823,1073741823,1073721087,1073732607,1072092607,1073110527,1073332223,1073741823,1073741823,1073741823,1073741823,1073741823,1073741823:g9
1073741823,1073741823,1073741823,1073741823,1073721343,1072684031,1072092607,1073110527,1073332223,1073741823,1073741823,1073741823,1073741823,1073741823,1073741823:g9
1073741823,1073741823,1073741823,1073741823,1056944127,1073732607,1072092607,1073110527,1073332223,1073741823,1073741823,1073741823,1073741823,1073741823,1073741823:g9
1073741823,1073741823,1073741823,1073741823,1073721343,1073732607,1055315391,1073110527,1073332223,1073741823,1073741823,1073741823,1073741823,1073741823,1073741823:g9
1073741823,1073741823,1073741823,1073741823,1073721343,1073732607,1067898303,1073110527,1073332223,1073741823,1073741823,1073741823,1073741823,1073741823,1073741823:g9
1073741823,1073741823,1073741823,1073741823,1073721343,1073732607,1072092607,1073110527,1056555007,1073741823,1073741823,1073741823,1073741823,1073741823,1073741823:g9
1073741823,1073741823,1073741823,1073741823,1073721343,1073732607,1072092607,1073110527,1073332223,1073741823,1073737727,1073741823,1073741823,1073741823,1073741823:g9
1073741823,1073741823,1073741823,1073741823,1073721343,1073732607,1072092607,1073110527,1073332223,1073741823,1072693247,1073741823,1073741823,1073741823,1073741823:g9
1073741823,1073741823,1073741823,1073741823,1073721343,1073732607,1072092607,1073110527,1073332223,1073741823,1073676287,1073741823,1073741823,1073741823,1073741823:g9
1073741823,1073741823,1073741823,1073741823,1073721343,1073732607,1072092607,1073110527,1073332223,1073741823,1073740799,1073741823,1073741823,1073741823,1073741823:e9
1073741823,1073741823,1073741823,1073741823,1073721343,1073732607,1072092607,1073110527,1073332223,1073737727,1073741823,1073741823,1073741823,1073741823,1073741823:e9
1073741823,1073741823,1073741823,1073741823,1073721343,1073732607,1072092607,1073110527,1073331199,1073741823,1073741823,1073741823,1073741823,1073741823,1073741823:g9
1073741823,1073741823,1073741823,1073741823,1073721343,1073732607,1072092607,1073110527,1073332223,1073741823,1073479679,1073741823,1073741823,1073741823,1073741823:g9
1073741823,1073741823,1073741823,1073741823,1073721343,1073732607,1072092607,1073110527,1073332223,1073676287,1073741823,1073741823,1073741823,1073741823,1073741823:g9
1073741823,1073741823,1073741823,1073741823,1073721343,1073732607,1072092607,1073110527,1073332223,1073741823,1073725439,1073741823,1073741823,1073741823,1073741823:g9
1073741823,1073741823,1073741823,1073741823,1073721343,1069538303,1072092607,1073110527,1073332223,1073741823,1073741823,1073741823,1073741823,1073741823,1073741823:g9
1073741823,1073741823,1073741823,1073741823,1073721343,1073732607,1072092607,1068916223,1073332223,1073741823,1073741823,1073741823,1073741823,1073741823,1073741823:g9
1073741823,1073741823,1073741823,1073741823,1073721343,1073732607,1072092607,1072061951,1073332223,1073741823,1073741823,1073741823,1073741823,1073741823,1073741823:g9
1073741823,1073741823,1073741823,1073741823,1073721343,1073732607,1072092607,1073110527,1073332223,1069547519,1073741823,1073741823,1073741823,1073741823,1073741823:g9
1073741823,1073741823,1073741823,1073741823,1073655807,1073732607,1072092607,1073110527,1073332223,1073741823,1073741823,1073741823,1073741823,1073741823,1073741823:g9
1073741823,1073741823,1073741823,1073741823,1073721343,1073667071,1072092607,1073110527,1073332223,1073741823,1073741823,1073741823,1073741823,1073741823,1073741823:g9
1073741823,1073741823,1073741823,1073741823,1072672767,1073732607,1072092607,1073110527,1073332223,1073741823,1073741823,1073741823,1073741823,1073741823,1073741823:g9
1073741823,1073741823,1073741823,1073741823,1073721343,1073732607,1072092607,1073110527,1072283647,1073741823,1073741823,1073741823,1073741823,1073741823,1073741823:g9
1073741823,1073741823,1073741823,1073741823,1073721343,1073732607,1072092607,1073110527,1073332223,1073740799,1073741823,1073741823,1073741823,1073741823,1073741823:g9
1073741823,1073741823,1073741823,1073741823,1073721343,1073732607,1072092607,1073110527,1073328127,1073741823,1073741823,1073741823,1073741823,1073741823,1073741823:e9
1073741823,1073741823,1073741823,1073741823,1073721343,1073732607,1072092607,1073109503,1073332223,1073741823,1073741823,1073741823,1073741823,1073741823,1073741823:e10
1073741823,1073741823,1073741823,1073741823,1073721343,1073732607,1072092607,1073109503,1073332223,1073741311,1073741823,1073741807,1073741823,1073741823,1073741823:e9
1073741823,1073741823,1073741823,1073741823,1073721343,1073732607,1072092607,1073109503,1073332223,1073741311,1073741759,1073741823,1073741823,1073741823,1073741823:e9
1073741823,1073741823,1073741823,1073741823,1073721343,1073732607,1072092607,1073109503,1073332223,1073741311,1073741823,1073737727,1073741823,1073741823,1073741823:e9
1073741823,1073741823,1073741823,1073741823,1073721343,1073732607,1072092607,1073109503,1073332223,1073741311,1073741823,1073741567,1073741823,1073741823,1073741823:e9
1073741823,1073741823,1073741823,1073741823,1073721343,1073732607,1072092607,1073109503,1073332223,1073741311,1073741567,1073741823,1073741823,1073741823,1073741823:d9
1073741823,1073741823,1073740799,1073741823,1073721343,1073732607,1072092607,1073109503,1073332223,1073741311,1073741823,1073741823,1073741823,1073741823,1073741823:e9
1073741823,1073741823,1073725439,1073741823,1073721343,1073732607,1072092607,1073109503,1073332223,1073741311,1073741823,1073741823,1073741823,1073741823,1073741823:e9
1073741823,1073741823,1073479679,1073741823,1073721343,1073732607,1072092607,1073109503,1073332223,1073741311,1073741823,1073741823,1073741823,1073741823,1073741823:e9
1073741823,1073741823,1073741823,1073741823,1073721343,1073732607,1072092607,1073109503,1073332223,1073741247,1073741823,1073741823,1073741823,1073741823,1073741823:e9
1073741823,1073741823,1073741823,1073741823,1073721343,1073732607,1072092607,1073109503,1073332207,1073741311,1073741823,1073741823,1073741823,1073741823,1073741823:e9
1073741823,1073741823,1073741823,1073741823,1073721327,1073732607,1072092607,1073109503,1073332223,1073741311,1073741823,1073741823,1073741823,1073741823,1073741823:e9
1073741823,1073741823,1073741823,1073741823,1073721343,1073732607,1072092607,1073109503,1073332219,1073741311,1073741823,1073741823,1073741823,1073741823,1073741823:e9
1073741823,1073741823,1073741823,1073741823,1073721343,1073732607,1072092603,1073109503,1073332223,1073741311,1073741823,1073741823,1073741823,1073741823,1073741823:e9
1073741823,1073741823,1073741823,1073741823,1073721343,1073732607,1072092591,1073109503,1073332223,1073741311,1073741823,1073741823,1073741823,1073741823,1073741823:e9
1073741823,1073741823,1073741823,1073741823,1073721339,1073732607,1072092607,1073109503,1073332223,1073741311,1073741823,1073741823,1073741823,1073741823,1073741823:e9
1073741823,1073741823,1073741823,1073741823,1073721279,1073732607,1072092607,1073109503,1073332223,1073741311,1073741823,1073741823,1073741823,1073741823,1073741823:e9
1073741823,1073741823,1073741823,1073741823,1073721343,1073732607,1072092607,1073109503,1073332223,1073741295,1073741823,1073741823,1073741823,1073741823,1073741823:e9
1073741823,1073741823,1073741823,1073741823,1073721343,1073732607,1072092607,1073109503,1073332159,1073741311,1073741823,1073741823,1073741823,1073741823,1073741823:e9
1073741823,1073741823,1073741823,1073741823,1073721343,1073732607,1072092607,1073109487,1073332223,1073741311,1073741823,1073741823,1073741823,1073741823,1073741823:e9
1073741823,1073741823,1073741823,1073741823,1073721343,1073732591,1072092607,1073109503,1073332223,1073741311,1073741823,1073741823,1073741823,1073741823,1073741823:e9
1073741823,1073741823,1073741567,1073741823,1073721343,1073732607,1072092607,1073109503,1073332223,1073741311,1073741823,1073741823,1073741823,1073741823,1073741823:e9
1073741823,1073741823,1073737727,1073741823,1073721343,1073732607,1072092607,1073109503,1073332223,1073741311,1073741823,1073741823,1073741823,1073741823,1073741823:e9
1073741823,1073741823,1073676287,1073741823,1073721343,1073732607,1072092607,1073109503,1073332223,1073741311,1073741823,1073741823,1073741823,1073741823,1073741823:e9
1073741823,1073741823,1073741823,1073741567,1073721343,1073732607,1072092607,1073109503,1073332223,1073741311,1073741823,1073741823,1073741823,1073741823,1073741823:e9
1073741823,1073741823,1073741823,1073737727,1073721343,1073732607,1072092607,1073109503,1073332223,1073741311,1073741823,1073741823,1073741823,1073741823,1073741823:e9
1073741823,1073741823,1073741823,1073676287,1073721343,1073732607,1072092607,1073109503,1073332223,1073741311,1073741823,1073741823,1073741823,1073741823,1073741823:e9
1073741823,1073741823,1073741823,1073741823,1073721343,1073732607,1072092607,1073109503,1073332223,1073741311,1069547519,1073741823,1073741823,1073741823,1073741823:e9
1073741823,1073741823,1073741823,1073741823,1073721343,1073732607,1072092607,1073109503,1073332223,1072692735,1073741823,1073741823,1073741823,1073741823,1073741823:e9
1073741823,1073741823,1073741823,1073741823,1073459199,1073732607,1072092607,1073109503,1073332223,1073741311,1073741823,1073741823,1073741823,1073741823,1073741823:e9
1073741823,1073741823,1073741823,1073741823,1069527039,1073732607,1072092607,1073109503,1073332223,1073741311,1073741823,1073741823,1073741823,1073741823,1073741823:e9
1073741823,1073741823,1073741823,1073741823,1073721343,1073732607,1072092607,1073109503,1069137919,1073741311,1073741823,1073741823,1073741823,1073741823,1073741823:e9
1073741823,1073741823,1073741823,1073741823,1073721343,1073732607,1072092607,1073109439,1073332223,1073741311,1073741823,1073741823,1073741823,1073741823,1073741823:e9
1073741823,1073741823,1073741823,1073741823,1073721343,1073732543,1072092607,1073109503,1073332223,1073741311,1073741823,1073741823,1073741823,1073741823,1073741823:e9
1073741823,1073741823,1073741823,1073741823,1073721343,1073732351,1072092607,1073109503,1073332223,1073741311,1073741823,1073741823,1073741823,1073741823,1073741823:g10
1073741823,1073741823,1073741823,1073741759,1073721343,1073732607,1072092607,1073109503,1073332223,1073741311,1073741823,1073741823,1073741823,1073741823,1073741823:e9
1073741823,1073741823,1073741823,1073740799,1073721343,1073732607,1072092607,1073109503,1073332223,1073741311,1073741823,1073741823,1073741823,1073741823,1073741823:e9
1073741823,1073741823,1073741823,1073741823,1073720319,1073732607,1072092607,1073109503,1073332223,1073741311,1073741823,1073741823,1073741823,1073741823,1073741823:e9
1073741823,1073741823,1073741823,1073725439,1073721343,1073732607,1072092607,1073109503,1073332223,1073741311,1073741823,1073741823,1073741823,1073741823,1073741823:e9
1073741823,1073741823,1073741823,1073741823,1073721343,1073732607,1072092607,1073109503,1073331967,1073741311,1073741823,1073741823,1073741823,1073741823,1073741823:f9
1073741823,1073741823,1073741823,1073741823,1073721343,1073732607,1072092607,1073109503,1073329919,1073741311,1073741807,1073741823,1073741823,1073741823,1073741823:h7
1073741823,1073741823,1073741823,1073741823,1073721343,1073732607,1072092607,1073109503,1073329919,1073741311,1073741823,1073741807,1073741823,1073741823,1073741823:h7
1073741823,1073741823,1073741823,1073741823,1073721343,1073732607,1072092607,1073109503,1073329919,1073741311,1073741759,1073741823,1073741823,1073741823,1073741823:g10
1073741823,1073741823,1073741823,1073741823,1073721343,1073732607,1072092607,1073109503,1073329919,1073741311,1073741823,1073737727,1073741823,1073741823,1073741823:h7
1073741823,1073741823,1073741823,1073741823,1073721343,1073732607,1072092607,1073109503,1073329919,1073741311,1073741823,1073741567,1073741823,1073741823,1073741823:h7
1073741823,1073741823,1073741823,1073741823,1073721343,1073732607,1072092607,1073109503,1073329919,1073741311,1073741567,1073741823,1073741823,1073741823,1073741823:h7
1073741823,1073741823,1073741823,1073741823,1073721343,1073732607,1072092607,1073109503,1073329919,1073741247,1073741823,1073741823,1073741823,1073741823,1073741823:h7
1073741823,1073741823,1073741823,1073741823,1073721343,1073732607,1072092607,1073109503,1073329903,1073741311,1073741823,1073741823,1073741823,1073741823,1073741823:h7
1073741823,1073741823,1073741823,1073741823,1073721327,1073732607,1072092607,1073109503,1073329919,1073741311,1073741823,1073741823,1073741823,1073741823,1073741823:h7
1073741823,1073741823,1073740799,1073741823,1073721343,1073732607,1072092607,1073109503,1073329919,1073741311,1073741823,1073741823,1073741823,1073741823,1073741823:h7
1073741823,1073741823,1073725439,1073741823,1073721343,1073732607,1072092607,1073109503,1073329919,1073741311,1073741823,1073741823,1073741823,1073741823,1073741823:h7
1073741823,1073741823,1073479679,1073741823,1073721343,1073732607,1072092607,1073109503,1073329919,1073741311,1073741823,1073741823,1073741823,1073741823,1073741823:h7
1073741823,1073741823,1073741823,1073741823,1073721343,1073732607,1072092607,1073109503,1073329915,1073741311,1073741823,1073741823,1073741823,1073741823,1073741823:h7
1073741823,1073741823,1073741823,1073741823,1073721343,1073732607,1072092603,1073109503,1073329919,1073741311,1073741823,1073741823,1073741823,1073741823,1073741823:h7
1073741823,1073741823,1073741823,1073741823,1073721343,1073732607,1072092591,1073109503,1073329919,1073741311,1073741823,1073741823,1073741823,1073741823,1073741823:h7
1073741823,1073741823,1073741823,1073741823,1073721339,1073732607,1072092607,1073109503,1073329919,1073741311,1073741823,1073741823,1073741823,1073741823,1073741823:h7
1073741823,1073741823,1073741823,1073741823,1073721279,1073732607,1072092607,1073109503,1073329919,1073741311,1073741823,1073741823,1073741823,1073741823,1073741823:h7
1073741823,1073741823,1073741823,1073741823,1073721343,1073732607,1072092607,1073109503,1073329919,1073741295,1073741823,1073741823,1073741823,1073741823,1073741823:h7
1073741823,1073741823,1073741823,1073741823,1073721343,1073732607,1072092607,1073109503,1073329855,1073741311,1073741823,1073741823,1073741823,1073741823,1073741823:h7
1073741823,1073741823,1073741823,1073741823,1073721343,1073732607,1072092607,1073109487,1073329919,1073741311,1073741823,1073741823,1073741823,1073741823,1073741823:h7
1073741823,1073741823,1073741823,1073741823,1073721343,1073732591,1072092607,1073109503,1073329919,1073741311,1073741823,1073741823,1073741823,1073741823,1073741823:h7
1073741823,1073741823,1073741567,1073741823,1073721343,1073732607,1072092607,1073109503,1073329919,1073741311,1073741823,1073741823,1073741823,1073741823,1073741823:h7
1073741823,1073741823,1073737727,1073741823,1073721343,1073732607,1072092607,1073109503,1073329919,1073741311,1073741823,1073741823,1073741823,1073741823,1073741823:h7
1073741823,1073741823,1073676287,1073741823,1073721343,1073732607,1072092607,1073109503,1073329919,1073741311,1073741823,1073741823,1073741823,1073741823,1073741823:h7
1073741823,1073741823,1073741823,1073741567,1073721343,1073732607,1072092607,1073109503,1073329919,1073741311,1073741823,1073741823,1073741823,1073741823,1073741823:h7
1073741823,1073741823,1073741823,1073737727,1073721343,1073732607,1072092607,1073109503,1073329919,1073741311,1073741823,1073741823,1073741823,1073741823,1073741823:h7
1073741823,1073741823,1073741823,1073676287,1073721343,1073732607,1072092607,1073109503,1073329919,1073741311,1073741823,1073741823,1073741823,1073741823,1073741823:h7
1073741823,1073741823,1073741823,1073741823,1073721343,1073732607,1072092607,1073109503,1073329919,1073741311,1069547519,1073741823,1073741823,1073741823,1073741823:h7
1073741823,1073741823,1073741823,1073741823,1073721343,1073732607,1072092607,1073109503,1073329919,1072692735,1073741823,1073741823,1073741823,1073741823,1073741823:h7
1073741823,1073741823,1073741823,1073741823,1073459199,1073732607,1072092607,1073109503,1073329919,1073741311,1073741823,1073741823,1073741823,1073741823,1073741823:h7
1073741823,1073741823,1073741823,1073741823,1069527039,1073732607,1072092607,1073109503,1073329919,1073741311,1073741823,1073741823,1073741823,1073741823,1073741823:h7
1073741823,1073741823,1073741823,1073741823,1073721343,1073732607,1072092607,1073109503,1069135615,1073741311,1073741823,1073741823,1073741823,1073741823,1073741823:h7
1073741823,1073741823,1073741823,1073741823,1073721343,1073732607,1072092607,1073109439,1073329919,1073741311,1073741823,1073741823,1073741823,1073741823,1073741823:h7
1073741823,1073741823,1073741823,1073741823,1073721343,1073732543,1072092607,1073109503,1073329919,1073741311,1073741823,1073741823,1073741823,1073741823,1073741823:h7
1073741823,1073741823,1073741823,1073741823,1073721343,1073732351,1072092607,1073109503,1073329919,1073741311,1073741823,1073741823,1073741823,1073741823,1073741823:h7
1073741823,1073741823,1073741823,1073741759,1073721343,1073732607,1072092607,1073109503,1073329919,1073741311,1073741823,1073741823,1073741823,1073741823,1073741823:h7
1073741823,1073741823,1073741823,1073740799,1073721343,1073732607,1072092607,1073109503,1073329919,1073741311,1073741823,1073741823,1073741823,1073741823,1073741823:h7
1073741823,1073741823,1073741823,1073741823,1073720319,1073732607,1072092607,1073109503,1073329919,1073741311,1073741823,1073741823,1073741823,1073741823,1073741823:h7
1073741823,1073741823,1073741823,1073725439,1073721343,1073732607,1072092607,1073109503,1073329919,1073741311,1073741823,1073741823,1073741823,1073741823,1073741823:h7
1073741823,1073741823,1073741823,1073741823,1073721087,1073732607,1072092607,1073109503,1073329919,1073741311,1073741823,1073741823,1073741823,1073741823,1073741823:h7
1073741823,1073741823,1073741823,1073741823,1073721343,1072684031,1072092607,1073109503,1073329919,1073741311,1073741823,1073741823,1073741823,1073741823,1073741823:h7
1073741823,1073741823,1073741823,1073741823,1056944127,1073732607,1072092607,1073109503,1073329919,1073741311,1073741823,1073741823,1073741823,1073741823,1073741823:h7
1073741823,1073741823,1073741823,1073741823,1073721343,1073732607,1055315391,1073109503,1073329919,1073741311,1073741823,1073741823,1073741823,1073741823,1073741823:h7
1073741823,1073741823,1073741823,1073741823,1073721343,1073732607,1067898303,1073109503,1073329919,1073741311,1073741823,1073741823,1073741823,1073741823,1073741823:h7
1073741823,1073741823,1073741823,1073741823,1073721343,1073732607,1072092607,1073109503,1056552703,1073741311,1073741823,1073741823,1073741823,1073741823,1073741823:h7
1073741823,1073741823,1073741823,1073741823,1073721343,1073732607,1072092607,1073109503,1073329919,1073741311,1073737727,1073741823,1073741823,1073741823,1073741823:h7
1073741823,1073741823,1073741823,1073741823,1073721343,1073732607,1072092607,1073109503,1073329919,1073741311,1072693247,1073741823,1073741823,1073741823,1073741823:h7
1073741823,1073741823,1073741823,1073741823,1073721343,1073732607,1072092607,1073109503,1073329919,1073741311,1073676287,1073741823,1073741823,1073741823,1073741823:h7
1073741823,1073741823,1073741823,1073741823,1073721343,1073732607,1072092607,1073109503,1073329919,1073741311,1073740799,1073741823,1073741823,1073741823,1073741823:h7
1073741823,1073741823,1073741823,1073741823,1073721343,1073732607,1072092607,1073109503,1073329919,1073737215,1073741823,1073741823,1073741823,1073741823,1073741823:h7
1073741823,1073741823,1073741823,1073741823,1073721343,1073732607,1072092607,1073109503,1073329919,1073741311,1073479679,1073741823,1073741823,1073741823,1073741823:h7
1073741823,1073741823,1073741823,1073741823,1073721343,1073732607,1072092607,1073109503,1073329919,1073675775,1073741823,1073741823,1073741823,1073741823,1073741823:h7
1073741823,1073741823,1073741823,1073741823,1073721343,1073732607,1072092607,1073109503,1073329919,1073741311,1073725439,1073741823,1073741823,1073741823,1073741823:h7
1073741823,1073741823,1073741823,1073741823,1073721343,1069538303,1072092607,1073109503,1073329919,1073741311,1073741823,1073741823,1073741823,1073741823,1073741823:h7
1073741823,1073741823,1073741823,1073741823,1073721343,1073732607,1072092607,1068915199,1073329919,1073741311,1073741823,1073741823,1073741823,1073741823,1073741823:h7
1073741823,1073741823,1073741823,1073741823,1073721343,1073732607,1072092607,1072060927,1073329919,1073741311,1073741823,1073741823,1073741823,1073741823,1073741823:h7
1073741823,1073741823,1073741823,1073741823,1073721343,1073732607,1072092607,1073109503,1073329919,1069547007,1073741823,1073741823,1073741823,1073741823,1073741823:h7
1073741823,1073741823,1073741823,1073741823,1073655807,1073732607,1072092607,1073109503,1073329919,1073741311,1073741823,1073741823,1073741823,1073741823,1073741823:h7
1073741823,1073741823,1073741823,1073741823,1073721343,1073667071,1072092607,1073109503,1073329919,1073741311,1073741823,1073741823,1073741823,1073741823,1073741823:d11
1073741823,1073741823,1073741823,1073741823,1072672767,1073732607,1072092607,1073109503,1073329919,1073741311,1073741823,1073741823,1073741823,1073741823,1073741823:h7
1073741823,1073741823,1073741823,1073741823,1073721343,1073732607,1072092607,1073109503,1072281343,1073741311,1073741823,1073741823,1073741823,1073741823,1073741823:h7
1073741823,1073741823,1073741823,1073741823,1073721343,1073732607,1072092607,1073109503,1073329919,1073740287,1073741823,1073741823,1073741823,1073741823,1073741823:h7
1073741823,1073741823,1073741823,1073741823,1073721343,1073732607,1072092607,1073109503,1073325823,1073741311,1073741823,1073741823,1073741823,1073741823,1073741823:h7
1073741823,1073741823,1073741823,1073741823,1073721343,1073716223,1072092607,1073109503,1073329919,1073741311,1073741823,1073741823,1073741823,1073741823,1073741823:h7
1073741823,1073741823,1073741823,1073741823,1073721343,1073732607,1072076223,1073109503,1073329919,1073741311,1073741823,1073741823,1073741823,1073741823,1073741823:g10
1073741823,1073741823,1073741823,1073741823,1073721343,1073470463,1072092607,1073109503,1073329919,1073741311,1073741823,1073741823,1073741823,1073741823,1073741823:h7
1073741823,1073741823,1073741823,1073741823,1073721343,1073732607,1072092607,1073109503,1073329919,1073479167,1073741823,1073741823,1073741823,1073741823,1073741823:h7
1073741823,1073741823,1073741823,1073741823,1073721343,1073732607,1072092607,1073109503,1073329919,1073724927,1073741823,1073741823,1073741823,1073741823,1073741823:h7
1073741823,1073741823,1073741823,1073741823,1073721087,1073732607,1072092607,1073109503,1073332223,1073741311,1073741823,1073741823,1073741823,1073741823,1073741823:e9
1073741823,1073741823,1073741823,1073741823,1073721343,1072684031,1072092607,1073109503,1073332223,1073741311,1073741823,1073741823,1073741823,1073741823,1073741823:e9
1073741823,1073741823,1073741823,1073741823,1056944127,1073732607,1072092607,1073109503,1073332223,1073741311,1073741823,1073741823,1073741823,1073741823,1073741823:e9
1073741823,1073741823,1073741823,1073741823,1073721343,1073732607,1055315391,1073109503,1073332223,1073741311,1073741823,1073741823,1073741823,1073741823,1073741823:e9
1073741823,1073741823,1073741823,1073741823,1073721343,1073732607,1067898303,1073109503,1073332223,1073741311,1073741823,1073741823,1073741823,1073741823,1073741823:e9
1073741823,1073741823,1073741823,1073741823,1073721343,1073732607,1072092607,1073109503,1056555007,1073741311,1073741823,1073741823,1073741823,1073741823,1073741823:e9
1073741823,1073741823,1073741823,1073741823,1073721343,1073732607,1072092607,1073109503,1073332223,1073741311,1073737727,1073741823,1073741823,1073741823,1073741823:e9
1073741823,1073741823,1073741823,1073741823,1073721343,1073732607,1072092607,1073109503,1073332223,1073741311,1072693247,1073741823,1073741823,1073741823,1073741823:e9
1073741823,1073741823,1073741823,1073741823,1073721343,1073732607,1072092607,1073109503,1073332223,1073741311,1073676287,1073741823,1073741823,1073741823,1073741823:e9
1073741823,1073741823,1073741823,1073741823,1073721343,1073732607,1072092607,1073109503,1073332223,1073741311,1073740799,1073741823,1073741823,1073741823,1073741823:e9
1073741823,1073741823,1073741823,1073741823,1073721343,1073732607,1072092607,1073109503,1073332223,1073737215,1073741823,1073741823,1073741823,1073741823,1073741823:e9
1073741823,1073741823,1073741823,1073741823,1073721343,1073732607,1072092607,1073109503,1073331199,1073741311,1073741823,1073741823,1073741823,1073741823,1073741823:e9
1073741823,1073741823,1073741823,1073741823,1073721343,1073732607,1072092607,1073109503,1073332223,1073741311,1073479679,1073741823,1073741823,1073741823,1073741823:e9
1073741823,1073741823,1073741823,1073741823,1073721343,1073732607,1072092607,1073109503,1073332223,1073675775,1073741823,1073741823,1073741823,1073741823,1073741823:e9
1073741823,1073741823,1073741823,1073741823,1073721343,1073732607,1072092607,1073109503,1073332223,1073741311,1073725439,1073741823,1073741823,1073741823,1073741823:e9
1073741823,1073741823,1073741823,1073741823,1073721343,1069538303,1072092607,1073109503,1073332223,1073741311,1073741823,1073741823,1073741823,1073741823,1073741823:e9
1073741823,1073741823,1073741823,1073741823,1073721343,1073732607,1072092607,1068915199,1073332223,1073741311,1073741823,1073741823,1073741823,1073741823,1073741823:e9
1073741823,1073741823,1073741823,1073741823,1073721343,1073732607,1072092607,1072060927,1073332223,1073741311,1073741823,1073741823,1073741823,1073741823,1073741823:e9
1073741823,1073741823,1073741823,1073741823,1073721343,1073732607,1072092607,1073109503,1073332223,1069547007,1073741823,1073741823,1073741823,1073741823,1073741823:e9
1073741823,1073741823,1073741823,1073741823,1073655807,1073732607,1072092607,1073109503,1073332223,1073741311,1073741823,1073741823,1073741823,1073741823,1073741823:e9
1073741823,1073741823,1073741823,1073741823,1073721343,1073667071,1072092607,1073109503,1073332223,1073741311,1073741823,1073741823,1073741823,1073741823,1073741823:e9
1073741823,1073741823,1073741823,1073741823,1072672767,1073732607,1072092607,1073109503,1073332223,1073741311,1073741823,1073741823,1073741823,1073741823,1073741823:e9
1073741823,1073741823,1073741823,1073741823,1073721343,1073732607,1072092607,1073109503,1072283647,1073741311,1073741823,1073741823,1073741823,1073741823,1073741823:e9
1073741823,1073741823,1073741823,1073741823,1073721343,1073732607,1072092607,1073109503,1073332223,1073740287,1073741823,1073741823,1073741823,1073741823,1073741823:e9
1073741823,1073741823,1073741823,1073741823,1073721343,1073732607,1072092607,1073109503,1073328127,1073741311,1073741823,1073741823,1073741823,1073741823,1073741823:e9
1073741823,1073741823,1073741823,1073741823,1073721343,1073716223,1072092607,1073109503,1073332223,1073741311,1073741823,1073741823,1073741823,1073741823,1073741823:e9
1073741823,1073741823,1073741823,1073741823,1073721343,1073732607,1072076223,1073109503,1073332223,1073741311,1073741823,1073741823,1073741823,1073741823,1073741823:e9
1073741823,1073741823,1073741823,1073741823,1073721343,1073470463,1072092607,1073109503,1073332223,1073741311,1073741823,1073741823,1073741823,1073741823,1073741823:e9
1073741823,1073741823,1073741823,1073741823,1073721343,1073732607,1072092607,1073109503,1073332223,1073479167,1073741823,1073741823,1073741823,1073741823,1073741823:e9
1073741823,1073741823,1073741823,1073741823,1073721343,1073732607,1072092607,1073109503,1073332223,1073724927,1073741823,1073741823,1073741823,1073741823,1073741823:e9
1073741823,1073741823,1073741823,1073741823,1073721343,1073716223,1072092607,1073110527,1073332223,1073741823,1073741823,1073741823,1073741823,1073741823,1073741823:g9
1073741823,1073741823,1073741823,1073741823,1073721343,1073732607,1072076223,1073110527,1073332223,1073741823,1073741823,1073741823,1073741823,1073741823,1073741823:g9
1073741823,1073741823,1073741823,1073741823,1073721343,1073470463,1072092607,1073110527,1073332223,1073741823,1073741823,1073741823,1073741823,1073741823,1073741823:g9
1073741823,1073741823,1073741823,1073741823,1073721343,1073732607,1072092607,1073110527,1073332223,1073479679,1073741823,1073741823,1073741823,1073741823,1073741823:g9
1073741823,1073741823,1073741823,1073741823,1073721343,1073732607,1072092607,1073110527,1073332223,1073725439,1073741823,1073741823,1073741823,1073741823,1073741823:e9
1073741823,1073741823,1073741823,1073741823,1073475583,1073732607,1072093119,1073110527,1073332223,1073741823,1073741823,1073741823,1073741823,1073741823,1073741823:h5
1073741823,1073741823,1073741823,1073741823,1069543423,1073732607,1072093119,1073110527,1073332223,1073741823,1073741823,1073741823,1073741823,1073741823,1073741823:h5
1073741823,1073741823,1073741823,1073741823,1073737727,1073732607,1072093119,1073110527,1069137919,1073741823,1073741823,1073741823,1073741823,1073741823,1073741823:h5
1073741823,1073741823,1073741823,1073741823,1073737727,1073732607,1072093119,1073110463,1073332223,1073741823,1073741823,1073741823,1073741823,1073741823,1073741823:h5
1073741823,1073741823,1073741823,1073741823,1073737727,1073732543,1072093119,1073110527,1073332223,1073741823,1073741823,1073741823,1073741823,1073741823,1073741823:h5
1073741823,1073741823,1073741823,1073741823,1073737727,1073732351,1072093119,1073110527,1073332223,1073741823,1073741823,1073741823,1073741823,1073741823,1073741823:h5
1073741823,1073741823,1073741823,1073741759,1073737727,1073732607,1072093119,1073110527,1073332223,1073741823,1073741823,1073741823,1073741823,1073741823,1073741823:h5
1073741823,1073741823,1073741823,1073740799,1073737727,1073732607,1072093119,1073110527,1073332223,1073741823,1073741823,1073741823,1073741823,1073741823,1073741823:h5
1073741823,1073741823,1073741823,1073741823,1073736703,1073732607,1072093119,1073110527,1073332223,1073741823,1073741823,1073741823,1073741823,1073741823,1073741823:h5
1073741823,1073741823,1073741823,1073725439,1073737727,1073732607,1072093119,1073110527,1073332223,1073741823,1073741823,1073741823,1073741823,1073741823,1073741823:h5
1073741823,1073741823,1073741823,1073741823,1073737727,1073732607,1072093119,1073110527,1073331967,1073741823,1073741823,1073741823,1073741823,1073741823,1073741823:h5
1073741823,1073741823,1073741823,1073741823,1073737727,1073732607,1072092863,1073110527,1073332223,1073741823,1073741823,1073741823,1073741823,1073741823,1073741823:h5
1073741823,1073741823,1073741823,1073741823,1073737471,1073732607,1072093119,1073110527,1073332223,1073741823,1073741823,1073741823,1073741823,1073741823,1073741823:h5
1073741823,1073741823,1073741823,1073741823,1073737727,1072684031,1072093119,1073110527,1073332223,1073741823,1073741823,1073741823,1073741823,1073741823,1073741823:h5
1073741823,1073741823,1073741823,1073741823,1056960511,1073732607,1072093119,1073110527,1073332223,1073741823,1073741823,1073741823,1073741823,1073741823,1073741823:h5
1073741823,1073741823,1073741823,1073741823,1073737727,1073732607,1055315903,1073110527,1073332223,1073741823,1073741823,1073741823,1073741823,1073741823,1073741823:h5
1073741823,1073741823,1073741823,1073741823,1073737727,1073732607,1067898815,1073110527,1073332223,1073741823,1073741823,1073741823,1073741823,1073741823,1073741823:h5
1073741823,1073741823,1073741823,1073741823,1073737727,1073732607,1072093119,1073110527,1056555007,1073741823,1073741823,1073741823,1073741823,1073741823,1073741823:h5
1073741823,1073741823,1073741823,1073741823,1073737727,1073732607,1072093119,1073110527,1073332223,1073741823,1073737727,1073741823,1073741823,1073741823,1073741823:h5
1073741823,1073741823,1073741823,1073741823,1073737727,1073732607,1072093119,1073110527,1073332223,1073741823,1072693247,1073741823,1073741823,1073741823,1073741823:h5
1073741823,1073741823,1073741823,1073741823,1073737727,1073732607,1072093119,1073110527,1073332223,1073741823,1073676287,1073741823,1073741823,1073741823,1073741823:h5
1073741823,1073741823,1073741823,1073741823,1073737727,1073732607,1072093119,1073110527,1073332223,1073741823,1073740799,1073741823,1073741823,1073741823,1073741823:h5
1073741823,1073741823,1073741823,1073741823,1073737727,1073732607,1072093119,1073110527,1073332223,1073737727,1073741823,1073741823,1073741823,1073741823,1073741823:h5
1073741823,1073741823,1073741823,1073741823,1073737727,1073732607,1072093119,1073110527,1073331199,1073741823,1073741823,1073741823,1073741823,1073741823,1073741823:h5
1073741823,1073741823,1073741823,1073741823,1073737727,1073732607,1072093119,1073110527,1073332223,1073741823,1073479679,1073741823,1073741823,1073741823,1073741823:h5
1073741823,1073741823,1073741823,1073741823,1073737727,1073732607,1072093119,1073110527,1073332223,1073676287,1073741823,1073741823,1073741823,1073741823,1073741823:h5
1073741823,1073741823,1073741823,1073741823,1073737727,1073732607,1072093119,1073110527,1073332223,1073741823,1073725439,1073741823,1073741823,1073741823,1073741823:h5
1073741823,1073741823,1073741823,1073741823,1073737727,1069538303,1072093119,1073110527,1073332223,1073741823,1073741823,1073741823,1073741823,1073741823,1073741823:h5
1073741823,1073741823,1073741823,1073741823,1073737727,1073732607,1072093119,1068916223,1073332223,1073741823,1073741823,1073741823,1073741823,1073741823,1073741823:h5
1073741823,1073741823,1073741823,1073741823,1073737727,1073732607,1072093119,1072061951,1073332223,1073741823,1073741823,1073741823,1073741823,1073741823,1073741823:h5
1073741823,1073741823,1073741823,1073741823,1073737727,1073732607,1072093119,1073110527,1073332223,1069547519,1073741823,1073741823,1073741823,1073741823,1073741823:h5
1073741823,1073741823,1073741823,1073741823,1073672191,1073732607,1072093119,1073110527,1073332223,1073741823,1073741823,1073741823,1073741823,1073741823,1073741823:h5
1073741823,1073741823,1073741823,1073741823,1073737727,1073667071,1072093119,1073110527,1073332223,1073741823,1073741823,1073741823,1073741823,1073741823,1073741823:h5
1073741823,1073741823,1073741823,1073741823,1072689151,1073732607,1072093119,1073110527,1073332223,1073741823,1073741823,1073741823,1073741823,1073741823,1073741823:h5
1073741823,1073741823,1073741823,1073741823,1073737727,1073732607,1072093119,1073110527,1072283647,1073741823,1073741823,1073741823,1073741823,1073741823,1073741823:h5
1073741823,1073741823,1073741823,1073741823,1073737727,1073732607,1072093119,1073110527,1073332223,1073740799,1073741823,1073741823,1073741823,1073741823,1073741823:h5
1073741823,1073741823,1073741823,1073741823,1073737727,1073732607,1072093119,1073110527,1073328127,1073741823,1073741823,1073741823,1073741823,1073741823,1073741823:h5
1073741823,1073741823,1073741823,1073741823,1073737727,1073732607,1072093119,1073109503,1073332223,1073741823,1073741823,1073741823,1073741823,1073741823,1073741823:h5
1073741823,1073741823,1073741823,1073741823,1073737727,1073716223,1072093119,1073110527,1073332223,1073741823,1073741823,1073741823,1073741823,1073741823,1073741823:h5
1073741823,1073741823,1073741823,1073741823,1073737727,1073732607,1072076735,1073110527,1073332223,1073741823,1073741823,1073741823,1073741823,1073741823,1073741823:h5
1073741823,1073741823,1073741823,1073741823,1073737727,1073470463,1072093119,1073110527,1073332223,1073741823,1073741823,1073741823,1073741823,1073741823,1073741823:h5
1073741823,1073741823,1073741823,1073741823,1073737727,1073732607,1072093119,1073110527,1073332223,1073479679,1073741823,1073741823,1073741823,1073741823,1073741823:h5
1073741823,1073741823,1073741823,1073741823,1073737727,1073732607,1072093119,1073110527,1073332223,1073725439,1073741823,1073741823,1073741823,1073741823,1073741823:h5
