1073741823,1073741823,1073741823,1073741823,1073737727,1073732607,1072095231,1073110527,1073331967,1073741823,1073741823,1073741823,1073741823,1073741823,1073741823:f8
1073741823,1073741823,1073741823,1073741823,1073737727,1073732607,1072095231,1073108479,1073331967,1073741823,1073741807,1073741823,1073741823,1073741823,1073741823:d8
1073741823,1073741823,1073741823,1073741823,1073737727,1073732607,1072095231,1073108479,1073331967,1073741759,1073741823,1073741823,1073741823,1073741823,1073741823:d8
1073741823,1073741823,1073741823,1073741823,1073737727,1073732607,1072095231,1073108479,1073331951,1073741823,1073741823,1073741823,1073741823,1073741823,1073741823:d8
1073741823,1073741823,1073741823,1073741823,1073737727,1073732607,1072095215,1073108479,1073331967,1073741823,1073741823,1073741823,1073741823,1073741823,1073741823:d8
1073741823,1073741823,1073741823,1073741823,1073737727,1073732607,1072095231,1073108479,1073331967,1073741823,1073741567,1073741823,1073741823,1073741823,1073741823:d8
1073741823,1073741823,1073741823,1073741823,1073737727,1073732607,1072095231,1073108479,1073331967,1073741807,1073741823,1073741823,1073741823,1073741823,1073741823:d8
1073741823,1073741823,1073741823,1073741823,1073737727,1073732607,1072095231,1073108479,1073331903,1073741823,1073741823,1073741823,1073741823,1073741823,1073741823:d8
1073741823,1073741823,1073741823,1073741823,1073737727,1073732607,1072095231,1073108463,1073331967,1073741823,1073741823,1073741823,1073741823,1073741823,1073741823:d8
1073741823,1073741823,1073741823,1073741823,1073737727,1073732591,1072095231,1073108479,1073331967,1073741823,1073741823,1073741823,1073741823,1073741823,1073741823:d8
1073741823,1073741823,1073741823,1073741823,1073737727,1073732607,1072095167,1073108479,1073331967,1073741823,1073741823,1073741823,1073741823,1073741823,1073741823:d8
1073741823,1073741823,1073741567,1073741823,1073737727,1073732607,1072095231,1073108479,1073331967,1073741823,1073741823,1073741823,1073741823,1073741823,1073741823:d8
1073741823,1073741823,1073737727,1073741823,1073737727,1073732607,1072095231,1073108479,1073331967,1073741823,1073741823,1073741823,1073741823,1073741823,1073741823:d8
1073741823,1073741823,1073676287,1073741823,1073737727,1073732607,1072095231,1073108479,1073331967,1073741823,1073741823,1073741823,1073741823,1073741823,1073741823:d8
1073741823,1073741823,1073741823,1073741567,1073737727,1073732607,1072095231,1073108479,1073331967,1073741823,1073741823,1073741823,1073741823,1073741823,1073741823:d8
1073741823,1073741823,1073741823,1073737727,1073737727,1073732607,1072095231,1073108479,1073331967,1073741823,1073741823,1073741823,1073741823,1073741823,1073741823:d8
1073741823,1073741823,1073741823,1073676287,1073737727,1073732607,1072095231,1073108479,1073331967,1073741823,1073741823,1073741823,1073741823,1073741823,1073741823:d8
1073741823,1073741823,1073741823,1073741823,1073737727,1073732607,1072095231,1073108479,1073331967,1073741567,1073741823,1073741823,1073741823,1073741823,1073741823:d8
1073741823,1073741823,1073741823,1073741823,1073737727,1073732607,1072095231,1073108479,1073331967,1073741823,1069547519,1073741823,1073741823,1073741823,1073741823:d8
1073741823,1073741823,1073741823,1073741823,1073737727,1073732607,1072095231,1073108479,1073331967,1072693247,1073741823,1073741823,1073741823,1073741823,1073741823:d8
1073741823,1073741823,1073741823,1073741823,1073721343,1073732607,1072095231,1073108479,1073331967,1073741823,1073741823,1073741823,1073741823,1073741823,1073741823:d8
1073741823,1073741823,1073741823,1073741823,1073475583,1073732607,1072095231,1073108479,1073331967,1073741823,1073741823,1073741823,1073741823,1073741823,1073741823:d8
1073741823,1073741823,1073741823,1073741823,1069543423,1073732607,1072095231,1073108479,1073331967,1073741823,1073741823,1073741823,1073741823,1073741823,1073741823:d8
1073741823,1073741823,1073741823,1073741823,1073737727,1073732607,1072095231,1073108479,1069137663,1073741823,1073741823,1073741823,1073741823,1073741823,1073741823:d8
1073741823,1073741823,1073741823,1073741823,1073737727,1073732607,1072095231,1073108415,1073331967,1073741823,1073741823,1073741823,1073741823,1073741823,1073741823:g9
1073741823,1073741823,1073741823,1073741823,1073737727,1073732543,1072095231,1073108479,1073331967,1073741823,1073741823,1073741823,1073741823,1073741823,1073741823:d8
1073741823,1073741823,1073741823,1073741823,1073737727,1073732351,1072095231,1073108479,1073331967,1073741823,1073741823,1073741823,1073741823,1073741823,1073741823:d8
1073741823,1073741823,1073741823,1073741759,1073737727,1073732607,1072095231,1073108479,1073331967,1073741823,1073741823,1073741823,1073741823,1073741823,1073741823:d8
1073741823,1073741823,1073741823,1073740799,1073737727,1073732607,1072095231,1073108479,1073331967,1073741823,1073741823,1073741823,1073741823,1073741823,1073741823:d8
1073741823,1073741823,1073741823,1073741823,1073736703,1073732607,1072095231,1073108479,1073331967,1073741823,1073741823,1073741823,1073741823,1073741823,1073741823:d8
1073741823,1073741823,1073741823,1073725439,1073737727,1073732607,1072095231,1073108479,1073331967,1073741823,1073741823,1073741823,1073741823,1073741823,1073741823:d8
1073741823,1073741823,1073741823,1073741823,1073737727,1073732607,1072094975,1073108479,1073331967,1073741823,1073741823,1073741823,1073741823,1073741823,1073741823:d8
1073741823,1073741823,1073741823,1073741823,1073737471,1073732607,1072095231,1073108479,1073331967,1073741823,1073741823,1073741823,1073741823,1073741823,1073741823:d8
1073741823,1073741823,1073741823,1073741823,1073737727,1072684031,1072095231,1073108479,1073331967,1073741823,1073741823,1073741823,1073741823,1073741823,1073741823:d8
1073741823,1073741823,1073741823,1073741823,1056960511,1073732607,1072095231,1073108479,1073331967,1073741823,1073741823,1073741823,1073741823,1073741823,1073741823:d8
1073741823,1073741823,1073741823,1073741823,1073737727,1073732607,1055318015,1073108479,1073331967,1073741823,1073741823,1073741823,1073741823,1073741823,1073741823:d8
1073741823,1073741823,1073741823,1073741823,1073737727,1073732607,1067900927,1073108479,1073331967,1073741823,1073741823,1073741823,1073741823,1073741823,1073741823:d8
1073741823,1073741823,1073741823,1073741823,1073737727,1073732607,1072095231,1073108479,1056554751,1073741823,1073741823,1073741823,1073741823,1073741823,1073741823:d8
1073741823,1073741823,1073741823,1073741823,1073737727,1073732607,1072095231,1073108479,1073331967,1073741823,1073737727,1073741823,1073741823,1073741823,1073741823:d8
1073741823,1073741823,1073741823,1073741823,1073737727,1073732607,1072095231,1073108479,1073331967,1073741823,1072693247,1073741823,1073741823,1073741823,1073741823:d8
1073741823,1073741823,1073741823,1073741823,1073737727,1073732607,1072095231,1073108479,1073331967,1073741823,1073676287,1073741823,1073741823,1073741823,1073741823:d8
1073741823,1073741823,1073741823,1073741823,1073737727,1073732607,1072095231,1073108479,1073331967,1073741823,1073740799,1073741823,1073741823,1073741823,1073741823:d8
1073741823,1073741823,1073741823,1073741823,1073737727,1073732607,1072095231,1073108479,1073331967,1073737727,1073741823,1073741823,1073741823,1073741823,1073741823:d8
1073741823,1073741823,1073741823,1073741823,1073737727,1073732607,1072095231,1073108479,1073330943,1073741823,1073741823,1073741823,1073741823,1073741823,1073741823:d8
1073741823,1073741823,1073741823,1073741823,1073737727,1073732607,1072094207,1073108479,1073331967,1073741823,1073741823,1073741823,1073741823,1073741823,1073741823:d8
1073741823,1073741823,1073741823,1073741823,1073737727,1073732607,1072095231,1073108479,1073331967,1073741823,1073479679,1073741823,1073741823,1073741823,1073741823:d8
1073741823,1073741823,1073741823,1073741823,1073737727,1073732607,1072095231,1073108479,1073331967,1073676287,1073741823,1073741823,1073741823,1073741823,1073741823:d8
1073741823,1073741823,1073741823,1073741823,1073737727,1073732607,1072095231,1073108479,1073331967,1073741823,1073725439,1073741823,1073741823,1073741823,1073741823:d8
1073741823,1073741823,1073741823,1073741823,1073737727,1069538303,1072095231,1073108479,1073331967,1073741823,1073741823,1073741823,1073741823,1073741823,1073741823:d8
1073741823,1073741823,1073741823,1073741823,1073737727,1073732607,1072095231,1068914175,1073331967,1073741823,1073741823,1073741823,1073741823,1073741823,1073741823:d8
1073741823,1073741823,1073741823,1073741823,1073737727,1073732607,1072095231,1072059903,1073331967,1073741823,1073741823,1073741823,1073741823,1073741823,1073741823:d8
1073741823,1073741823,1073741823,1073741823,1073737727,1073732607,1072095231,1073108479,1073331967,1069547519,1073741823,1073741823,1073741823,1073741823,1073741823:d8
1073741823,1073741823,1073741823,1073741823,1073672191,1073732607,1072095231,1073108479,1073331967,1073741823,1073741823,1073741823,1073741823,1073741823,1073741823:d8
1073741823,1073741823,1073741823,1073741823,1073737727,1073667071,1072095231,1073108479,1073331967,1073741823,1073741823,1073741823,1073741823,1073741823,1073741823:d8
1073741823,1073741823,1073741823,1073741823,1072689151,1073732607,1072095231,1073108479,1073331967,1073741823,1073741823,1073741823,1073741823,1073741823,1073741823:d8
1073741823,1073741823,1073741823,1073741823,1073737727,1073732607,1072095231,1073108479,1072283391,1073741823,1073741823,1073741823,1073741823,1073741823,1073741823:d8
1073741823,1073741823,1073741823,1073741823,1073737727,1073732607,1072095231,1073108479,1073331967,1073740799,1073741823,1073741823,1073741823,1073741823,1073741823:d8
1073741823,1073741823,1073741823,1073741823,1073737727,1073732607,1072095231,1073108479,1073327871,1073741823,1073741823,1073741823,1073741823,1073741823,1073741823:d8
1073741823,1073741823,1073741823,1073741823,1073737727,1073716223,1072095231,1073108479,1073331967,1073741823,1073741823,1073741823,1073741823,1073741823,1073741823:d8
1073741823,1073741823,1073741823,1073741823,1073737727,1073732607,1072078847,1073108479,1073331967,1073741823,1073741823,1073741823,1073741823,1073741823,1073741823:d8
1073741823,1073741823,1073741823,1073741823,1073737727,1073470463,1072095231,1073108479,1073331967,1073741823,1073741823,1073741823,1073741823,1073741823,1073741823:d8
1073741823,1073741823,1073741823,1073741823,1073737727,1073732607,1072095231,1073108479,1073331967,1073479679,1073741823,1073741823,1073741823,1073741823,1073741823:d8
1073741823,1073741823,1073741823,1073741823,1073737727,1073732607,1072095231,1073108479,1073331967,1073725439,1073741823,1073741823,1073741823,1073741823,1073741823:d8
