1073741823,1073741823,1073741823,1073741823,1073741823,1072693247,1073377279,1064730623,1071497215,1073192959,1071382527,1069547519,1073741823,1073741823,1073741823:l5
1073741823,1073741823,1073479679,1073741823,1065353215,1072693247,1073377279,1064730623,1071497215,1073192959,1071382527,1069547519,1073741823,1073741823,1073741823:m7
1073741823,1073741823,1069547519,1073741823,1065353215,1072693247,1073377279,1064730623,1071497215,1073192959,1071382527,1069547519,1073741823,1073741823,1073741823:m7
1073741823,1073741823,1073741823,1069547519,1065353215,1072693247,1073377279,1064730623,1071497215,1073192959,1071382527,1069547519,1073741823,1073741823,1073741823:m7
1073741823,1073741823,1006632959,1073741823,1065353215,1072693247,1073377279,1064730623,1071497215,1073192959,1071382527,1069547519,1073741823,1073741823,1073741823:m7
1073741823,1073741823,1073741823,1073741823,998244351,1072693247,1073377279,1064730623,1071497215,1073192959,1071382527,1069547519,1073741823,1073741823,1073741823:m7
1073741823,1073741823,1073741823,1073741823,1048575999,1072693247,1073377279,1064730623,1071497215,1073192959,1071382527,1069547519,1073741823,1073741823,1073741823:m7
1073741823,1073741823,1073741823,1073741823,1065353215,1072693247,1006268415,1064730623,1071497215,1073192959,1071382527,1069547519,1073741823,1073741823,1073741823:m7
1073741823,1073741823,1073741823,1073676287,1065353215,1072693247,1073377279,1064730623,1071497215,1073192959,1071382527,1069547519,1073741823,1073741823,1073741823:m7
1073741823,1073741823,1073741823,1072693247,1065353215,1072693247,1073377279,1064730623,1071497215,1073192959,1071382527,1069547519,1073741823,1073741823,1073741823:m7
1073741823,1073741823,1073741823,1056964607,1065353215,1072693247,1073377279,1064730623,1071497215,1073192959,1071382527,1069547519,1073741823,1073741823,1073741823:m7
1073741823,1073741823,1073741823,1073741823,1065353215,1055916031,1073377279,1064730623,1071497215,1073192959,1071382527,1069547519,1073741823,1073741823,1073741823:m7
1073741823,1073741823,1073741823,1073741823,1065353215,1005584383,1073377279,1064730623,1071497215,1073192959,1071382527,1069547519,1073741823,1073741823,1073741823:i11
1073741823,1073741823,1073741823,1073741823,1065353215,1072693247,1073377279,997621759,1071497215,1073192959,1071382527,1069547519,1073741823,1073741823,1073741823:m7
1073741823,1073741823,1073741823,1073741823,1065353215,1072693247,1073377279,1047953407,1071497215,1073192959,1071382527,1069547519,1073741823,1073741823,1073741823:m7
1073741823,1073741823,1073741823,1073741823,1065353215,1072693247,1073377279,1064730623,1071497215,1073192959,1071382527,1069547519,1073725439,1073741823,1073741823:m7
1073741823,1073741823,1073741823,1073741823,1065353215,1072693247,1073377279,1064730623,1071497215,1073192959,1071382527,1069547519,1073479679,1073741823,1073741823:m7
1073741823,1073741823,1073741823,1073741823,1065353215,1072693247,1073377279,1064730623,1071497215,1073192959,1071382527,1069547263,1073741823,1073741823,1073741823:m7
1073741823,1073741823,1073741823,1073741823,1065353215,1072693247,1073377279,1064730623,1071497215,1073192703,1071382527,1069547519,1073741823,1073741823,1073741823:m7
1073741823,1073741823,1073741823,1073741823,1065353215,1072693247,1073377279,1064730367,1071497215,1073192959,1071382527,1069547519,1073741823,1073741823,1073741823:m7
1073741823,1073741823,1073741823,1073741823,1065353215,1072693247,1073377279,1064730623,1071497215,1073192959,1071382527,1069481983,1073741823,1073741823,1073741823:m7
1073741823,1073741823,1073741823,1073741823,1065353215,1072693247,1073377279,1064730623,1071497215,1073192959,1071382527,1069543423,1073741823,1073741823,1073741823:m7
1073741823,1073741823,1073741823,1073741823,1065353215,1072693247,1073377279,1064730623,1071497215,1073192959,1071382527,1069547519,1073741823,1073479679,1073741823:m7
1073741823,1073741823,1073741823,1073741823,1065353215,1072693247,1073377279,1064730623,1071497215,1006084095,1071382527,1069547519,1073741823,1073741823,1073741823:m7
1073741823,1073741823,1073741823,1073741823,1065353215,1072693247,1073377279,1064730623,1071497215,1073192959,1071382527,1002438655,1073741823,1073741823,1073741823:m7
1073741823,1073741823,1073741823,1073741823,1065353215,1072693247,1073377279,1064730623,1071497215,1073192959,1071382527,1052770303,1073741823,1073741823,1073741823:m7
1073741823,1073741823,1073741823,1073741823,1065353215,1072693247,1073377279,1064730623,1071497215,1073192959,1071382527,1069547519,1073741823,1006632959,1073741823:m7
1073741823,1073741823,1073741823,1073741823,1065353215,1072693247,1073377279,1064730623,1071497215,1073192959,1071382527,1069547519,1073741823,1069547519,1073741823:m7
1073741823,1073741823,1073741823,1073741823,1065353215,1072693247,1073377279,1064730623,1071497215,1073192959,1071382527,1069547519,1069547519,1073741823,1073741823:m7
1073741823,1073741823,1073741823,1073741823,1065353215,1072693247,1073377279,1064730623,1071497215,1073192959,1071382527,1069547519,1073676287,1073741823,1073741823:m7
1073741823,1073741823,1073741823,1073741823,1065353215,1072693247,1073377279,1064730623,1071497215,1073192959,1067188223,1069547519,1073741823,1073741823,1073741823:m7
1073741823,1073741823,1073741823,1073741823,1065353215,1072693247,1073377279,1064730623,1071497215,1073192959,1071382527,1069547519,1056964607,1073741823,1073741823:m7
1073741823,1073741823,1073741823,1073741823,1065353215,1072693247,1073377279,1064730623,1071497215,1073192959,1071382527,1069547519,1072693247,1073741823,1073741823:m7
1073741823,1073741823,1073741823,1073741823,1065353215,1072693247,1073377279,1064730623,1071497215,1073192959,1071382527,1068498943,1073741823,1073741823,1073741823:m7
1073741823,1073741823,1073741823,1073741823,1065353215,1072693247,1073377279,1064730623,1071497215,1073192959,1071381503,1069547519,1073741823,1073741823,1073741823:m7
1073741823,1073741823,1073741823,1073741823,1065353215,1072693247,1073377279,1064730623,1071496191,1073192959,1071382527,1069547519,1073741823,1073741823,1073741823:m7
1073741823,1073741823,1073741823,1073741823,1065352191,1072693247,1073377279,1064730623,1071497215,1073192959,1071382527,1069547519,1073741823,1073741823,1073741823:m7
1073741823,1073741823,1073741823,1073741823,1065336831,1072693247,1073377279,1064730623,1071497215,1073192959,1071382527,1069547519,1073741823,1073741823,1073741823:m7
1073741823,1073741823,1073741823,1073741823,1065091071,1072693247,1073377279,1064730623,1071497215,1073192959,1071382527,1069547519,1073741823,1073741823,1073741823:m7
1073741823,1073741823,1073741823,1073741823,1065353215,1072693247,1069182975,1064730623,1071497215,1073192959,1071382527,1069547519,1073741823,1073741823,1073741823:m7
1073741823,1073741823,1073741823,1073741823,1065353215,1072693247,1056600063,1064730623,1071497215,1073192959,1071382527,1069547519,1073741823,1073741823,1073741823:l6
1073741823,1073741823,1073741823,1073479679,1065353215,1064304639,1056600063,1064730623,1071497215,1073192959,1071382527,1069547519,1073741823,1073741823,1073741823:l7
1073741823,1073741823,1073741823,1006632959,1065353215,1064304639,1056600063,1064730623,1071497215,1073192959,1071382527,1069547519,1073741823,1073741823,1073741823:l7
1073741823,1073741823,1073741823,1073741823,796917759,1064304639,1056600063,1064730623,1071497215,1073192959,1071382527,1069547519,1073741823,1073741823,1073741823:l7
1073741823,1073741823,1073741823,1073741823,1065353215,1064304639,788164607,1064730623,1071497215,1073192959,1071382527,1069547519,1073741823,1073741823,1073741823:l7
1073741823,1073741823,1073741823,1073741823,1065353215,1064304639,1056600063,1064730623,803061759,1073192959,1071382527,1069547519,1073741823,1073741823,1073741823:l7
1073741823,1073741823,1073479679,1073741823,1065353215,1064304639,1056600063,1064730623,1071497215,1073192959,1071382527,1069547519,1073741823,1073741823,1073741823:l7
1073741823,1073741823,1069547519,1073741823,1065353215,1064304639,1056600063,1064730623,1071497215,1073192959,1071382527,1069547519,1073741823,1073741823,1073741823:l7
1073741823,1073741823,1073741823,1069547519,1065353215,1064304639,1056600063,1064730623,1071497215,1073192959,1071382527,1069547519,1073741823,1073741823,1073741823:k7
1073741823,1073741823,1006632959,1073741823,1065353215,1064304639,1056600063,1064730623,1071497215,1073192959,1071382527,1069547519,1073741823,1073741823,1073741823:l7
1073741823,1073741823,1073741823,1073741823,998244351,1064304639,1056600063,1064730623,1071497215,1073192959,1071382527,1069547519,1073741823,1073741823,1073741823:l7
1073741823,1073741823,1073741823,1073741823,1048575999,1064304639,1056600063,1064730623,1071497215,1073192959,1071382527,1069547519,1073741823,1073741823,1073741823:l7
1073741823,1073741823,1073741823,1073741823,1065353215,1064304639,989491199,1064730623,1071497215,1073192959,1071382527,1069547519,1073741823,1073741823,1073741823:l7
1073741823,1073741823,1073741823,1073676287,1065353215,1064304639,1056600063,1064730623,1071497215,1073192959,1071382527,1069547519,1073741823,1073741823,1073741823:l7
1073741823,1073741823,1073741823,1072693247,1065353215,1064304639,1056600063,1064730623,1071497215,1073192959,1071382527,1069547519,1073741823,1073741823,1073741823:l7
1073741823,1073741823,1073741823,1056964607,1065353215,1064304639,1056600063,1064730623,1071497215,1073192959,1071382527,1069547519,1073741823,1073741823,1073741823:l7
1073741823,1073741823,1073741823,1073741823,1065353215,1047527423,1056600063,1064730623,1071497215,1073192959,1071382527,1069547519,1073741823,1073741823,1073741823:l7
1073741823,1073741823,1073741823,1073741823,1065353215,997195775,1056600063,1064730623,1071497215,1073192959,1071382527,1069547519,1073741823,1073741823,1073741823:l7
1073741823,1073741823,1073741823,1073741823,1065353215,1064304639,1056600063,997621759,1071497215,1073192959,1071382527,1069547519,1073741823,1073741823,1073741823:l7
1073741823,1073741823,1073741823,1073741823,1065353215,1064304639,1056600063,1047953407,1071497215,1073192959,1071382527,1069547519,1073741823,1073741823,1073741823:l7
1073741823,1073741823,1073741823,1073741823,1065353215,1064304639,1056600063,1064730623,1071497215,1073192959,1071382527,1069547519,1073725439,1073741823,1073741823:l7
1073741823,1073741823,1073741823,1073741823,1065353215,1064304639,1056600063,1064730623,1071497215,1073192959,1071382527,1069547519,1073479679,1073741823,1073741823:l7
1073741823,1073741823,1073741823,1073741823,1065353215,1064304639,1056600063,1064730623,1071497215,1073192959,1071382527,1069547263,1073741823,1073741823,1073741823:l7
1073741823,1073741823,1073741823,1073741823,1065353215,1064304639,1056600063,1064730623,1071497215,1073192703,1071382527,1069547519,1073741823,1073741823,1073741823:l7
1073741823,1073741823,1073741823,1073741823,1065353215,1064304639,1056600063,1064730367,1071497215,1073192959,1071382527,1069547519,1073741823,1073741823,1073741823:l7
1073741823,1073741823,1073741823,1073741823,1065353215,1064304639,1056600063,1064730623,1071497215,1073192959,1071382527,1069481983,1073741823,1073741823,1073741823:l7
1073741823,1073741823,1073741823,1073741823,1065353215,1064304639,1056600063,1064730623,1071497215,1073192959,1071382527,1069543423,1073741823,1073741823,1073741823:l7
1073741823,1073741823,1073741823,1073741823,1065353215,1064304639,1056600063,1064730623,1071497215,1073192959,1071382527,1069547519,1073741823,1073479679,1073741823:l7
1073741823,1073741823,1073741823,1073741823,1065353215,1064304639,1056600063,1064730623,1071497215,1006084095,1071382527,1069547519,1073741823,1073741823,1073741823:l7
1073741823,1073741823,1073741823,1073741823,1065353215,1064304639,1056600063,1064730623,1071497215,1073192959,1071382527,1002438655,1073741823,1073741823,1073741823:l7
1073741823,1073741823,1073741823,1073741823,1065353215,1064304639,1056600063,1064730623,1071497215,1073192959,1071382527,1052770303,1073741823,1073741823,1073741823:l7
1073741823,1073741823,1073741823,1073741823,1065353215,1064304639,1056600063,1064730623,1071497215,1073192959,1071382527,1069547519,1073741823,1006632959,1073741823:l7
1073741823,1073741823,1073741823,1073741823,1065353215,1064304639,1056600063,1064730623,1071497215,1073192959,1071382527,1069547519,1073741823,1069547519,1073741823:l7
1073741823,1073741823,1073741823,1073741823,1065353215,1064304639,1056600063,1064730623,1071497215,1073192959,1071382527,1069547519,1069547519,1073741823,1073741823:l7
1073741823,1073741823,1073741823,1073741823,1065353215,1064304639,1056600063,1064730623,1071497215,1073192959,1071382527,1069547519,1073676287,1073741823,1073741823:l7
1073741823,1073741823,1073741823,1073741823,1065353215,1064304639,1056600063,1064730623,1071497215,1073192959,1067188223,1069547519,1073741823,1073741823,1073741823:l7
1073741823,1073741823,1073741823,1073741823,1065353215,1064304639,1056600063,1064730623,1071497215,1073192959,1071382527,1069547519,1056964607,1073741823,1073741823:l7
1073741823,1073741823,1073741823,1073741823,1065353215,1064304639,1056600063,1064730623,1071497215,1073192959,1071382527,1069547519,1072693247,1073741823,1073741823:l7
1073741823,1073741823,1073741823,1073741823,1065353215,1064304639,1056600063,1064730623,1071497215,1073192959,1071382527,1068498943,1073741823,1073741823,1073741823:l7
1073741823,1073741823,1073741823,1073741823,1065353215,1064304639,1056600063,1064730623,1071497215,1073192959,1071381503,1069547519,1073741823,1073741823,1073741823:l7
1073741823,1073741823,1073741823,1073741823,1065353215,1064304639,1056600063,1064730623,1071496191,1073192959,1071382527,1069547519,1073741823,1073741823,1073741823:l7
1073741823,1073741823,1073741823,1073741823,1065352191,1064304639,1056600063,1064730623,1071497215,1073192959,1071382527,1069547519,1073741823,1073741823,1073741823:l7
1073741823,1073741823,1073741823,1073741823,1065336831,1064304639,1056600063,1064730623,1071497215,1073192959,1071382527,1069547519,1073741823,1073741823,1073741823:l7
1073741823,1073741823,1073741823,1073741823,1065091071,1064304639,1056600063,1064730623,1071497215,1073192959,1071382527,1069547519,1073741823,1073741823,1073741823:l7
1073741823,1073741823,1073741823,1073741823,1065353215,1064304639,1052405759,1064730623,1071497215,1073192959,1071382527,1069547519,1073741823,1073741823,1073741823:k7
1073741823,1073741823,1073741823,1073741823,1065353215,1064304639,1056600063,1064730623,1054719999,1073192959,1071382527,1069547519,1073741823,1073741823,1073741823:l7
1073741823,1073741823,1073741823,1073741823,1065353215,1064304639,1056600063,1064730623,1067302911,1073192959,1071382527,1069547519,1073741823,1073741823,1073741823:k7
1073741823,1073741823,1073741823,1073741823,1065353215,1064304639,1056600063,1064730623,1071497215,1073192959,1054605311,1069547519,1073741823,1073741823,1073741823:l7
1073741823,1073741823,1073741823,1073741823,1065353215,1064304639,1056600063,1064730623,1071496959,1073192959,1071382527,1069547519,1073741823,1073741823,1073741823:l7
1073741823,1073741823,1073741823,1073741823,1065353215,1064304639,1056599807,1064730623,1071497215,1073192959,1071382527,1069547519,1073741823,1073741823,1073741823:l7
1073741823,1073741823,1073741823,1073741823,1065353215,1064304639,1056599039,1064730623,1071497215,1073192959,1071382527,1069547519,1073741823,1073741823,1073741823:l7
1073741823,1073741823,1073741823,1073741823,1065352959,1064304639,1056600063,1064730623,1071497215,1073192959,1071382527,1069547519,1073741823,1073741823,1073741823:l7
1073741823,1073741823,1073741823,1073741823,1065353215,1064304639,1056600063,1064730623,1071497215,1073192959,1071382527,1069546495,1073741823,1073741823,1073741823:l7
1073741823,1073741823,1073741823,1073741823,1065353215,1064304639,1056600063,1064730623,1071497215,1073192959,1071382527,1069285375,1073741823,1073741823,1073741823:l7
1073741823,1073741823,1073741823,1073741823,1065353215,1064304639,1056600063,1064730623,1071497215,1073192959,1071382527,1069531135,1073741823,1073741823,1073741823:l7
1073741823,1073741823,1073741823,1073741823,1065353215,1064304639,1056600063,1064730623,1071497215,1073192959,1071366143,1069547519,1073741823,1073741823,1073741823:l7
1073741823,1073741823,1073741823,1073741823,1065353215,1064304639,1056600063,1064730623,1071497215,1073192959,1071378431,1069547519,1073741823,1073741823,1073741823:l7
1073741823,1073741823,1073741823,1073741823,1065353215,1064304639,1056600063,1064730623,1071497215,1073192959,1071316991,1069547519,1073741823,1073741823,1073741823:l7
1073741823,1073741823,1073741823,1073741823,1065353215,1064300543,1056600063,1064730623,1071497215,1073192959,1071382527,1069547519,1073741823,1073741823,1073741823:l7
1073741823,1073741823,1073741823,1073741823,1065353215,1064304639,1056600063,1064730623,1071497215,1072144383,1071382527,1069547519,1073741823,1073741823,1073741823:l7
1073741823,1073741823,1073741823,1073741823,1065353215,1064304639,1056600063,1064730623,1071497215,1073127423,1071382527,1069547519,1073741823,1073741823,1073741823:l7
1073741823,1073741823,1073741823,1073741823,1065353215,1064304639,1056600063,1063682047,1071497215,1073192959,1071382527,1069547519,1073741823,1073741823,1073741823:l7
1073741823,1073741823,1073741823,1073741823,1065353215,1064304639,1056600063,1064730623,1071497215,1068998655,1071382527,1069547519,1073741823,1073741823,1073741823:l7
1073741823,1073741823,1073741823,1073741823,1065353215,1064304639,1056600063,1064730623,1071235071,1073192959,1071382527,1069547519,1073741823,1073741823,1073741823:l7
1073741823,1073741823,1073741823,1073741823,1065349119,1064304639,1056600063,1064730623,1071497215,1073192959,1071382527,1069547519,1073741823,1073741823,1073741823:l7
1073741823,1073741823,1073741823,1073741823,1065287679,1064304639,1056600063,1064730623,1071497215,1073192959,1071382527,1069547519,1073741823,1073741823,1073741823:l7
1073741823,1073741823,1073741823,1073741823,1065353215,1064239103,1056600063,1064730623,1071497215,1073192959,1071382527,1069547519,1073741823,1073741823,1073741823:l7
1073741823,1073741823,1073741823,1073741823,1064304639,1064304639,1056600063,1064730623,1071497215,1073192959,1071382527,1069547519,1073741823,1073741823,1073741823:l7
1073741823,1073741823,1073741823,1073741823,1065353215,1064304639,1055551487,1064730623,1071497215,1073192959,1071382527,1069547519,1073741823,1073741823,1073741823:l7
1073741823,1073741823,1073741823,1073741823,1065353215,1064304639,1056600063,1064730623,1071497215,1073191935,1071382527,1069547519,1073741823,1073741823,1073741823:l7
1073741823,1073741823,1073741823,1073741823,1065353215,1064304639,1056600063,1064730623,1071493119,1073192959,1071382527,1069547519,1073741823,1073741823,1073741823:l7
1073741823,1073741823,1073741823,1073741823,1065353215,1064304639,1056600063,1064729599,1071497215,1073192959,1071382527,1069547519,1073741823,1073741823,1073741823:l7
1073741823,1073741823,1073741823,1073741823,1065353215,1064304639,1056600063,1064726527,1071497215,1073192959,1071382527,1069547519,1073741823,1073741823,1073741823:l7
1073741823,1073741823,1073741823,1073741823,1065353215,1064303615,1056600063,1064730623,1071497215,1073192959,1071382527,1069547519,1073741823,1073741823,1073741823:l7
1073741823,1073741823,1073741823,1073741823,1065353215,1064288255,1056600063,1064730623,1071497215,1073192959,1071382527,1069547519,1073741823,1073741823,1073741823:l7
1073741823,1073741823,1073741823,1073741823,1065353215,1064042495,1056600063,1064730623,1071497215,1073192959,1071382527,1069547519,1073741823,1073741823,1073741823:l7
1073741823,1073741823,1073741823,1073741823,1065353215,1072693247,1073377279,1064730623,1054719999,1073192959,1071382527,1069547519,1073741823,1073741823,1073741823:m7
1073741823,1073741823,1073741823,1073741823,1065353215,1072693247,1073377279,1064730623,1067302911,1073192959,1071382527,1069547519,1073741823,1073741823,1073741823:m7
1073741823,1073741823,1073741823,1073741823,1065353215,1072693247,1073377279,1064730623,1071497215,1073192959,1054605311,1069547519,1073741823,1073741823,1073741823:m7
1073741823,1073741823,1073741823,1073741823,1065353215,1072693247,1073377279,1064730623,1071496959,1073192959,1071382527,1069547519,1073741823,1073741823,1073741823:m7
1073741823,1073741823,1073741823,1073741823,1065353215,1072693247,1073377023,1064730623,1071497215,1073192959,1071382527,1069547519,1073741823,1073741823,1073741823:m7
1073741823,1073741823,1073741823,1073741823,1065353215,1072693247,1073376255,1064730623,1071497215,1073192959,1071382527,1069547519,1073741823,1073741823,1073741823:m7
1073741823,1073741823,1073741823,1073741823,1065352959,1072693247,1073377279,1064730623,1071497215,1073192959,1071382527,1069547519,1073741823,1073741823,1073741823:m7
1073741823,1073741823,1073741823,1073741823,1065353215,1072693247,1073377279,1064730623,1071497215,1073192959,1071382527,1069546495,1073741823,1073741823,1073741823:m7
1073741823,1073741823,1073741823,1073741823,1065353215,1072693247,1073377279,1064730623,1071497215,1073192959,1071382527,1069285375,1073741823,1073741823,1073741823:m7
1073741823,1073741823,1073741823,1073741823,1065353215,1072693247,1073377279,1064730623,1071497215,1073192959,1071382527,1069531135,1073741823,1073741823,1073741823:m7
1073741823,1073741823,1073741823,1073741823,1065353215,1072693247,1073377279,1064730623,1071497215,1073192959,1071366143,1069547519,1073741823,1073741823,1073741823:m7
1073741823,1073741823,1073741823,1073741823,1065353215,1072693247,1073377279,1064730623,1071497215,1073192959,1071378431,1069547519,1073741823,1073741823,1073741823:m7
1073741823,1073741823,1073741823,1073741823,1065353215,1072693247,1073377279,1064730623,1071497215,1073192959,1071316991,1069547519,1073741823,1073741823,1073741823:l6
1073741823,1073741823,1073741823,1073479679,1065353215,1064304639,1073377279,1064730623,1071497215,1073192959,1071316991,1069547519,1073741823,1073741823,1073741823:l7
1073741823,1073741823,1073741823,1006632959,1065353215,1064304639,1073377279,1064730623,1071497215,1073192959,1071316991,1069547519,1073741823,1073741823,1073741823:l7
1073741823,1073741823,1073741823,1073741823,1065353215,1064304639,1073377279,1064730623,1071497215,1073192959,1071316991,1069547519,1073737727,1073741823,1073741823:l7
1073741823,1073741823,1073479679,1073741823,1065353215,1064304639,1073377279,1064730623,1071497215,1073192959,1071316991,1069547519,1073741823,1073741823,1073741823:l7
1073741823,1073741823,1069547519,1073741823,1065353215,1064304639,1073377279,1064730623,1071497215,1073192959,1071316991,1069547519,1073741823,1073741823,1073741823:l7
1073741823,1073741823,1073741823,1069547519,1065353215,1064304639,1073377279,1064730623,1071497215,1073192959,1071316991,1069547519,1073741823,1073741823,1073741823:l9
1073741823,1073741823,1006632959,1073741823,1065353215,1064304639,1073377279,1064730623,1071497215,1073192959,1071316991,1069547519,1073741823,1073741823,1073741823:l7
1073741823,1073741823,1073741823,1073741823,998244351,1064304639,1073377279,1064730623,1071497215,1073192959,1071316991,1069547519,1073741823,1073741823,1073741823:l7
1073741823,1073741823,1073741823,1073741823,1048575999,1064304639,1073377279,1064730623,1071497215,1073192959,1071316991,1069547519,1073741823,1073741823,1073741823:l7
1073741823,1073741823,1073741823,1073741823,1065353215,1064304639,1006268415,1064730623,1071497215,1073192959,1071316991,1069547519,1073741823,1073741823,1073741823:l7
1073741823,1073741823,1073741823,1073676287,1065353215,1064304639,1073377279,1064730623,1071497215,1073192959,1071316991,1069547519,1073741823,1073741823,1073741823:l7
1073741823,1073741823,1073741823,1072693247,1065353215,1064304639,1073377279,1064730623,1071497215,1073192959,1071316991,1069547519,1073741823,1073741823,1073741823:l7
1073741823,1073741823,1073741823,1056964607,1065353215,1064304639,1073377279,1064730623,1071497215,1073192959,1071316991,1069547519,1073741823,1073741823,1073741823:l7
1073741823,1073741823,1073741823,1073741823,1065353215,1047527423,1073377279,1064730623,1071497215,1073192959,1071316991,1069547519,1073741823,1073741823,1073741823:l7
1073741823,1073741823,1073741823,1073741823,1065353215,997195775,1073377279,1064730623,1071497215,1073192959,1071316991,1069547519,1073741823,1073741823,1073741823:l7
1073741823,1073741823,1073741823,1073741823,1065353215,1064304639,1073377279,997621759,1071497215,1073192959,1071316991,1069547519,1073741823,1073741823,1073741823:l7
1073741823,1073741823,1073741823,1073741823,1065353215,1064304639,1073377279,1047953407,1071497215,1073192959,1071316991,1069547519,1073741823,1073741823,1073741823:l7
1073741823,1073741823,1073741823,1073741823,1065353215,1064304639,1073377279,1064730623,1071497215,1073192959,1071316991,1069547519,1073725439,1073741823,1073741823:l7
1073741823,1073741823,1073741823,1073741823,1065353215,1064304639,1073377279,1064730623,1071497215,1073192959,1071316991,1069547519,1073479679,1073741823,1073741823:l7
1073741823,1073741823,1073741823,1073741823,1065353215,1064304639,1073377279,1064730623,1071497215,1073192959,1071316991,1069547263,1073741823,1073741823,1073741823:l7
1073741823,1073741823,1073741823,1073741823,1065353215,1064304639,1073377279,1064730623,1071497215,1073192703,1071316991,1069547519,1073741823,1073741823,1073741823:l7
1073741823,1073741823,1073741823,1073741823,1065353215,1064304639,1073377279,1064730367,1071497215,1073192959,1071316991,1069547519,1073741823,1073741823,1073741823:l7
1073741823,1073741823,1073741823,1073741823,1065353215,1064304639,1073377279,1064730623,1071497215,1073192959,1071316991,1069481983,1073741823,1073741823,1073741823:l7
1073741823,1073741823,1073741823,1073741823,1065353215,1064304639,1073377279,1064730623,1071497215,1073192959,1071316991,1069543423,1073741823,1073741823,1073741823:l7
1073741823,1073741823,1073741823,1073741823,1065353215,1064304639,1073377279,1064730623,1071497215,1073192959,1071316991,1069547519,1073741823,1073479679,1073741823:l7
1073741823,1073741823,1073741823,1073741823,1065353215,1064304639,1073377279,1064730623,1071497215,1006084095,1071316991,1069547519,1073741823,1073741823,1073741823:l7
1073741823,1073741823,1073741823,1073741823,1065353215,1064304639,1073377279,1064730623,1071497215,1073192959,1071316991,1002438655,1073741823,1073741823,1073741823:l7
1073741823,1073741823,1073741823,1073741823,1065353215,1064304639,1073377279,1064730623,1071497215,1073192959,1071316991,1052770303,1073741823,1073741823,1073741823:l7
1073741823,1073741823,1073741823,1073741823,1065353215,1064304639,1073377279,1064730623,1071497215,1073192959,1071316991,1069547519,1073741823,1006632959,1073741823:l7
1073741823,1073741823,1073741823,1073741823,1065353215,1064304639,1073377279,1064730623,1071497215,1073192959,1071316991,1069547519,1073741823,1069547519,1073741823:l7
1073741823,1073741823,1073741823,1073741823,1065353215,1064304639,1073377279,1064730623,1071497215,1073192959,1071316991,1069547519,1069547519,1073741823,1073741823:l7
1073741823,1073741823,1073741823,1073741823,1065353215,1064304639,1073377279,1064730623,1071497215,1073192959,1071316991,1069547519,1073676287,1073741823,1073741823:l7
1073741823,1073741823,1073741823,1073741823,1065353215,1064304639,1073377279,1064730623,1071497215,1073192959,1067122687,1069547519,1073741823,1073741823,1073741823:l7
1073741823,1073741823,1073741823,1073741823,1065353215,1064304639,1073377279,1064730623,1071497215,1073192959,1071316991,1069547519,1056964607,1073741823,1073741823:l7
1073741823,1073741823,1073741823,1073741823,1065353215,1064304639,1073377279,1064730623,1071497215,1073192959,1071316991,1069547519,1072693247,1073741823,1073741823:l7
1073741823,1073741823,1073741823,1073741823,1065353215,1064304639,1073377279,1064730623,1071497215,1073192959,1071316991,1068498943,1073741823,1073741823,1073741823:l7
1073741823,1073741823,1073741823,1073741823,1065353215,1064304639,1073377279,1064730623,1071497215,1073192959,1071315967,1069547519,1073741823,1073741823,1073741823:l7
1073741823,1073741823,1073741823,1073741823,1065353215,1064304639,1073377279,1064730623,1071496191,1073192959,1071316991,1069547519,1073741823,1073741823,1073741823:l7
1073741823,1073741823,1073741823,1073741823,1065352191,1064304639,1073377279,1064730623,1071497215,1073192959,1071316991,1069547519,1073741823,1073741823,1073741823:l7
1073741823,1073741823,1073741823,1073741823,1065336831,1064304639,1073377279,1064730623,1071497215,1073192959,1071316991,1069547519,1073741823,1073741823,1073741823:l7
1073741823,1073741823,1073741823,1073741823,1065091071,1064304639,1073377279,1064730623,1071497215,1073192959,1071316991,1069547519,1073741823,1073741823,1073741823:l7
1073741823,1073741823,1073741823,1073741823,1065353215,1064304639,1069182975,1064730623,1071497215,1073192959,1071316991,1069547519,1073741823,1073741823,1073741823:k7
1073741823,1073741823,1073741823,1073741823,1065353215,1064304639,1056600063,1064730623,1071497215,1073192959,1071316991,1069547519,1073741823,1073741823,1073741823:l7
1073741823,1073741823,1073741823,1073741823,1065353215,1064304639,1073377279,1064730623,1054719999,1073192959,1071316991,1069547519,1073741823,1073741823,1073741823:l7
1073741823,1073741823,1073741823,1073741823,1065353215,1064304639,1073377279,1064730623,1067302911,1073192959,1071316991,1069547519,1073741823,1073741823,1073741823:k7
1073741823,1073741823,1073741823,1073741823,1065353215,1064304639,1073377279,1064730623,1071497215,1073192959,1054539775,1069547519,1073741823,1073741823,1073741823:l7
1073741823,1073741823,1073741823,1073741823,1065353215,1064304639,1073377279,1064730623,1071496959,1073192959,1071316991,1069547519,1073741823,1073741823,1073741823:l7
1073741823,1073741823,1073741823,1073741823,1065353215,1064304639,1073377023,1064730623,1071497215,1073192959,1071316991,1069547519,1073741823,1073741823,1073741823:l7
1073741823,1073741823,1073741823,1073741823,1065353215,1064304639,1073376255,1064730623,1071497215,1073192959,1071316991,1069547519,1073741823,1073741823,1073741823:l7
1073741823,1073741823,1073741823,1073741823,1065352959,1064304639,1073377279,1064730623,1071497215,1073192959,1071316991,1069547519,1073741823,1073741823,1073741823:l7
1073741823,1073741823,1073741823,1073741823,1065353215,1064304639,1073377279,1064730623,1071497215,1073192959,1071316991,1069546495,1073741823,1073741823,1073741823:l7
1073741823,1073741823,1073741823,1073741823,1065353215,1064304639,1073377279,1064730623,1071497215,1073192959,1071316991,1069285375,1073741823,1073741823,1073741823:l7
1073741823,1073741823,1073741823,1073741823,1065353215,1064304639,1073377279,1064730623,1071497215,1073192959,1071316991,1069531135,1073741823,1073741823,1073741823:l7
1073741823,1073741823,1073741823,1073741823,1065353215,1064304639,1073377279,1064730623,1071497215,1073192959,1071300607,1069547519,1073741823,1073741823,1073741823:l7
1073741823,1073741823,1073741823,1073741823,1065353215,1064304639,1073377279,1064730623,1071497215,1073192959,1071312895,1069547519,1073741823,1073741823,1073741823:l7
1073741823,1073741823,1073741823,1073741823,1065353215,1064300543,1073377279,1064730623,1071497215,1073192959,1071316991,1069547519,1073741823,1073741823,1073741823:l7
1073741823,1073741823,1073741823,1073741823,1065353215,1064304639,1073377279,1064730623,1071497215,1072144383,1071316991,1069547519,1073741823,1073741823,1073741823:l7
1073741823,1073741823,1073741823,1073741823,1065353215,1064304639,1073377279,1064730623,1071497215,1073127423,1071316991,1069547519,1073741823,1073741823,1073741823:l7
1073741823,1073741823,1073741823,1073741823,1065353215,1064304639,1073377279,1063682047,1071497215,1073192959,1071316991,1069547519,1073741823,1073741823,1073741823:l7
1073741823,1073741823,1073741823,1073741823,1065353215,1064304639,1073377279,1064730623,1071497215,1068998655,1071316991,1069547519,1073741823,1073741823,1073741823:l7
1073741823,1073741823,1073741823,1073741823,1065353215,1064304639,1073377279,1064730623,1071235071,1073192959,1071316991,1069547519,1073741823,1073741823,1073741823:l7
1073741823,1073741823,1073741823,1073741823,1065349119,1064304639,1073377279,1064730623,1071497215,1073192959,1071316991,1069547519,1073741823,1073741823,1073741823:l7
1073741823,1073741823,1073741823,1073741823,1065287679,1064304639,1073377279,1064730623,1071497215,1073192959,1071316991,1069547519,1073741823,1073741823,1073741823:l7
1073741823,1073741823,1073741823,1073741823,1065353215,1064239103,1073377279,1064730623,1071497215,1073192959,1071316991,1069547519,1073741823,1073741823,1073741823:l7
1073741823,1073741823,1073741823,1073741823,1064304639,1064304639,1073377279,1064730623,1071497215,1073192959,1071316991,1069547519,1073741823,1073741823,1073741823:l7
1073741823,1073741823,1073741823,1073741823,1065353215,1064304639,1072328703,1064730623,1071497215,1073192959,1071316991,1069547519,1073741823,1073741823,1073741823:l7
1073741823,1073741823,1073741823,1073741823,1065353215,1064304639,1073377279,1064730623,1071497215,1073191935,1071316991,1069547519,1073741823,1073741823,1073741823:l7
1073741823,1073741823,1073741823,1073741823,1065353215,1064304639,1073377279,1064730623,1071493119,1073192959,1071316991,1069547519,1073741823,1073741823,1073741823:l7
1073741823,1073741823,1073741823,1073741823,1065353215,1064304639,1073377279,1064729599,1071497215,1073192959,1071316991,1069547519,1073741823,1073741823,1073741823:l7
1073741823,1073741823,1073741823,1073741823,1065353215,1064304639,1073377279,1064726527,1071497215,1073192959,1071316991,1069547519,1073741823,1073741823,1073741823:l7
1073741823,1073741823,1073741823,1073741823,1065353215,1064303615,1073377279,1064730623,1071497215,1073192959,1071316991,1069547519,1073741823,1073741823,1073741823:l7
1073741823,1073741823,1073741823,1073741823,1065353215,1064288255,1073377279,1064730623,1071497215,1073192959,1071316991,1069547519,1073741823,1073741823,1073741823:l7
1073741823,1073741823,1073741823,1073741823,1065353215,1064042495,1073377279,1064730623,1071497215,1073192959,1071316991,1069547519,1073741823,1073741823,1073741823:l7
1073741823,1073741823,1073741823,1073741823,1065353215,1072689151,1073377279,1064730623,1071497215,1073192959,1071382527,1069547519,1073741823,1073741823,1073741823:m7
1073741823,1073741823,1073741823,1073741823,1065353215,1072693247,1073377279,1064730623,1071497215,1072144383,1071382527,1069547519,1073741823,1073741823,1073741823:m7
1073741823,1073741823,1073741823,1073741823,1065353215,1072693247,1073377279,1064730623,1071497215,1073127423,1071382527,1069547519,1073741823,1073741823,1073741823:m7
1073741823,1073741823,1073741823,1073741823,1065353215,1068498943,1073377279,1064730623,1071497215,1073192959,1071382527,1069547519,1073741823,1073741823,1073741823:m7
1073741823,1073741823,1073741823,1073741823,1065353215,1072693247,1073377279,1063682047,1071497215,1073192959,1071382527,1069547519,1073741823,1073741823,1073741823:m7
1073741823,1073741823,1073741823,1073741823,1065353215,1072693247,1073377279,1064730623,1071497215,1068998655,1071382527,1069547519,1073741823,1073741823,1073741823:m7
1073741823,1073741823,1073741823,1073741823,1065353215,1072693247,1073377279,1064730623,1071235071,1073192959,1071382527,1069547519,1073741823,1073741823,1073741823:m7
1073741823,1073741823,1073741823,1073741823,1065349119,1072693247,1073377279,1064730623,1071497215,1073192959,1071382527,1069547519,1073741823,1073741823,1073741823:m7
1073741823,1073741823,1073741823,1073741823,1065287679,1072693247,1073377279,1064730623,1071497215,1073192959,1071382527,1069547519,1073741823,1073741823,1073741823:m7
1073741823,1073741823,1073741823,1073741823,1065353215,1072627711,1073377279,1064730623,1071497215,1073192959,1071382527,1069547519,1073741823,1073741823,1073741823:m7
1073741823,1073741823,1073741823,1073741823,1064304639,1072693247,1073377279,1064730623,1071497215,1073192959,1071382527,1069547519,1073741823,1073741823,1073741823:m7
1073741823,1073741823,1073741823,1073741823,1065353215,1072693247,1072328703,1064730623,1071497215,1073192959,1071382527,1069547519,1073741823,1073741823,1073741823:m7
1073741823,1073741823,1073741823,1073741823,1065353215,1072693247,1073377279,1064730623,1071497215,1073191935,1071382527,1069547519,1073741823,1073741823,1073741823:m7
1073741823,1073741823,1073741823,1073741823,1065353215,1072693247,1073377279,1064730623,1071493119,1073192959,1071382527,1069547519,1073741823,1073741823,1073741823:m7
1073741823,1073741823,1073741823,1073741823,1065353215,1072693247,1073377279,1064729599,1071497215,1073192959,1071382527,1069547519,1073741823,1073741823,1073741823:m7
1073741823,1073741823,1073741823,1073741823,1065353215,1072693247,1073377279,1064726527,1071497215,1073192959,1071382527,1069547519,1073741823,1073741823,1073741823:m7
1073741823,1073741823,1073741823,1073741823,1065353215,1072692223,1073377279,1064730623,1071497215,1073192959,1071382527,1069547519,1073741823,1073741823,1073741823:m7
1073741823,1073741823,1073741823,1073741823,1065353215,1072676863,1073377279,1064730623,1071497215,1073192959,1071382527,1069547519,1073741823,1073741823,1073741823:m7
1073741823,1073741823,1073741823,1073741823,1065353215,1072431103,1073377279,1064730623,1071497215,1073192959,1071382527,1069547519,1073741823,1073741823,1073741823:m7
