1073741823,1073741823,1073741823,1073741823,1073741823,1069547519,1071542271,1073184767,1073348607,1073741823,1073725439,1073741823,1073741823,1073741823,1073741823:h6
1073741823,1073741823,1073741823,1073740799,1073741823,1069514751,1071542271,1073184767,1073348607,1073741823,1073725439,1073741823,1073741823,1073741823,1073741823:h5
1073741823,1073741823,1073741823,1073725439,1073741823,1069514751,1071542271,1073184767,1073348607,1073741823,1073725439,1073741823,1073741823,1073741823,1073741823:h9
1073741823,1073741823,1073741823,1073741823,1073741823,1069514751,1071542271,1073184767,1073348607,1073741823,1073725439,1073741823,1073740799,1073741823,1073741823:h5
1073741823,1073741823,1073741823,1073741823,1073741823,1069514751,1071542271,1073184767,1073348607,1073741823,1073725439,1073737727,1073741823,1073741823,1073741823:h5
1073741823,1073741823,1073741823,1073741823,1073741823,1069514751,1071542271,1073184767,1073348607,1073741823,1073724415,1073741823,1073741823,1073741823,1073741823:h5
1073741823,1073741823,1073741823,1073741823,1073741823,1069514751,1071542271,1073184767,1073348607,1073737727,1073725439,1073741823,1073741823,1073741823,1073741823:h5
1073741823,1073741823,1073741823,1073741823,1073741823,1069514751,1071542271,1073184767,1073348607,1073741823,1073725439,1073741823,1073479679,1073741823,1073741823:h5
1073741823,1073741823,1073741823,1073741823,1073741823,1069514751,1071542271,1073184767,1073348607,1073741823,1073725439,1073676287,1073741823,1073741823,1073741823:h5
1073741823,1073741823,1073741823,1073741823,1073741823,1069514751,1071542271,1073184767,1073348607,1073741823,1073725439,1073741823,1073725439,1073741823,1073741823:h5
1073741823,1073741823,1073741823,1073741823,1073741823,1069514751,1071542271,1073184767,1073348607,1073741823,1073725439,1073725439,1073741823,1073741823,1073741823:h5
1073741823,1073741823,1073741823,1073741823,1073741823,1069514751,1071542271,1073184767,1073347583,1073741823,1073725439,1073741823,1073741823,1073741823,1073741823:h5
1073741823,1073741823,1073741823,1073741823,1073740799,1069514751,1071542271,1073184767,1073348607,1073741823,1073725439,1073741823,1073741823,1073741823,1073741823:h5
1073741823,1073741823,1073741823,1073741823,1073725439,1069514751,1071542271,1073184767,1073348607,1073741823,1073725439,1073741823,1073741823,1073741823,1073741823:h10
1073741823,1073741823,1073741823,1073741823,1073479679,1069514751,1071542271,1073184767,1073348607,1073741823,1073725439,1073741823,1073741823,1073741823,1073741823:h5
1073741823,1073741823,1073741823,1073479679,1073741823,1069514751,1071542271,1073184767,1073348607,1073741823,1073725439,1073741823,1073741823,1073741823,1073741823:h5
1073741823,1073741823,1073741823,1069547519,1073741823,1069514751,1071542271,1073184767,1073348607,1073741823,1073725439,1073741823,1073741823,1073741823,1073741823:h5
1073741823,1073741823,1073741823,1073741823,1069547519,1069514751,1071542271,1073184767,1073348607,1073741823,1073725439,1073741823,1073741823,1073741823,1073741823:h5
1073741823,1073741823,1073741823,1006632959,1073741823,1069514751,1071542271,1073184767,1073348607,1073741823,1073725439,1073741823,1073741823,1073741823,1073741823:h5
1073741823,1073741823,1073741823,1073741823,1073741823,1002405887,1071542271,1073184767,1073348607,1073741823,1073725439,1073741823,1073741823,1073741823,1073741823:h5
1073741823,1073741823,1073741823,1073741823,1073741823,1052737535,1071542271,1073184767,1073348607,1073741823,1073725439,1073741823,1073741823,1073741823,1073741823:h5
1073741823,1073741823,1073741823,1073741823,1073741823,1069514751,1071542271,1006075903,1073348607,1073741823,1073725439,1073741823,1073741823,1073741823,1073741823:h5
1073741823,1073741823,1073741823,1073741823,1073741823,1068466175,1071542271,1073184767,1073348607,1073741823,1073725439,1073741823,1073741823,1073741823,1073741823:h5
1073741823,1073741823,1073741823,1073741823,1056964607,1069514751,1071542271,1073184767,1073348607,1073741823,1073725439,1073741823,1073741823,1073741823,1073741823:h5
1073741823,1073741823,1073741823,1073741823,1073741823,1069514751,1054765055,1073184767,1073348607,1073741823,1073725439,1073741823,1073741823,1073741823,1073741823:h5
1073741823,1073741823,1073741823,1073741823,1073741823,1069514751,1071542271,1073184767,1056571391,1073741823,1073725439,1073741823,1073741823,1073741823,1073741823:h5
1073741823,1073741823,1073741823,1073741823,1073741823,1069514751,1071542271,1073184767,1073348351,1073741823,1073725439,1073741823,1073741823,1073741823,1073741823:h5
1073741823,1073741823,1073741823,1073741823,1073741823,1069514751,1071542015,1073184767,1073348607,1073741823,1073725439,1073741823,1073741823,1073741823,1073741823:h5
1073741823,1073741823,1073741823,1073741823,1073741823,1069514751,1071541247,1073184767,1073348607,1073741823,1073725439,1073741823,1073741823,1073741823,1073741823:h5
1073741823,1073741823,1073741823,1073741823,1073741567,1069514751,1071542271,1073184767,1073348607,1073741823,1073725439,1073741823,1073741823,1073741823,1073741823:h5
1073741823,1073741823,1073741823,1073741823,1073741823,1069510655,1071542271,1073184767,1073348607,1073741823,1073725439,1073741823,1073741823,1073741823,1073741823:h5
1073741823,1073741823,1073741823,1073741823,1073741823,1069514751,1071542271,1073184767,1073348607,1073741823,1073721343,1073741823,1073741823,1073741823,1073741823:h5
1073741823,1073741823,1073741823,1073741823,1073741823,1069514751,1071542271,1073184767,1073348607,1073741823,1072676863,1073741823,1073741823,1073741823,1073741823:h5
1073741823,1073741823,1073741823,1073741823,1073741823,1069514751,1071542271,1073184767,1073348607,1073741823,1073659903,1073741823,1073741823,1073741823,1073741823:h5
1073741823,1073741823,1073741823,1073741823,1073741823,1069514751,1071542271,1073184767,1073348607,1073676287,1073725439,1073741823,1073741823,1073741823,1073741823:h5
1073741823,1073741823,1073741823,1073741823,1073741823,1069514751,1067347967,1073184767,1073348607,1073741823,1073725439,1073741823,1073741823,1073741823,1073741823:h5
1073741823,1073741823,1073741823,1073741823,1073741823,1069514751,1071542271,1073184767,1069154303,1073741823,1073725439,1073741823,1073741823,1073741823,1073741823:h5
1073741823,1073741823,1073741823,1073741823,1073741823,1069514751,1071542271,1073184767,1073348607,1073741823,1069531135,1073741823,1073741823,1073741823,1073741823:h5
1073741823,1073741823,1073741823,1073741823,1073741823,1069514751,1071542271,1073184767,1073348607,1072693247,1073725439,1073741823,1073741823,1073741823,1073741823:h5
1073741823,1073741823,1073741823,1073741823,1073741823,1069514751,1071542271,1073184767,1073348607,1073741823,1073463295,1073741823,1073741823,1073741823,1073741823:h5
1073741823,1073741823,1073741823,1073741823,1073741823,1069514751,1071542271,1068990463,1073348607,1073741823,1073725439,1073741823,1073741823,1073741823,1073741823:h5
1073741823,1073741823,1073741823,1073741823,1073741823,1069514751,1071542271,1072136191,1073348607,1073741823,1073725439,1073741823,1073741823,1073741823,1073741823:h5
1073741823,1073741823,1073741823,1073741823,1073741823,1069514751,1071542271,1073184767,1073348607,1069547519,1073725439,1073741823,1073741823,1073741823,1073741823:h5
1073741823,1073741823,1073741823,1073741823,1073737727,1069514751,1071542271,1073184767,1073348607,1073741823,1073725439,1073741823,1073741823,1073741823,1073741823:h5
1073741823,1073741823,1073741823,1073741823,1073676287,1069514751,1071542271,1073184767,1073348607,1073741823,1073725439,1073741823,1073741823,1073741823,1073741823:h5
1073741823,1073741823,1073741823,1073741823,1073741823,1069449215,1071542271,1073184767,1073348607,1073741823,1073725439,1073741823,1073741823,1073741823,1073741823:h5
1073741823,1073741823,1073741823,1073741823,1072693247,1069514751,1071542271,1073184767,1073348607,1073741823,1073725439,1073741823,1073741823,1073741823,1073741823:h5
1073741823,1073741823,1073741823,1073741823,1073741823,1069514751,1071280127,1073184767,1073348607,1073741823,1073725439,1073741823,1073741823,1073741823,1073741823:h5
1073741823,1073741823,1073741823,1073741823,1073741823,1069514751,1071542271,1073184767,1072300031,1073741823,1073725439,1073741823,1073741823,1073741823,1073741823:h5
1073741823,1073741823,1073741823,1073741823,1073741823,1069514751,1071542271,1073184767,1073348607,1073740799,1073725439,1073741823,1073741823,1073741823,1073741823:h5
1073741823,1073741823,1073741823,1073741823,1073741823,1069514751,1071542271,1073184767,1073344511,1073741823,1073725439,1073741823,1073741823,1073741823,1073741823:h5
1073741823,1073741823,1073741823,1073741823,1073741823,1069514751,1071542271,1073183743,1073348607,1073741823,1073725439,1073741823,1073741823,1073741823,1073741823:h5
1073741823,1073741823,1073741823,1073741823,1073741823,1069514751,1071542271,1073180671,1073348607,1073741823,1073725439,1073741823,1073741823,1073741823,1073741823:h5
1073741823,1073741823,1073741823,1073741823,1073741823,1069513727,1071542271,1073184767,1073348607,1073741823,1073725439,1073741823,1073741823,1073741823,1073741823:h5
1073741823,1073741823,1073741823,1073741823,1073741823,1069252607,1071542271,1073184767,1073348607,1073741823,1073725439,1073741823,1073741823,1073741823,1073741823:h5
1073741823,1073741823,1073741823,1073741823,1073741823,1069514751,1071542271,1073119231,1073348607,1073741823,1073725439,1073741823,1073741823,1073741823,1073741823:h5
1073741823,1073741823,1073741823,1073741823,1073741823,1069514751,1071542271,1073184767,1073348607,1073479679,1073725439,1073741823,1073741823,1073741823,1073741823:h5
1073741823,1073741823,1073741823,1073741823,1073741823,1069514751,1071542271,1073184767,1073348607,1073725439,1073725439,1073741823,1073741823,1073741823,1073741823:h5
1073741823,1073741823,1073741823,1073741823,1073741823,1069514751,1071542271,1073184767,1073332223,1073741823,1073725439,1073741823,1073741823,1073741823,1073741823:j6
1073741823,1073741823,1073741823,1073740799,1073741823,1068990463,1071542271,1073184767,1073332223,1073741823,1073725439,1073741823,1073741823,1073741823,1073741823:i6
1073741823,1073741823,1073741823,1073725439,1073741823,1068990463,1071542271,1073184767,1073332223,1073741823,1073725439,1073741823,1073741823,1073741823,1073741823:i6
1073741823,1073741823,1073741823,1073741823,1073741823,1068990463,1071542271,1073184767,1073332223,1073741823,1073725439,1073741823,1073740799,1073741823,1073741823:h4
1073741823,1073741823,1073741823,1073741823,1073741823,1068990463,1071542271,1073184767,1073332223,1073741823,1073725439,1073737727,1073741823,1073741823,1073741823:h4
1073741823,1073741823,1073741823,1073741823,1073741823,1068990463,1071542271,1073184767,1073332223,1073741823,1073724415,1073741823,1073741823,1073741823,1073741823:i6
1073741823,1073741823,1073741823,1073741823,1073741823,1068990463,1071542271,1073184767,1073332223,1073737727,1073725439,1073741823,1073741823,1073741823,1073741823:h4
1073741823,1073741823,1073741823,1073741823,1073741823,1068990463,1071542271,1073184767,1073332223,1073741823,1073725439,1073741823,1073479679,1073741823,1073741823:i6
1073741823,1073741823,1073741823,1073741823,1073741823,1068990463,1071542271,1073184767,1073332223,1073741823,1073725439,1073676287,1073741823,1073741823,1073741823:i6
1073741823,1073741823,1073741823,1073741823,1073741823,1068990463,1071542271,1073184767,1073332223,1073741823,1073725439,1073741823,1073725439,1073741823,1073741823:i6
1073741823,1073741823,1073741823,1073741823,1073741823,1068990463,1071542271,1073184767,1073332223,1073741823,1073725439,1073725439,1073741823,1073741823,1073741823:i6
1073741823,1073741823,1073741823,1073741823,1073741823,1068990463,1071542271,1073184767,1073331199,1073741823,1073725439,1073741823,1073741823,1073741823,1073741823:i6
1073741823,1073741823,1073741823,1073741823,1073740799,1068990463,1071542271,1073184767,1073332223,1073741823,1073725439,1073741823,1073741823,1073741823,1073741823:i6
1073741823,1073741823,1073741823,1073741823,1073725439,1068990463,1071542271,1073184767,1073332223,1073741823,1073725439,1073741823,1073741823,1073741823,1073741823:i6
1073741823,1073741823,1073741823,1073741823,1073479679,1068990463,1071542271,1073184767,1073332223,1073741823,1073725439,1073741823,1073741823,1073741823,1073741823:h4
1073741823,1073741823,1073741823,1073479679,1073741823,1068990463,1071542271,1073184767,1073332223,1073741823,1073725439,1073741823,1073741823,1073741823,1073741823:i6
1073741823,1073741823,1073741823,1069547519,1073741823,1068990463,1071542271,1073184767,1073332223,1073741823,1073725439,1073741823,1073741823,1073741823,1073741823:i6
1073741823,1073741823,1073741823,1073741823,1069547519,1068990463,1071542271,1073184767,1073332223,1073741823,1073725439,1073741823,1073741823,1073741823,1073741823:h4
1073741823,1073741823,1073741823,1006632959,1073741823,1068990463,1071542271,1073184767,1073332223,1073741823,1073725439,1073741823,1073741823,1073741823,1073741823:i6
1073741823,1073741823,1073741823,1073741823,1073741823,1001881599,1071542271,1073184767,1073332223,1073741823,1073725439,1073741823,1073741823,1073741823,1073741823:h4
1073741823,1073741823,1073741823,1073741823,1073741823,1052213247,1071542271,1073184767,1073332223,1073741823,1073725439,1073741823,1073741823,1073741823,1073741823:i6
1073741823,1073741823,1073741823,1073741823,1073741823,1068990463,1071542271,1006075903,1073332223,1073741823,1073725439,1073741823,1073741823,1073741823,1073741823:i6
1073741823,1073741823,1073741823,1073741823,1073741823,1067941887,1071542271,1073184767,1073332223,1073741823,1073725439,1073741823,1073741823,1073741823,1073741823:h4
1073741823,1073741823,1073741823,1073741823,1056964607,1068990463,1071542271,1073184767,1073332223,1073741823,1073725439,1073741823,1073741823,1073741823,1073741823:i6
1073741823,1073741823,1073741823,1073741823,1073741823,1068990463,1054765055,1073184767,1073332223,1073741823,1073725439,1073741823,1073741823,1073741823,1073741823:i6
1073741823,1073741823,1073741823,1073741823,1073741823,1068990463,1071542271,1073184767,1056555007,1073741823,1073725439,1073741823,1073741823,1073741823,1073741823:i6
1073741823,1073741823,1073741823,1073741823,1073741823,1068990463,1071542271,1073184767,1073331967,1073741823,1073725439,1073741823,1073741823,1073741823,1073741823:i6
1073741823,1073741823,1073741823,1073741823,1073741823,1068990463,1071542015,1073184767,1073332223,1073741823,1073725439,1073741823,1073741823,1073741823,1073741823:i6
1073741823,1073741823,1073741823,1073741823,1073741823,1068990463,1071541247,1073184767,1073332223,1073741823,1073725439,1073741823,1073741823,1073741823,1073741823:i6
1073741823,1073741823,1073741823,1073741823,1073741567,1068990463,1071542271,1073184767,1073332223,1073741823,1073725439,1073741823,1073741823,1073741823,1073741823:i6
1073741823,1073741823,1073741823,1073741823,1073741823,1068986367,1071542271,1073184767,1073332223,1073741823,1073725439,1073741823,1073741823,1073741823,1073741823:h4
1073741823,1073741823,1073741823,1073741823,1073741823,1068990463,1071542271,1073184767,1073332223,1073741823,1073721343,1073741823,1073741823,1073741823,1073741823:i6
1073741823,1073741823,1073741823,1073741823,1073741823,1068990463,1071542271,1073184767,1073332223,1073741823,1072676863,1073741823,1073741823,1073741823,1073741823:i6
1073741823,1073741823,1073741823,1073741823,1073741823,1068990463,1071542271,1073184767,1073332223,1073741823,1073659903,1073741823,1073741823,1073741823,1073741823:i6
1073741823,1073741823,1073741823,1073741823,1073741823,1068990463,1071542271,1073184767,1073332223,1073676287,1073725439,1073741823,1073741823,1073741823,1073741823:h4
1073741823,1073741823,1073741823,1073741823,1073741823,1068990463,1067347967,1073184767,1073332223,1073741823,1073725439,1073741823,1073741823,1073741823,1073741823:h4
1073741823,1073741823,1073741823,1073741823,1073741823,1068990463,1071542271,1073184767,1069137919,1073741823,1073725439,1073741823,1073741823,1073741823,1073741823:i6
1073741823,1073741823,1073741823,1073741823,1073741823,1068990463,1071542271,1073184767,1073332223,1073741823,1069531135,1073741823,1073741823,1073741823,1073741823:i6
1073741823,1073741823,1073741823,1073741823,1073741823,1068990463,1071542271,1073184767,1073332223,1072693247,1073725439,1073741823,1073741823,1073741823,1073741823:i6
1073741823,1073741823,1073741823,1073741823,1073741823,1068990463,1071542271,1073184767,1073332223,1073741823,1073463295,1073741823,1073741823,1073741823,1073741823:i6
1073741823,1073741823,1073741823,1073741823,1073741823,1068990463,1071542271,1068990463,1073332223,1073741823,1073725439,1073741823,1073741823,1073741823,1073741823:i6
1073741823,1073741823,1073741823,1073741823,1073741823,1068990463,1071542271,1072136191,1073332223,1073741823,1073725439,1073741823,1073741823,1073741823,1073741823:h4
1073741823,1073741823,1073741823,1073741823,1073741823,1068990463,1071542271,1073184767,1073332223,1069547519,1073725439,1073741823,1073741823,1073741823,1073741823:i6
1073741823,1073741823,1073741823,1073741823,1073737727,1068990463,1071542271,1073184767,1073332223,1073741823,1073725439,1073741823,1073741823,1073741823,1073741823:i6
1073741823,1073741823,1073741823,1073741823,1073676287,1068990463,1071542271,1073184767,1073332223,1073741823,1073725439,1073741823,1073741823,1073741823,1073741823:i6
1073741823,1073741823,1073741823,1073741823,1073741823,1068924927,1071542271,1073184767,1073332223,1073741823,1073725439,1073741823,1073741823,1073741823,1073741823:h4
1073741823,1073741823,1073741823,1073741823,1072693247,1068990463,1071542271,1073184767,1073332223,1073741823,1073725439,1073741823,1073741823,1073741823,1073741823:i6
1073741823,1073741823,1073741823,1073741823,1073741823,1068990463,1071280127,1073184767,1073332223,1073741823,1073725439,1073741823,1073741823,1073741823,1073741823:h4
1073741823,1073741823,1073741823,1073741823,1073741823,1068990463,1071542271,1073184767,1072283647,1073741823,1073725439,1073741823,1073741823,1073741823,1073741823:i6
1073741823,1073741823,1073741823,1073741823,1073741823,1068990463,1071542271,1073184767,1073332223,1073740799,1073725439,1073741823,1073741823,1073741823,1073741823:i6
1073741823,1073741823,1073741823,1073741823,1073741823,1068990463,1071542271,1073184767,1073328127,1073741823,1073725439,1073741823,1073741823,1073741823,1073741823:i6
1073741823,1073741823,1073741823,1073741823,1073741823,1068990463,1071542271,1073183743,1073332223,1073741823,1073725439,1073741823,1073741823,1073741823,1073741823:i6
1073741823,1073741823,1073741823,1073741823,1073741823,1068990463,1071542271,1073180671,1073332223,1073741823,1073725439,1073741823,1073741823,1073741823,1073741823:h4
1073741823,1073741823,1073741823,1073741823,1073741823,1068989439,1071542271,1073184767,1073332223,1073741823,1073725439,1073741823,1073741823,1073741823,1073741823:h4
1073741823,1073741823,1073741823,1073741823,1073741823,1068990463,1071542271,1073119231,1073332223,1073741823,1073725439,1073741823,1073741823,1073741823,1073741823:h4
1073741823,1073741823,1073741823,1073741823,1073741823,1068990463,1071542271,1073184767,1073332223,1073479679,1073725439,1073741823,1073741823,1073741823,1073741823:i6
1073741823,1073741823,1073741823,1073741823,1073741823,1068990463,1071542271,1073184767,1073332223,1073725439,1073725439,1073741823,1073741823,1073741823,1073741823:i6
