1073741823,1073741823,1073741823,1073741823,1073741823,1073733631,1072087039,1073119231,1073602559,1073446911,1069543423,1073741823,1073741823,1073741823,1073741823:j9
1073741823,1073741823,1073741823,1073741823,1073741823,1073733631,1072087039,1073119231,1073078271,1073446911,1069543423,1073741823,1073479679,1073741823,1073741823:g7
1073741823,1073741823,1073741823,1073741823,1073741823,1073733631,1072087039,1073119231,1073078271,1073446911,1069543423,1072693247,1073741823,1073741823,1073741823:g7
1073741823,1073741823,1073741823,1073741823,1073741823,1073733631,1072087039,1073119231,1005969407,1073446911,1069543423,1073741823,1073741823,1073741823,1073741823:g7
1073741823,1073741823,1073741823,1073741823,1073741823,1073733631,1072087039,1073119231,1073078271,1056669695,1069543423,1073741823,1073741823,1073741823,1073741823:g7
1073741823,1073741823,1073741823,1073741823,1073741823,1073733631,1072087039,1073119231,1073078271,1073446911,1002434559,1073741823,1073741823,1073741823,1073741823:g7
1073741823,1073741823,1073741823,1073741823,1073741823,1073733631,1072087039,1073119231,1073078271,1073446911,1052766207,1073741823,1073741823,1073741823,1073741823:g7
1073741823,1073741823,1073741823,1073741823,1073741823,1073733631,1072087039,1073119231,1073078271,1073446911,1069543423,1073741823,1006632959,1073741823,1073741823:g7
1073741823,1073741823,1073741823,1073741823,1073741823,1073733631,1072087039,1073119231,1073078271,1073446911,1069543423,1056964607,1073741823,1073741823,1073741823:g7
1073741823,1073741823,1073741823,1073741823,1073741823,1073733631,1072087039,1073119231,1073078271,1073446911,1069543423,1073741823,1069547519,1073741823,1073741823:g7
1073741823,1073741823,1073741823,1073741823,1073741823,1073733631,1072087039,1073118975,1073078271,1073446911,1069543423,1073741823,1073741823,1073741823,1073741823:j6
1073741823,1073741823,1073741823,1073741823,1073741823,1073733375,1072087039,1073119231,1073078271,1073446911,1069543423,1073741823,1073741823,1073741823,1073741823:j6
1073741823,1073741823,1073741823,1073741567,1073741823,1073733631,1072087039,1073119231,1073078271,1073446911,1069543423,1073741823,1073741823,1073741823,1073741823:j6
1073741823,1073741823,1073741823,1073737727,1073741823,1073733631,1072087039,1073119231,1073078271,1073446911,1069543423,1073741823,1073741823,1073741823,1073741823:g7
1073741823,1073741823,1073741823,1073676287,1073741823,1073733631,1072087039,1073119231,1073078271,1073446911,1069543423,1073741823,1073741823,1073741823,1073741823:h9
1073741823,1073741823,1073741823,1073741823,1073741823,1073733631,1072087039,1073119231,1073078271,1073446911,1069543423,1073741823,1073741567,1073741823,1073741823:g7
1073741823,1073741823,1073741823,1073741823,1073741823,1073733631,1072087039,1073119231,1073078271,1073446911,1069542399,1073741823,1073741823,1073741823,1073741823:j6
1073741823,1073741823,1073741823,1073741823,1073741823,1073733631,1072087039,1073119231,1073078271,1073446911,1069543423,1073741823,1073676287,1073741823,1073741823:g7
1073741823,1073741823,1073741823,1073741823,1073741823,1073733631,1072087039,1073119231,1073078271,1073446911,1069543423,1073741823,1073737727,1073741823,1073741823:g7
1073741823,1073741823,1073741823,1073741823,1073741823,1073733631,1072087039,1073119231,1073078271,1073446911,1069543423,1073737727,1073741823,1073741823,1073741823:j6
1073741823,1073741823,1073741823,1073741823,1069547519,1073733631,1072087039,1073119231,1073078271,1073446911,1069543423,1073741823,1073741823,1073741823,1073741823:g7
1073741823,1073741823,1073741823,1073741823,1073741823,1073733631,1072087039,1073119231,1068883967,1073446911,1069543423,1073741823,1073741823,1073741823,1073741823:g7
1073741823,1073741823,1073741823,1073741823,1073741823,1073733631,1072086015,1073119231,1073078271,1073446911,1069543423,1073741823,1073741823,1073741823,1073741823:h9
1073741823,1073741823,1073741823,1073741823,1073740799,1073733631,1072087039,1073119231,1073078271,1073446911,1069543423,1073741823,1073741823,1073741823,1073741823:j6
1073741823,1073741823,1073741823,1073741823,1073725439,1073733631,1072087039,1073119231,1073078271,1073446911,1069543423,1073741823,1073741823,1073741823,1073741823:h9
1073741823,1073741823,1073741823,1073741823,1073479679,1073733631,1072087039,1073119231,1073078271,1073446911,1069543423,1073741823,1073741823,1073741823,1073741823:h9
1073741823,1073741823,1073741823,1073741823,1073741823,1073733631,1072087039,1073119231,1073078271,1073446911,1069543167,1073741823,1073741823,1073741823,1073741823:g7
1073741823,1073741823,1073741823,1073741823,1073741823,1073733631,1072087039,1073119231,1073078015,1073446911,1069543423,1073741823,1073741823,1073741823,1073741823:j6
1073741823,1073741823,1073741823,1073741823,1073741823,1073733631,1072087039,1073119231,1073077247,1073446911,1069543423,1073741823,1073741823,1073741823,1073741823:j6
1073741823,1073741823,1073741823,1073741823,1073741823,1073733631,1072086783,1073119231,1073078271,1073446911,1069543423,1073741823,1073741823,1073741823,1073741823:h9
1073741823,1073741823,1073741823,1073741823,1056964607,1073733631,1072087039,1073119231,1073078271,1073446911,1069543423,1073741823,1073741823,1073741823,1073741823:g7
1073741823,1073741823,1073741823,1073741823,1073741823,1073733631,1055309823,1073119231,1073078271,1073446911,1069543423,1073741823,1073741823,1073741823,1073741823:g7
1073741823,1073741823,1073741823,1073741823,1073741823,1073733631,1067892735,1073119231,1073078271,1073446911,1069543423,1073741823,1073741823,1073741823,1073741823:g7
1073741823,1073741823,1073741823,1073741823,1073741823,1073733631,1072087039,1073119231,1056301055,1073446911,1069543423,1073741823,1073741823,1073741823,1073741823:g7
1073741823,1073741823,1073741823,1073741823,1073741823,1073733631,1072087039,1073119231,1073078271,1073446911,1069543423,1073740799,1073741823,1073741823,1073741823:g7
1073741823,1073741823,1073741823,1073741823,1073741823,1073733631,1072087039,1073119231,1073078271,1073446911,1069527039,1073741823,1073741823,1073741823,1073741823:g7
1073741823,1073741823,1073741823,1073741823,1073741823,1073733631,1072087039,1073119231,1073078271,1073446911,1069543423,1073725439,1073741823,1073741823,1073741823:g7
1073741823,1073741823,1073741823,1073741823,1073741823,1073733631,1072087039,1073119231,1073078271,1073446911,1069543423,1069547519,1073741823,1073741823,1073741823:g7
1073741823,1073741823,1073741823,1073741823,1073741823,1073733631,1072087039,1073119231,1073078271,1073446911,1069543423,1073479679,1073741823,1073741823,1073741823:g7
1073741823,1073741823,1073741823,1073741823,1073741823,1073733631,1072087039,1073119231,1073078271,1073446911,1069281279,1073741823,1073741823,1073741823,1073741823:g7
1073741823,1073741823,1073741823,1073741823,1073741823,1073733631,1072087039,1073119231,1073078271,1073446911,1068494847,1073741823,1073741823,1073741823,1073741823:g7
1073741823,1073741823,1073741823,1073741823,1073741823,1073733631,1072087039,1073119231,1073078271,1073446911,1069477887,1073741823,1073741823,1073741823,1073741823:g7
1073741823,1073741823,1073741823,1073741823,1073741823,1073733631,1072087039,1073119231,1073078271,1073442815,1069543423,1073741823,1073741823,1073741823,1073741823:j6
1073741823,1073741823,1073741823,1073741823,1073741823,1072685055,1072087039,1073119231,1073078271,1073446911,1069543423,1073741823,1073741823,1073741823,1073741823:g7
1073741823,1073741823,1073741823,1073741823,1073741823,1073733631,1072087039,1073119231,1073078271,1072398335,1069543423,1073741823,1073741823,1073741823,1073741823:g7
1073741823,1073741823,1073741823,1073741823,1073741823,1073733631,1072087039,1073119231,1073078271,1073381375,1069543423,1073741823,1073741823,1073741823,1073741823:g7
1073741823,1073741823,1073741823,1073741823,1073741823,1069539327,1072087039,1073119231,1073078271,1073446911,1069543423,1073741823,1073741823,1073741823,1073741823:g7
1073741823,1073741823,1073741823,1073741823,1073741823,1073733631,1072087039,1068924927,1073078271,1073446911,1069543423,1073741823,1073741823,1073741823,1073741823:g7
1073741823,1073741823,1073741823,1073741823,1073741823,1073733631,1072087039,1072070655,1073078271,1073446911,1069543423,1073741823,1073741823,1073741823,1073741823:g7
1073741823,1073741823,1073741823,1073741823,1073741823,1073733631,1072087039,1073119231,1073078271,1069252607,1069543423,1073741823,1073741823,1073741823,1073741823:g7
1073741823,1073741823,1073741823,1073741823,1073737727,1073733631,1072087039,1073119231,1073078271,1073446911,1069543423,1073741823,1073741823,1073741823,1073741823:h9
1073741823,1073741823,1073741823,1073741823,1073676287,1073733631,1072087039,1073119231,1073078271,1073446911,1069543423,1073741823,1073741823,1073741823,1073741823:j6
1073741823,1073741823,1073741823,1073741823,1073741823,1073668095,1072087039,1073119231,1073078271,1073446911,1069543423,1073741823,1073741823,1073741823,1073741823:h9
1073741823,1073741823,1073741823,1073741823,1072693247,1073733631,1072087039,1073119231,1073078271,1073446911,1069543423,1073741823,1073741823,1073741823,1073741823:g7
1073741823,1073741823,1073741823,1073741823,1073741823,1073733631,1072087039,1073119231,1072029695,1073446911,1069543423,1073741823,1073741823,1073741823,1073741823:g7
1073741823,1073741823,1073741823,1073741823,1073741823,1073733631,1072087039,1073119231,1073078271,1073445887,1069543423,1073741823,1073741823,1073741823,1073741823:j6
1073741823,1073741823,1073741823,1073741823,1073741823,1073733631,1072087039,1073118207,1073078271,1073446911,1069543423,1073741823,1073741823,1073741823,1073741823:j6
1073741823,1073741823,1073741823,1073741823,1073741823,1073733631,1072087039,1073115135,1073078271,1073446911,1069543423,1073741823,1073741823,1073741823,1073741823:j6
1073741823,1073741823,1073741823,1073741823,1073741823,1073732607,1072087039,1073119231,1073078271,1073446911,1069543423,1073741823,1073741823,1073741823,1073741823:h9
1073741823,1073741823,1073741823,1073741823,1073741823,1073733631,1072082943,1073119231,1073078271,1073446911,1069543423,1073741823,1073741823,1073741823,1073741823:h9
1073741823,1073741823,1073741823,1073741823,1073741823,1073717247,1072087039,1073119231,1073078271,1073446911,1069543423,1073741823,1073741823,1073741823,1073741823:h9
1073741823,1073741823,1073741823,1073741823,1073741823,1073471487,1072087039,1073119231,1073078271,1073446911,1069543423,1073741823,1073741823,1073741823,1073741823:g7
1073741823,1073741823,1073741823,1073741823,1073741823,1073733631,1072087039,1073119231,1073061887,1073446911,1069543423,1073741823,1073741823,1073741823,1073741823:i6
1073741823,1073741823,1073741823,1072693247,1073741823,1073602559,1072087039,1073119231,1073061887,1073446911,1069543423,1073741823,1073741823,1073741823,1073741823:f6
1073741823,1073741823,1073741823,1073741823,1073741823,1073602559,1072087039,1073119231,1073061887,1073446911,1069543423,1073741823,1073479679,1073741823,1073741823:f6
1073741823,1073741823,1073741823,1073741823,1073741823,1073602559,1072087039,1073119231,1073061887,1073446911,1069543423,1072693247,1073741823,1073741823,1073741823:f6
1073741823,1073741823,1073741823,1073741823,1073741823,1073602559,1072087039,1073119231,1005953023,1073446911,1069543423,1073741823,1073741823,1073741823,1073741823:f6
1073741823,1073741823,1073741823,1073741823,1073741823,1073602559,1072087039,1073119231,1073061887,1056669695,1069543423,1073741823,1073741823,1073741823,1073741823:f6
1073741823,1073741823,1073741823,1073741823,1073741823,1073602559,1072087039,1073119231,1073061887,1073446911,1002434559,1073741823,1073741823,1073741823,1073741823:f6
1073741823,1073741823,1073741823,1073741823,1073741823,1073602559,1072087039,1073119231,1073061887,1073446911,1052766207,1073741823,1073741823,1073741823,1073741823:f6
1073741823,1073741823,1073741823,1073741823,1073741823,1073602559,1072087039,1073119231,1073061887,1073446911,1069543423,1073741823,1006632959,1073741823,1073741823:f6
1073741823,1073741823,1073741823,1073741823,1073741823,1073602559,1072087039,1073119231,1073061887,1073446911,1069543423,1056964607,1073741823,1073741823,1073741823:f6
1073741823,1073741823,1073741823,1073741823,1073741823,1073602559,1072087039,1073119231,1073061887,1073446911,1069543423,1073741823,1069547519,1073741823,1073741823:f6
1073741823,1073741823,1073741823,1073741823,1073741823,1073602559,1072087039,1073118975,1073061887,1073446911,1069543423,1073741823,1073741823,1073741823,1073741823:f6
1073741823,1073741823,1073741823,1073741823,1073741823,1073602303,1072087039,1073119231,1073061887,1073446911,1069543423,1073741823,1073741823,1073741823,1073741823:j6
1073741823,1073741823,1073741823,1073741567,1073741823,1073602559,1072087039,1073119231,1073061887,1073446911,1069543423,1073741823,1073741823,1073741823,1073741823:f6
1073741823,1073741823,1073741823,1073737727,1073741823,1073602559,1072087039,1073119231,1073061887,1073446911,1069543423,1073741823,1073741823,1073741823,1073741823:f6
1073741823,1073741823,1073741823,1073676287,1073741823,1073602559,1072087039,1073119231,1073061887,1073446911,1069543423,1073741823,1073741823,1073741823,1073741823:f6
1073741823,1073741823,1073741823,1073741823,1073741823,1073602559,1072087039,1073119231,1073061887,1073446911,1069543423,1073741823,1073741567,1073741823,1073741823:f6
1073741823,1073741823,1073741823,1073741823,1073741823,1073602559,1072087039,1073119231,1073061887,1073446911,1069542399,1073741823,1073741823,1073741823,1073741823:j6
1073741823,1073741823,1073741823,1073741823,1073741823,1073602559,1072087039,1073119231,1073061887,1073446911,1069543423,1073741823,1073676287,1073741823,1073741823:f6
1073741823,1073741823,1073741823,1073741823,1073741823,1073602559,1072087039,1073119231,1073061887,1073446911,1069543423,1073741823,1073737727,1073741823,1073741823:f6
1073741823,1073741823,1073741823,1073741823,1073741823,1073602559,1072087039,1073119231,1073061887,1073446911,1069543423,1073737727,1073741823,1073741823,1073741823:f6
1073741823,1073741823,1073741823,1073741823,1069547519,1073602559,1072087039,1073119231,1073061887,1073446911,1069543423,1073741823,1073741823,1073741823,1073741823:f6
1073741823,1073741823,1073741823,1073741823,1073741823,1073602559,1072087039,1073119231,1068867583,1073446911,1069543423,1073741823,1073741823,1073741823,1073741823:f6
1073741823,1073741823,1073741823,1073741823,1073741823,1073602559,1072086015,1073119231,1073061887,1073446911,1069543423,1073741823,1073741823,1073741823,1073741823:j6
1073741823,1073741823,1073741823,1073741823,1073740799,1073602559,1072087039,1073119231,1073061887,1073446911,1069543423,1073741823,1073741823,1073741823,1073741823:f6
1073741823,1073741823,1073741823,1073741823,1073725439,1073602559,1072087039,1073119231,1073061887,1073446911,1069543423,1073741823,1073741823,1073741823,1073741823:f6
1073741823,1073741823,1073741823,1073741823,1073479679,1073602559,1072087039,1073119231,1073061887,1073446911,1069543423,1073741823,1073741823,1073741823,1073741823:f6
1073741823,1073741823,1073741823,1073741823,1073741823,1073602559,1072087039,1073119231,1073061887,1073446911,1069543167,1073741823,1073741823,1073741823,1073741823:f6
1073741823,1073741823,1073741823,1073741823,1073741823,1073602559,1072087039,1073119231,1073061631,1073446911,1069543423,1073741823,1073741823,1073741823,1073741823:f6
1073741823,1073741823,1073741823,1073741823,1073741823,1073602559,1072087039,1073119231,1073060863,1073446911,1069543423,1073741823,1073741823,1073741823,1073741823:f6
1073741823,1073741823,1073741823,1073741823,1073741823,1073602559,1072086783,1073119231,1073061887,1073446911,1069543423,1073741823,1073741823,1073741823,1073741823:g7
1073741823,1073741823,1073741823,1073741823,1056964607,1073602559,1072087039,1073119231,1073061887,1073446911,1069543423,1073741823,1073741823,1073741823,1073741823:f6
1073741823,1073741823,1073741823,1073741823,1073741823,1073602559,1055309823,1073119231,1073061887,1073446911,1069543423,1073741823,1073741823,1073741823,1073741823:f6
1073741823,1073741823,1073741823,1073741823,1073741823,1073602559,1067892735,1073119231,1073061887,1073446911,1069543423,1073741823,1073741823,1073741823,1073741823:f6
1073741823,1073741823,1073741823,1073741823,1073741823,1073602559,1072087039,1073119231,1056284671,1073446911,1069543423,1073741823,1073741823,1073741823,1073741823:f6
1073741823,1073741823,1073741823,1073741823,1073741823,1073602559,1072087039,1073119231,1073061887,1073446911,1069543423,1073740799,1073741823,1073741823,1073741823:f6
1073741823,1073741823,1073741823,1073741823,1073741823,1073602559,1072087039,1073119231,1073061887,1073446911,1069527039,1073741823,1073741823,1073741823,1073741823:f6
1073741823,1073741823,1073741823,1073741823,1073741823,1073602559,1072087039,1073119231,1073061887,1073446911,1069543423,1073725439,1073741823,1073741823,1073741823:f6
1073741823,1073741823,1073741823,1073741823,1073741823,1073602559,1072087039,1073119231,1073061887,1073446911,1069543423,1069547519,1073741823,1073741823,1073741823:f6
1073741823,1073741823,1073741823,1073741823,1073741823,1073602559,1072087039,1073119231,1073061887,1073446911,1069543423,1073479679,1073741823,1073741823,1073741823:f6
1073741823,1073741823,1073741823,1073741823,1073741823,1073602559,1072087039,1073119231,1073061887,1073446911,1069281279,1073741823,1073741823,1073741823,1073741823:f6
1073741823,1073741823,1073741823,1073741823,1073741823,1073602559,1072087039,1073119231,1073061887,1073446911,1068494847,1073741823,1073741823,1073741823,1073741823:f6
1073741823,1073741823,1073741823,1073741823,1073741823,1073602559,1072087039,1073119231,1073061887,1073446911,1069477887,1073741823,1073741823,1073741823,1073741823:f6
1073741823,1073741823,1073741823,1073741823,1073741823,1073602559,1072087039,1073119231,1073061887,1073442815,1069543423,1073741823,1073741823,1073741823,1073741823:j6
1073741823,1073741823,1073741823,1073741823,1073741823,1072553983,1072087039,1073119231,1073061887,1073446911,1069543423,1073741823,1073741823,1073741823,1073741823:f6
1073741823,1073741823,1073741823,1073741823,1073741823,1073602559,1072087039,1073119231,1073061887,1072398335,1069543423,1073741823,1073741823,1073741823,1073741823:f6
1073741823,1073741823,1073741823,1073741823,1073741823,1073602559,1072087039,1073119231,1073061887,1073381375,1069543423,1073741823,1073741823,1073741823,1073741823:f6
1073741823,1073741823,1073741823,1073741823,1073741823,1069408255,1072087039,1073119231,1073061887,1073446911,1069543423,1073741823,1073741823,1073741823,1073741823:f6
1073741823,1073741823,1073741823,1073741823,1073741823,1073602559,1072087039,1068924927,1073061887,1073446911,1069543423,1073741823,1073741823,1073741823,1073741823:f6
1073741823,1073741823,1073741823,1073741823,1073741823,1073602559,1072087039,1072070655,1073061887,1073446911,1069543423,1073741823,1073741823,1073741823,1073741823:f6
1073741823,1073741823,1073741823,1073741823,1073741823,1073602559,1072087039,1073119231,1073061887,1069252607,1069543423,1073741823,1073741823,1073741823,1073741823:f6
1073741823,1073741823,1073741823,1073741823,1073737727,1073602559,1072087039,1073119231,1073061887,1073446911,1069543423,1073741823,1073741823,1073741823,1073741823:j6
1073741823,1073741823,1073741823,1073741823,1073676287,1073602559,1072087039,1073119231,1073061887,1073446911,1069543423,1073741823,1073741823,1073741823,1073741823:f6
1073741823,1073741823,1073741823,1073741823,1072693247,1073602559,1072087039,1073119231,1073061887,1073446911,1069543423,1073741823,1073741823,1073741823,1073741823:f6
1073741823,1073741823,1073741823,1073741823,1073741823,1073602559,1072087039,1073119231,1072013311,1073446911,1069543423,1073741823,1073741823,1073741823,1073741823:f6
1073741823,1073741823,1073741823,1073741823,1073741823,1073602559,1072087039,1073119231,1073061887,1073445887,1069543423,1073741823,1073741823,1073741823,1073741823:f6
1073741823,1073741823,1073741823,1073741823,1073741823,1073602559,1072087039,1073118207,1073061887,1073446911,1069543423,1073741823,1073741823,1073741823,1073741823:f6
1073741823,1073741823,1073741823,1073741823,1073741823,1073602559,1072087039,1073115135,1073061887,1073446911,1069543423,1073741823,1073741823,1073741823,1073741823:j6
1073741823,1073741823,1073741823,1073741823,1073741823,1073601535,1072087039,1073119231,1073061887,1073446911,1069543423,1073741823,1073741823,1073741823,1073741823:j6
1073741823,1073741823,1073741823,1073741823,1073741823,1073602559,1072082943,1073119231,1073061887,1073446911,1069543423,1073741823,1073741823,1073741823,1073741823:j6
1073741823,1073741823,1073741823,1073741823,1073741823,1073586175,1072087039,1073119231,1073061887,1073446911,1069543423,1073741823,1073741823,1073741823,1073741823:h5
1073741823,1073741823,1073741823,1073741823,1073741823,1073340415,1072087039,1073119231,1073061887,1073446911,1069543423,1073741823,1073741823,1073741823,1073741823:g7
1073741823,1073741823,1073741823,1073741823,1073741567,1073340415,1072078847,1073119231,1073061887,1073446911,1069543423,1073741823,1073741823,1073741823,1073741823:g8
1073741823,1073741823,1073741823,1073725439,1073741823,1073340415,1072078847,1073119231,1073061887,1073446911,1069543423,1073741823,1073741823,1073741823,1073741823:g8
1073741823,1073741823,1073741823,1073479679,1073741823,1073340415,1072078847,1073119231,1073061887,1073446911,1069543423,1073741823,1073741823,1073741823,1073741823:g8
1073741823,1073741823,1073741823,1069547519,1073741823,1073340415,1072078847,1073119231,1073061887,1073446911,1069543423,1073741823,1073741823,1073741823,1073741823:g8
1073741823,1073741823,1073741823,1072693247,1073741823,1073340415,1072078847,1073119231,1073061887,1073446911,1069543423,1073741823,1073741823,1073741823,1073741823:g8
1073741823,1073741823,1073741823,1073741823,1073741823,1073340415,1072078847,1073119231,1073061887,1073446911,1069543423,1073741823,1073479679,1073741823,1073741823:g8
1073741823,1073741823,1073741823,1073741823,1073741823,1073340415,1072078847,1073119231,1073061887,1073446911,1069543423,1072693247,1073741823,1073741823,1073741823:g8
1073741823,1073741823,1073741823,1073741823,1073741823,1073340415,1072078847,1073119231,1005953023,1073446911,1069543423,1073741823,1073741823,1073741823,1073741823:g8
1073741823,1073741823,1073741823,1073741823,1073741823,1073340415,1072078847,1073119231,1073061887,1056669695,1069543423,1073741823,1073741823,1073741823,1073741823:g8
1073741823,1073741823,1073741823,1073741823,1073741823,1073340415,1072078847,1073119231,1073061887,1073446911,1002434559,1073741823,1073741823,1073741823,1073741823:g8
1073741823,1073741823,1073741823,1073741823,1073741823,1073340415,1072078847,1073119231,1073061887,1073446911,1052766207,1073741823,1073741823,1073741823,1073741823:g8
1073741823,1073741823,1073741823,1073741823,1073741823,1073340415,1072078847,1073119231,1073061887,1073446911,1069543423,1073741823,1006632959,1073741823,1073741823:g8
1073741823,1073741823,1073741823,1073741823,1073741823,1073340415,1072078847,1073119231,1073061887,1073446911,1069543423,1056964607,1073741823,1073741823,1073741823:g8
1073741823,1073741823,1073741823,1073741823,1073741823,1073340415,1072078847,1073119231,1073061887,1073446911,1069543423,1073741823,1069547519,1073741823,1073741823:g8
1073741823,1073741823,1073741823,1073741823,1073741823,1073340415,1072078847,1073118975,1073061887,1073446911,1069543423,1073741823,1073741823,1073741823,1073741823:g8
1073741823,1073741823,1073741823,1073741823,1073741823,1073340159,1072078847,1073119231,1073061887,1073446911,1069543423,1073741823,1073741823,1073741823,1073741823:g8
1073741823,1073741823,1073741823,1073741567,1073741823,1073340415,1072078847,1073119231,1073061887,1073446911,1069543423,1073741823,1073741823,1073741823,1073741823:g8
1073741823,1073741823,1073741823,1073737727,1073741823,1073340415,1072078847,1073119231,1073061887,1073446911,1069543423,1073741823,1073741823,1073741823,1073741823:g8
1073741823,1073741823,1073741823,1073676287,1073741823,1073340415,1072078847,1073119231,1073061887,1073446911,1069543423,1073741823,1073741823,1073741823,1073741823:g8
1073741823,1073741823,1073741823,1073741823,1073741823,1073340415,1072078847,1073119231,1073061887,1073446911,1069543423,1073741823,1073741567,1073741823,1073741823:g8
1073741823,1073741823,1073741823,1073741823,1073741823,1073340415,1072078847,1073119231,1073061887,1073446911,1069542399,1073741823,1073741823,1073741823,1073741823:g8
1073741823,1073741823,1073741823,1073741823,1073741823,1073340415,1072078847,1073119231,1073061887,1073446911,1069543423,1073741823,1073676287,1073741823,1073741823:g8
1073741823,1073741823,1073741823,1073741823,1073741823,1073340415,1072078847,1073119231,1073061887,1073446911,1069543423,1073741823,1073737727,1073741823,1073741823:g8
1073741823,1073741823,1073741823,1073741823,1073741823,1073340415,1072078847,1073119231,1073061887,1073446911,1069543423,1073737727,1073741823,1073741823,1073741823:g8
1073741823,1073741823,1073741823,1073741823,1069547519,1073340415,1072078847,1073119231,1073061887,1073446911,1069543423,1073741823,1073741823,1073741823,1073741823:g8
1073741823,1073741823,1073741823,1073741823,1073741823,1073340415,1072078847,1073119231,1068867583,1073446911,1069543423,1073741823,1073741823,1073741823,1073741823:g8
1073741823,1073741823,1073741823,1073741823,1073741823,1073340415,1072077823,1073119231,1073061887,1073446911,1069543423,1073741823,1073741823,1073741823,1073741823:g8
1073741823,1073741823,1073741823,1073741823,1073740799,1073340415,1072078847,1073119231,1073061887,1073446911,1069543423,1073741823,1073741823,1073741823,1073741823:g8
1073741823,1073741823,1073741823,1073741823,1073725439,1073340415,1072078847,1073119231,1073061887,1073446911,1069543423,1073741823,1073741823,1073741823,1073741823:g8
1073741823,1073741823,1073741823,1073741823,1073479679,1073340415,1072078847,1073119231,1073061887,1073446911,1069543423,1073741823,1073741823,1073741823,1073741823:g8
1073741823,1073741823,1073741823,1073741823,1073741823,1073340415,1072078847,1073119231,1073061887,1073446911,1069543167,1073741823,1073741823,1073741823,1073741823:g8
1073741823,1073741823,1073741823,1073741823,1073741823,1073340415,1072078847,1073119231,1073061631,1073446911,1069543423,1073741823,1073741823,1073741823,1073741823:g8
1073741823,1073741823,1073741823,1073741823,1073741823,1073340415,1072078847,1073119231,1073060863,1073446911,1069543423,1073741823,1073741823,1073741823,1073741823:g8
1073741823,1073741823,1073741823,1073741823,1073741823,1073340415,1072078591,1073119231,1073061887,1073446911,1069543423,1073741823,1073741823,1073741823,1073741823:g8
1073741823,1073741823,1073741823,1073741823,1056964607,1073340415,1072078847,1073119231,1073061887,1073446911,1069543423,1073741823,1073741823,1073741823,1073741823:g8
1073741823,1073741823,1073741823,1073741823,1073741823,1073340415,1055301631,1073119231,1073061887,1073446911,1069543423,1073741823,1073741823,1073741823,1073741823:g8
1073741823,1073741823,1073741823,1073741823,1073741823,1073340415,1067884543,1073119231,1073061887,1073446911,1069543423,1073741823,1073741823,1073741823,1073741823:g8
1073741823,1073741823,1073741823,1073741823,1073741823,1073340415,1072078847,1073119231,1056284671,1073446911,1069543423,1073741823,1073741823,1073741823,1073741823:g8
1073741823,1073741823,1073741823,1073741823,1073741823,1073340415,1072078847,1073119231,1073061887,1073446911,1069543423,1073740799,1073741823,1073741823,1073741823:g8
1073741823,1073741823,1073741823,1073741823,1073741823,1073340415,1072078847,1073119231,1073061887,1073446911,1069527039,1073741823,1073741823,1073741823,1073741823:g8
1073741823,1073741823,1073741823,1073741823,1073741823,1073340415,1072078847,1073119231,1073061887,1073446911,1069543423,1073725439,1073741823,1073741823,1073741823:g8
1073741823,1073741823,1073741823,1073741823,1073741823,1073340415,1072078847,1073119231,1073061887,1073446911,1069543423,1069547519,1073741823,1073741823,1073741823:g8
1073741823,1073741823,1073741823,1073741823,1073741823,1073340415,1072078847,1073119231,1073061887,1073446911,1069543423,1073479679,1073741823,1073741823,1073741823:g8
1073741823,1073741823,1073741823,1073741823,1073741823,1073340415,1072078847,1073119231,1073061887,1073446911,1069281279,1073741823,1073741823,1073741823,1073741823:g8
1073741823,1073741823,1073741823,1073741823,1073741823,1073340415,1072078847,1073119231,1073061887,1073446911,1068494847,1073741823,1073741823,1073741823,1073741823:g8
1073741823,1073741823,1073741823,1073741823,1073741823,1073340415,1072078847,1073119231,1073061887,1073446911,1069477887,1073741823,1073741823,1073741823,1073741823:g8
1073741823,1073741823,1073741823,1073741823,1073741823,1073340415,1072078847,1073119231,1073061887,1073442815,1069543423,1073741823,1073741823,1073741823,1073741823:g5
1073741823,1073741823,1073741823,1073741823,1073741823,1072291839,1072078847,1073119231,1073061887,1073446911,1069543423,1073741823,1073741823,1073741823,1073741823:g8
1073741823,1073741823,1073741823,1073741823,1073741823,1073340415,1072078847,1073119231,1073061887,1072398335,1069543423,1073741823,1073741823,1073741823,1073741823:g8
1073741823,1073741823,1073741823,1073741823,1073741823,1073340415,1072078847,1073119231,1073061887,1073381375,1069543423,1073741823,1073741823,1073741823,1073741823:g8
1073741823,1073741823,1073741823,1073741823,1073741823,1069146111,1072078847,1073119231,1073061887,1073446911,1069543423,1073741823,1073741823,1073741823,1073741823:g8
1073741823,1073741823,1073741823,1073741823,1073741823,1073340415,1072078847,1068924927,1073061887,1073446911,1069543423,1073741823,1073741823,1073741823,1073741823:g8
1073741823,1073741823,1073741823,1073741823,1073741823,1073340415,1072078847,1072070655,1073061887,1073446911,1069543423,1073741823,1073741823,1073741823,1073741823:g8
1073741823,1073741823,1073741823,1073741823,1073741823,1073340415,1072078847,1073119231,1073061887,1069252607,1069543423,1073741823,1073741823,1073741823,1073741823:g8
1073741823,1073741823,1073741823,1073741823,1073737727,1073340415,1072078847,1073119231,1073061887,1073446911,1069543423,1073741823,1073741823,1073741823,1073741823:f6
1073741823,1073741823,1073741823,1073741823,1073676287,1073340415,1072078847,1073119231,1073061887,1073446911,1069543423,1073741823,1073741823,1073741823,1073741823:g8
1073741823,1073741823,1073741823,1073741823,1072693247,1073340415,1072078847,1073119231,1073061887,1073446911,1069543423,1073741823,1073741823,1073741823,1073741823:g8
1073741823,1073741823,1073741823,1073741823,1073741823,1073340415,1072078847,1073119231,1072013311,1073446911,1069543423,1073741823,1073741823,1073741823,1073741823:g8
1073741823,1073741823,1073741823,1073741823,1073741823,1073340415,1072078847,1073119231,1073061887,1073445887,1069543423,1073741823,1073741823,1073741823,1073741823:g8
1073741823,1073741823,1073741823,1073741823,1073741823,1073340415,1072078847,1073118207,1073061887,1073446911,1069543423,1073741823,1073741823,1073741823,1073741823:g8
1073741823,1073741823,1073741823,1073741823,1073741823,1073340415,1072078847,1073115135,1073061887,1073446911,1069543423,1073741823,1073741823,1073741823,1073741823:f8
1073741823,1073741823,1073741823,1073741823,1073741823,1073339391,1072078847,1073119231,1073061887,1073446911,1069543423,1073741823,1073741823,1073741823,1073741823:g8
1073741823,1073741823,1073741823,1073741823,1073741823,1073324031,1072078847,1073119231,1073061887,1073446911,1069543423,1073741823,1073741823,1073741823,1073741823:g8
