1073741823,1073741823,1073741823,1073741823,1073741823,1073733631,1072087039,1073119227,1073602559,1073446911,1073737727,1073741823,1073741823,1073741823,1073741823:f8
1073741823,1073741823,1073741823,1073741823,1073741823,1073733631,1072087039,1073117179,1073602558,1073446911,1073737727,1073741823,1073741823,1073741823,1073741823:g7
1073741823,1073741823,1073741823,1073741823,1073741823,1073733631,1072087039,1073117178,1073602559,1073446911,1073737727,1073741823,1073741823,1073741823,1073741823:g7
1073741823,1073741823,1073741823,1073741823,1073741823,1073733631,1072087038,1073117179,1073602559,1073446911,1073737727,1073741823,1073741823,1073741823,1073741823:g7
1073741823,1073741823,1073741823,1073741823,1073741823,1073733627,1072087039,1073117179,1073602559,1073446911,1073737727,1073741823,1073741823,1073741823,1073741823:g7
1073741823,1073741823,1073741823,1073741823,1073741823,1073733631,1072087035,1073117179,1073602559,1073446911,1073737727,1073741823,1073741823,1073741823,1073741823:g7
1073741823,1073741823,1073741823,1073741823,1073741823,1073733567,1072087039,1073117179,1073602559,1073446911,1073737727,1073741823,1073741823,1073741823,1073741823:g7
1073741823,1073741823,1073741823,1073741823,1073741823,1073733631,1072087023,1073117179,1073602559,1073446911,1073737727,1073741823,1073741823,1073741823,1073741823:g7
1073741823,1073741823,1073741823,1073741823,1073741823,1073733631,1072087039,1073117115,1073602559,1073446911,1073737727,1073741823,1073741823,1073741823,1073741823:g7
1073741823,1073741823,1073741823,1073741823,1073741823,1073733631,1072087039,1073117163,1073602559,1073446911,1073737727,1073741823,1073741823,1073741823,1073741823:g7
1073741823,1073741823,1073741823,1073741823,1073741823,1073733631,1072087039,1073117179,1073602559,1073446847,1073737727,1073741823,1073741823,1073741823,1073741823:g7
1073741823,1073741823,1073741823,1073741823,1073741823,1073733631,1072087039,1073117179,1073602543,1073446911,1073737727,1073741823,1073741823,1073741823,1073741823:g7
1073741823,1073741823,1073741823,1073741823,1073741823,1073733631,1072087039,1073117179,1073602559,1073446907,1073737727,1073741823,1073741823,1073741823,1073741823:g7
1073741823,1073741823,1073741823,1073741823,1073741823,1073733631,1072087039,1073117179,1073602555,1073446911,1073737727,1073741823,1073741823,1073741823,1073741823:g7
1073741823,1073741823,1073741823,1073741823,1073741823,1073733631,1072087039,1073116923,1073602559,1073446911,1073737727,1073741823,1073741823,1073741823,1073741823:g7
1073741823,1073741823,1073741823,1073741823,1073741823,1073733375,1072087039,1073117179,1073602559,1073446911,1073737727,1073741823,1073741823,1073741823,1073741823:g7
1073741823,1073741823,1073741823,1073741567,1073741823,1073733631,1072087039,1073117179,1073602559,1073446911,1073737727,1073741823,1073741823,1073741823,1073741823:g7
1073741823,1073741823,1073741823,1073737727,1073741823,1073733631,1072087039,1073117179,1073602559,1073446911,1073737727,1073741823,1073741823,1073741823,1073741823:g7
1073741823,1073741823,1073741823,1073676287,1073741823,1073733631,1072087039,1073117179,1073602559,1073446911,1073737727,1073741823,1073741823,1073741823,1073741823:e7
1073741823,1073741823,1073741823,1073741823,1073741823,1073733631,1072087039,1073117179,1073602559,1073446911,1073737727,1073741823,1073741567,1073741823,1073741823:g7
1073741823,1073741823,1073741823,1073741823,1073741823,1073733631,1072087039,1073117179,1073602559,1073446911,1073736703,1073741823,1073741823,1073741823,1073741823:g7
1073741823,1073741823,1073741823,1073741823,1073741823,1073733631,1072087039,1073117179,1073602559,1073446911,1073737727,1073741823,1073676287,1073741823,1073741823:g7
1073741823,1073741823,1073741823,1073741823,1073741823,1073733631,1072087039,1073117179,1073602559,1073446911,1073737727,1073741823,1073737727,1073741823,1073741823:g7
1073741823,1073741823,1073741823,1073741823,1073741823,1073733631,1072087039,1073117179,1073602559,1073446911,1073737727,1073737727,1073741823,1073741823,1073741823:g7
1073741823,1073741823,1073741823,1073741823,1069547519,1073733631,1072087039,1073117179,1073602559,1073446911,1073737727,1073741823,1073741823,1073741823,1073741823:g7
1073741823,1073741823,1073741823,1073741823,1073741823,1073733631,1072087039,1073117179,1069408255,1073446911,1073737727,1073741823,1073741823,1073741823,1073741823:g7
1073741823,1073741823,1073741823,1073741823,1073741823,1073733631,1072086015,1073117179,1073602559,1073446911,1073737727,1073741823,1073741823,1073741823,1073741823:g7
1073741823,1073741823,1073741823,1073741823,1073740799,1073733631,1072087039,1073117179,1073602559,1073446911,1073737727,1073741823,1073741823,1073741823,1073741823:g7
1073741823,1073741823,1073741823,1073741823,1073725439,1073733631,1072087039,1073117179,1073602559,1073446911,1073737727,1073741823,1073741823,1073741823,1073741823:g7
1073741823,1073741823,1073741823,1073741823,1073479679,1073733631,1072087039,1073117179,1073602559,1073446911,1073737727,1073741823,1073741823,1073741823,1073741823:g7
1073741823,1073741823,1073741823,1073741823,1073741823,1073733631,1072087039,1073117179,1073602559,1073446911,1073737471,1073741823,1073741823,1073741823,1073741823:g7
1073741823,1073741823,1073741823,1073741823,1073741823,1073733631,1072087039,1073117179,1073602303,1073446911,1073737727,1073741823,1073741823,1073741823,1073741823:g7
1073741823,1073741823,1073741823,1073741823,1073741823,1073733631,1072087039,1073117179,1073601535,1073446911,1073737727,1073741823,1073741823,1073741823,1073741823:g7
1073741823,1073741823,1073741823,1073741823,1073741823,1073733631,1072086783,1073117179,1073602559,1073446911,1073737727,1073741823,1073741823,1073741823,1073741823:g7
1073741823,1073741823,1073741823,1073741823,1056964607,1073733631,1072087039,1073117179,1073602559,1073446911,1073737727,1073741823,1073741823,1073741823,1073741823:g7
1073741823,1073741823,1073741823,1073741823,1073741823,1073733631,1055309823,1073117179,1073602559,1073446911,1073737727,1073741823,1073741823,1073741823,1073741823:g7
1073741823,1073741823,1073741823,1073741823,1073741823,1073733631,1067892735,1073117179,1073602559,1073446911,1073737727,1073741823,1073741823,1073741823,1073741823:g7
1073741823,1073741823,1073741823,1073741823,1073741823,1073733631,1072087039,1073117179,1056825343,1073446911,1073737727,1073741823,1073741823,1073741823,1073741823:g7
1073741823,1073741823,1073741823,1073741823,1073741823,1073733631,1072087039,1073117179,1073602559,1073446911,1073737727,1073740799,1073741823,1073741823,1073741823:g7
1073741823,1073741823,1073741823,1073741823,1073741823,1073733631,1072087039,1073117179,1073602559,1073446911,1073721343,1073741823,1073741823,1073741823,1073741823:g7
1073741823,1073741823,1073741823,1073741823,1073741823,1073733631,1072087039,1073117179,1073602559,1073446911,1073737727,1073725439,1073741823,1073741823,1073741823:g7
1073741823,1073741823,1073741823,1073741823,1073741823,1073733631,1072087039,1073117179,1073602559,1073446911,1073737727,1069547519,1073741823,1073741823,1073741823:g7
1073741823,1073741823,1073741823,1073741823,1073741823,1073733631,1072087039,1073117179,1073602559,1073446911,1073737727,1073479679,1073741823,1073741823,1073741823:g7
1073741823,1073741823,1073741823,1073741823,1073741823,1073733631,1072087039,1073117179,1073602559,1073446911,1073475583,1073741823,1073741823,1073741823,1073741823:g7
1073741823,1073741823,1073741823,1073741823,1073741823,1073733631,1072087039,1073117179,1073602559,1073446911,1072689151,1073741823,1073741823,1073741823,1073741823:g7
1073741823,1073741823,1073741823,1073741823,1073741823,1073733631,1072087039,1073117179,1073602559,1073446911,1073672191,1073741823,1073741823,1073741823,1073741823:g7
1073741823,1073741823,1073741823,1073741823,1073741823,1073733631,1072087039,1073117179,1073602559,1073442815,1073737727,1073741823,1073741823,1073741823,1073741823:e7
1073741823,1073741823,1073741823,1073741823,1073741823,1072685055,1072087039,1073117179,1073602559,1073446911,1073737727,1073741823,1073741823,1073741823,1073741823:g7
1073741823,1073741823,1073741823,1073741823,1073741823,1073733631,1072087039,1073117179,1073602559,1072398335,1073737727,1073741823,1073741823,1073741823,1073741823:g7
1073741823,1073741823,1073741823,1073741823,1073741823,1073733631,1072087039,1073117179,1073602559,1073381375,1073737727,1073741823,1073741823,1073741823,1073741823:g7
1073741823,1073741823,1073741823,1073741823,1073741823,1069539327,1072087039,1073117179,1073602559,1073446911,1073737727,1073741823,1073741823,1073741823,1073741823:g7
1073741823,1073741823,1073741823,1073741823,1073741823,1073733631,1072087039,1068922875,1073602559,1073446911,1073737727,1073741823,1073741823,1073741823,1073741823:g7
1073741823,1073741823,1073741823,1073741823,1073741823,1073733631,1072087039,1072068603,1073602559,1073446911,1073737727,1073741823,1073741823,1073741823,1073741823:g7
1073741823,1073741823,1073741823,1073741823,1073741823,1073733631,1072087039,1073117179,1073602559,1069252607,1073737727,1073741823,1073741823,1073741823,1073741823:g7
1073741823,1073741823,1073741823,1073741823,1073741823,1073733631,1072087039,1073117179,1073340415,1073446911,1073737727,1073741823,1073741823,1073741823,1073741823:e7
1073741823,1073741823,1073741823,1073741823,1073737727,1073733631,1072087039,1073117179,1073602559,1073446911,1073737727,1073741823,1073741823,1073741823,1073741823:e7
1073741823,1073741823,1073741823,1073741823,1073676287,1073733631,1072087039,1073117179,1073602559,1073446911,1073737727,1073741823,1073741823,1073741823,1073741823:e7
1073741823,1073741823,1073741823,1073741823,1073741823,1073668095,1072087039,1073117179,1073602559,1073446911,1073737727,1073741823,1073741823,1073741823,1073741823:e7
1073741823,1073741823,1073741823,1073741823,1072693247,1073733631,1072087039,1073117179,1073602559,1073446911,1073737727,1073741823,1073741823,1073741823,1073741823:g7
1073741823,1073741823,1073741823,1073741823,1073741823,1073733631,1072087039,1073117179,1072553983,1073446911,1073737727,1073741823,1073741823,1073741823,1073741823:g7
1073741823,1073741823,1073741823,1073741823,1073741823,1073733631,1072087039,1073117179,1073602559,1073445887,1073737727,1073741823,1073741823,1073741823,1073741823:g7
1073741823,1073741823,1073741823,1073741823,1073741823,1073733631,1072087039,1073113083,1073602559,1073446911,1073737727,1073741823,1073741823,1073741823,1073741823:e7
1073741823,1073741823,1073741823,1073741823,1073741823,1073732607,1072087039,1073117179,1073602559,1073446911,1073737727,1073741823,1073741823,1073741823,1073741823:e7
1073741823,1073741823,1073741823,1073741823,1073741823,1073733631,1072082943,1073117179,1073602559,1073446911,1073737727,1073741823,1073741823,1073741823,1073741823:e7
1073741823,1073741823,1073741823,1073741823,1073741823,1073717247,1072087039,1073117179,1073602559,1073446911,1073737727,1073741823,1073741823,1073741823,1073741823:e7
1073741823,1073741823,1073741823,1073741823,1073741823,1073471487,1072087039,1073117179,1073602559,1073446911,1073737727,1073741823,1073741823,1073741823,1073741823:g7
1073741823,1073741823,1073741823,1073741823,1073741823,1073733631,1072087039,1073117179,1073586175,1073446911,1073737727,1073741823,1073741823,1073741823,1073741823:g7
