1073741823,1073741823,1073741823,1073741823,1073741823,1073741823,1073676287,1073184767,1072562175,1073741823,1073740799,1073741823,1073741823,1073741823,1073741823:h10
1073741823,1073741823,1073741823,1073741823,1073741823,1073741823,1073676287,1073184767,1072562175,1073709055,1073740799,1073479679,1073741823,1073741823,1073741823:h9
1073741823,1073741823,1073741823,1073741823,1073741823,1073741823,1073676287,1073184767,1072562175,1073709055,1073740799,1073725439,1073741823,1073741823,1073741823:h9
1073741823,1073741823,1073741823,1073741823,1073741823,1073741823,1073676287,1073184767,1072562175,1073709055,1073740799,1073741823,1073741759,1073741823,1073741823:h9
1073741823,1073741823,1073741823,1073741823,1073741823,1073741823,1073676287,1073184767,1072562175,1073709055,1073740799,1073741567,1073741823,1073741823,1073741823:h9
1073741823,1073741823,1073741823,1073741823,1073741823,1073741823,1073676287,1073184767,1072562175,1073709055,1073740735,1073741823,1073741823,1073741823,1073741823:k7
1073741823,1073741823,1073741823,1073741823,1073741823,1073741823,1073676287,1073184767,1072562175,1073709055,1073740543,1073741823,1073741823,1073741823,1073741823:k7
1073741823,1073741823,1073741823,1073741823,1073741823,1073741823,1073676287,1073184767,1072562111,1073709055,1073740799,1073741823,1073741823,1073741823,1073741823:h9
1073741823,1073741823,1073741823,1073741823,1073741823,1073741823,1073676287,1073184767,1072562175,1073708799,1073740799,1073741823,1073741823,1073741823,1073741823:k7
1073741823,1073741823,1073741823,1073741823,1073741823,1073741823,1073676287,1073184767,1072561151,1073709055,1073740799,1073741823,1073741823,1073741823,1073741823:k7
1073741823,1073741823,1073741823,1073741823,1073741823,1073741823,1073676287,1073184767,1072562175,1073704959,1073740799,1073741823,1073741823,1073741823,1073741823:k7
1073741823,1073741823,1073741823,1073741823,1073741823,1073741823,1073676287,1073184767,1072562175,1073709055,1073724415,1073741823,1073741823,1073741823,1073741823:k7
1073741823,1073741823,1073741823,1073741823,1073741823,1073741823,1073676287,1073184767,1072562175,1073709055,1073740799,1073741823,1073725439,1073741823,1073741823:h9
1073741823,1073741823,1073741823,1073741823,1073741823,1073741823,1073676287,1073184767,1072562175,1073709055,1073740799,1073737727,1073741823,1073741823,1073741823:k7
1073741823,1073741823,1073741823,1073741823,1073741823,1073741823,1073676287,1073184767,1072562175,1073709055,1073740799,1073741823,1073740799,1073741823,1073741823:k7
1073741823,1073741823,1073741823,1073741823,1073741823,1073741823,1073676287,1073184767,1072562175,1073709055,1073740799,1073740799,1073741823,1073741823,1073741823:k7
1073741823,1073741823,1073741823,1073741823,1073741823,1073741823,1073676287,1073184767,1072562175,1073709055,1073736703,1073741823,1073741823,1073741823,1073741823:g8
1073741823,1073741823,1073741823,1073741823,1073741823,1073741823,1073676287,1073184767,1072562175,1073643519,1073740799,1073741823,1073741823,1073741823,1073741823:k7
1073741823,1073741823,1073741823,1073741823,1073741823,1073741823,1073676287,1073184767,1072562175,1073709055,1073675263,1073741823,1073741823,1073741823,1073741823:k7
1073741823,1073741823,1073741823,1073741823,1073741823,1073741823,1056899071,1073184767,1072562175,1073709055,1073740799,1073741823,1073741823,1073741823,1073741823:h9
1073741823,1073741823,1073741823,1073741823,1073741823,1073741823,1073676287,1073184767,1055784959,1073709055,1073740799,1073741823,1073741823,1073741823,1073741823:h9
1073741823,1073741823,1073741823,1073741823,1073741823,1073741823,1073676287,1073184767,1068367871,1073709055,1073740799,1073741823,1073741823,1073741823,1073741823:h9
1073741823,1073741823,1073741823,1073741823,1073741823,1073741823,1073676287,1073184767,1072562175,1073709055,1056963583,1073741823,1073741823,1073741823,1073741823:h9
1073741823,1073741823,1073741823,1073741823,1073741823,1073741823,1073676287,1073184767,1072562175,1073709055,1072692223,1073741823,1073741823,1073741823,1073741823:h9
1073741823,1073741823,1073741823,1073741823,1073741823,1073741823,1073676287,1073184767,1072562175,1072660479,1073740799,1073741823,1073741823,1073741823,1073741823:k7
1073741823,1073741823,1073741823,1073741823,1073741823,1069547519,1073676287,1073184767,1072562175,1073709055,1073740799,1073741823,1073741823,1073741823,1073741823:h9
1073741823,1073741823,1073741823,1073741823,1073741823,1073741823,1073676287,1068990463,1072562175,1073709055,1073740799,1073741823,1073741823,1073741823,1073741823:h9
1073741823,1073741823,1073741823,1073741823,1073741823,1073741823,1073676287,1072136191,1072562175,1073709055,1073740799,1073741823,1073741823,1073741823,1073741823:k7
1073741823,1073741823,1073741823,1073741823,1073741823,1073741823,1073676287,1073184767,1072562175,1069514751,1073740799,1073741823,1073741823,1073741823,1073741823:h9
1073741823,1073741823,1073741823,1073741823,1073741823,1073741823,1073676287,1073184767,1072300031,1073709055,1073740799,1073741823,1073741823,1073741823,1073741823:k7
1073741823,1073741823,1073741823,1073741823,1073737727,1073741823,1073676287,1073184767,1072562175,1073709055,1073740799,1073741823,1073741823,1073741823,1073741823:h9
1073741823,1073741823,1073741823,1073741823,1073676287,1073741823,1073676287,1073184767,1072562175,1073709055,1073740799,1073741823,1073741823,1073741823,1073741823:h9
1073741823,1073741823,1073741823,1073741823,1073741823,1073676287,1073676287,1073184767,1072562175,1073709055,1073740799,1073741823,1073741823,1073741823,1073741823:k7
1073741823,1073741823,1073741823,1073741823,1072693247,1073741823,1073676287,1073184767,1072562175,1073709055,1073740799,1073741823,1073741823,1073741823,1073741823:h9
1073741823,1073741823,1073741823,1073741823,1073741823,1073741823,1072627711,1073184767,1072562175,1073709055,1073740799,1073741823,1073741823,1073741823,1073741823:h7
1073741823,1073741823,1073741823,1073741823,1073741823,1073741823,1073414143,1073184767,1072562175,1073709055,1073740799,1073741823,1073741823,1073741823,1073741823:k7
1073741823,1073741823,1073741823,1073741823,1073741823,1073741823,1073676287,1073184767,1072562175,1073708031,1073740799,1073741823,1073741823,1073741823,1073741823:k7
1073741823,1073741823,1073741823,1073741823,1073741823,1073741823,1073676287,1073184767,1072558079,1073709055,1073740799,1073741823,1073741823,1073741823,1073741823:k7
1073741823,1073741823,1073741823,1073741823,1073741823,1073741823,1073676287,1073183743,1072562175,1073709055,1073740799,1073741823,1073741823,1073741823,1073741823:k7
1073741823,1073741823,1073741823,1073741823,1073741823,1073741823,1073676287,1073180671,1072562175,1073709055,1073740799,1073741823,1073741823,1073741823,1073741823:k7
1073741823,1073741823,1073741823,1073741823,1073741823,1073740799,1073676287,1073184767,1072562175,1073709055,1073740799,1073741823,1073741823,1073741823,1073741823:h9
1073741823,1073741823,1073741823,1073741823,1073741823,1073741823,1073672191,1073184767,1072562175,1073709055,1073740799,1073741823,1073741823,1073741823,1073741823:k7
1073741823,1073741823,1073741823,1073741823,1073741823,1073725439,1073676287,1073184767,1072562175,1073709055,1073740799,1073741823,1073741823,1073741823,1073741823:h9
1073741823,1073741823,1073741823,1073741823,1073741823,1073741823,1073659903,1073184767,1072562175,1073709055,1073740799,1073741823,1073741823,1073741823,1073741823:k7
1073741823,1073741823,1073741823,1073741823,1073741823,1073479679,1073676287,1073184767,1072562175,1073709055,1073740799,1073741823,1073741823,1073741823,1073741823:h9
1073741823,1073741823,1073741823,1073741823,1073741823,1073741823,1073676287,1073119231,1072562175,1073709055,1073740799,1073741823,1073741823,1073741823,1073741823:k7
1073741823,1073741823,1073741823,1073741823,1073741823,1073741823,1073676287,1073184767,1072562175,1073446911,1073740799,1073741823,1073741823,1073741823,1073741823:h9
1073741823,1073741823,1073741823,1073741823,1073741823,1073741823,1073676287,1073184767,1072545791,1073709055,1073740799,1073741823,1073741823,1073741823,1073741823:k7
