1073741823,1073741823,1073741823,1073741823,1072693247,1073741823,1073676287,1073184767,1072562175,1073741823,1073741823,1073741823,1073741823,1073741823,1073741823:i8
1073741823,1073741823,1073741823,1073741823,1072693247,1073741823,1073676287,1073053695,1072562175,1073737727,1073741823,1073741823,1073741823,1073741823,1073741823:g8
1073741823,1073741823,1073741823,1073741823,1072693247,1073737727,1073676287,1073053695,1072562175,1073741823,1073741823,1073741823,1073741823,1073741823,1073741823:g8
1073741823,1073741823,1073741823,1073741823,1072431103,1073741823,1073676287,1073053695,1072562175,1073741823,1073741823,1073741823,1073741823,1073741823,1073741823:g8
1073741823,1073741823,1073676287,1073741823,1072693247,1073741823,1073676287,1073053695,1072562175,1073741823,1073741823,1073741823,1073741823,1073741823,1073741823:g8
1073741823,1073741823,1073741823,1073479679,1072693247,1073741823,1073676287,1073053695,1072562175,1073741823,1073741823,1073741823,1073741823,1073741823,1073741823:g8
1073741823,1073741823,1072693247,1073741823,1072693247,1073741823,1073676287,1073053695,1072562175,1073741823,1073741823,1073741823,1073741823,1073741823,1073741823:g8
1073741823,1073741823,1073741823,1072693247,1072693247,1073741823,1073676287,1073053695,1072562175,1073741823,1073741823,1073741823,1073741823,1073741823,1073741823:g8
1073741823,1073741823,1056964607,1073741823,1072693247,1073741823,1073676287,1073053695,1072562175,1073741823,1073741823,1073741823,1073741823,1073741823,1073741823:g8
1073741823,1073741823,1073741823,1069547519,1072693247,1073741823,1073676287,1073053695,1072562175,1073741823,1073741823,1073741823,1073741823,1073741823,1073741823:g8
1073741823,1073741823,1073741823,1073741823,1055916031,1073741823,1073676287,1073053695,1072562175,1073741823,1073741823,1073741823,1073741823,1073741823,1073741823:g8
1073741823,1073741823,1073741823,1073741823,1068498943,1073741823,1073676287,1073053695,1072562175,1073741823,1073741823,1073741823,1073741823,1073741823,1073741823:g8
1073741823,1073741823,1073741823,1073741823,1072693247,1072693247,1073676287,1073053695,1072562175,1073741823,1073741823,1073741823,1073741823,1073741823,1073741823:g8
1073741823,1073741823,1073741823,1073741823,1072693247,1073741823,1073676287,1073053695,1072562175,1073741823,1073737727,1073741823,1073741823,1073741823,1073741823:g8
1073741823,1073741823,1073741823,1073741823,1072693247,1073741823,1073676287,1073053695,1072562175,1073676287,1073741823,1073741823,1073741823,1073741823,1073741823:g8
1073741823,1073741823,1073741823,1073741823,1072693247,1073741823,1073676287,1073053695,1072562175,1073741823,1073676287,1073741823,1073741823,1073741823,1073741823:g8
1073741823,1073741823,1073741823,1073741823,1072693247,1073741823,1056899071,1073053695,1072562175,1073741823,1073741823,1073741823,1073741823,1073741823,1073741823:g8
1073741823,1073741823,1073741823,1073741823,1072693247,1073741823,1073676287,1073053695,1055784959,1073741823,1073741823,1073741823,1073741823,1073741823,1073741823:g8
1073741823,1073741823,1073741823,1073741823,1072693247,1073741823,1073676287,1073053695,1068367871,1073741823,1073741823,1073741823,1073741823,1073741823,1073741823:g8
1073741823,1073741823,1073741823,1073741823,1072693247,1073741823,1073676287,1073053695,1072562175,1073741823,1056964607,1073741823,1073741823,1073741823,1073741823:g8
1073741823,1073741823,1073741823,1073741823,1072693247,1073741823,1073676287,1073053695,1072562175,1073741823,1072693247,1073741823,1073741823,1073741823,1073741823:g8
1073741823,1073741823,1073741823,1073741823,1072693247,1073741823,1073676287,1073053695,1072562175,1072693247,1073741823,1073741823,1073741823,1073741823,1073741823:g8
1073741823,1073741823,1073741823,1073741823,1072693247,1069547519,1073676287,1073053695,1072562175,1073741823,1073741823,1073741823,1073741823,1073741823,1073741823:g8
1073741823,1073741823,1073741823,1073741823,1072693247,1073741823,1073676287,1068859391,1072562175,1073741823,1073741823,1073741823,1073741823,1073741823,1073741823:g8
1073741823,1073741823,1073741823,1073741823,1072693247,1073741823,1073676287,1072005119,1072562175,1073741823,1073741823,1073741823,1073741823,1073741823,1073741823:k7
1073741823,1073741823,1073741823,1073741823,1072693247,1056964607,1071579135,1072005119,1072562175,1073741823,1073741823,1073741823,1073741823,1073741823,1073741823:l6
1073741823,1073741823,1073741823,1073741823,1072693247,1073741823,1067384831,1072005119,1072562175,1073741823,1073741823,1073741823,1073741823,1073741823,1073741823:l6
1073741823,1073741823,1073741823,1073741823,1072693247,1073741823,1071579135,1055227903,1072562175,1073741823,1073741823,1073741823,1073741823,1073741823,1073741823:l6
1073741823,1073741823,1073741823,1073741823,1072693247,1073741823,1071579135,1072005119,1072562175,1056964607,1073741823,1073741823,1073741823,1073741823,1073741823:l6
1073741823,1073741823,1073741823,1073741823,1072693247,1073741823,1071579135,1072005119,1072562175,1073737727,1073741823,1073741823,1073741823,1073741823,1073741823:l6
1073741823,1073741823,1073741823,1073741823,1072693247,1073737727,1071579135,1072005119,1072562175,1073741823,1073741823,1073741823,1073741823,1073741823,1073741823:l6
1073741823,1073741823,1073741823,1073741823,1072431103,1073741823,1071579135,1072005119,1072562175,1073741823,1073741823,1073741823,1073741823,1073741823,1073741823:l6
1073741823,1073741823,1073676287,1073741823,1072693247,1073741823,1071579135,1072005119,1072562175,1073741823,1073741823,1073741823,1073741823,1073741823,1073741823:l6
1073741823,1073741823,1073741823,1073479679,1072693247,1073741823,1071579135,1072005119,1072562175,1073741823,1073741823,1073741823,1073741823,1073741823,1073741823:l6
1073741823,1073741823,1072693247,1073741823,1072693247,1073741823,1071579135,1072005119,1072562175,1073741823,1073741823,1073741823,1073741823,1073741823,1073741823:l6
1073741823,1073741823,1073741823,1072693247,1072693247,1073741823,1071579135,1072005119,1072562175,1073741823,1073741823,1073741823,1073741823,1073741823,1073741823:l6
1073741823,1073741823,1056964607,1073741823,1072693247,1073741823,1071579135,1072005119,1072562175,1073741823,1073741823,1073741823,1073741823,1073741823,1073741823:l6
1073741823,1073741823,1073741823,1069547519,1072693247,1073741823,1071579135,1072005119,1072562175,1073741823,1073741823,1073741823,1073741823,1073741823,1073741823:l6
1073741823,1073741823,1073741823,1073741823,1055916031,1073741823,1071579135,1072005119,1072562175,1073741823,1073741823,1073741823,1073741823,1073741823,1073741823:h10
1073741823,1073741823,1073741823,1073741823,1068498943,1073741823,1071579135,1072005119,1072562175,1073741823,1073741823,1073741823,1073741823,1073741823,1073741823:l6
1073741823,1073741823,1073741823,1073741823,1072693247,1072693247,1071579135,1072005119,1072562175,1073741823,1073741823,1073741823,1073741823,1073741823,1073741823:l6
1073741823,1073741823,1073741823,1073741823,1072693247,1073741823,1071579135,1072005119,1072562175,1073741823,1073737727,1073741823,1073741823,1073741823,1073741823:l6
1073741823,1073741823,1073741823,1073741823,1072693247,1073741823,1071579135,1072005119,1072562175,1073676287,1073741823,1073741823,1073741823,1073741823,1073741823:l6
1073741823,1073741823,1073741823,1073741823,1072693247,1073741823,1071579135,1072005119,1072562175,1073741823,1073676287,1073741823,1073741823,1073741823,1073741823:l6
1073741823,1073741823,1073741823,1073741823,1072693247,1073741823,1054801919,1072005119,1072562175,1073741823,1073741823,1073741823,1073741823,1073741823,1073741823:l6
1073741823,1073741823,1073741823,1073741823,1072693247,1073741823,1071579135,1072005119,1055784959,1073741823,1073741823,1073741823,1073741823,1073741823,1073741823:l6
1073741823,1073741823,1073741823,1073741823,1072693247,1073741823,1071579135,1072005119,1068367871,1073741823,1073741823,1073741823,1073741823,1073741823,1073741823:l6
1073741823,1073741823,1073741823,1073741823,1072693247,1073741823,1071579135,1072005119,1072562175,1073741823,1056964607,1073741823,1073741823,1073741823,1073741823:l6
1073741823,1073741823,1073741823,1073741823,1072693247,1073741823,1071579135,1072005119,1072562175,1073741823,1072693247,1073741823,1073741823,1073741823,1073741823:l6
1073741823,1073741823,1073741823,1073741823,1072693247,1073741823,1071579135,1072005119,1072562175,1072693247,1073741823,1073741823,1073741823,1073741823,1073741823:l6
1073741823,1073741823,1073741823,1073741823,1072693247,1069547519,1071579135,1072005119,1072562175,1073741823,1073741823,1073741823,1073741823,1073741823,1073741823:h10
1073741823,1073741823,1073741823,1073741823,1072693247,1073741823,1071579135,1067810815,1072562175,1073741823,1073741823,1073741823,1073741823,1073741823,1073741823:l6
1073741823,1073741823,1073741823,1073741823,1072693247,1073741823,1071579135,1072005119,1072562175,1069547519,1073741823,1073741823,1073741823,1073741823,1073741823:l6
1073741823,1073741823,1073741823,1073741823,1072693247,1073741823,1071579135,1072005119,1072300031,1073741823,1073741823,1073741823,1073741823,1073741823,1073741823:l6
1073741823,1073741823,1073741823,1073741823,1072689151,1073741823,1071579135,1072005119,1072562175,1073741823,1073741823,1073741823,1073741823,1073741823,1073741823:l6
1073741823,1073741823,1073741823,1073741823,1072627711,1073741823,1071579135,1072005119,1072562175,1073741823,1073741823,1073741823,1073741823,1073741823,1073741823:l6
1073741823,1073741823,1073741823,1073741823,1072693247,1073676287,1071579135,1072005119,1072562175,1073741823,1073741823,1073741823,1073741823,1073741823,1073741823:l6
1073741823,1073741823,1073741823,1073741823,1072693247,1073741823,1071316991,1072005119,1072562175,1073741823,1073741823,1073741823,1073741823,1073741823,1073741823:l6
1073741823,1073741823,1073741823,1073741823,1072693247,1073741823,1071579135,1072005119,1072562175,1073740799,1073741823,1073741823,1073741823,1073741823,1073741823:l6
1073741823,1073741823,1073741823,1073741823,1072693247,1073741823,1071579135,1072005119,1072558079,1073741823,1073741823,1073741823,1073741823,1073741823,1073741823:l6
1073741823,1073741823,1073741823,1073741823,1072693247,1073741823,1071579135,1072004095,1072562175,1073741823,1073741823,1073741823,1073741823,1073741823,1073741823:l6
1073741823,1073741823,1073741823,1073741823,1072693247,1073741823,1071579135,1072001023,1072562175,1073741823,1073741823,1073741823,1073741823,1073741823,1073741823:l6
1073741823,1073741823,1073741823,1073741823,1072693247,1073740799,1071579135,1072005119,1072562175,1073741823,1073741823,1073741823,1073741823,1073741823,1073741823:l6
1073741823,1073741823,1073741823,1073741823,1072693247,1073741823,1071575039,1072005119,1072562175,1073741823,1073741823,1073741823,1073741823,1073741823,1073741823:l6
1073741823,1073741823,1073741823,1073741823,1072693247,1073725439,1071579135,1072005119,1072562175,1073741823,1073741823,1073741823,1073741823,1073741823,1073741823:l6
1073741823,1073741823,1073741823,1073741823,1072693247,1073741823,1071562751,1072005119,1072562175,1073741823,1073741823,1073741823,1073741823,1073741823,1073741823:l6
1073741823,1073741823,1073741823,1073741823,1072693247,1073479679,1071579135,1072005119,1072562175,1073741823,1073741823,1073741823,1073741823,1073741823,1073741823:l6
1073741823,1073741823,1073741823,1073741823,1072693247,1073741823,1071579135,1072005119,1072562175,1073479679,1073741823,1073741823,1073741823,1073741823,1073741823:l6
1073741823,1073741823,1073741823,1073741823,1072693247,1073741823,1071579135,1072005119,1072562175,1073725439,1073741823,1073741823,1073741823,1073741823,1073741823:j7
1073741823,1073741823,1073741823,1073741823,1072676863,1073741823,1071054847,1072005119,1072562175,1073725439,1073741823,1073741823,1073741823,1073741823,1073741823:j10
1073741823,1073741823,1073741823,1073741823,1072693247,1056964607,1071054847,1072005119,1072562175,1073725439,1073741823,1073741823,1073741823,1073741823,1073741823:j10
1073741823,1073741823,1073741823,1073741823,1072693247,1073741823,1071054847,1055227903,1072562175,1073725439,1073741823,1073741823,1073741823,1073741823,1073741823:j10
1073741823,1073741823,1073741823,1073741823,1072693247,1073741823,1071054847,1072005119,1072562175,1056948223,1073741823,1073741823,1073741823,1073741823,1073741823:j10
1073741823,1073741823,1073741823,1073741823,1072693247,1073737727,1071054847,1072005119,1072562175,1073725439,1073741823,1073741823,1073741823,1073741823,1073741823:j10
1073741823,1073741823,1073741823,1073741823,1072693247,1073741823,1071054847,1072005119,1072562175,1073725439,1073741823,1073740799,1073741823,1073741823,1073741823:j10
1073741823,1073741823,1073741823,1073741823,1072693247,1073741823,1071054847,1072005119,1072562175,1073721343,1073741823,1073741823,1073741823,1073741823,1073741823:j10
1073741823,1073741823,1073741823,1073741823,1072693247,1073741823,1071054847,1072005119,1072562175,1073725439,1073741823,1073479679,1073741823,1073741823,1073741823:j10
1073741823,1073741823,1073741823,1073741823,1072693247,1073741823,1071054847,1072005119,1072562175,1073725439,1073741823,1073725439,1073741823,1073741823,1073741823:j10
1073741823,1073741823,1073741823,1073741823,1072693247,1073741823,1071054847,1072005119,1072562175,1073725439,1073725439,1073741823,1073741823,1073741823,1073741823:j10
1073741823,1073741823,1073741823,1073741823,1072693247,1073741823,1066860543,1072005119,1072562175,1073725439,1073741823,1073741823,1073741823,1073741823,1073741823:j10
1073741823,1073741823,1073741823,1073741823,1072431103,1073741823,1071054847,1072005119,1072562175,1073725439,1073741823,1073741823,1073741823,1073741823,1073741823:j10
1073741823,1073741823,1073676287,1073741823,1072693247,1073741823,1071054847,1072005119,1072562175,1073725439,1073741823,1073741823,1073741823,1073741823,1073741823:j10
1073741823,1073741823,1073741823,1073479679,1072693247,1073741823,1071054847,1072005119,1072562175,1073725439,1073741823,1073741823,1073741823,1073741823,1073741823:j10
1073741823,1073741823,1072693247,1073741823,1072693247,1073741823,1071054847,1072005119,1072562175,1073725439,1073741823,1073741823,1073741823,1073741823,1073741823:j10
1073741823,1073741823,1073741823,1072693247,1072693247,1073741823,1071054847,1072005119,1072562175,1073725439,1073741823,1073741823,1073741823,1073741823,1073741823:j10
1073741823,1073741823,1056964607,1073741823,1072693247,1073741823,1071054847,1072005119,1072562175,1073725439,1073741823,1073741823,1073741823,1073741823,1073741823:j6
1073741823,1073741823,1073741823,1069547519,1072693247,1073741823,1071054847,1072005119,1072562175,1073725439,1073741823,1073741823,1073741823,1073741823,1073741823:j6
1073741823,1073741823,1073741823,1073741823,1055916031,1073741823,1071054847,1072005119,1072562175,1073725439,1073741823,1073741823,1073741823,1073741823,1073741823:j10
1073741823,1073741823,1073741823,1073741823,1068498943,1073741823,1071054847,1072005119,1072562175,1073725439,1073741823,1073741823,1073741823,1073741823,1073741823:j10
1073741823,1073741823,1073741823,1073741823,1072693247,1072693247,1071054847,1072005119,1072562175,1073725439,1073741823,1073741823,1073741823,1073741823,1073741823:j10
1073741823,1073741823,1073741823,1073741823,1072693247,1073741823,1071054847,1072005119,1072562175,1073725439,1073737727,1073741823,1073741823,1073741823,1073741823:j10
1073741823,1073741823,1073741823,1073741823,1072693247,1073741823,1071054847,1072005119,1072562175,1073659903,1073741823,1073741823,1073741823,1073741823,1073741823:j10
1073741823,1073741823,1073741823,1073741823,1072693247,1073741823,1071054847,1072005119,1072562175,1073725439,1073676287,1073741823,1073741823,1073741823,1073741823:j10
1073741823,1073741823,1073741823,1073741823,1072693247,1073741823,1054277631,1072005119,1072562175,1073725439,1073741823,1073741823,1073741823,1073741823,1073741823:j10
1073741823,1073741823,1073741823,1073741823,1072693247,1073741823,1071054847,1072005119,1055784959,1073725439,1073741823,1073741823,1073741823,1073741823,1073741823:j10
1073741823,1073741823,1073741823,1073741823,1072693247,1073741823,1071054847,1072005119,1068367871,1073725439,1073741823,1073741823,1073741823,1073741823,1073741823:j10
1073741823,1073741823,1073741823,1073741823,1072693247,1073741823,1071054847,1072005119,1072562175,1073725439,1056964607,1073741823,1073741823,1073741823,1073741823:j10
1073741823,1073741823,1073741823,1073741823,1072693247,1073741823,1071054847,1072005119,1072562175,1073725439,1072693247,1073741823,1073741823,1073741823,1073741823:k10
1073741823,1073741823,1073741823,1073741823,1072693247,1073741823,1071054847,1072005119,1072562175,1071628287,1072693247,1073676287,1073741823,1073741823,1073741823:j9
1073741823,1073741823,1073741823,1073741823,1072693247,1073741823,1071054847,1072005119,1072562175,1071628287,1072693247,1056964607,1073741823,1073741823,1073741823:j9
1073741823,1073741823,1073741823,1073741823,1072693247,1073741823,1071054847,1072005119,1072562175,1071628287,1072693247,1073741823,1073676287,1073741823,1073741823:j9
1073741823,1073741823,1073741823,1073741823,1072693247,1073741823,1071054847,1072005119,1072562175,1071628287,1072431103,1073741823,1073741823,1073741823,1073741823:j9
1073741823,1073741823,1073741823,1073741823,1072693247,1073741823,1071054847,1072005119,1072562175,1071628287,1068498943,1073741823,1073741823,1073741823,1073741823:j6
1073741823,1073741823,1073741823,1073741823,1072693247,1073741823,1071054847,1072005119,1072562175,1071628287,1072693247,1073741823,1056964607,1073741823,1073741823:j9
1073741823,1073741823,1073741823,1073741823,1072693247,1073741823,1071054847,1072005119,1072562175,1071628287,1072693247,1069547519,1073741823,1073741823,1073741823:j9
1073741823,1073741823,1073741823,1073741823,1072693247,1073741823,1071054847,1072005119,1072562175,1071628287,1072693247,1073741823,1072693247,1073741823,1073741823:j9
1073741823,1073741823,1073741823,1073741823,1072693247,1073741823,1071054847,1072005119,1072562175,1071628287,1072693247,1072693247,1073741823,1073741823,1073741823:j9
1073741823,1073741823,1073741823,1073741823,1072676863,1073741823,1071054847,1072005119,1072562175,1071628287,1072693247,1073741823,1073741823,1073741823,1073741823:j9
1073741823,1073741823,1073741823,1073741823,1072693247,1073741823,1071054847,1072005119,1072562175,1071628287,1072693247,1073740799,1073741823,1073741823,1073741823:j9
1073741823,1073741823,1073741823,1073741823,1072693247,1073741823,1071054847,1072005119,1072562175,1071628287,1072693247,1073479679,1073741823,1073741823,1073741823:j9
1073741823,1073741823,1073741823,1073741823,1072693247,1073741823,1071054847,1072005119,1072562175,1071628287,1072693247,1073725439,1073741823,1073741823,1073741823:j9
1073741823,1073741823,1073741823,1073741823,1072693247,1073741823,1071054847,1072005119,1072562175,1071628287,1072676863,1073741823,1073741823,1073741823,1073741823:j9
1073741823,1073741823,1073741823,1073741823,1072693247,1056964607,1071054847,1072005119,1072562175,1071628287,1072693247,1073741823,1073741823,1073741823,1073741823:j9
1073741823,1073741823,1073741823,1073741823,1072693247,1073741823,1066860543,1072005119,1072562175,1071628287,1072693247,1073741823,1073741823,1073741823,1073741823:j9
1073741823,1073741823,1073741823,1073741823,1072693247,1073741823,1071054847,1055227903,1072562175,1071628287,1072693247,1073741823,1073741823,1073741823,1073741823:j9
1073741823,1073741823,1073741823,1073741823,1072693247,1073741823,1071054847,1072005119,1072562175,1054851071,1072693247,1073741823,1073741823,1073741823,1073741823:j9
1073741823,1073741823,1073741823,1073741823,1072693247,1073741823,1071054847,1072005119,1072562175,1071624191,1072693247,1073741823,1073741823,1073741823,1073741823:j9
1073741823,1073741823,1073741823,1073741823,1072693247,1073737727,1071054847,1072005119,1072562175,1071628287,1072693247,1073741823,1073741823,1073741823,1073741823:j9
1073741823,1073741823,1073741823,1073741823,1072431103,1073741823,1071054847,1072005119,1072562175,1071628287,1072693247,1073741823,1073741823,1073741823,1073741823:j9
1073741823,1073741823,1073676287,1073741823,1072693247,1073741823,1071054847,1072005119,1072562175,1071628287,1072693247,1073741823,1073741823,1073741823,1073741823:j9
1073741823,1073741823,1073741823,1073479679,1072693247,1073741823,1071054847,1072005119,1072562175,1071628287,1072693247,1073741823,1073741823,1073741823,1073741823:j9
1073741823,1073741823,1072693247,1073741823,1072693247,1073741823,1071054847,1072005119,1072562175,1071628287,1072693247,1073741823,1073741823,1073741823,1073741823:j9
1073741823,1073741823,1073741823,1072693247,1072693247,1073741823,1071054847,1072005119,1072562175,1071628287,1072693247,1073741823,1073741823,1073741823,1073741823:j9
1073741823,1073741823,1056964607,1073741823,1072693247,1073741823,1071054847,1072005119,1072562175,1071628287,1072693247,1073741823,1073741823,1073741823,1073741823:j6
1073741823,1073741823,1073741823,1069547519,1072693247,1073741823,1071054847,1072005119,1072562175,1071628287,1072693247,1073741823,1073741823,1073741823,1073741823:j6
1073741823,1073741823,1073741823,1073741823,1055916031,1073741823,1071054847,1072005119,1072562175,1071628287,1072693247,1073741823,1073741823,1073741823,1073741823:j9
1073741823,1073741823,1073741823,1073741823,1068498943,1073741823,1071054847,1072005119,1072562175,1071628287,1072693247,1073741823,1073741823,1073741823,1073741823:j9
1073741823,1073741823,1073741823,1073741823,1072693247,1072693247,1071054847,1072005119,1072562175,1071628287,1072693247,1073741823,1073741823,1073741823,1073741823:j9
1073741823,1073741823,1073741823,1073741823,1072693247,1073741823,1071054847,1072005119,1072562175,1071628287,1072689151,1073741823,1073741823,1073741823,1073741823:j9
1073741823,1073741823,1073741823,1073741823,1072693247,1073741823,1071054847,1072005119,1072562175,1071562751,1072693247,1073741823,1073741823,1073741823,1073741823:j9
1073741823,1073741823,1073741823,1073741823,1072693247,1073741823,1071054847,1072005119,1072562175,1071628287,1072627711,1073741823,1073741823,1073741823,1073741823:j9
1073741823,1073741823,1073741823,1073741823,1072693247,1073741823,1054277631,1072005119,1072562175,1071628287,1072693247,1073741823,1073741823,1073741823,1073741823:j9
1073741823,1073741823,1073741823,1073741823,1072693247,1073741823,1071054847,1072005119,1055784959,1071628287,1072693247,1073741823,1073741823,1073741823,1073741823:j9
1073741823,1073741823,1073741823,1073741823,1072693247,1073741823,1071054847,1072005119,1068367871,1071628287,1072693247,1073741823,1073741823,1073741823,1073741823:j9
1073741823,1073741823,1073741823,1073741823,1072693247,1073741823,1071054847,1072005119,1072562175,1071628287,1055916031,1073741823,1073741823,1073741823,1073741823:j9
1073741823,1073741823,1073741823,1073741823,1072693247,1069547519,1071054847,1072005119,1072562175,1071628287,1072693247,1073741823,1073741823,1073741823,1073741823:j9
1073741823,1073741823,1073741823,1073741823,1072693247,1073741823,1071054847,1067810815,1072562175,1071628287,1072693247,1073741823,1073741823,1073741823,1073741823:j9
1073741823,1073741823,1073741823,1073741823,1072693247,1073741823,1071054847,1072005119,1072562175,1067433983,1072693247,1073741823,1073741823,1073741823,1073741823:j9
1073741823,1073741823,1073741823,1073741823,1072693247,1073741823,1071054847,1072005119,1072300031,1071628287,1072693247,1073741823,1073741823,1073741823,1073741823:g10
1073741823,1073741823,1073741823,1073741823,1072689151,1073741823,1071054847,1072005119,1072562175,1071628287,1072693247,1073741823,1073741823,1073741823,1073741823:j9
1073741823,1073741823,1073741823,1073741823,1072627711,1073741823,1071054847,1072005119,1072562175,1071628287,1072693247,1073741823,1073741823,1073741823,1073741823:j9
1073741823,1073741823,1073741823,1073741823,1072693247,1073676287,1071054847,1072005119,1072562175,1071628287,1072693247,1073741823,1073741823,1073741823,1073741823:j9
1073741823,1073741823,1073741823,1073741823,1072693247,1073741823,1071054847,1072005119,1072562175,1071627263,1072693247,1073741823,1073741823,1073741823,1073741823:j9
1073741823,1073741823,1073741823,1073741823,1072693247,1073741823,1071054847,1072005119,1072558079,1071628287,1072693247,1073741823,1073741823,1073741823,1073741823:j9
1073741823,1073741823,1073741823,1073741823,1072693247,1073741823,1071054847,1072004095,1072562175,1071628287,1072693247,1073741823,1073741823,1073741823,1073741823:j9
1073741823,1073741823,1073741823,1073741823,1072693247,1073741823,1071054847,1072001023,1072562175,1071628287,1072693247,1073741823,1073741823,1073741823,1073741823:j9
1073741823,1073741823,1073741823,1073741823,1072693247,1073740799,1071054847,1072005119,1072562175,1071628287,1072693247,1073741823,1073741823,1073741823,1073741823:j9
1073741823,1073741823,1073741823,1073741823,1072693247,1073741823,1071050751,1072005119,1072562175,1071628287,1072693247,1073741823,1073741823,1073741823,1073741823:j9
1073741823,1073741823,1073741823,1073741823,1072693247,1073725439,1071054847,1072005119,1072562175,1071628287,1072693247,1073741823,1073741823,1073741823,1073741823:j9
1073741823,1073741823,1073741823,1073741823,1072693247,1073741823,1071038463,1072005119,1072562175,1071628287,1072693247,1073741823,1073741823,1073741823,1073741823:j6
1073741823,1073741823,1073741823,1073741823,1072693247,1073479679,1071054847,1072005119,1072562175,1071628287,1072693247,1073741823,1073741823,1073741823,1073741823:j9
1073741823,1073741823,1073741823,1073741823,1072693247,1073741823,1071054847,1072005119,1072562175,1071366143,1072693247,1073741823,1073741823,1073741823,1073741823:l5
1073741823,1073741823,1073741823,1073741823,1072693247,1073741823,1071054847,1072005119,1072545791,1071628287,1072693247,1073741823,1073741823,1073741823,1073741823:j9
1073741823,1073741823,1073741823,1073741823,1072693247,1073741823,1071054847,1072005119,1072562175,1072676863,1073741823,1073741823,1073741823,1073741823,1073741823:j6
1073741823,1073741823,1073741823,1073741823,1072693247,1069547519,1071054847,1072005119,1072562175,1073725439,1073741823,1073741823,1073741823,1073741823,1073741823:j10
1073741823,1073741823,1073741823,1073741823,1072693247,1073741823,1071054847,1067810815,1072562175,1073725439,1073741823,1073741823,1073741823,1073741823,1073741823:j10
1073741823,1073741823,1073741823,1073741823,1072693247,1073741823,1071054847,1072005119,1072562175,1069531135,1073741823,1073741823,1073741823,1073741823,1073741823:j10
1073741823,1073741823,1073741823,1073741823,1072693247,1073741823,1071054847,1072005119,1072300031,1073725439,1073741823,1073741823,1073741823,1073741823,1073741823:g10
1073741823,1073741823,1073741823,1073741823,1072689151,1073741823,1071054847,1072005119,1072562175,1073725439,1073741823,1073741823,1073741823,1073741823,1073741823:j10
1073741823,1073741823,1073741823,1073741823,1072627711,1073741823,1071054847,1072005119,1072562175,1073725439,1073741823,1073741823,1073741823,1073741823,1073741823:j10
1073741823,1073741823,1073741823,1073741823,1072693247,1073676287,1071054847,1072005119,1072562175,1073725439,1073741823,1073741823,1073741823,1073741823,1073741823:j10
1073741823,1073741823,1073741823,1073741823,1072693247,1073741823,1071054847,1072005119,1072562175,1073724415,1073741823,1073741823,1073741823,1073741823,1073741823:j10
1073741823,1073741823,1073741823,1073741823,1072693247,1073741823,1071054847,1072005119,1072558079,1073725439,1073741823,1073741823,1073741823,1073741823,1073741823:j10
1073741823,1073741823,1073741823,1073741823,1072693247,1073741823,1071054847,1072004095,1072562175,1073725439,1073741823,1073741823,1073741823,1073741823,1073741823:j10
1073741823,1073741823,1073741823,1073741823,1072693247,1073741823,1071054847,1072001023,1072562175,1073725439,1073741823,1073741823,1073741823,1073741823,1073741823:j10
1073741823,1073741823,1073741823,1073741823,1072693247,1073740799,1071054847,1072005119,1072562175,1073725439,1073741823,1073741823,1073741823,1073741823,1073741823:j10
1073741823,1073741823,1073741823,1073741823,1072693247,1073741823,1071050751,1072005119,1072562175,1073725439,1073741823,1073741823,1073741823,1073741823,1073741823:l5
1073741823,1073741823,1073741823,1073741823,1072693247,1073725439,1071054847,1072005119,1072562175,1073725439,1073741823,1073741823,1073741823,1073741823,1073741823:j10
1073741823,1073741823,1073741823,1073741823,1072693247,1073741823,1071038463,1072005119,1072562175,1073725439,1073741823,1073741823,1073741823,1073741823,1073741823:j10
1073741823,1073741823,1073741823,1073741823,1072693247,1073479679,1071054847,1072005119,1072562175,1073725439,1073741823,1073741823,1073741823,1073741823,1073741823:h9
1073741823,1073741823,1073741823,1073741823,1072693247,1073741823,1071054847,1072005119,1072562175,1073463295,1073741823,1073741823,1073741823,1073741823,1073741823:l5
1073741823,1073741823,1073741823,1073741823,1072693247,1073741823,1071054847,1072005119,1072545791,1073725439,1073741823,1073741823,1073741823,1073741823,1073741823:j10
1073741823,1073741823,1073741823,1073741823,1072693247,1073741823,1071579135,1072005119,1072545791,1073741823,1073741823,1073741823,1073741823,1073741823,1073741823:l6
1073741823,1073741823,1073741823,1073741823,1072693247,1073741823,1073676287,1073053695,1072562175,1069547519,1073741823,1073741823,1073741823,1073741823,1073741823:g8
1073741823,1073741823,1073741823,1073741823,1072693247,1073741823,1073676287,1073053695,1072300031,1073741823,1073741823,1073741823,1073741823,1073741823,1073741823:g8
1073741823,1073741823,1073741823,1073741823,1072689151,1073741823,1073676287,1073053695,1072562175,1073741823,1073741823,1073741823,1073741823,1073741823,1073741823:g8
1073741823,1073741823,1073741823,1073741823,1072627711,1073741823,1073676287,1073053695,1072562175,1073741823,1073741823,1073741823,1073741823,1073741823,1073741823:g8
1073741823,1073741823,1073741823,1073741823,1072693247,1073676287,1073676287,1073053695,1072562175,1073741823,1073741823,1073741823,1073741823,1073741823,1073741823:g8
1073741823,1073741823,1073741823,1073741823,1072693247,1073741823,1072627711,1073053695,1072562175,1073741823,1073741823,1073741823,1073741823,1073741823,1073741823:g8
1073741823,1073741823,1073741823,1073741823,1072693247,1073741823,1073414143,1073053695,1072562175,1073741823,1073741823,1073741823,1073741823,1073741823,1073741823:g8
1073741823,1073741823,1073741823,1073741823,1072693247,1073741823,1073676287,1073053695,1072562175,1073740799,1073741823,1073741823,1073741823,1073741823,1073741823:g8
1073741823,1073741823,1073741823,1073741823,1072693247,1073741823,1073676287,1073053695,1072558079,1073741823,1073741823,1073741823,1073741823,1073741823,1073741823:g8
1073741823,1073741823,1073741823,1073741823,1072693247,1073741823,1073676287,1073052671,1072562175,1073741823,1073741823,1073741823,1073741823,1073741823,1073741823:k8
1073741823,1073741823,1073741823,1073741823,1072693247,1073741823,1073676287,1073049599,1072562175,1073741823,1073741823,1073741823,1073741823,1073741823,1073741823:k8
1073741823,1073741823,1073741823,1073741823,1072693247,1056964607,1073676287,1070952447,1072562175,1073741823,1073741823,1073741823,1073741823,1073741823,1073741823:l8
1073741823,1073741823,1073741823,1073741823,1072693247,1073741823,1069481983,1070952447,1072562175,1073741823,1073741823,1073741823,1073741823,1073741823,1073741823:l8
1073741823,1073741823,1073741823,1073741823,1072693247,1073741823,1073676287,1054175231,1072562175,1073741823,1073741823,1073741823,1073741823,1073741823,1073741823:l8
1073741823,1073741823,1073741823,1073741823,1072693247,1073741823,1073676287,1070952447,1072562175,1056964607,1073741823,1073741823,1073741823,1073741823,1073741823:l8
1073741823,1073741823,1073741823,1073741823,1072693247,1073741823,1073676287,1070952447,1072562175,1073741567,1073741823,1073741823,1073741823,1073741823,1073741823:l8
1073741823,1073741823,1073741823,1073741823,1072693247,1073741823,1073676287,1070952447,1072561151,1073741823,1073741823,1073741823,1073741823,1073741823,1073741823:l8
1073741823,1073741823,1073741823,1073741823,1072693247,1073741823,1073676287,1070952191,1072562175,1073741823,1073741823,1073741823,1073741823,1073741823,1073741823:l8
1073741823,1073741823,1073741823,1073741823,1072693247,1073741567,1073676287,1070952447,1072562175,1073741823,1073741823,1073741823,1073741823,1073741823,1073741823:l8
1073741823,1073741823,1073741823,1073741823,1072693247,1073741823,1073675263,1070952447,1072562175,1073741823,1073741823,1073741823,1073741823,1073741823,1073741823:l8
1073741823,1073741823,1073741823,1073741823,1072693247,1073741823,1073676287,1070952447,1072562175,1073737727,1073741823,1073741823,1073741823,1073741823,1073741823:l8
1073741823,1073741823,1073741823,1073741823,1072693247,1073737727,1073676287,1070952447,1072562175,1073741823,1073741823,1073741823,1073741823,1073741823,1073741823:l8
1073741823,1073741823,1073741823,1073741823,1072431103,1073741823,1073676287,1070952447,1072562175,1073741823,1073741823,1073741823,1073741823,1073741823,1073741823:l8
1073741823,1073741823,1073676287,1073741823,1072693247,1073741823,1073676287,1070952447,1072562175,1073741823,1073741823,1073741823,1073741823,1073741823,1073741823:l8
1073741823,1073741823,1073741823,1073479679,1072693247,1073741823,1073676287,1070952447,1072562175,1073741823,1073741823,1073741823,1073741823,1073741823,1073741823:l8
1073741823,1073741823,1072693247,1073741823,1072693247,1073741823,1073676287,1070952447,1072562175,1073741823,1073741823,1073741823,1073741823,1073741823,1073741823:l8
1073741823,1073741823,1073741823,1072693247,1072693247,1073741823,1073676287,1070952447,1072562175,1073741823,1073741823,1073741823,1073741823,1073741823,1073741823:l8
1073741823,1073741823,1056964607,1073741823,1072693247,1073741823,1073676287,1070952447,1072562175,1073741823,1073741823,1073741823,1073741823,1073741823,1073741823:l8
1073741823,1073741823,1073741823,1069547519,1072693247,1073741823,1073676287,1070952447,1072562175,1073741823,1073741823,1073741823,1073741823,1073741823,1073741823:l8
1073741823,1073741823,1073741823,1073741823,1055916031,1073741823,1073676287,1070952447,1072562175,1073741823,1073741823,1073741823,1073741823,1073741823,1073741823:l8
1073741823,1073741823,1073741823,1073741823,1068498943,1073741823,1073676287,1070952447,1072562175,1073741823,1073741823,1073741823,1073741823,1073741823,1073741823:l8
1073741823,1073741823,1073741823,1073741823,1072693247,1072693247,1073676287,1070952447,1072562175,1073741823,1073741823,1073741823,1073741823,1073741823,1073741823:l8
1073741823,1073741823,1073741823,1073741823,1072693247,1073741823,1073676287,1070952447,1072562175,1073741823,1073737727,1073741823,1073741823,1073741823,1073741823:l8
1073741823,1073741823,1073741823,1073741823,1072693247,1073741823,1073676287,1070952447,1072562175,1073676287,1073741823,1073741823,1073741823,1073741823,1073741823:l8
1073741823,1073741823,1073741823,1073741823,1072693247,1073741823,1073676287,1070952447,1072562175,1073741823,1073676287,1073741823,1073741823,1073741823,1073741823:l8
1073741823,1073741823,1073741823,1073741823,1072693247,1073741823,1056899071,1070952447,1072562175,1073741823,1073741823,1073741823,1073741823,1073741823,1073741823:l8
1073741823,1073741823,1073741823,1073741823,1072693247,1073741823,1073676287,1070952447,1055784959,1073741823,1073741823,1073741823,1073741823,1073741823,1073741823:l8
1073741823,1073741823,1073741823,1073741823,1072693247,1073741823,1073676287,1070952447,1068367871,1073741823,1073741823,1073741823,1073741823,1073741823,1073741823:l8
1073741823,1073741823,1073741823,1073741823,1072693247,1073741823,1073676287,1070952447,1072562175,1073741823,1056964607,1073741823,1073741823,1073741823,1073741823:l8
1073741823,1073741823,1073741823,1073741823,1072693247,1073741823,1073676287,1070952447,1072562175,1073741823,1072693247,1073741823,1073741823,1073741823,1073741823:l8
1073741823,1073741823,1073741823,1073741823,1072693247,1073741823,1073676287,1070952447,1072562175,1072693247,1073741823,1073741823,1073741823,1073741823,1073741823:l8
1073741823,1073741823,1073741823,1073741823,1072693247,1069547519,1073676287,1070952447,1072562175,1073741823,1073741823,1073741823,1073741823,1073741823,1073741823:l8
1073741823,1073741823,1073741823,1073741823,1072693247,1073741823,1073676287,1066758143,1072562175,1073741823,1073741823,1073741823,1073741823,1073741823,1073741823:h10
1073741823,1073741823,1073741823,1073741823,1072693247,1073741823,1073676287,1070952447,1072562175,1069547519,1073741823,1073741823,1073741823,1073741823,1073741823:l8
1073741823,1073741823,1073741823,1073741823,1072693247,1073741823,1073676287,1070952447,1072300031,1073741823,1073741823,1073741823,1073741823,1073741823,1073741823:l8
1073741823,1073741823,1073741823,1073741823,1072689151,1073741823,1073676287,1070952447,1072562175,1073741823,1073741823,1073741823,1073741823,1073741823,1073741823:l8
1073741823,1073741823,1073741823,1073741823,1072627711,1073741823,1073676287,1070952447,1072562175,1073741823,1073741823,1073741823,1073741823,1073741823,1073741823:l8
1073741823,1073741823,1073741823,1073741823,1072693247,1073676287,1073676287,1070952447,1072562175,1073741823,1073741823,1073741823,1073741823,1073741823,1073741823:l8
1073741823,1073741823,1073741823,1073741823,1072693247,1073741823,1072627711,1070952447,1072562175,1073741823,1073741823,1073741823,1073741823,1073741823,1073741823:l8
1073741823,1073741823,1073741823,1073741823,1072693247,1073741823,1073414143,1070952447,1072562175,1073741823,1073741823,1073741823,1073741823,1073741823,1073741823:l8
1073741823,1073741823,1073741823,1073741823,1072693247,1073741823,1073676287,1070952447,1072562175,1073740799,1073741823,1073741823,1073741823,1073741823,1073741823:l8
1073741823,1073741823,1073741823,1073741823,1072693247,1073741823,1073676287,1070952447,1072558079,1073741823,1073741823,1073741823,1073741823,1073741823,1073741823:l8
1073741823,1073741823,1073741823,1073741823,1072693247,1073741823,1073676287,1070951423,1072562175,1073741823,1073741823,1073741823,1073741823,1073741823,1073741823:l8
1073741823,1073741823,1073741823,1073741823,1072693247,1073740799,1073676287,1070952447,1072562175,1073741823,1073741823,1073741823,1073741823,1073741823,1073741823:l8
1073741823,1073741823,1073741823,1073741823,1072693247,1073741823,1073672191,1070952447,1072562175,1073741823,1073741823,1073741823,1073741823,1073741823,1073741823:l8
1073741823,1073741823,1073741823,1073741823,1072693247,1073725439,1073676287,1070952447,1072562175,1073741823,1073741823,1073741823,1073741823,1073741823,1073741823:l8
1073741823,1073741823,1073741823,1073741823,1072693247,1073741823,1073659903,1070952447,1072562175,1073741823,1073741823,1073741823,1073741823,1073741823,1073741823:l8
1073741823,1073741823,1073741823,1073741823,1072693247,1073479679,1073676287,1070952447,1072562175,1073741823,1073741823,1073741823,1073741823,1073741823,1073741823:l8
1073741823,1073741823,1073741823,1073741823,1072693247,1073741823,1073676287,1070952447,1072562175,1073479679,1073741823,1073741823,1073741823,1073741823,1073741823:l8
1073741823,1073741823,1073741823,1073741823,1072693247,1073741823,1073676287,1070952447,1072562175,1073725439,1073741823,1073741823,1073741823,1073741823,1073741823:l8
1073741823,1073741823,1073741823,1073741823,1072693247,1073741823,1073676287,1070952447,1072545791,1073741823,1073741823,1073741823,1073741823,1073741823,1073741823:l8
1073741823,1073741823,1073741823,1073741823,1072693247,1073740799,1073676287,1073053695,1072562175,1073741823,1073741823,1073741823,1073741823,1073741823,1073741823:g8
1073741823,1073741823,1073741823,1073741823,1072693247,1073741823,1073672191,1073053695,1072562175,1073741823,1073741823,1073741823,1073741823,1073741823,1073741823:g8
1073741823,1073741823,1073741823,1073741823,1072693247,1073725439,1073676287,1073053695,1072562175,1073741823,1073741823,1073741823,1073741823,1073741823,1073741823:g8
1073741823,1073741823,1073741823,1073741823,1072693247,1073741823,1073659903,1073053695,1072562175,1073741823,1073741823,1073741823,1073741823,1073741823,1073741823:g8
1073741823,1073741823,1073741823,1073741823,1072693247,1073479679,1073676287,1073053695,1072562175,1073741823,1073741823,1073741823,1073741823,1073741823,1073741823:g8
1073741823,1073741823,1073741823,1073741823,1072693247,1073741823,1073676287,1073053695,1072562175,1073479679,1073741823,1073741823,1073741823,1073741823,1073741823:g8
1073741823,1073741823,1073741823,1073741823,1072693247,1073741823,1073676287,1073053695,1072562175,1073725439,1073741823,1073741823,1073741823,1073741823,1073741823:g8
1073741823,1073741823,1073741823,1073741823,1072693247,1073741823,1073676287,1073053695,1072545791,1073741823,1073741823,1073741823,1073741823,1073741823,1073741823:g8
