1073741823,1073741823,1073741823,1072693247,1073201151,1064959999,796819455,1073119231,1073741823,1073479679,1073741823,1073741823,1073741823,1073741823,1073741823:i9
1073741823,1073741823,1073741823,1072693247,1073201151,1064959999,796819455,1073119231,1073610751,1073479679,1073737727,1073741823,1073741823,1073741823,1073741823:f9
1073741823,1073741823,1073741823,1072693247,1073201151,1064959999,796819455,1073119231,1056833535,1073479679,1073741823,1073741823,1073741823,1073741823,1073741823:f9
1073741823,1073741823,1073741823,1072693247,804765695,1064959999,796819455,1073119231,1073610751,1073479679,1073741823,1073741823,1073741823,1073741823,1073741823:f9
1073741823,1073741823,1073741823,1072693247,1073201151,796524543,796819455,1073119231,1073610751,1073479679,1073741823,1073741823,1073741823,1073741823,1073741823:f9
1073741823,1073741823,1073741823,1072693247,1073201151,1064959999,796819455,1073119231,805175295,1073479679,1073741823,1073741823,1073741823,1073741823,1073741823:f9
1073741823,1073741823,1073741823,1072693247,1073201151,1064959999,796819455,804683775,1073610751,1073479679,1073741823,1073741823,1073741823,1073741823,1073741823:f9
1073741823,1073741823,1073741823,1072693247,1006092287,1064959999,796819455,1073119231,1073610751,1073479679,1073741823,1073741823,1073741823,1073741823,1073741823:f9
1073741823,1073741823,1073741823,1072693247,1073201151,1064959999,729710591,1073119231,1073610751,1073479679,1073741823,1073741823,1073741823,1073741823,1073741823:f9
1073741823,1073741823,1073741823,1072693247,1073201151,1064959999,796819455,1073119231,1006501887,1073479679,1073741823,1073741823,1073741823,1073741823,1073741823:f9
1073741823,1073741823,1073741823,1072693247,1073201151,1064959999,796819455,1056342015,1073610751,1073479679,1073741823,1073741823,1073741823,1073741823,1073741823:f9
1073741823,1073741823,1073741823,1072693247,1073201151,1064959999,796819455,1073119231,1069416447,1073479679,1073741823,1073741823,1073741823,1073741823,1073741823:f9
1073741823,1073741823,1073741823,1005584383,1073201151,1064959999,796819455,1073119231,1073610751,1073479679,1073741823,1073741823,1073741823,1073741823,1073741823:f9
1073741823,1073741823,1073741823,1072693247,1056423935,1064959999,796819455,1073119231,1073610751,1073479679,1073741823,1073741823,1073741823,1073741823,1073741823:f9
1073741823,1073741823,1073741823,1072693247,1073201151,997851135,796819455,1073119231,1073610751,1073479679,1073741823,1073741823,1073741823,1073741823,1073741823:f9
1073741823,1073741823,1073741823,1072693247,1073201151,1064959999,796819455,1006010367,1073610751,1073479679,1073741823,1073741823,1073741823,1073741823,1073741823:f9
1073741823,1073741823,1073741823,1072693247,1073201151,1064959999,780042239,1073119231,1073610751,1073479679,1073741823,1073741823,1073741823,1073741823,1073741823:f9
1073741823,1073676287,1073741823,1072693247,1073201151,1064959999,796819455,1073119231,1073610751,1073479679,1073741823,1073741823,1073741823,1073741823,1073741823:f9
1073741823,1072693247,1073741823,1072693247,1073201151,1064959999,796819455,1073119231,1073610751,1073479679,1073741823,1073741823,1073741823,1073741823,1073741823:f9
1073741823,1073741823,1072693247,1072693247,1073201151,1064959999,796819455,1073119231,1073610751,1073479679,1073741823,1073741823,1073741823,1073741823,1073741823:f9
1073741823,1056964607,1073741823,1072693247,1073201151,1064959999,796819455,1073119231,1073610751,1073479679,1073741823,1073741823,1073741823,1073741823,1073741823:f9
1073741823,1073741823,1073741823,1055916031,1073201151,1064959999,796819455,1073119231,1073610751,1073479679,1073741823,1073741823,1073741823,1073741823,1073741823:f9
1073741823,1073741823,1073741823,1068498943,1073201151,1064959999,796819455,1073119231,1073610751,1073479679,1073741823,1073741823,1073741823,1073741823,1073741823:k7
1073741823,1073741823,1073741823,1072693247,1073201151,1048182783,796819455,1073119231,1073610751,1073479679,1073741823,1073741823,1073741823,1073741823,1073741823:f9
1073741823,1073741823,1073741823,1072431103,1073201151,1064959999,796819455,1073119231,1073610751,1073479679,1073741823,1073741823,1073741823,1073741823,1073741823:f9
1073741823,1073741823,1069547519,1072693247,1073201151,1064959999,796819455,1073119231,1073610751,1073479679,1073741823,1073741823,1073741823,1073741823,1073741823:f9
1073741823,1073741823,1073741823,1072693247,1069006847,1064959999,796819455,1073119231,1073610751,1073479679,1073741823,1073741823,1073741823,1073741823,1073741823:f9
1073741823,1073741823,1073740799,1072693247,1073201151,1064959999,796819455,1073119231,1073610751,1073479679,1073741823,1073741823,1073741823,1073741823,1073741823:f9
1073741823,1073741823,1073725439,1072693247,1073201151,1064959999,796819455,1073119231,1073610751,1073479679,1073741823,1073741823,1073741823,1073741823,1073741823:f9
1073741823,1073741823,1073741823,1072676863,1073201151,1064959999,796819455,1073119231,1073610751,1073479679,1073741823,1073741823,1073741823,1073741823,1073741823:f9
1073741823,1073741823,1073479679,1072693247,1073201151,1064959999,796819455,1073119231,1073610751,1073479679,1073741823,1073741823,1073741823,1073741823,1073741823:f9
1073741823,1073741823,1073741823,1072693247,1073201151,1064959999,796819455,1073119231,1073609727,1073479679,1073741823,1073741823,1073741823,1073741823,1073741823:l5
1073741823,1073741823,1073741823,1072693247,1073201151,1064959999,796818431,1073119231,1073610751,1073479679,1073741823,1073741823,1073741823,1073741823,1073741823:f9
1073741823,1073741823,1073741823,1072693247,1073200127,1064959999,796819455,1073119231,1073610751,1073479679,1073741823,1073741823,1073741823,1073741823,1073741823:f9
1073741823,1073741823,1073741823,1072693247,1073201151,1064959999,796819455,1073119231,1073610751,1073475583,1073741823,1073741823,1073741823,1073741823,1073741823:f9
1073741823,1073741823,1073741823,1072693247,1073201151,1064955903,796819455,1073119231,1073610751,1073479679,1073741823,1073741823,1073741823,1073741823,1073741823:f9
1073741823,1073741823,1073741823,1072689151,1073201151,1064959999,796819455,1073119231,1073610751,1073479679,1073741823,1073741823,1073741823,1073741823,1073741823:f9
1073741823,1073741823,1073741823,1072627711,1073201151,1064959999,796819455,1073119231,1073610751,1073479679,1073741823,1073741823,1073741823,1073741823,1073741823:f9
1073741823,1073741823,1073741823,1072693247,1073201151,1063911423,796819455,1073119231,1073610751,1073479679,1073741823,1073741823,1073741823,1073741823,1073741823:f9
1073741823,1073741823,1073741823,1072693247,1073201151,1064959999,796819455,1073119231,1073610751,1073479679,1073741823,1073725439,1073741823,1073741823,1073741823:f9
1073741823,1073741823,1073741823,1072693247,1073201151,1064959999,796819455,1073119231,1073610751,1073479679,1073676287,1073741823,1073741823,1073741823,1073741823:f9
1073741823,1073741823,1073741823,1072693247,1073201151,1064959999,796819455,1073119231,1073610751,1073414143,1073741823,1073741823,1073741823,1073741823,1073741823:f9
1073741823,1073741823,1073741823,1072693247,1073201151,1064959999,796819455,1073119231,1073610751,1072431103,1073741823,1073741823,1073741823,1073741823,1073741823:f9
1073741823,1073741823,1073741823,1072693247,1073201151,1064959999,796819455,1073119231,1073610751,1073479679,1073741823,1069547519,1073741823,1073741823,1073741823:f9
1073741823,1073741823,1073741823,1072693247,1073201151,1064959999,796819455,1073119231,1073610751,1073479679,1072693247,1073741823,1073741823,1073741823,1073741823:f9
1073741823,1073741823,1073741823,1072693247,1073201151,1064959999,796819455,1073119231,1073610751,1073479679,1073741823,1073479679,1073741823,1073741823,1073741823:f9
1073741823,1073741823,1073741823,1072693247,1073201151,1064959999,796819455,1073119231,1073610751,1073479679,1073479679,1073741823,1073741823,1073741823,1073741823:f9
1073741823,1073741823,1073741823,1072693247,1073201151,1064959999,796819455,1068924927,1073610751,1073479679,1073741823,1073741823,1073741823,1073741823,1073741823:f9
1073741823,1073741823,1073741823,1072693247,1073201151,1064959999,796819455,1072070655,1073610751,1073479679,1073741823,1073741823,1073741823,1073741823,1073741823:f9
1073741823,1073741823,1073741823,1072693247,1073201151,1064959999,796819455,1073119231,1073610751,1069285375,1073741823,1073741823,1073741823,1073741823,1073741823:f9
1073741823,1073741823,1073741823,1072693247,1073201151,1064959999,796819455,1073119231,1073348607,1073479679,1073741823,1073741823,1073741823,1073741823,1073741823:l5
1073741823,1073741823,1073741823,1072693247,1073197055,1064959999,796819455,1073119231,1073610751,1073479679,1073741823,1073741823,1073741823,1073741823,1073741823:f9
1073741823,1073741823,1073741823,1072693247,1073135615,1064959999,796819455,1073119231,1073610751,1073479679,1073741823,1073741823,1073741823,1073741823,1073741823:f9
1073741823,1073741823,1073741823,1072693247,1072152575,1064959999,796819455,1073119231,1073610751,1073479679,1073741823,1073741823,1073741823,1073741823,1073741823:k7
1073741823,1073741823,1073741823,1072693247,1073201151,1064959999,795770879,1073119231,1073610751,1073479679,1073741823,1073741823,1073741823,1073741823,1073741823:f9
1073741823,1073741823,1073741823,1072693247,1073201151,1064959999,796557311,1073119231,1073610751,1073479679,1073741823,1073741823,1073741823,1073741823,1073741823:f9
1073741823,1073741823,1073741823,1072693247,1073201151,1064959999,796819455,1073119231,1072562175,1073479679,1073741823,1073741823,1073741823,1073741823,1073741823:f9
1073741823,1073741823,1073741823,1072693247,1073201151,1064959999,796819455,1073119231,1073610751,1073478655,1073741823,1073741823,1073741823,1073741823,1073741823:f9
1073741823,1073741823,1073741823,1072693247,1073201151,1064959999,796819455,1073119231,1073606655,1073479679,1073741823,1073741823,1073741823,1073741823,1073741823:l5
1073741823,1073741823,1073741823,1072693247,1073201151,1064959999,796819455,1073118207,1073610751,1073479679,1073741823,1073741823,1073741823,1073741823,1073741823:f9
1073741823,1073741823,1073741823,1072693247,1073201151,1064959999,796819455,1073115135,1073610751,1073479679,1073741823,1073741823,1073741823,1073741823,1073741823:l5
1073741823,1073741823,1073741823,1072693247,1073201151,1064958975,796819455,1073119231,1073610751,1073479679,1073741823,1073741823,1073741823,1073741823,1073741823:f9
1073741823,1073741823,1073741823,1072693247,1073201151,1064959999,796815359,1073119231,1073610751,1073479679,1073741823,1073741823,1073741823,1073741823,1073741823:f9
1073741823,1073741823,1073741823,1072693247,1073201151,1064943615,796819455,1073119231,1073610751,1073479679,1073741823,1073741823,1073741823,1073741823,1073741823:f9
1073741823,1073741823,1073741823,1072693247,1073201151,1064959999,796819455,1073119231,1073610751,1073463295,1073741823,1073741823,1073741823,1073741823,1073741823:l5
1073741823,1073741823,1073741823,1072693247,1073201151,1064959999,796819455,1073119231,1073594367,1073479679,1073741823,1073741823,1073741823,1073741823,1073741823:l5
