1073741823,1073741823,1073741823,1072693247,1073201151,1064959999,1065254910,1073119231,1073741823,1073479679,1073741823,1073741823,1073741823,1073741823,1073741823:i9
1073741823,1073741823,1073741823,1072693247,1073201151,1064959999,1065254910,1073119231,1073610751,1073479679,1073737727,1073741823,1073741823,1073741823,1073741823:f9
1073741823,1073741823,1073741823,1072693247,1073201150,1064959999,1065254910,1073119231,1073610751,1073479679,1073741823,1073741823,1073741823,1073741823,1073741823:f9
1073741823,1073741823,1073741823,1072693247,1073201151,1064959998,1065254910,1073119231,1073610751,1073479679,1073741823,1073741823,1073741823,1073741823,1073741823:f9
1073741823,1073741823,1073741823,1072693247,1073201135,1064959999,1065254910,1073119231,1073610751,1073479679,1073741823,1073741823,1073741823,1073741823,1073741823:f9
1073741823,1073741823,1073741823,1072693247,1073201151,1064959995,1065254910,1073119231,1073610751,1073479679,1073741823,1073741823,1073741823,1073741823,1073741823:f9
1073741823,1073741823,1073741823,1072693247,1073201151,1064959999,1065254894,1073119231,1073610751,1073479679,1073741823,1073741823,1073741823,1073741823,1073741823:f9
1073741823,1073741823,1073741823,1072693247,1073201151,1064959999,1065254906,1073119231,1073610751,1073479679,1073741823,1073741823,1073741823,1073741823,1073741823:f9
1073741823,1073741823,1073741823,1072693247,1073201151,1064959999,1065254910,1073119231,1073610735,1073479679,1073741823,1073741823,1073741823,1073741823,1073741823:f9
1073741823,1073741823,1073741823,1072693247,1073201151,1064959999,1065254910,1073119227,1073610751,1073479679,1073741823,1073741823,1073741823,1073741823,1073741823:f9
1073741823,1073741823,1073741823,1072693247,1073201151,1064959999,1065254910,1073119231,1073610750,1073479679,1073741823,1073741823,1073741823,1073741823,1073741823:f9
1073741823,1073741823,1073741823,1072693247,1073201151,1064959999,1065254910,1073119230,1073610751,1073479679,1073741823,1073741823,1073741823,1073741823,1073741823:f9
1073741823,1073741823,1073741823,1072693247,1006092287,1064959999,1065254910,1073119231,1073610751,1073479679,1073741823,1073741823,1073741823,1073741823,1073741823:f9
1073741823,1073741823,1073741823,1072693247,1073201151,1064959999,998146046,1073119231,1073610751,1073479679,1073741823,1073741823,1073741823,1073741823,1073741823:f9
1073741823,1073741823,1073741823,1072693247,1073201151,1064959999,1065254910,1073119231,1006501887,1073479679,1073741823,1073741823,1073741823,1073741823,1073741823:f9
1073741823,1073741823,1073741823,1072693247,1073201151,1064959999,1065254910,1056342015,1073610751,1073479679,1073741823,1073741823,1073741823,1073741823,1073741823:f9
1073741823,1073741823,1073741823,1072693247,1073201151,1064959999,1065254910,1073119231,1069416447,1073479679,1073741823,1073741823,1073741823,1073741823,1073741823:f9
1073741823,1073741823,1073741823,1005584383,1073201151,1064959999,1065254910,1073119231,1073610751,1073479679,1073741823,1073741823,1073741823,1073741823,1073741823:f9
1073741823,1073741823,1073741823,1072693247,1056423935,1064959999,1065254910,1073119231,1073610751,1073479679,1073741823,1073741823,1073741823,1073741823,1073741823:f9
1073741823,1073741823,1073741823,1072693247,1073201151,997851135,1065254910,1073119231,1073610751,1073479679,1073741823,1073741823,1073741823,1073741823,1073741823:f9
1073741823,1073741823,1073741823,1072693247,1073201151,1064959999,1065254910,1006010367,1073610751,1073479679,1073741823,1073741823,1073741823,1073741823,1073741823:f9
1073741823,1073741823,1073741823,1072693247,1073201151,1064959999,1048477694,1073119231,1073610751,1073479679,1073741823,1073741823,1073741823,1073741823,1073741823:f9
1073741823,1073676287,1073741823,1072693247,1073201151,1064959999,1065254910,1073119231,1073610751,1073479679,1073741823,1073741823,1073741823,1073741823,1073741823:f9
1073741823,1072693247,1073741823,1072693247,1073201151,1064959999,1065254910,1073119231,1073610751,1073479679,1073741823,1073741823,1073741823,1073741823,1073741823:f9
1073741823,1073741823,1072693247,1072693247,1073201151,1064959999,1065254910,1073119231,1073610751,1073479679,1073741823,1073741823,1073741823,1073741823,1073741823:f9
1073741823,1056964607,1073741823,1072693247,1073201151,1064959999,1065254910,1073119231,1073610751,1073479679,1073741823,1073741823,1073741823,1073741823,1073741823:f9
1073741823,1073741823,1073741823,1055916031,1073201151,1064959999,1065254910,1073119231,1073610751,1073479679,1073741823,1073741823,1073741823,1073741823,1073741823:f9
1073741823,1073741823,1073741823,1068498943,1073201151,1064959999,1065254910,1073119231,1073610751,1073479679,1073741823,1073741823,1073741823,1073741823,1073741823:k7
1073741823,1073741823,1073741823,1072693247,1073201151,1048182783,1065254910,1073119231,1073610751,1073479679,1073741823,1073741823,1073741823,1073741823,1073741823:f9
1073741823,1073741823,1073741823,1072431103,1073201151,1064959999,1065254910,1073119231,1073610751,1073479679,1073741823,1073741823,1073741823,1073741823,1073741823:f9
1073741823,1073741823,1069547519,1072693247,1073201151,1064959999,1065254910,1073119231,1073610751,1073479679,1073741823,1073741823,1073741823,1073741823,1073741823:f9
1073741823,1073741823,1073741823,1072693247,1069006847,1064959999,1065254910,1073119231,1073610751,1073479679,1073741823,1073741823,1073741823,1073741823,1073741823:f9
1073741823,1073741823,1073740799,1072693247,1073201151,1064959999,1065254910,1073119231,1073610751,1073479679,1073741823,1073741823,1073741823,1073741823,1073741823:f9
1073741823,1073741823,1073725439,1072693247,1073201151,1064959999,1065254910,1073119231,1073610751,1073479679,1073741823,1073741823,1073741823,1073741823,1073741823:f9
1073741823,1073741823,1073741823,1072676863,1073201151,1064959999,1065254910,1073119231,1073610751,1073479679,1073741823,1073741823,1073741823,1073741823,1073741823:f9
1073741823,1073741823,1073479679,1072693247,1073201151,1064959999,1065254910,1073119231,1073610751,1073479679,1073741823,1073741823,1073741823,1073741823,1073741823:f9
1073741823,1073741823,1073741823,1072693247,1073201151,1064959999,1065254910,1073119231,1073609727,1073479679,1073741823,1073741823,1073741823,1073741823,1073741823:l5
1073741823,1073741823,1073741823,1072693247,1073201151,1064959999,1065253886,1073119231,1073610751,1073479679,1073741823,1073741823,1073741823,1073741823,1073741823:f9
1073741823,1073741823,1073741823,1072693247,1073200127,1064959999,1065254910,1073119231,1073610751,1073479679,1073741823,1073741823,1073741823,1073741823,1073741823:f9
1073741823,1073741823,1073741823,1072693247,1073201151,1064959999,1065254910,1073119231,1073610751,1073475583,1073741823,1073741823,1073741823,1073741823,1073741823:f9
1073741823,1073741823,1073741823,1072693247,1073201151,1064955903,1065254910,1073119231,1073610751,1073479679,1073741823,1073741823,1073741823,1073741823,1073741823:f9
1073741823,1073741823,1073741823,1072689151,1073201151,1064959999,1065254910,1073119231,1073610751,1073479679,1073741823,1073741823,1073741823,1073741823,1073741823:f9
1073741823,1073741823,1073741823,1072627711,1073201151,1064959999,1065254910,1073119231,1073610751,1073479679,1073741823,1073741823,1073741823,1073741823,1073741823:f9
1073741823,1073741823,1073741823,1072693247,1073201151,1063911423,1065254910,1073119231,1073610751,1073479679,1073741823,1073741823,1073741823,1073741823,1073741823:f9
1073741823,1073741823,1073741823,1072693247,1073201151,1064959999,1065254910,1073119231,1073610751,1073479679,1073741823,1073725439,1073741823,1073741823,1073741823:f9
1073741823,1073741823,1073741823,1072693247,1073201151,1064959999,1065254910,1073119231,1073610751,1073479679,1073676287,1073741823,1073741823,1073741823,1073741823:f9
1073741823,1073741823,1073741823,1072693247,1073201151,1064959999,1065254910,1073119231,1073610751,1073414143,1073741823,1073741823,1073741823,1073741823,1073741823:f9
1073741823,1073741823,1073741823,1072693247,1073201151,1064959999,1065254910,1073119231,1073610751,1072431103,1073741823,1073741823,1073741823,1073741823,1073741823:f9
1073741823,1073741823,1073741823,1072693247,1073201151,1064959999,1065254910,1073119231,1073610751,1073479679,1073741823,1069547519,1073741823,1073741823,1073741823:f9
1073741823,1073741823,1073741823,1072693247,1073201151,1064959999,1065254910,1073119231,1073610751,1073479679,1072693247,1073741823,1073741823,1073741823,1073741823:f9
1073741823,1073741823,1073741823,1072693247,1073201151,1064959999,1065254910,1073119231,1073610751,1073479679,1073741823,1073479679,1073741823,1073741823,1073741823:f9
1073741823,1073741823,1073741823,1072693247,1073201151,1064959999,1065254910,1073119231,1073610751,1073479679,1073479679,1073741823,1073741823,1073741823,1073741823:f9
1073741823,1073741823,1073741823,1072693247,1073201151,1064959999,1065254910,1068924927,1073610751,1073479679,1073741823,1073741823,1073741823,1073741823,1073741823:f9
1073741823,1073741823,1073741823,1072693247,1073201151,1064959999,1065254910,1072070655,1073610751,1073479679,1073741823,1073741823,1073741823,1073741823,1073741823:f9
1073741823,1073741823,1073741823,1072693247,1073201151,1064959999,1065254910,1073119231,1073610751,1069285375,1073741823,1073741823,1073741823,1073741823,1073741823:f9
1073741823,1073741823,1073741823,1072693247,1073201151,1064959999,1065254910,1073119231,1073348607,1073479679,1073741823,1073741823,1073741823,1073741823,1073741823:l5
1073741823,1073741823,1073741823,1072693247,1073197055,1064959999,1065254910,1073119231,1073610751,1073479679,1073741823,1073741823,1073741823,1073741823,1073741823:f9
1073741823,1073741823,1073741823,1072693247,1073135615,1064959999,1065254910,1073119231,1073610751,1073479679,1073741823,1073741823,1073741823,1073741823,1073741823:f9
1073741823,1073741823,1073741823,1072693247,1072152575,1064959999,1065254910,1073119231,1073610751,1073479679,1073741823,1073741823,1073741823,1073741823,1073741823:k7
1073741823,1073741823,1073741823,1072693247,1073201151,1064959999,1064206334,1073119231,1073610751,1073479679,1073741823,1073741823,1073741823,1073741823,1073741823:f9
1073741823,1073741823,1073741823,1072693247,1073201151,1064959999,1064992766,1073119231,1073610751,1073479679,1073741823,1073741823,1073741823,1073741823,1073741823:f9
1073741823,1073741823,1073741823,1072693247,1073201151,1064959999,1065254910,1073119231,1072562175,1073479679,1073741823,1073741823,1073741823,1073741823,1073741823:f9
1073741823,1073741823,1073741823,1072693247,1073201151,1064959999,1065254910,1073119231,1073610751,1073478655,1073741823,1073741823,1073741823,1073741823,1073741823:f9
1073741823,1073741823,1073741823,1072693247,1073201151,1064959999,1065254910,1073119231,1073606655,1073479679,1073741823,1073741823,1073741823,1073741823,1073741823:l5
1073741823,1073741823,1073741823,1072693247,1073201151,1064959999,1065254910,1073118207,1073610751,1073479679,1073741823,1073741823,1073741823,1073741823,1073741823:f9
1073741823,1073741823,1073741823,1072693247,1073201151,1064959999,1065254910,1073115135,1073610751,1073479679,1073741823,1073741823,1073741823,1073741823,1073741823:l5
1073741823,1073741823,1073741823,1072693247,1073201151,1064958975,1065254910,1073119231,1073610751,1073479679,1073741823,1073741823,1073741823,1073741823,1073741823:f9
1073741823,1073741823,1073741823,1072693247,1073201151,1064959999,1065250814,1073119231,1073610751,1073479679,1073741823,1073741823,1073741823,1073741823,1073741823:f9
1073741823,1073741823,1073741823,1072693247,1073201151,1064943615,1065254910,1073119231,1073610751,1073479679,1073741823,1073741823,1073741823,1073741823,1073741823:f9
1073741823,1073741823,1073741823,1072693247,1073201151,1064959999,1065254910,1073119231,1073610751,1073463295,1073741823,1073741823,1073741823,1073741823,1073741823:l5
1073741823,1073741823,1073741823,1072693247,1073201151,1064959999,1065254910,1073119231,1073594367,1073479679,1073741823,1073741823,1073741823,1073741823,1073741823:l5
