1073741823,1073741823,1073741823,1073741823,1073740799,1073610751,1073676287,1073184767,1073741823,1073479679,1073741823,1073741823,1073741823,1073741823,1073741823:j7
1073741823,1073741823,1073741823,1073741823,1069546495,1073610751,1073151999,1073184767,1073741823,1073479679,1073741823,1073741823,1073741823,1073741823,1073741823:h5
1073741823,1073741823,1073741823,1073741823,1073740799,1073610751,1068957695,1073184767,1073741823,1073479679,1073741823,1073741823,1073741823,1073741823,1073741823:h5
1073741823,1073741823,1073741823,1073741823,1073740799,1073610751,1073151999,1073184767,1069547519,1073479679,1073741823,1073741823,1073741823,1073741823,1073741823:h5
1073741823,1073741823,1073741823,1073741823,1073740799,1073610751,1073151935,1073184767,1073741823,1073479679,1073741823,1073741823,1073741823,1073741823,1073741823:k8
1073741823,1073741823,1073741823,1073741823,1073740799,1073610495,1073151999,1073184767,1073741823,1073479679,1073741823,1073741823,1073741823,1073741823,1073741823:k8
1073741823,1073741823,1073741823,1073741823,1073740735,1073610751,1073151999,1073184767,1073741823,1073479679,1073741823,1073741823,1073741823,1073741823,1073741823:h5
1073741823,1073741823,1073741823,1073741823,1073740543,1073610751,1073151999,1073184767,1073741823,1073479679,1073741823,1073741823,1073741823,1073741823,1073741823:h5
1073741823,1073741823,1073741759,1073741823,1073740799,1073610751,1073151999,1073184767,1073741823,1073479679,1073741823,1073741823,1073741823,1073741823,1073741823:h5
1073741823,1073741823,1073741823,1073741567,1073740799,1073610751,1073151999,1073184767,1073741823,1073479679,1073741823,1073741823,1073741823,1073741823,1073741823:k8
1073741823,1073741823,1073740799,1073741823,1073740799,1073610751,1073151999,1073184767,1073741823,1073479679,1073741823,1073741823,1073741823,1073741823,1073741823:h5
1073741823,1073741823,1073741823,1073740799,1073740799,1073610751,1073151999,1073184767,1073741823,1073479679,1073741823,1073741823,1073741823,1073741823,1073741823:k8
1073741823,1073741823,1073725439,1073741823,1073740799,1073610751,1073151999,1073184767,1073741823,1073479679,1073741823,1073741823,1073741823,1073741823,1073741823:k8
1073741823,1073741823,1073741823,1073741823,1073740799,1073610751,1073150975,1073184767,1073741823,1073479679,1073741823,1073741823,1073741823,1073741823,1073741823:h5
1073741823,1073741823,1073741823,1073741823,1073740799,1073606655,1073151999,1073184767,1073741823,1073479679,1073741823,1073741823,1073741823,1073741823,1073741823:h5
1073741823,1073741823,1073741823,1073737727,1073740799,1073610751,1073151999,1073184767,1073741823,1073479679,1073741823,1073741823,1073741823,1073741823,1073741823:k8
1073741823,1073741823,1073741823,1073741823,1073724415,1073610751,1073151999,1073184767,1073741823,1073479679,1073741823,1073741823,1073741823,1073741823,1073741823:j5
1073741823,1073741823,1073741823,1073676287,1073740799,1073610751,1073151999,1073184767,1073741823,1073479679,1073741823,1073741823,1073741823,1073741823,1073741823:k8
1073741823,1073741823,1073741823,1072693247,1073740799,1073610751,1073151999,1073184767,1073741823,1073479679,1073741823,1073741823,1073741823,1073741823,1073741823:k8
1073741823,1073741823,1073741823,1073741823,1073478655,1073610751,1073151999,1073184767,1073741823,1073479679,1073741823,1073741823,1073741823,1073741823,1073741823:k8
1073741823,1073741823,1073741823,1073741823,1073740799,1072562175,1073151999,1073184767,1073741823,1073479679,1073741823,1073741823,1073741823,1073741823,1073741823:h5
1073741823,1073741823,1073741823,1073741823,1073740799,1073610751,1073151999,1073184767,1073741823,1073479679,1073741823,1073725439,1073741823,1073741823,1073741823:h5
1073741823,1073741823,1073741823,1073741823,1073740799,1073610751,1073151999,1073184767,1073741823,1073479679,1073676287,1073741823,1073741823,1073741823,1073741823:h5
1073741823,1073741823,1073741823,1073741823,1073740799,1073610751,1073151999,1073184767,1073741823,1073414143,1073741823,1073741823,1073741823,1073741823,1073741823:h5
1073741823,1073741823,1073741823,1073741823,1073740799,1073610751,1073151999,1073184767,1073741823,1072431103,1073741823,1073741823,1073741823,1073741823,1073741823:h5
1073741823,1073741823,1073741823,1073741823,1073740799,1073610751,1073151999,1073184767,1073741823,1073479679,1073741823,1069547519,1073741823,1073741823,1073741823:h5
1073741823,1073741823,1073741823,1073741823,1073740799,1073610751,1073151999,1073184767,1073741823,1073479679,1072693247,1073741823,1073741823,1073741823,1073741823:h5
1073741823,1073741823,1073741823,1073741823,1073740799,1073610751,1073151999,1073184767,1073741823,1073479679,1073741823,1073479679,1073741823,1073741823,1073741823:h5
1073741823,1073741823,1073741823,1073741823,1073740799,1073610751,1073151999,1073184767,1073741823,1073479679,1073479679,1073741823,1073741823,1073741823,1073741823:h5
1073741823,1073741823,1073741823,1073741823,1073740799,1069416447,1073151999,1073184767,1073741823,1073479679,1073741823,1073741823,1073741823,1073741823,1073741823:h5
1073741823,1073741823,1073741823,1073741823,1073740799,1073610751,1073151999,1068990463,1073741823,1073479679,1073741823,1073741823,1073741823,1073741823,1073741823:h5
1073741823,1073741823,1073741823,1073741823,1073740799,1073610751,1073151999,1072136191,1073741823,1073479679,1073741823,1073741823,1073741823,1073741823,1073741823:i8
1073741823,1073741823,1073741823,1073741823,1069546495,1073610751,1073151999,1072005119,1073741823,1073479679,1073741823,1073741823,1073741823,1073741823,1073741823:j5
1073741823,1073741823,1073741823,1073741823,1073740799,1056833535,1073151999,1072005119,1073741823,1073479679,1073741823,1073741823,1073741823,1073741823,1073741823:j5
1073741823,1073741823,1073741823,1073741823,1073740799,1073610751,1068957695,1072005119,1073741823,1073479679,1073741823,1073741823,1073741823,1073741823,1073741823:j5
1073741823,1073741823,1073741823,1073741823,1073740799,1073610751,1073151999,1055227903,1073741823,1073479679,1073741823,1073741823,1073741823,1073741823,1073741823:j5
1073741823,1073741823,1073741823,1073741823,1073740799,1073610751,1073151999,1072005119,1073741823,1056702463,1073741823,1073741823,1073741823,1073741823,1073741823:j5
1073741823,1073741823,1073741823,1073741823,1073740799,1073610751,1073151999,1072005119,1069547519,1073479679,1073741823,1073741823,1073741823,1073741823,1073741823:j5
1073741823,1073741823,1073741823,1073741823,1073740799,1073610751,1073151999,1072005119,1073741823,1073475583,1073741823,1073741823,1073741823,1073741823,1073741823:j5
1073741823,1073741823,1073741823,1073741823,1073740799,1073610751,1073151935,1072005119,1073741823,1073479679,1073741823,1073741823,1073741823,1073741823,1073741823:j5
1073741823,1073741823,1073741823,1073741823,1073740799,1073610495,1073151999,1072005119,1073741823,1073479679,1073741823,1073741823,1073741823,1073741823,1073741823:j5
1073741823,1073741823,1073741823,1073741823,1073740735,1073610751,1073151999,1072005119,1073741823,1073479679,1073741823,1073741823,1073741823,1073741823,1073741823:j5
1073741823,1073741823,1073741823,1073741823,1073740543,1073610751,1073151999,1072005119,1073741823,1073479679,1073741823,1073741823,1073741823,1073741823,1073741823:j5
1073741823,1073741823,1073741759,1073741823,1073740799,1073610751,1073151999,1072005119,1073741823,1073479679,1073741823,1073741823,1073741823,1073741823,1073741823:j5
1073741823,1073741823,1073741823,1073741567,1073740799,1073610751,1073151999,1072005119,1073741823,1073479679,1073741823,1073741823,1073741823,1073741823,1073741823:j5
1073741823,1073741823,1073740799,1073741823,1073740799,1073610751,1073151999,1072005119,1073741823,1073479679,1073741823,1073741823,1073741823,1073741823,1073741823:j5
1073741823,1073741823,1073741823,1073740799,1073740799,1073610751,1073151999,1072005119,1073741823,1073479679,1073741823,1073741823,1073741823,1073741823,1073741823:j5
1073741823,1073741823,1073725439,1073741823,1073740799,1073610751,1073151999,1072005119,1073741823,1073479679,1073741823,1073741823,1073741823,1073741823,1073741823:j5
1073741823,1073741823,1073741823,1073741823,1073740799,1073610751,1073150975,1072005119,1073741823,1073479679,1073741823,1073741823,1073741823,1073741823,1073741823:j5
1073741823,1073741823,1073741823,1073741823,1073740799,1073606655,1073151999,1072005119,1073741823,1073479679,1073741823,1073741823,1073741823,1073741823,1073741823:j5
1073741823,1073741823,1073741823,1073737727,1073740799,1073610751,1073151999,1072005119,1073741823,1073479679,1073741823,1073741823,1073741823,1073741823,1073741823:j5
1073741823,1073741823,1073741823,1073741823,1073724415,1073610751,1073151999,1072005119,1073741823,1073479679,1073741823,1073741823,1073741823,1073741823,1073741823:j5
1073741823,1073741823,1073741823,1073676287,1073740799,1073610751,1073151999,1072005119,1073741823,1073479679,1073741823,1073741823,1073741823,1073741823,1073741823:j5
1073741823,1073741823,1073741823,1072693247,1073740799,1073610751,1073151999,1072005119,1073741823,1073479679,1073741823,1073741823,1073741823,1073741823,1073741823:j6
1073741823,1073741823,1073741823,1073741823,1073478655,1073610751,1073151999,1072005119,1073741823,1073479679,1073741823,1073741823,1073741823,1073741823,1073741823:h9
1073741823,1073741823,1073741823,1073741823,1073740799,1072562175,1073151999,1072005119,1073741823,1073479679,1073741823,1073741823,1073741823,1073741823,1073741823:j5
1073741823,1073741823,1073741823,1073741823,1073740799,1073610751,1073151999,1072005119,1073741823,1073479679,1073741823,1073725439,1073741823,1073741823,1073741823:j5
1073741823,1073741823,1073741823,1073741823,1073740799,1073610751,1073151999,1072005119,1073741823,1073479679,1073676287,1073741823,1073741823,1073741823,1073741823:j5
1073741823,1073741823,1073741823,1073741823,1073740799,1073610751,1073151999,1072005119,1073741823,1073414143,1073741823,1073741823,1073741823,1073741823,1073741823:j5
1073741823,1073741823,1073741823,1073741823,1073740799,1073610751,1073151999,1072005119,1073741823,1072431103,1073741823,1073741823,1073741823,1073741823,1073741823:j5
1073741823,1073741823,1073741823,1073741823,1073740799,1073610751,1073151999,1072005119,1073741823,1073479679,1073741823,1069547519,1073741823,1073741823,1073741823:j5
1073741823,1073741823,1073741823,1073741823,1073740799,1073610751,1073151999,1072005119,1073741823,1073479679,1072693247,1073741823,1073741823,1073741823,1073741823:j5
1073741823,1073741823,1073741823,1073741823,1073740799,1073610751,1073151999,1072005119,1073741823,1073479679,1073741823,1073479679,1073741823,1073741823,1073741823:j5
1073741823,1073741823,1073741823,1073741823,1073740799,1073610751,1073151999,1072005119,1073741823,1073479679,1073479679,1073741823,1073741823,1073741823,1073741823:j5
1073741823,1073741823,1073741823,1073741823,1073740799,1069416447,1073151999,1072005119,1073741823,1073479679,1073741823,1073741823,1073741823,1073741823,1073741823:j5
1073741823,1073741823,1073741823,1073741823,1073740799,1073610751,1073151999,1067810815,1073741823,1073479679,1073741823,1073741823,1073741823,1073741823,1073741823:j5
1073741823,1073741823,1073741823,1073741823,1073740799,1073610751,1073151999,1072005119,1073741823,1069285375,1073741823,1073741823,1073741823,1073741823,1073741823:j5
1073741823,1073741823,1073741823,1073741823,1073740799,1073610751,1073151999,1072005119,1073479679,1073479679,1073741823,1073741823,1073741823,1073741823,1073741823:k6
1073741823,1073741823,1073741823,1073741823,1073736703,1073610751,1073151999,1072005119,1073741823,1073479679,1073741823,1073741823,1073741823,1073741823,1073741823:j5
1073741823,1073741823,1073741823,1073741823,1073675263,1073610751,1073151999,1072005119,1073741823,1073479679,1073741823,1073741823,1073741823,1073741823,1073741823:j5
1073741823,1073741823,1073741823,1073741823,1072692223,1073610751,1073151999,1072005119,1073741823,1073479679,1073741823,1073741823,1073741823,1073741823,1073741823:j5
1073741823,1073741823,1073741823,1073741823,1073740799,1073610751,1072103423,1072005119,1073741823,1073479679,1073741823,1073741823,1073741823,1073741823,1073741823:j5
1073741823,1073741823,1073741823,1073741823,1073740799,1073610751,1073151999,1072005119,1072693247,1073479679,1073741823,1073741823,1073741823,1073741823,1073741823:j5
1073741823,1073741823,1073741823,1073741823,1073740799,1073610751,1073151999,1072005119,1073741823,1073478655,1073741823,1073741823,1073741823,1073741823,1073741823:j5
1073741823,1073741823,1073741823,1073741823,1073740799,1073610751,1073151999,1072005119,1073737727,1073479679,1073741823,1073741823,1073741823,1073741823,1073741823:j5
1073741823,1073741823,1073741823,1073741823,1073740799,1073610751,1073151999,1072004095,1073741823,1073479679,1073741823,1073741823,1073741823,1073741823,1073741823:j5
1073741823,1073741823,1073741823,1073741823,1073740799,1073610751,1073151999,1072001023,1073741823,1073479679,1073741823,1073741823,1073741823,1073741823,1073741823:j6
1073741823,1073741823,1073741823,1073741823,1073740799,1073609727,1073151999,1072005119,1073741823,1073479679,1073741823,1073741823,1073741823,1073741823,1073741823:j5
1073741823,1073741823,1073741823,1073741823,1073740799,1073610751,1073147903,1072005119,1073741823,1073479679,1073741823,1073741823,1073741823,1073741823,1073741823:j5
1073741823,1073741823,1073741823,1073741823,1073740799,1073594367,1073151999,1072005119,1073741823,1073479679,1073741823,1073741823,1073741823,1073741823,1073741823:j5
1073741823,1073741823,1073741823,1073741823,1073740799,1073610751,1073135615,1072005119,1073741823,1073479679,1073741823,1073741823,1073741823,1073741823,1073741823:j6
1073741823,1073741823,1073741823,1073741823,1073740799,1073348607,1073151999,1072005119,1073741823,1073479679,1073741823,1073741823,1073741823,1073741823,1073741823:h9
1073741823,1073741823,1073741823,1073741823,1073740799,1073610751,1073151999,1072005119,1073676287,1073479679,1073741823,1073741823,1073741823,1073741823,1073741823:j5
1073741823,1073741823,1073741823,1073741823,1073740799,1073610751,1073151999,1072005119,1073741823,1073463295,1073741823,1073741823,1073741823,1073741823,1073741823:j5
1073741823,1073741823,1073741823,1073741823,1073740799,1073610751,1073151999,1072005119,1073725439,1073479679,1073741823,1073741823,1073741823,1073741823,1073741823:j5
1073741823,1073741823,1073741823,1073741823,1073740799,1073610751,1073151999,1073184767,1073741823,1069285375,1073741823,1073741823,1073741823,1073741823,1073741823:h5
1073741823,1073741823,1073741823,1073741823,1073740799,1073610751,1073151999,1073184767,1073479679,1073479679,1073741823,1073741823,1073741823,1073741823,1073741823:k8
1073741823,1073741823,1073741823,1073741823,1073736703,1073610751,1073151999,1073184767,1073741823,1073479679,1073741823,1073741823,1073741823,1073741823,1073741823:h5
1073741823,1073741823,1073741823,1073741823,1073675263,1073610751,1073151999,1073184767,1073741823,1073479679,1073741823,1073741823,1073741823,1073741823,1073741823:h5
1073741823,1073741823,1073741823,1073741823,1072692223,1073610751,1073151999,1073184767,1073741823,1073479679,1073741823,1073741823,1073741823,1073741823,1073741823:h5
1073741823,1073741823,1073741823,1073741823,1073740799,1073610751,1072103423,1073184767,1073741823,1073479679,1073741823,1073741823,1073741823,1073741823,1073741823:h5
1073741823,1073741823,1073741823,1073741823,1073740799,1073610751,1073151999,1073184767,1072693247,1073479679,1073741823,1073741823,1073741823,1073741823,1073741823:h5
1073741823,1073741823,1073741823,1073741823,1073740799,1073610751,1073151999,1073184767,1073741823,1073478655,1073741823,1073741823,1073741823,1073741823,1073741823:h5
1073741823,1073741823,1073741823,1073741823,1073740799,1073610751,1073151999,1073184767,1073737727,1073479679,1073741823,1073741823,1073741823,1073741823,1073741823:h5
1073741823,1073741823,1073741823,1073741823,1073740799,1073610751,1073151999,1073183743,1073741823,1073479679,1073741823,1073741823,1073741823,1073741823,1073741823:h5
1073741823,1073741823,1073741823,1073741823,1073740799,1073610751,1073151999,1073180671,1073741823,1073479679,1073741823,1073741823,1073741823,1073741823,1073741823:h5
1073741823,1073741823,1073741823,1073741823,1073740799,1073609727,1073151999,1073184767,1073741823,1073479679,1073741823,1073741823,1073741823,1073741823,1073741823:h5
1073741823,1073741823,1073741823,1073741823,1073740799,1073610751,1073147903,1073184767,1073741823,1073479679,1073741823,1073741823,1073741823,1073741823,1073741823:h5
1073741823,1073741823,1073741823,1073741823,1073740799,1073594367,1073151999,1073184767,1073741823,1073479679,1073741823,1073741823,1073741823,1073741823,1073741823:k8
1073741823,1073741823,1073741823,1073741823,1073740799,1073610751,1073135615,1073184767,1073741823,1073479679,1073741823,1073741823,1073741823,1073741823,1073741823:k8
1073741823,1073741823,1073741823,1073741823,1073740799,1073348607,1073151999,1073184767,1073741823,1073479679,1073741823,1073741823,1073741823,1073741823,1073741823:k8
1073741823,1073741823,1073741823,1073741823,1073740799,1073610751,1073151999,1073119231,1073741823,1073479679,1073741823,1073741823,1073741823,1073741823,1073741823:h5
1073741823,1073741823,1073741823,1073741823,1073740799,1073610751,1073151999,1073184767,1073676287,1073479679,1073741823,1073741823,1073741823,1073741823,1073741823:h5
1073741823,1073741823,1073741823,1073741823,1073740799,1073610751,1073151999,1073184767,1073741823,1073463295,1073741823,1073741823,1073741823,1073741823,1073741823:h5
1073741823,1073741823,1073741823,1073741823,1073740799,1073610751,1073151999,1073184767,1073725439,1073479679,1073741823,1073741823,1073741823,1073741823,1073741823:k8
