1073741823,1073741823,1073741823,1073741823,1073741823,1072562175,1073676287,1073184767,1073741823,1073479679,1073741823,1073741823,1073741823,1073741823,1073741823:g8
1073741823,1073741823,1073741823,1073741823,1073741823,1072562175,1073676287,1073176575,1073741823,1073479423,1073741823,1073741823,1073741823,1073741823,1073741823:j5
1073741823,1073741823,1073741823,1073741823,1073741823,1072562175,1073676287,1073176575,1073740799,1073479679,1073741823,1073741823,1073741823,1073741823,1073741823:i8
1073741823,1073741823,1073741823,1073741823,1073741823,1072562175,1073676287,1073176319,1073741823,1073479679,1073741823,1073741823,1073741823,1073741823,1073741823:j5
1073741823,1073741823,1073741823,1073741823,1073741823,1072561919,1073676287,1073176575,1073741823,1073479679,1073741823,1073741823,1073741823,1073741823,1073741823:j5
1073741823,1073741823,1073741823,1073741823,1073741823,1072562175,1073675263,1073176575,1073741823,1073479679,1073741823,1073741823,1073741823,1073741823,1073741823:j5
1073741823,1073741823,1073741823,1073741823,1073741823,1072562175,1073676287,1073176575,1073741823,1073475583,1073741823,1073741823,1073741823,1073741823,1073741823:j5
1073741823,1073741823,1073741823,1056964607,1073741823,1072562175,1073676287,1073176575,1073741823,1073479679,1073741823,1073741823,1073741823,1073741823,1073741823:j5
1073741823,1073741823,1073741823,1073741823,1069547519,1072562175,1073676287,1073176575,1073741823,1073479679,1073741823,1073741823,1073741823,1073741823,1073741823:j5
1073741823,1073741823,1073741823,1073741823,1073741823,1055784959,1073676287,1073176575,1073741823,1073479679,1073741823,1073741823,1073741823,1073741823,1073741823:j5
1073741823,1073741823,1073741823,1073741823,1073741823,1072562175,1073676287,1056399359,1073741823,1073479679,1073741823,1073741823,1073741823,1073741823,1073741823:j5
1073741823,1073741823,1073741823,1073741823,1073741823,1072562175,1069481983,1073176575,1073741823,1073479679,1073741823,1073741823,1073741823,1073741823,1073741823:j5
1073741823,1073741823,1073741823,1073741823,1073741823,1072558079,1073676287,1073176575,1073741823,1073479679,1073741823,1073741823,1073741823,1073741823,1073741823:h7
1073741823,1073741823,1073741823,1073737727,1073741823,1072562175,1073676287,1073176575,1073741823,1073479679,1073741823,1073741823,1073741823,1073741823,1073741823:j5
1073741823,1073741823,1073741823,1073741823,1073725439,1072562175,1073676287,1073176575,1073741823,1073479679,1073741823,1073741823,1073741823,1073741823,1073741823:i8
1073741823,1073741823,1073741823,1073676287,1073741823,1072562175,1073676287,1073176575,1073741823,1073479679,1073741823,1073741823,1073741823,1073741823,1073741823:j5
1073741823,1073741823,1073741823,1072693247,1073741823,1072562175,1073676287,1073176575,1073741823,1073479679,1073741823,1073741823,1073741823,1073741823,1073741823:h7
1073741823,1073741823,1073741823,1073741823,1073479679,1072562175,1073676287,1073176575,1073741823,1073479679,1073741823,1073741823,1073741823,1073741823,1073741823:i8
1073741823,1073741823,1073741823,1073741823,1073741823,1072562175,1073676287,1073176575,1073741823,1073479679,1073741823,1073725439,1073741823,1073741823,1073741823:j5
1073741823,1073741823,1073741823,1073741823,1073741823,1072562175,1073676287,1073176575,1073741823,1073479679,1073676287,1073741823,1073741823,1073741823,1073741823:j5
1073741823,1073741823,1073741823,1073741823,1073741823,1072562175,1073676287,1073176575,1073741823,1073414143,1073741823,1073741823,1073741823,1073741823,1073741823:j5
1073741823,1073741823,1073741823,1073741823,1073741823,1072562175,1073676287,1073176575,1073741823,1072431103,1073741823,1073741823,1073741823,1073741823,1073741823:h7
1073741823,1073741823,1073741823,1073741823,1073741823,1072562175,1073676287,1073176575,1073741823,1073479679,1073741823,1069547519,1073741823,1073741823,1073741823:j5
1073741823,1073741823,1073741823,1073741823,1073741823,1072562175,1073676287,1073176575,1073741823,1073479679,1072693247,1073741823,1073741823,1073741823,1073741823:j5
1073741823,1073741823,1073741823,1073741823,1073741823,1072562175,1073676287,1073176575,1073741823,1073479679,1073741823,1073479679,1073741823,1073741823,1073741823:j5
1073741823,1073741823,1073741823,1073741823,1073741823,1072562175,1073676287,1073176575,1073741823,1073479679,1073479679,1073741823,1073741823,1073741823,1073741823:j5
1073741823,1073741823,1073741823,1073741823,1073741823,1068367871,1073676287,1073176575,1073741823,1073479679,1073741823,1073741823,1073741823,1073741823,1073741823:j5
1073741823,1073741823,1073741823,1073741823,1073741823,1072562175,1073676287,1068982271,1073741823,1073479679,1073741823,1073741823,1073741823,1073741823,1073741823:j5
1073741823,1073741823,1073741823,1073741823,1073741823,1072562175,1073676287,1072127999,1073741823,1073479679,1073741823,1073741823,1073741823,1073741823,1073741823:h7
1073741823,1073741823,1073741823,1073741823,1073741823,1072562175,1073676287,1073176575,1073741823,1069285375,1073741823,1073741823,1073741823,1073741823,1073741823:j5
1073741823,1073741823,1073741823,1073741823,1073741823,1072562175,1073676287,1073176575,1073479679,1073479679,1073741823,1073741823,1073741823,1073741823,1073741823:h7
1073741823,1073741823,1073741823,1073741823,1073737727,1072562175,1073676287,1073176575,1073741823,1073479679,1073741823,1073741823,1073741823,1073741823,1073741823:j5
1073741823,1073741823,1073741823,1073741823,1073676287,1072562175,1073676287,1073176575,1073741823,1073479679,1073741823,1073741823,1073741823,1073741823,1073741823:j5
1073741823,1073741823,1073741823,1073741823,1072693247,1072562175,1073676287,1073176575,1073741823,1073479679,1073741823,1073741823,1073741823,1073741823,1073741823:h7
1073741823,1073741823,1073741823,1073741823,1073741823,1072562175,1072627711,1073176575,1073741823,1073479679,1073741823,1073741823,1073741823,1073741823,1073741823:h7
1073741823,1073741823,1073741823,1073741823,1073741823,1072562175,1073414143,1073176575,1073741823,1073479679,1073741823,1073741823,1073741823,1073741823,1073741823:i8
1073741823,1073741823,1073741823,1073741823,1073741823,1072562175,1073676287,1073176575,1072693247,1073479679,1073741823,1073741823,1073741823,1073741823,1073741823:j5
1073741823,1073741823,1073741823,1073741823,1073741823,1072562175,1073676287,1073176575,1073741823,1073478655,1073741823,1073741823,1073741823,1073741823,1073741823:j5
1073741823,1073741823,1073741823,1073741823,1073741823,1072562175,1073676287,1073176575,1073737727,1073479679,1073741823,1073741823,1073741823,1073741823,1073741823:j5
1073741823,1073741823,1073741823,1073741823,1073741823,1072562175,1073676287,1073175551,1073741823,1073479679,1073741823,1073741823,1073741823,1073741823,1073741823:j5
1073741823,1073741823,1073741823,1073741823,1073741823,1072561151,1073676287,1073176575,1073741823,1073479679,1073741823,1073741823,1073741823,1073741823,1073741823:j5
1073741823,1073741823,1073741823,1073741823,1073741823,1072562175,1073672191,1073176575,1073741823,1073479679,1073741823,1073741823,1073741823,1073741823,1073741823:h7
1073741823,1073741823,1073741823,1073741823,1073741823,1072545791,1073676287,1073176575,1073741823,1073479679,1073741823,1073741823,1073741823,1073741823,1073741823:j5
1073741823,1073741823,1073741823,1073741823,1073741823,1072562175,1073659903,1073176575,1073741823,1073479679,1073741823,1073741823,1073741823,1073741823,1073741823:i8
1073741823,1073741823,1073741823,1073741823,1073741823,1072300031,1073676287,1073176575,1073741823,1073479679,1073741823,1073741823,1073741823,1073741823,1073741823:h7
1073741823,1073741823,1073741823,1073741823,1073741823,1072562175,1073676287,1073111039,1073741823,1073479679,1073741823,1073741823,1073741823,1073741823,1073741823:h7
1073741823,1073741823,1073741823,1073741823,1073740799,1072562175,1073643519,1073111039,1073741823,1073479679,1073741823,1073741823,1073741823,1073741823,1073741823:j5
1073741823,1073741823,1073741823,1073741823,1073741823,1072562175,1073643519,1073111039,1073741823,1073479423,1073741823,1073741823,1073741823,1073741823,1073741823:j5
1073741823,1073741823,1073741823,1073741823,1073741823,1072562175,1073643519,1073111039,1073740799,1073479679,1073741823,1073741823,1073741823,1073741823,1073741823:j5
1073741823,1073741823,1073741823,1073741823,1073741823,1072562175,1073643519,1073110783,1073741823,1073479679,1073741823,1073741823,1073741823,1073741823,1073741823:j5
1073741823,1073741823,1073741823,1073741823,1073741823,1072561919,1073643519,1073111039,1073741823,1073479679,1073741823,1073741823,1073741823,1073741823,1073741823:j5
1073741823,1073741823,1073741823,1073741823,1073741823,1072562175,1073642495,1073111039,1073741823,1073479679,1073741823,1073741823,1073741823,1073741823,1073741823:j5
1073741823,1073741823,1073741823,1073741823,1073741823,1072562175,1073643519,1073111039,1073741823,1073475583,1073741823,1073741823,1073741823,1073741823,1073741823:j5
1073741823,1073741823,1073741823,1056964607,1073741823,1072562175,1073643519,1073111039,1073741823,1073479679,1073741823,1073741823,1073741823,1073741823,1073741823:j5
1073741823,1073741823,1073741823,1073741823,1069547519,1072562175,1073643519,1073111039,1073741823,1073479679,1073741823,1073741823,1073741823,1073741823,1073741823:j5
1073741823,1073741823,1073741823,1073741823,1073741823,1055784959,1073643519,1073111039,1073741823,1073479679,1073741823,1073741823,1073741823,1073741823,1073741823:j5
1073741823,1073741823,1073741823,1073741823,1073741823,1072562175,1073643519,1056333823,1073741823,1073479679,1073741823,1073741823,1073741823,1073741823,1073741823:j5
1073741823,1073741823,1073741823,1073741823,1073741823,1072562175,1069449215,1073111039,1073741823,1073479679,1073741823,1073741823,1073741823,1073741823,1073741823:j5
1073741823,1073741823,1073741823,1073741823,1073741823,1072558079,1073643519,1073111039,1073741823,1073479679,1073741823,1073741823,1073741823,1073741823,1073741823:j5
1073741823,1073741823,1073741823,1073737727,1073741823,1072562175,1073643519,1073111039,1073741823,1073479679,1073741823,1073741823,1073741823,1073741823,1073741823:j5
1073741823,1073741823,1073741823,1073741823,1073725439,1072562175,1073643519,1073111039,1073741823,1073479679,1073741823,1073741823,1073741823,1073741823,1073741823:j5
1073741823,1073741823,1073741823,1073676287,1073741823,1072562175,1073643519,1073111039,1073741823,1073479679,1073741823,1073741823,1073741823,1073741823,1073741823:j5
1073741823,1073741823,1073741823,1072693247,1073741823,1072562175,1073643519,1073111039,1073741823,1073479679,1073741823,1073741823,1073741823,1073741823,1073741823:j5
1073741823,1073741823,1073741823,1073741823,1073479679,1072562175,1073643519,1073111039,1073741823,1073479679,1073741823,1073741823,1073741823,1073741823,1073741823:h9
1073741823,1073741823,1073741823,1073741823,1073479679,1072562175,1073643519,1073111039,1073709055,1073479679,1073740799,1073741823,1073741823,1073741823,1073741823:f9
1073741823,1073741823,1073741823,1073741823,1073479679,1072562175,1073643519,1073111039,1073709055,1073479679,1073725439,1073741823,1073741823,1073741823,1073741823:f9
1073741823,1073741823,1073725439,1073741823,1073479679,1072562175,1073643519,1073111039,1073709055,1073479679,1073741823,1073741823,1073741823,1073741823,1073741823:h6
1073741823,1073741823,1073479679,1073741823,1073479679,1072562175,1073643519,1073111039,1073709055,1073479679,1073741823,1073741823,1073741823,1073741823,1073741823:f9
1073741823,1073741823,1073741823,1073479679,1073479679,1072562175,1073643519,1073111039,1073709055,1073479679,1073741823,1073741823,1073741823,1073741823,1073741823:f9
1073741823,1073741823,1069547519,1073741823,1073479679,1072562175,1073643519,1073111039,1073709055,1073479679,1073741823,1073741823,1073741823,1073741823,1073741823:f9
1073741823,1073741823,1073741823,1073741823,1073478655,1072562175,1073643519,1073111039,1073709055,1073479679,1073741823,1073741823,1073741823,1073741823,1073741823:f9
1073741823,1073741823,1073741823,1073741823,1073479679,1072562175,1073643519,1073111039,1073709055,1073479423,1073741823,1073741823,1073741823,1073741823,1073741823:h6
1073741823,1073741823,1073741823,1073741823,1073479679,1072562175,1073643519,1073111039,1073708031,1073479679,1073741823,1073741823,1073741823,1073741823,1073741823:h6
1073741823,1073741823,1073741823,1073741823,1073479679,1072562175,1073643519,1073110783,1073709055,1073479679,1073741823,1073741823,1073741823,1073741823,1073741823:f9
1073741823,1073741823,1073741823,1073741823,1073479679,1072561919,1073643519,1073111039,1073709055,1073479679,1073741823,1073741823,1073741823,1073741823,1073741823:f9
1073741823,1073741823,1073741823,1073741823,1073479679,1072562175,1073642495,1073111039,1073709055,1073479679,1073741823,1073741823,1073741823,1073741823,1073741823:f9
1073741823,1073741823,1073741823,1073741823,1073479679,1072562175,1073643519,1073111039,1073709055,1073475583,1073741823,1073741823,1073741823,1073741823,1073741823:f9
1073741823,1073741823,1073741823,1056964607,1073479679,1072562175,1073643519,1073111039,1073709055,1073479679,1073741823,1073741823,1073741823,1073741823,1073741823:h6
1073741823,1073741823,1073741823,1073741823,1069285375,1072562175,1073643519,1073111039,1073709055,1073479679,1073741823,1073741823,1073741823,1073741823,1073741823:f9
1073741823,1073741823,1073741823,1073741823,1073479679,1055784959,1073643519,1073111039,1073709055,1073479679,1073741823,1073741823,1073741823,1073741823,1073741823:f9
1073741823,1073741823,1073741823,1073741823,1073479679,1072562175,1073643519,1056333823,1073709055,1073479679,1073741823,1073741823,1073741823,1073741823,1073741823:h6
1073741823,1073741823,1073741823,1073741823,1073479679,1072562175,1069449215,1073111039,1073709055,1073479679,1073741823,1073741823,1073741823,1073741823,1073741823:h6
1073741823,1073741823,1073741823,1073741823,1073479679,1072558079,1073643519,1073111039,1073709055,1073479679,1073741823,1073741823,1073741823,1073741823,1073741823:f9
1073741823,1073741823,1073741823,1073737727,1073479679,1072562175,1073643519,1073111039,1073709055,1073479679,1073741823,1073741823,1073741823,1073741823,1073741823:f9
1073741823,1073741823,1073741823,1073741823,1073463295,1072562175,1073643519,1073111039,1073709055,1073479679,1073741823,1073741823,1073741823,1073741823,1073741823:f9
1073741823,1073741823,1073741823,1073676287,1073479679,1072562175,1073643519,1073111039,1073709055,1073479679,1073741823,1073741823,1073741823,1073741823,1073741823:h6
1073741823,1073741823,1073741823,1072693247,1073479679,1072562175,1073643519,1073111039,1073709055,1073479679,1073741823,1073741823,1073741823,1073741823,1073741823:f9
1073741823,1073741823,1073741823,1073741823,1073479679,1072562175,1073643519,1073111039,1073709055,1073479679,1073741823,1073725439,1073741823,1073741823,1073741823:f9
1073741823,1073741823,1073741823,1073741823,1073479679,1072562175,1073643519,1073111039,1073709055,1073479679,1073676287,1073741823,1073741823,1073741823,1073741823:f9
1073741823,1073741823,1073741823,1073741823,1073479679,1072562175,1073643519,1073111039,1073709055,1073414143,1073741823,1073741823,1073741823,1073741823,1073741823:f9
1073741823,1073741823,1073741823,1073741823,1073479679,1072562175,1073643519,1073111039,1073709055,1072431103,1073741823,1073741823,1073741823,1073741823,1073741823:f9
1073741823,1073741823,1073741823,1073741823,1073479679,1072562175,1073643519,1073111039,1073709055,1073479679,1073741823,1069547519,1073741823,1073741823,1073741823:f9
1073741823,1073741823,1073741823,1073741823,1073479679,1072562175,1073643519,1073111039,1073709055,1073479679,1072693247,1073741823,1073741823,1073741823,1073741823:f9
1073741823,1073741823,1073741823,1073741823,1073479679,1072562175,1073643519,1073111039,1073709055,1073479679,1073741823,1073479679,1073741823,1073741823,1073741823:f9
1073741823,1073741823,1073741823,1073741823,1073479679,1072562175,1073643519,1073111039,1073709055,1073479679,1073479679,1073741823,1073741823,1073741823,1073741823:f9
1073741823,1073741823,1073741823,1073741823,1073479679,1068367871,1073643519,1073111039,1073709055,1073479679,1073741823,1073741823,1073741823,1073741823,1073741823:f9
1073741823,1073741823,1073741823,1073741823,1073479679,1072562175,1073643519,1068916735,1073709055,1073479679,1073741823,1073741823,1073741823,1073741823,1073741823:f9
1073741823,1073741823,1073741823,1073741823,1073479679,1072562175,1073643519,1072062463,1073709055,1073479679,1073741823,1073741823,1073741823,1073741823,1073741823:f9
1073741823,1073741823,1073741823,1073741823,1073479679,1072562175,1073643519,1073111039,1073709055,1069285375,1073741823,1073741823,1073741823,1073741823,1073741823:f9
1073741823,1073741823,1073741823,1073741823,1073479679,1072562175,1073643519,1073111039,1073446911,1073479679,1073741823,1073741823,1073741823,1073741823,1073741823:h6
1073741823,1073741823,1073741823,1073741823,1073475583,1072562175,1073643519,1073111039,1073709055,1073479679,1073741823,1073741823,1073741823,1073741823,1073741823:f9
1073741823,1073741823,1073741823,1073741823,1073414143,1072562175,1073643519,1073111039,1073709055,1073479679,1073741823,1073741823,1073741823,1073741823,1073741823:f9
1073741823,1073741823,1073741823,1073741823,1072431103,1072562175,1073643519,1073111039,1073709055,1073479679,1073741823,1073741823,1073741823,1073741823,1073741823:f9
1073741823,1073741823,1073741823,1073741823,1073479679,1072562175,1072594943,1073111039,1073709055,1073479679,1073741823,1073741823,1073741823,1073741823,1073741823:h6
1073741823,1073741823,1073741823,1073741823,1073479679,1072562175,1073381375,1073111039,1073709055,1073479679,1073741823,1073741823,1073741823,1073741823,1073741823:h6
1073741823,1073741823,1073741823,1073741823,1073479679,1072562175,1073643519,1073111039,1072660479,1073479679,1073741823,1073741823,1073741823,1073741823,1073741823:f9
1073741823,1073741823,1073741823,1073741823,1073479679,1072562175,1073643519,1073111039,1073709055,1073478655,1073741823,1073741823,1073741823,1073741823,1073741823:f9
1073741823,1073741823,1073741823,1073741823,1073479679,1072562175,1073643519,1073111039,1073704959,1073479679,1073741823,1073741823,1073741823,1073741823,1073741823:h6
1073741823,1073741823,1073741823,1073741823,1073479679,1072562175,1073643519,1073110015,1073709055,1073479679,1073741823,1073741823,1073741823,1073741823,1073741823:f9
1073741823,1073741823,1073741823,1073741823,1073479679,1072561151,1073643519,1073111039,1073709055,1073479679,1073741823,1073741823,1073741823,1073741823,1073741823:f9
1073741823,1073741823,1073741823,1073741823,1073479679,1072562175,1073639423,1073111039,1073709055,1073479679,1073741823,1073741823,1073741823,1073741823,1073741823:f9
1073741823,1073741823,1073741823,1073741823,1073479679,1072545791,1073643519,1073111039,1073709055,1073479679,1073741823,1073741823,1073741823,1073741823,1073741823:f9
1073741823,1073741823,1073741823,1073741823,1073479679,1072300031,1073643519,1073111039,1073709055,1073479679,1073741823,1073741823,1073741823,1073741823,1073741823:f9
1073741823,1073741823,1073741823,1073741823,1073479679,1072562175,1073643519,1073111039,1073643519,1073479679,1073741823,1073741823,1073741823,1073741823,1073741823:h6
1073741823,1073741823,1073741823,1073741823,1073479679,1072562175,1073643519,1073111039,1073709055,1073463295,1073741823,1073741823,1073741823,1073741823,1073741823:h6
1073741823,1073741823,1073741823,1073741823,1073741823,1072562175,1073643519,1073111039,1073741823,1073479679,1073741823,1073725439,1073741823,1073741823,1073741823:j5
1073741823,1073741823,1073741823,1073741823,1073741823,1072562175,1073643519,1073111039,1073741823,1073479679,1073676287,1073741823,1073741823,1073741823,1073741823:j5
1073741823,1073741823,1073741823,1073741823,1073741823,1072562175,1073643519,1073111039,1073741823,1073414143,1073741823,1073741823,1073741823,1073741823,1073741823:j5
1073741823,1073741823,1073741823,1073741823,1073741823,1072562175,1073643519,1073111039,1073741823,1072431103,1073741823,1073741823,1073741823,1073741823,1073741823:j5
1073741823,1073741823,1073741823,1073741823,1073741823,1072562175,1073643519,1073111039,1073741823,1073479679,1073741823,1069547519,1073741823,1073741823,1073741823:j5
1073741823,1073741823,1073741823,1073741823,1073741823,1072562175,1073643519,1073111039,1073741823,1073479679,1072693247,1073741823,1073741823,1073741823,1073741823:j5
1073741823,1073741823,1073741823,1073741823,1073741823,1072562175,1073643519,1073111039,1073741823,1073479679,1073741823,1073479679,1073741823,1073741823,1073741823:j5
1073741823,1073741823,1073741823,1073741823,1073741823,1072562175,1073643519,1073111039,1073741823,1073479679,1073479679,1073741823,1073741823,1073741823,1073741823:j5
1073741823,1073741823,1073741823,1073741823,1073741823,1068367871,1073643519,1073111039,1073741823,1073479679,1073741823,1073741823,1073741823,1073741823,1073741823:j5
1073741823,1073741823,1073741823,1073741823,1073741823,1072562175,1073643519,1068916735,1073741823,1073479679,1073741823,1073741823,1073741823,1073741823,1073741823:j5
1073741823,1073741823,1073741823,1073741823,1073741823,1072562175,1073643519,1072062463,1073741823,1073479679,1073741823,1073741823,1073741823,1073741823,1073741823:j5
1073741823,1073741823,1073741823,1073741823,1073741823,1072562175,1073643519,1073111039,1073741823,1069285375,1073741823,1073741823,1073741823,1073741823,1073741823:j5
1073741823,1073741823,1073741823,1073741823,1073741823,1072562175,1073643519,1073111039,1073479679,1073479679,1073741823,1073741823,1073741823,1073741823,1073741823:j5
1073741823,1073741823,1073741823,1073741823,1073737727,1072562175,1073643519,1073111039,1073741823,1073479679,1073741823,1073741823,1073741823,1073741823,1073741823:j5
1073741823,1073741823,1073741823,1073741823,1073676287,1072562175,1073643519,1073111039,1073741823,1073479679,1073741823,1073741823,1073741823,1073741823,1073741823:j5
1073741823,1073741823,1073741823,1073741823,1072693247,1072562175,1073643519,1073111039,1073741823,1073479679,1073741823,1073741823,1073741823,1073741823,1073741823:j5
1073741823,1073741823,1073741823,1073741823,1073741823,1072562175,1072594943,1073111039,1073741823,1073479679,1073741823,1073741823,1073741823,1073741823,1073741823:j5
1073741823,1073741823,1073741823,1073741823,1073741823,1072562175,1073381375,1073111039,1073741823,1073479679,1073741823,1073741823,1073741823,1073741823,1073741823:j5
1073741823,1073741823,1073741823,1073741823,1073741823,1072562175,1073643519,1073111039,1072693247,1073479679,1073741823,1073741823,1073741823,1073741823,1073741823:j5
1073741823,1073741823,1073741823,1073741823,1073741823,1072562175,1073643519,1073111039,1073741823,1073478655,1073741823,1073741823,1073741823,1073741823,1073741823:j5
1073741823,1073741823,1073741823,1073741823,1073741823,1072562175,1073643519,1073111039,1073737727,1073479679,1073741823,1073741823,1073741823,1073741823,1073741823:j5
1073741823,1073741823,1073741823,1073741823,1073741823,1072562175,1073643519,1073110015,1073741823,1073479679,1073741823,1073741823,1073741823,1073741823,1073741823:j5
1073741823,1073741823,1073741823,1073741823,1073741823,1072561151,1073643519,1073111039,1073741823,1073479679,1073741823,1073741823,1073741823,1073741823,1073741823:j5
1073741823,1073741823,1073741823,1073741823,1073741823,1072562175,1073639423,1073111039,1073741823,1073479679,1073741823,1073741823,1073741823,1073741823,1073741823:j5
1073741823,1073741823,1073741823,1073741823,1073741823,1072545791,1073643519,1073111039,1073741823,1073479679,1073741823,1073741823,1073741823,1073741823,1073741823:j5
1073741823,1073741823,1073741823,1073741823,1073741823,1072300031,1073643519,1073111039,1073741823,1073479679,1073741823,1073741823,1073741823,1073741823,1073741823:j5
1073741823,1073741823,1073741823,1073741823,1073741823,1072562175,1073643519,1073111039,1073676287,1073479679,1073741823,1073741823,1073741823,1073741823,1073741823:j5
1073741823,1073741823,1073741823,1073741823,1073741823,1072562175,1073643519,1073111039,1073741823,1073463295,1073741823,1073741823,1073741823,1073741823,1073741823:j5
1073741823,1073741823,1073741823,1073741823,1073741823,1072562175,1073643519,1073111039,1073725439,1073479679,1073741823,1073741823,1073741823,1073741823,1073741823:j5
1073741823,1073741823,1073741823,1073741823,1073741823,1072562175,1073676287,1073176575,1073676287,1073479679,1073741823,1073741823,1073741823,1073741823,1073741823:j5
1073741823,1073741823,1073741823,1073741823,1073741823,1072562175,1073676287,1073176575,1073741823,1073463295,1073741823,1073741823,1073741823,1073741823,1073741823:j5
1073741823,1073741823,1073741823,1073741823,1073741823,1072562175,1073676287,1073176575,1073725439,1073479679,1073741823,1073741823,1073741823,1073741823,1073741823:j5
