1073741823,1073741823,1073741823,1073741823,1073741823,1073610751,1073676287,1073184767,1073741823,1073725439,805306367,1073741823,1073741823,1073741823,1073741823:i8
1073741823,1073741823,1073741823,1073741823,1073741823,1073610751,1073676287,1073053695,1073741823,1072676863,805306367,1073741823,1073741823,1073741823,1073741823:g8
1073741823,1073741823,1073741823,1073741823,1073741823,1073610751,1073676287,1073053695,1073741823,1073725439,805306367,1073741823,1056964607,1073741823,1073741823:g8
1073741823,1073741823,1073741823,1073741823,1073741823,1073610751,1073676287,1073053695,1073741823,1073725439,805306367,1006632959,1073741823,1073741823,1073741823:g8
1073741823,1073741823,1073741823,1073741823,1073741823,1073610751,1073676287,1073053695,1073741823,1073725439,788529151,1073741823,1073741823,1073741823,1073741823:g8
1073741823,1073741823,1073741823,1073741823,1073741823,1073610751,1073676287,1073053695,1073741823,1073725439,738197503,1073741823,1073741823,1073741823,1073741823:g8
1073741823,1073741823,1073741823,1073741823,1073741823,1073610751,1073676287,1073053695,1056964607,1073725439,805306367,1073741823,1073741823,1073741823,1073741823:g8
1073741823,1073741823,1073741823,1073741823,1073741823,1073610751,1073676287,1073053695,1073741823,1006616575,805306367,1073741823,1073741823,1073741823,1073741823:g8
1073741823,1073741823,1073741823,1073741823,1073741823,1073610751,1073676287,1073053695,805306367,1073725439,805306367,1073741823,1073741823,1073741823,1073741823:g8
1073741823,1073741823,1073741823,1073741823,1073741823,1073610751,1073676287,1073053695,1073741823,805289983,805306367,1073741823,1073741823,1073741823,1073741823:g8
1073741823,1073741823,1073741823,1073741823,1073741823,1073610751,1073676287,1073053695,1073741823,1073725439,805306367,1073741823,805306367,1073741823,1073741823:g8
1073741823,1073741823,1073741823,1073741823,1073741823,1073610751,1073676287,1073053695,1073741823,1073725439,805306367,805306367,1073741823,1073741823,1073741823:g8
1073741823,1073741823,1073741823,1073741823,1073741823,1073606655,1073676287,1073053695,1073741823,1073725439,805306367,1073741823,1073741823,1073741823,1073741823:g8
1073741823,1073741823,1073741823,1073737727,1073741823,1073610751,1073676287,1073053695,1073741823,1073725439,805306367,1073741823,1073741823,1073741823,1073741823:g8
1073741823,1073741823,1073741823,1073741823,1073725439,1073610751,1073676287,1073053695,1073741823,1073725439,805306367,1073741823,1073741823,1073741823,1073741823:g8
1073741823,1073741823,1073741823,1073676287,1073741823,1073610751,1073676287,1073053695,1073741823,1073725439,805306367,1073741823,1073741823,1073741823,1073741823:g8
1073741823,1073741823,1073741823,1072693247,1073741823,1073610751,1073676287,1073053695,1073741823,1073725439,805306367,1073741823,1073741823,1073741823,1073741823:g8
1073741823,1073741823,1073741823,1073741823,1073479679,1073610751,1073676287,1073053695,1073741823,1073725439,805306367,1073741823,1073741823,1073741823,1073741823:g8
1073741823,1073741823,1073741823,1073741823,1073741823,1072562175,1073676287,1073053695,1073741823,1073725439,805306367,1073741823,1073741823,1073741823,1073741823:g8
1073741823,1073741823,1073741823,1073741823,1073741823,1073610751,1073676287,1073053695,1073741823,1073725439,805306367,1073740799,1073741823,1073741823,1073741823:g8
1073741823,1073741823,1073741823,1073741823,1073741823,1073610751,1073676287,1073053695,1073741823,1073725439,805302271,1073741823,1073741823,1073741823,1073741823:g8
1073741823,1073741823,1073741823,1073741823,1073741823,1073610751,1073676287,1073053695,1073741823,1073721343,805306367,1073741823,1073741823,1073741823,1073741823:g8
1073741823,1073741823,1073741823,1073741823,1073741823,1073610751,1073676287,1073053695,1073741823,1073659903,805306367,1073741823,1073741823,1073741823,1073741823:g8
1073741823,1073741823,1073741823,1073741823,1073741823,1073610751,1073676287,1073053695,1073741823,1073725439,805306367,1073479679,1073741823,1073741823,1073741823:g8
1073741823,1073741823,1073741823,1073741823,1073741823,1073610751,1073676287,1073053695,1073741823,1073725439,805240831,1073741823,1073741823,1073741823,1073741823:g8
1073741823,1073741823,1073741823,1073741823,1073741823,1073610751,1073676287,1073053695,1073741823,1073725439,805306367,1073725439,1073741823,1073741823,1073741823:g8
1073741823,1073741823,1073741823,1073741823,1073741823,1073610751,1073676287,1073053695,1073741823,1073725439,805289983,1073741823,1073741823,1073741823,1073741823:g8
1073741823,1073741823,1073741823,1073741823,1073741823,1069416447,1073676287,1073053695,1073741823,1073725439,805306367,1073741823,1073741823,1073741823,1073741823:g8
1073741823,1073741823,1073741823,1073741823,1073741823,1073610751,1073676287,1068859391,1073741823,1073725439,805306367,1073741823,1073741823,1073741823,1073741823:g8
1073741823,1073741823,1073741823,1073741823,1073741823,1073610751,1073676287,1072005119,1073741823,1073725439,805306367,1073741823,1073741823,1073741823,1073741823:g8
1073741823,1073741823,1073741823,1073741823,1073741823,1073610751,1073676287,1073053695,1073741823,1069531135,805306367,1073741823,1073741823,1073741823,1073741823:g8
1073741823,1073741823,1073741823,1073741823,1073741823,1073610751,1073676287,1073053695,1073479679,1073725439,805306367,1073741823,1073741823,1073741823,1073741823:g8
1073741823,1073741823,1073741823,1073741823,1073737727,1073610751,1073676287,1073053695,1073741823,1073725439,805306367,1073741823,1073741823,1073741823,1073741823:g8
1073741823,1073741823,1073741823,1073741823,1073676287,1073610751,1073676287,1073053695,1073741823,1073725439,805306367,1073741823,1073741823,1073741823,1073741823:g8
1073741823,1073741823,1073741823,1073741823,1072693247,1073610751,1073676287,1073053695,1073741823,1073725439,805306367,1073741823,1073741823,1073741823,1073741823:g8
1073741823,1073741823,1073741823,1073741823,1073741823,1073610751,1072627711,1073053695,1073741823,1073725439,805306367,1073741823,1073741823,1073741823,1073741823:g8
1073741823,1073741823,1073741823,1073741823,1073741823,1073610751,1073414143,1073053695,1073741823,1073725439,805306367,1073741823,1073741823,1073741823,1073741823:g8
1073741823,1073741823,1073741823,1073741823,1073741823,1073610751,1073676287,1073053695,1072693247,1073725439,805306367,1073741823,1073741823,1073741823,1073741823:g8
1073741823,1073741823,1073741823,1073741823,1073741823,1073610751,1073676287,1073053695,1073741823,1073724415,805306367,1073741823,1073741823,1073741823,1073741823:g8
1073741823,1073741823,1073741823,1073741823,1073741823,1073610751,1073676287,1073053695,1073737727,1073725439,805306367,1073741823,1073741823,1073741823,1073741823:g8
1073741823,1073741823,1073741823,1073741823,1073741823,1073610751,1073676287,1073052671,1073741823,1073725439,805306367,1073741823,1073741823,1073741823,1073741823:g8
1073741823,1073741823,1073741823,1073741823,1073741823,1073610751,1073676287,1073049599,1073741823,1073725439,805306367,1073741823,1073741823,1073741823,1073741823:k8
1073741823,1073741823,1073741823,1073741823,1073741823,1073609727,1073676287,1073053695,1073741823,1073725439,805306367,1073741823,1073741823,1073741823,1073741823:g8
1073741823,1073741823,1073741823,1073741823,1073741823,1073610751,1073672191,1073053695,1073741823,1073725439,805306367,1073741823,1073741823,1073741823,1073741823:g8
1073741823,1073741823,1073741823,1073741823,1073741823,1073594367,1073676287,1073053695,1073741823,1073725439,805306367,1073741823,1073741823,1073741823,1073741823:g8
1073741823,1073741823,1073741823,1073741823,1073741823,1073610751,1073659903,1073053695,1073741823,1073725439,805306367,1073741823,1073741823,1073741823,1073741823:g8
1073741823,1073741823,1073741823,1073741823,1073741823,1073348607,1073676287,1073053695,1073741823,1073725439,805306367,1073741823,1073741823,1073741823,1073741823:g8
1073741823,1073741823,1073741823,1073741823,1073741823,1073610751,1073676287,1073053695,1073741823,1073463295,805306367,1073741823,1073741823,1073741823,1073741823:g8
1073741823,1073741823,1073741823,1073741823,1073741823,1073610751,1073676287,1073053695,1073676287,1073725439,805306367,1073741823,1073741823,1073741823,1073741823:g8
1073741823,1073741823,1073741823,1073741823,1073741823,1073610751,1073676287,1073053695,1073725439,1073725439,805306367,1073741823,1073741823,1073741823,1073741823:g8
