1073741823,1073741823,1073741823,1073741823,1073479679,1073610751,1073676287,1073184767,1073741823,1073725439,1073741823,1073741823,1073741823,1073741823,1073741823:i8
1073741823,1073741823,1073741823,1073741823,1073479679,1073610751,1073676287,1073053695,1073741823,1072676863,1073741823,1073741823,1073741823,1073741823,1073741823:g8
1073741823,1073741823,1073725439,1073741823,1073479679,1073610751,1073676287,1073053695,1073741823,1073725439,1073741823,1073741823,1073741823,1073741823,1073741823:g8
1073741823,1073741823,1073479679,1073741823,1073479679,1073610751,1073676287,1073053695,1073741823,1073725439,1073741823,1073741823,1073741823,1073741823,1073741823:g8
1073741823,1073741823,1073741823,1073479679,1073479679,1073610751,1073676287,1073053695,1073741823,1073725439,1073741823,1073741823,1073741823,1073741823,1073741823:g8
1073741823,1073741823,1069547519,1073741823,1073479679,1073610751,1073676287,1073053695,1073741823,1073725439,1073741823,1073741823,1073741823,1073741823,1073741823:g8
1073741823,1073741823,1073741823,1073741823,1069285375,1073610751,1073676287,1073053695,1073741823,1073725439,1073741823,1073741823,1073741823,1073741823,1073741823:g8
1073741823,1073741823,1073741823,1073741823,1073479679,1073610751,1069481983,1073053695,1073741823,1073725439,1073741823,1073741823,1073741823,1073741823,1073741823:g8
1073741823,1073741823,1073741823,1073741823,1073479679,1073606655,1073676287,1073053695,1073741823,1073725439,1073741823,1073741823,1073741823,1073741823,1073741823:g8
1073741823,1073741823,1073741823,1073737727,1073479679,1073610751,1073676287,1073053695,1073741823,1073725439,1073741823,1073741823,1073741823,1073741823,1073741823:g8
1073741823,1073741823,1073741823,1073741823,1073463295,1073610751,1073676287,1073053695,1073741823,1073725439,1073741823,1073741823,1073741823,1073741823,1073741823:g8
1073741823,1073741823,1073741823,1073676287,1073479679,1073610751,1073676287,1073053695,1073741823,1073725439,1073741823,1073741823,1073741823,1073741823,1073741823:g8
1073741823,1073741823,1073741823,1072693247,1073479679,1073610751,1073676287,1073053695,1073741823,1073725439,1073741823,1073741823,1073741823,1073741823,1073741823:g8
1073741823,1073741823,1073741823,1073741823,1073479679,1072562175,1073676287,1073053695,1073741823,1073725439,1073741823,1073741823,1073741823,1073741823,1073741823:g8
1073741823,1073741823,1073741823,1073741823,1073479679,1073610751,1073676287,1073053695,1073741823,1073725439,1073741823,1073740799,1073741823,1073741823,1073741823:g8
1073741823,1073741823,1073741823,1073741823,1073479679,1073610751,1073676287,1073053695,1073741823,1073725439,1073737727,1073741823,1073741823,1073741823,1073741823:g8
1073741823,1073741823,1073741823,1073741823,1073479679,1073610751,1073676287,1073053695,1073741823,1073721343,1073741823,1073741823,1073741823,1073741823,1073741823:g8
1073741823,1073741823,1073741823,1073741823,1073479679,1073610751,1073676287,1073053695,1073741823,1073659903,1073741823,1073741823,1073741823,1073741823,1073741823:g8
1073741823,1073741823,1073741823,1073741823,1073479679,1073610751,1073676287,1073053695,1073741823,1073725439,1073741823,1073479679,1073741823,1073741823,1073741823:g8
1073741823,1073741823,1073741823,1073741823,1073479679,1073610751,1073676287,1073053695,1073741823,1073725439,1073676287,1073741823,1073741823,1073741823,1073741823:g8
1073741823,1073741823,1073741823,1073741823,1073479679,1073610751,1073676287,1073053695,1073741823,1073725439,1073741823,1073725439,1073741823,1073741823,1073741823:g8
1073741823,1073741823,1073741823,1073741823,1073479679,1073610751,1073676287,1073053695,1073741823,1073725439,1073725439,1073741823,1073741823,1073741823,1073741823:g8
1073741823,1073741823,1073741823,1073741823,1073479679,1069416447,1073676287,1073053695,1073741823,1073725439,1073741823,1073741823,1073741823,1073741823,1073741823:g8
1073741823,1073741823,1073741823,1073741823,1073479679,1073610751,1073676287,1068859391,1073741823,1073725439,1073741823,1073741823,1073741823,1073741823,1073741823:g8
1073741823,1073741823,1073741823,1073741823,1073479679,1073610751,1073676287,1072005119,1073741823,1073725439,1073741823,1073741823,1073741823,1073741823,1073741823:g6
1073741823,1073741823,1073741823,1073741823,1073479679,1073602559,1073676287,1072004863,1073741823,1073725439,1073741823,1073741823,1073741823,1073741823,1073741823:f6
1073741823,1073741823,1073741823,1073741823,1073479679,1073602559,1073675263,1072005119,1073741823,1073725439,1073741823,1073741823,1073741823,1073741823,1073741823:f6
1073741823,1073741823,1073741823,1073741823,1073479679,1073602303,1073676287,1072005119,1073741823,1073725439,1073741823,1073741823,1073741823,1073741823,1073741823:h6
1073741823,1073741823,1073741823,1073741567,1073479679,1073602559,1073676287,1072005119,1073741823,1073725439,1073741823,1073741823,1073741823,1073741823,1073741823:f6
1073741823,1073741823,1073741823,1073741823,1073478655,1073602559,1073676287,1072005119,1073741823,1073725439,1073741823,1073741823,1073741823,1073741823,1073741823:f6
1073741823,1073741823,1073741823,1073741823,1073479679,1056825343,1073676287,1072005119,1073741823,1073725439,1073741823,1073741823,1073741823,1073741823,1073741823:f6
1073741823,1073741823,1073741823,1073741823,1073479679,1073602559,1073676287,1055227903,1073741823,1073725439,1073741823,1073741823,1073741823,1073741823,1073741823:f6
1073741823,1073741823,1073741823,1073741823,1073479679,1073602559,1073676287,1072005119,1073741823,1056948223,1073741823,1073741823,1073741823,1073741823,1073741823:f6
1073741823,1073741823,1073741823,1073741823,1073479679,1073602559,1073676287,1072005119,1069547519,1073725439,1073741823,1073741823,1073741823,1073741823,1073741823:f6
1073741823,1073741823,1073741823,1073741823,1073479679,1073602559,1073676287,1072005119,1073741823,1072676863,1073741823,1073741823,1073741823,1073741823,1073741823:f6
1073741823,1073741823,1073725439,1073741823,1073479679,1073602559,1073676287,1072005119,1073741823,1073725439,1073741823,1073741823,1073741823,1073741823,1073741823:f6
1073741823,1073741823,1073479679,1073741823,1073479679,1073602559,1073676287,1072005119,1073741823,1073725439,1073741823,1073741823,1073741823,1073741823,1073741823:h7
1073741823,1073741823,1073741823,1073479679,1073479679,1073602559,1073676287,1072005119,1073741823,1073725439,1073741823,1073741823,1073741823,1073741823,1073741823:h7
1073741823,1073741823,1069547519,1073741823,1073479679,1073602559,1073676287,1072005119,1073741823,1073725439,1073741823,1073741823,1073741823,1073741823,1073741823:f6
1073741823,1073741823,1073741823,1073741823,1069285375,1073602559,1073676287,1072005119,1073741823,1073725439,1073741823,1073741823,1073741823,1073741823,1073741823:f6
1073741823,1073741823,1073741823,1073741823,1073479679,1073602559,1069481983,1072005119,1073741823,1073725439,1073741823,1073741823,1073741823,1073741823,1073741823:f6
1073741823,1073741823,1073741823,1073737727,1073479679,1073602559,1073676287,1072005119,1073741823,1073725439,1073741823,1073741823,1073741823,1073741823,1073741823:f6
1073741823,1073741823,1073741823,1073741823,1073463295,1073602559,1073676287,1072005119,1073741823,1073725439,1073741823,1073741823,1073741823,1073741823,1073741823:f6
1073741823,1073741823,1073741823,1073676287,1073479679,1073602559,1073676287,1072005119,1073741823,1073725439,1073741823,1073741823,1073741823,1073741823,1073741823:f6
1073741823,1073741823,1073741823,1072693247,1073479679,1073602559,1073676287,1072005119,1073741823,1073725439,1073741823,1073741823,1073741823,1073741823,1073741823:f6
1073741823,1073741823,1073741823,1073741823,1073479679,1072553983,1073676287,1072005119,1073741823,1073725439,1073741823,1073741823,1073741823,1073741823,1073741823:f6
1073741823,1073741823,1073741823,1073741823,1073479679,1073602559,1073676287,1072005119,1073741823,1073725439,1073741823,1073740799,1073741823,1073741823,1073741823:f6
1073741823,1073741823,1073741823,1073741823,1073479679,1073602559,1073676287,1072005119,1073741823,1073725439,1073737727,1073741823,1073741823,1073741823,1073741823:f6
1073741823,1073741823,1073741823,1073741823,1073479679,1073602559,1073676287,1072005119,1073741823,1073721343,1073741823,1073741823,1073741823,1073741823,1073741823:f6
1073741823,1073741823,1073741823,1073741823,1073479679,1073602559,1073676287,1072005119,1073741823,1073659903,1073741823,1073741823,1073741823,1073741823,1073741823:f6
1073741823,1073741823,1073741823,1073741823,1073479679,1073602559,1073676287,1072005119,1073741823,1073725439,1073741823,1073479679,1073741823,1073741823,1073741823:f6
1073741823,1073741823,1073741823,1073741823,1073479679,1073602559,1073676287,1072005119,1073741823,1073725439,1073676287,1073741823,1073741823,1073741823,1073741823:f6
1073741823,1073741823,1073741823,1073741823,1073479679,1073602559,1073676287,1072005119,1073741823,1073725439,1073741823,1073725439,1073741823,1073741823,1073741823:f6
1073741823,1073741823,1073741823,1073741823,1073479679,1073602559,1073676287,1072005119,1073741823,1073725439,1073725439,1073741823,1073741823,1073741823,1073741823:f6
1073741823,1073741823,1073741823,1073741823,1073479679,1069408255,1073676287,1072005119,1073741823,1073725439,1073741823,1073741823,1073741823,1073741823,1073741823:f6
1073741823,1073741823,1073741823,1073741823,1073479679,1073602559,1073676287,1067810815,1073741823,1073725439,1073741823,1073741823,1073741823,1073741823,1073741823:f6
1073741823,1073741823,1073741823,1073741823,1073479679,1073602559,1073676287,1072005119,1073741823,1069531135,1073741823,1073741823,1073741823,1073741823,1073741823:f6
1073741823,1073741823,1073741823,1073741823,1073479679,1073602559,1073676287,1072005119,1073479679,1073725439,1073741823,1073741823,1073741823,1073741823,1073741823:f6
1073741823,1073741823,1073741823,1073741823,1073475583,1073602559,1073676287,1072005119,1073741823,1073725439,1073741823,1073741823,1073741823,1073741823,1073741823:h6
1073741823,1073741823,1073741823,1073741823,1073414143,1073602559,1073676287,1072005119,1073741823,1073725439,1073741823,1073741823,1073741823,1073741823,1073741823:f6
1073741823,1073741823,1073741823,1073741823,1072431103,1073602559,1073676287,1072005119,1073741823,1073725439,1073741823,1073741823,1073741823,1073741823,1073741823:f6
1073741823,1073741823,1073741823,1073741823,1073479679,1073602559,1072627711,1072005119,1073741823,1073725439,1073741823,1073741823,1073741823,1073741823,1073741823:f6
1073741823,1073741823,1073741823,1073741823,1073479679,1073602559,1073414143,1072005119,1073741823,1073725439,1073741823,1073741823,1073741823,1073741823,1073741823:f6
1073741823,1073741823,1073741823,1073741823,1073479679,1073602559,1073676287,1072005119,1072693247,1073725439,1073741823,1073741823,1073741823,1073741823,1073741823:f6
1073741823,1073741823,1073741823,1073741823,1073479679,1073602559,1073676287,1072005119,1073741823,1073724415,1073741823,1073741823,1073741823,1073741823,1073741823:f6
1073741823,1073741823,1073741823,1073741823,1073479679,1073602559,1073676287,1072005119,1073737727,1073725439,1073741823,1073741823,1073741823,1073741823,1073741823:h6
1073741823,1073741823,1073741823,1073741823,1073479679,1073602559,1073676287,1072004095,1073741823,1073725439,1073741823,1073741823,1073741823,1073741823,1073741823:h6
1073741823,1073741823,1073741823,1073741823,1073479679,1073602559,1073676287,1072001023,1073741823,1073725439,1073741823,1073741823,1073741823,1073741823,1073741823:h6
1073741823,1073741823,1073741823,1073741823,1073479679,1073601535,1073676287,1072005119,1073741823,1073725439,1073741823,1073741823,1073741823,1073741823,1073741823:h7
1073741823,1073741823,1073741823,1073741823,1073479679,1073601535,1073643519,1072005119,1073740799,1073725439,1073741823,1073741823,1073741823,1073741823,1073741823:f5
1073741823,1073741823,1073741823,1073741823,1073479679,1073601535,1073643519,1072005055,1073741823,1073725439,1073741823,1073741823,1073741823,1073741823,1073741823:f5
1073741823,1073741823,1073741823,1073741823,1073479679,1073601535,1073643263,1072005119,1073741823,1073725439,1073741823,1073741823,1073741823,1073741823,1073741823:f5
1073741823,1073741823,1073741823,1073741823,1073479679,1073601471,1073643519,1072005119,1073741823,1073725439,1073741823,1073741823,1073741823,1073741823,1073741823:f5
1073741823,1073741823,1073741823,1073741759,1073479679,1073601535,1073643519,1072005119,1073741823,1073725439,1073741823,1073741823,1073741823,1073741823,1073741823:f5
1073741823,1073741823,1073741823,1073741823,1073479423,1073601535,1073643519,1072005119,1073741823,1073725439,1073741823,1073741823,1073741823,1073741823,1073741823:f5
1073741823,1073741823,1073741823,1073740799,1073479679,1073601535,1073643519,1072005119,1073741823,1073725439,1073741823,1073741823,1073741823,1073741823,1073741823:f5
1073741823,1073741823,1073741823,1073725439,1073479679,1073601535,1073643519,1072005119,1073741823,1073725439,1073741823,1073741823,1073741823,1073741823,1073741823:f5
1073741823,1073741823,1073741823,1073741823,1073479679,1073601535,1073643519,1072004863,1073741823,1073725439,1073741823,1073741823,1073741823,1073741823,1073741823:f5
1073741823,1073741823,1073741823,1073741823,1073479679,1073601535,1073642495,1072005119,1073741823,1073725439,1073741823,1073741823,1073741823,1073741823,1073741823:f5
1073741823,1073741823,1073741823,1073741823,1073479679,1073601279,1073643519,1072005119,1073741823,1073725439,1073741823,1073741823,1073741823,1073741823,1073741823:f5
1073741823,1073741823,1073741823,1073741567,1073479679,1073601535,1073643519,1072005119,1073741823,1073725439,1073741823,1073741823,1073741823,1073741823,1073741823:j9
1073741823,1073741823,1073741823,1073741823,1073478655,1073601535,1073643519,1072005119,1073741823,1073725439,1073741823,1073741823,1073741823,1073741823,1073741823:h9
1073741823,1073741823,1073741823,1073741823,1073478655,1073601535,1073643519,1072005119,1073709055,1073725439,1073740799,1073741823,1073741823,1073741823,1073741823:j9
1073741823,1073741823,1073741823,1073741823,1073478655,1073601535,1073643519,1072005119,1073709055,1073725439,1073479679,1073741823,1073741823,1073741823,1073741823:h5
1073741823,1073741823,1073741823,1073741823,1073478655,1073601535,1073643455,1072005119,1073709055,1073725439,1073741823,1073741823,1073741823,1073741823,1073741823:j9
1073741823,1073741823,1073741823,1073741823,1073478591,1073601535,1073643519,1072005119,1073709055,1073725439,1073741823,1073741823,1073741823,1073741823,1073741823:j9
1073741823,1073741823,1073741759,1073741823,1073478655,1073601535,1073643519,1072005119,1073709055,1073725439,1073741823,1073741823,1073741823,1073741823,1073741823:j9
1073741823,1073741823,1073740799,1073741823,1073478655,1073601535,1073643519,1072005119,1073709055,1073725439,1073741823,1073741823,1073741823,1073741823,1073741823:h6
1073741823,1073741823,1073741823,1073741823,1073478655,1073601535,1073643519,1072005119,1073708031,1073725439,1073741823,1073741823,1073741823,1073741823,1073741823:h5
1073741823,1073741823,1073741823,1073741823,1073478655,1073601535,1073643519,1072005055,1073709055,1073725439,1073741823,1073741823,1073741823,1073741823,1073741823:j9
1073741823,1073741823,1073741823,1073741823,1073478655,1073601535,1073643263,1072005119,1073709055,1073725439,1073741823,1073741823,1073741823,1073741823,1073741823:j9
1073741823,1073741823,1073741823,1073741823,1073478655,1073601471,1073643519,1072005119,1073709055,1073725439,1073741823,1073741823,1073741823,1073741823,1073741823:j9
1073741823,1073741823,1073741823,1073741759,1073478655,1073601535,1073643519,1072005119,1073709055,1073725439,1073741823,1073741823,1073741823,1073741823,1073741823:j9
1073741823,1073741823,1073741823,1073741823,1073478399,1073601535,1073643519,1072005119,1073709055,1073725439,1073741823,1073741823,1073741823,1073741823,1073741823:j9
1073741823,1073741823,1073741823,1073740799,1073478655,1073601535,1073643519,1072005119,1073709055,1073725439,1073741823,1073741823,1073741823,1073741823,1073741823:h6
1073741823,1073741823,1073741823,1073725439,1073478655,1073601535,1073643519,1072005119,1073709055,1073725439,1073741823,1073741823,1073741823,1073741823,1073741823:j9
1073741823,1073741823,1073741823,1073741823,1073478655,1073601535,1073643519,1072004863,1073709055,1073725439,1073741823,1073741823,1073741823,1073741823,1073741823:j9
1073741823,1073741823,1073741823,1073741823,1073478655,1073601535,1073642495,1072005119,1073709055,1073725439,1073741823,1073741823,1073741823,1073741823,1073741823:h6
1073741823,1073741823,1073741823,1073741823,1073478655,1073601279,1073643519,1072005119,1073709055,1073725439,1073741823,1073741823,1073741823,1073741823,1073741823:j9
1073741823,1073741823,1073741823,1073741567,1073478655,1073601535,1073643519,1072005119,1073709055,1073725439,1073741823,1073741823,1073741823,1073741823,1073741823:j9
1073741823,1073741823,1073741823,1073741823,1073478655,1056824319,1073643519,1072005119,1073709055,1073725439,1073741823,1073741823,1073741823,1073741823,1073741823:j9
1073741823,1073741823,1073741823,1073741823,1073478655,1073601535,1073643519,1055227903,1073709055,1073725439,1073741823,1073741823,1073741823,1073741823,1073741823:j9
1073741823,1073741823,1073741823,1073741823,1073478655,1073601535,1073643519,1072005119,1073709055,1056948223,1073741823,1073741823,1073741823,1073741823,1073741823:j9
1073741823,1073741823,1073741823,1073741823,1073478655,1073601535,1073643519,1072005119,1069514751,1073725439,1073741823,1073741823,1073741823,1073741823,1073741823:j9
1073741823,1073741823,1073741823,1073741823,1073478655,1073601535,1073643519,1072005119,1073709055,1072676863,1073741823,1073741823,1073741823,1073741823,1073741823:h5
1073741823,1073741823,1073725439,1073741823,1073478655,1073601535,1073643519,1072005119,1073709055,1073725439,1073741823,1073741823,1073741823,1073741823,1073741823:j9
1073741823,1073741823,1073479679,1073741823,1073478655,1073601535,1073643519,1072005119,1073709055,1073725439,1073741823,1073741823,1073741823,1073741823,1073741823:j9
1073741823,1073741823,1073741823,1073479679,1073478655,1073601535,1073643519,1072005119,1073709055,1073725439,1073741823,1073741823,1073741823,1073741823,1073741823:j9
1073741823,1073741823,1069547519,1073741823,1073478655,1073601535,1073643519,1072005119,1073709055,1073725439,1073741823,1073741823,1073741823,1073741823,1073741823:j9
1073741823,1073741823,1073741823,1073741823,1069284351,1073601535,1073643519,1072005119,1073709055,1073725439,1073741823,1073741823,1073741823,1073741823,1073741823:j9
1073741823,1073741823,1073741823,1073741823,1073478655,1073601535,1069449215,1072005119,1073709055,1073725439,1073741823,1073741823,1073741823,1073741823,1073741823:j9
1073741823,1073741823,1073741823,1073737727,1073478655,1073601535,1073643519,1072005119,1073709055,1073725439,1073741823,1073741823,1073741823,1073741823,1073741823:j9
1073741823,1073741823,1073741823,1073741823,1073462271,1073601535,1073643519,1072005119,1073709055,1073725439,1073741823,1073741823,1073741823,1073741823,1073741823:j9
1073741823,1073741823,1073741823,1073741823,1073462271,1073601535,1073643519,1072005119,1073184767,1073725439,1069547519,1073741823,1073741823,1073741823,1073741823:k10
1073741823,1073741823,1073741823,1073741823,1073462271,1073601535,1073643519,1072005119,1073184767,1073725439,1073740799,1073741823,1073741823,1073741823,1073741823:k10
1073741823,1073741823,1073741823,1073741823,1073462271,1073601535,1073643519,1072005119,1073184767,1073725439,1073479679,1073741823,1073741823,1073741823,1073741823:k10
1073741823,1073741823,1073741823,1073741823,1073462271,1073601535,1073643455,1072005119,1073184767,1073725439,1073741823,1073741823,1073741823,1073741823,1073741823:k10
1073741823,1073741823,1073741823,1073741823,1073462207,1073601535,1073643519,1072005119,1073184767,1073725439,1073741823,1073741823,1073741823,1073741823,1073741823:k10
1073741823,1073741823,1073741759,1073741823,1073462271,1073601535,1073643519,1072005119,1073184767,1073725439,1073741823,1073741823,1073741823,1073741823,1073741823:k10
1073741823,1073741823,1073740799,1073741823,1073462271,1073601535,1073643519,1072005119,1073184767,1073725439,1073741823,1073741823,1073741823,1073741823,1073741823:k10
1073741823,1073741823,1073741823,1073741823,1073462271,1073601535,1073643519,1072005119,1073183743,1073725439,1073741823,1073741823,1073741823,1073741823,1073741823:k10
1073741823,1073741823,1073741823,1073741823,1073462271,1073601535,1073643519,1072005055,1073184767,1073725439,1073741823,1073741823,1073741823,1073741823,1073741823:k10
1073741823,1073741823,1073741823,1073741823,1073462271,1073601535,1073643263,1072005119,1073184767,1073725439,1073741823,1073741823,1073741823,1073741823,1073741823:k10
1073741823,1073741823,1073741823,1073741823,1073462271,1073601471,1073643519,1072005119,1073184767,1073725439,1073741823,1073741823,1073741823,1073741823,1073741823:k10
1073741823,1073741823,1073741823,1073741759,1073462271,1073601535,1073643519,1072005119,1073184767,1073725439,1073741823,1073741823,1073741823,1073741823,1073741823:k10
1073741823,1073741823,1073741823,1073741823,1073462015,1073601535,1073643519,1072005119,1073184767,1073725439,1073741823,1073741823,1073741823,1073741823,1073741823:k10
1073741823,1073741823,1073741823,1073740799,1073462271,1073601535,1073643519,1072005119,1073184767,1073725439,1073741823,1073741823,1073741823,1073741823,1073741823:k10
1073741823,1073741823,1073741823,1073725439,1073462271,1073601535,1073643519,1072005119,1073184767,1073725439,1073741823,1073741823,1073741823,1073741823,1073741823:k10
1073741823,1073741823,1073741823,1073741823,1073462271,1073601535,1073643519,1072004863,1073184767,1073725439,1073741823,1073741823,1073741823,1073741823,1073741823:k10
1073741823,1073741823,1073741823,1073741823,1073462271,1073601535,1073642495,1072005119,1073184767,1073725439,1073741823,1073741823,1073741823,1073741823,1073741823:k10
1073741823,1073741823,1073741823,1073741823,1073462271,1073601279,1073643519,1072005119,1073184767,1073725439,1073741823,1073741823,1073741823,1073741823,1073741823:k10
1073741823,1073741823,1073741823,1073741567,1073462271,1073601535,1073643519,1072005119,1073184767,1073725439,1073741823,1073741823,1073741823,1073741823,1073741823:k10
1073741823,1073741823,1073741823,1073741823,1073462271,1056824319,1073643519,1072005119,1073184767,1073725439,1073741823,1073741823,1073741823,1073741823,1073741823:k10
1073741823,1073741823,1073741823,1073741823,1073462271,1073601535,1073643519,1055227903,1073184767,1073725439,1073741823,1073741823,1073741823,1073741823,1073741823:k10
1073741823,1073741823,1073741823,1073741823,1073462271,1073601535,1073643519,1072005119,1073184767,1056948223,1073741823,1073741823,1073741823,1073741823,1073741823:k10
1073741823,1073741823,1073741823,1073741823,1073462271,1073601535,1073643519,1072005119,1068990463,1073725439,1073741823,1073741823,1073741823,1073741823,1073741823:k10
1073741823,1073741823,1073741823,1073741823,1073462271,1073601535,1073643519,1072005119,1073184767,1072676863,1073741823,1073741823,1073741823,1073741823,1073741823:g8
1073741823,1073741823,1073725439,1073741823,1073462271,1073601535,1073643519,1072005119,1073184767,1073725439,1073741823,1073741823,1073741823,1073741823,1073741823:k10
1073741823,1073741823,1073479679,1073741823,1073462271,1073601535,1073643519,1072005119,1073184767,1073725439,1073741823,1073741823,1073741823,1073741823,1073741823:k10
1073741823,1073741823,1073741823,1073479679,1073462271,1073601535,1073643519,1072005119,1073184767,1073725439,1073741823,1073741823,1073741823,1073741823,1073741823:k10
1073741823,1073741823,1069547519,1073741823,1073462271,1073601535,1073643519,1072005119,1073184767,1073725439,1073741823,1073741823,1073741823,1073741823,1073741823:k10
1073741823,1073741823,1073741823,1073741823,1069267967,1073601535,1073643519,1072005119,1073184767,1073725439,1073741823,1073741823,1073741823,1073741823,1073741823:k10
1073741823,1073741823,1073741823,1073741823,1073462271,1073601535,1069449215,1072005119,1073184767,1073725439,1073741823,1073741823,1073741823,1073741823,1073741823:k10
1073741823,1073741823,1073741823,1073737727,1073462271,1073601535,1073643519,1072005119,1073184767,1073725439,1073741823,1073741823,1073741823,1073741823,1073741823:k10
1073741823,1073741823,1073741823,1073676287,1073462271,1073601535,1073643519,1072005119,1073184767,1073725439,1073741823,1073741823,1073741823,1073741823,1073741823:k10
1073741823,1073741823,1073741823,1072693247,1073462271,1073601535,1073643519,1072005119,1073184767,1073725439,1073741823,1073741823,1073741823,1073741823,1073741823:k10
1073741823,1073741823,1073741823,1073741823,1073462271,1072552959,1073643519,1072005119,1073184767,1073725439,1073741823,1073741823,1073741823,1073741823,1073741823:k10
1073741823,1073741823,1073741823,1073741823,1073462271,1073601535,1073643519,1072005119,1073184767,1073725439,1073741823,1073740799,1073741823,1073741823,1073741823:k10
1073741823,1073741823,1073741823,1073741823,1073462271,1073601535,1073643519,1072005119,1073184767,1073725439,1073737727,1073741823,1073741823,1073741823,1073741823:k10
1073741823,1073741823,1073741823,1073741823,1073462271,1073601535,1073643519,1072005119,1073184767,1073721343,1073741823,1073741823,1073741823,1073741823,1073741823:k10
1073741823,1073741823,1073741823,1073741823,1073462271,1073601535,1073643519,1072005119,1073184767,1073659903,1073741823,1073741823,1073741823,1073741823,1073741823:k10
1073741823,1073741823,1073741823,1073741823,1073462271,1073601535,1073643519,1072005119,1073184767,1073725439,1073741823,1073479679,1073741823,1073741823,1073741823:k10
1073741823,1073741823,1073741823,1073741823,1073462271,1073601535,1073643519,1072005119,1073184767,1073725439,1073676287,1073741823,1073741823,1073741823,1073741823:k10
1073741823,1073741823,1073741823,1073741823,1073462271,1073601535,1073643519,1072005119,1073184767,1073725439,1073741823,1073725439,1073741823,1073741823,1073741823:k10
1073741823,1073741823,1073741823,1073741823,1073462271,1073601535,1073643519,1072005119,1073184767,1073725439,1073725439,1073741823,1073741823,1073741823,1073741823:k10
1073741823,1073741823,1073741823,1073741823,1073462271,1069407231,1073643519,1072005119,1073184767,1073725439,1073741823,1073741823,1073741823,1073741823,1073741823:k10
1073741823,1073741823,1073741823,1073741823,1073462271,1073601535,1073643519,1067810815,1073184767,1073725439,1073741823,1073741823,1073741823,1073741823,1073741823:k10
1073741823,1073741823,1073741823,1073741823,1073462271,1073601535,1073643519,1072005119,1073184767,1069531135,1073741823,1073741823,1073741823,1073741823,1073741823:k10
1073741823,1073741823,1073741823,1073741823,1073458175,1073601535,1073643519,1072005119,1073184767,1073725439,1073741823,1073741823,1073741823,1073741823,1073741823:k10
1073741823,1073741823,1073741823,1073741823,1073396735,1073601535,1073643519,1072005119,1073184767,1073725439,1073741823,1073741823,1073741823,1073741823,1073741823:k10
1073741823,1073741823,1073741823,1073741823,1072413695,1073601535,1073643519,1072005119,1073184767,1073725439,1073741823,1073741823,1073741823,1073741823,1073741823:k10
1073741823,1073741823,1073741823,1073741823,1073462271,1073601535,1072594943,1072005119,1073184767,1073725439,1073741823,1073741823,1073741823,1073741823,1073741823:k10
1073741823,1073741823,1073741823,1073741823,1073462271,1073601535,1073381375,1072005119,1073184767,1073725439,1073741823,1073741823,1073741823,1073741823,1073741823:k10
1073741823,1073741823,1073741823,1073741823,1073462271,1073601535,1073643519,1072005119,1072136191,1073725439,1073741823,1073741823,1073741823,1073741823,1073741823:k10
1073741823,1073741823,1073741823,1073741823,1073462271,1073601535,1073643519,1072005119,1073184767,1073724415,1073741823,1073741823,1073741823,1073741823,1073741823:k10
1073741823,1073741823,1073741823,1073741823,1073462271,1073601535,1073643519,1072005119,1073180671,1073725439,1073741823,1073741823,1073741823,1073741823,1073741823:k10
1073741823,1073741823,1073741823,1073741823,1073462271,1073601535,1073643519,1072004095,1073184767,1073725439,1073741823,1073741823,1073741823,1073741823,1073741823:k10
1073741823,1073741823,1073741823,1073741823,1073462271,1073601535,1073643519,1072001023,1073184767,1073725439,1073741823,1073741823,1073741823,1073741823,1073741823:k10
1073741823,1073741823,1073741823,1073741823,1073462271,1073601535,1073639423,1072005119,1073184767,1073725439,1073741823,1073741823,1073741823,1073741823,1073741823:k10
1073741823,1073741823,1073741823,1073741823,1073462271,1073585151,1073643519,1072005119,1073184767,1073725439,1073741823,1073741823,1073741823,1073741823,1073741823:k10
1073741823,1073741823,1073741823,1073741823,1073462271,1073339391,1073643519,1072005119,1073184767,1073725439,1073741823,1073741823,1073741823,1073741823,1073741823:k10
1073741823,1073741823,1073741823,1073741823,1073462271,1073601535,1073643519,1072005119,1073184767,1073463295,1073741823,1073741823,1073741823,1073741823,1073741823:k10
1073741823,1073741823,1073741823,1073741823,1073462271,1073601535,1073643519,1072005119,1073119231,1073725439,1073741823,1073741823,1073741823,1073741823,1073741823:k10
1073741823,1073741823,1073741823,1073676287,1073478655,1073601535,1073643519,1072005119,1073709055,1073725439,1073741823,1073741823,1073741823,1073741823,1073741823:j9
1073741823,1073741823,1073741823,1072693247,1073478655,1073601535,1073643519,1072005119,1073709055,1073725439,1073741823,1073741823,1073741823,1073741823,1073741823:j9
1073741823,1073741823,1073741823,1073741823,1073478655,1072552959,1073643519,1072005119,1073709055,1073725439,1073741823,1073741823,1073741823,1073741823,1073741823:h5
1073741823,1073741823,1073741823,1073741823,1073478655,1073601535,1073643519,1072005119,1073709055,1073725439,1073741823,1073740799,1073741823,1073741823,1073741823:j9
1073741823,1073741823,1073741823,1073741823,1073478655,1073601535,1073643519,1072005119,1073709055,1073725439,1073737727,1073741823,1073741823,1073741823,1073741823:j9
1073741823,1073741823,1073741823,1073741823,1073478655,1073601535,1073643519,1072005119,1073709055,1073721343,1073741823,1073741823,1073741823,1073741823,1073741823:j9
1073741823,1073741823,1073741823,1073741823,1073478655,1073601535,1073643519,1072005119,1073709055,1073659903,1073741823,1073741823,1073741823,1073741823,1073741823:j9
1073741823,1073741823,1073741823,1073741823,1073478655,1073601535,1073643519,1072005119,1073709055,1073725439,1073741823,1073479679,1073741823,1073741823,1073741823:j9
1073741823,1073741823,1073741823,1073741823,1073478655,1073601535,1073643519,1072005119,1073709055,1073725439,1073676287,1073741823,1073741823,1073741823,1073741823:j9
1073741823,1073741823,1073741823,1073741823,1073478655,1073601535,1073643519,1072005119,1073709055,1073725439,1073741823,1073725439,1073741823,1073741823,1073741823:j9
1073741823,1073741823,1073741823,1073741823,1073478655,1073601535,1073643519,1072005119,1073709055,1073725439,1073725439,1073741823,1073741823,1073741823,1073741823:j9
1073741823,1073741823,1073741823,1073741823,1073478655,1069407231,1073643519,1072005119,1073709055,1073725439,1073741823,1073741823,1073741823,1073741823,1073741823:j9
1073741823,1073741823,1073741823,1073741823,1073478655,1073601535,1073643519,1067810815,1073709055,1073725439,1073741823,1073741823,1073741823,1073741823,1073741823:j9
1073741823,1073741823,1073741823,1073741823,1073478655,1073601535,1073643519,1072005119,1073709055,1069531135,1073741823,1073741823,1073741823,1073741823,1073741823:j9
1073741823,1073741823,1073741823,1073741823,1073478655,1073601535,1073643519,1072005119,1073446911,1073725439,1073741823,1073741823,1073741823,1073741823,1073741823:h5
1073741823,1073741823,1073741823,1073741823,1073474559,1073601535,1073643519,1072005119,1073709055,1073725439,1073741823,1073741823,1073741823,1073741823,1073741823:j9
1073741823,1073741823,1073741823,1073741823,1073413119,1073601535,1073643519,1072005119,1073709055,1073725439,1073741823,1073741823,1073741823,1073741823,1073741823:h5
1073741823,1073741823,1073741823,1073741823,1072430079,1073601535,1073643519,1072005119,1073709055,1073725439,1073741823,1073741823,1073741823,1073741823,1073741823:j9
1073741823,1073741823,1073741823,1073741823,1073478655,1073601535,1072594943,1072005119,1073709055,1073725439,1073741823,1073741823,1073741823,1073741823,1073741823:h5
1073741823,1073741823,1073741823,1073741823,1073478655,1073601535,1073381375,1072005119,1073709055,1073725439,1073741823,1073741823,1073741823,1073741823,1073741823:h5
1073741823,1073741823,1073741823,1073741823,1073478655,1073601535,1073643519,1072005119,1072660479,1073725439,1073741823,1073741823,1073741823,1073741823,1073741823:h5
1073741823,1073741823,1073741823,1073741823,1073478655,1073601535,1073643519,1072005119,1073709055,1073724415,1073741823,1073741823,1073741823,1073741823,1073741823:j9
1073741823,1073741823,1073741823,1073741823,1073478655,1073601535,1073643519,1072005119,1073704959,1073725439,1073741823,1073741823,1073741823,1073741823,1073741823:j9
1073741823,1073741823,1073741823,1073741823,1073478655,1073601535,1073643519,1072004095,1073709055,1073725439,1073741823,1073741823,1073741823,1073741823,1073741823:h6
1073741823,1073741823,1073741823,1073741823,1073478655,1073601535,1073643519,1072001023,1073709055,1073725439,1073741823,1073741823,1073741823,1073741823,1073741823:j9
1073741823,1073741823,1073741823,1073741823,1073478655,1073601535,1073639423,1072005119,1073709055,1073725439,1073741823,1073741823,1073741823,1073741823,1073741823:j9
1073741823,1073741823,1073741823,1073741823,1073478655,1073585151,1073643519,1072005119,1073709055,1073725439,1073741823,1073741823,1073741823,1073741823,1073741823:j9
1073741823,1073741823,1073741823,1073741823,1073478655,1073339391,1073643519,1072005119,1073709055,1073725439,1073741823,1073741823,1073741823,1073741823,1073741823:j9
1073741823,1073741823,1073741823,1073741823,1073478655,1073601535,1073643519,1072005119,1073709055,1073463295,1073741823,1073741823,1073741823,1073741823,1073741823:h5
1073741823,1073741823,1073741823,1073741823,1073478655,1073601535,1073643519,1072005119,1073643519,1073725439,1073741823,1073741823,1073741823,1073741823,1073741823:j9
1073741823,1073741823,1073741823,1073741823,1073479679,1056824319,1073643519,1072005119,1073741823,1073725439,1073741823,1073741823,1073741823,1073741823,1073741823:f5
1073741823,1073741823,1073741823,1073741823,1073479679,1073601535,1073643519,1055227903,1073741823,1073725439,1073741823,1073741823,1073741823,1073741823,1073741823:f5
1073741823,1073741823,1073741823,1073741823,1073479679,1073601535,1073643519,1072005119,1073741823,1056948223,1073741823,1073741823,1073741823,1073741823,1073741823:f5
1073741823,1073741823,1073741823,1073741823,1073479679,1073601535,1073643519,1072005119,1069547519,1073725439,1073741823,1073741823,1073741823,1073741823,1073741823:f5
1073741823,1073741823,1073741823,1073741823,1073479679,1073601535,1073643519,1072005119,1073741823,1072676863,1073741823,1073741823,1073741823,1073741823,1073741823:f5
1073741823,1073741823,1073725439,1073741823,1073479679,1073601535,1073643519,1072005119,1073741823,1073725439,1073741823,1073741823,1073741823,1073741823,1073741823:f5
1073741823,1073741823,1073479679,1073741823,1073479679,1073601535,1073643519,1072005119,1073741823,1073725439,1073741823,1073741823,1073741823,1073741823,1073741823:f5
1073741823,1073741823,1073741823,1073479679,1073479679,1073601535,1073643519,1072005119,1073741823,1073725439,1073741823,1073741823,1073741823,1073741823,1073741823:f5
1073741823,1073741823,1069547519,1073741823,1073479679,1073601535,1073643519,1072005119,1073741823,1073725439,1073741823,1073741823,1073741823,1073741823,1073741823:f5
1073741823,1073741823,1073741823,1073741823,1069285375,1073601535,1073643519,1072005119,1073741823,1073725439,1073741823,1073741823,1073741823,1073741823,1073741823:f5
1073741823,1073741823,1073741823,1073741823,1073479679,1073601535,1069449215,1072005119,1073741823,1073725439,1073741823,1073741823,1073741823,1073741823,1073741823:f5
1073741823,1073741823,1073741823,1073737727,1073479679,1073601535,1073643519,1072005119,1073741823,1073725439,1073741823,1073741823,1073741823,1073741823,1073741823:f5
1073741823,1073741823,1073741823,1073741823,1073463295,1073601535,1073643519,1072005119,1073741823,1073725439,1073741823,1073741823,1073741823,1073741823,1073741823:f5
1073741823,1073741823,1073741823,1073676287,1073479679,1073601535,1073643519,1072005119,1073741823,1073725439,1073741823,1073741823,1073741823,1073741823,1073741823:f5
1073741823,1073741823,1073741823,1072693247,1073479679,1073601535,1073643519,1072005119,1073741823,1073725439,1073741823,1073741823,1073741823,1073741823,1073741823:f5
1073741823,1073741823,1073741823,1073741823,1073479679,1072552959,1073643519,1072005119,1073741823,1073725439,1073741823,1073741823,1073741823,1073741823,1073741823:f5
1073741823,1073741823,1073741823,1073741823,1073479679,1073601535,1073643519,1072005119,1073741823,1073725439,1073741823,1073740799,1073741823,1073741823,1073741823:f5
1073741823,1073741823,1073741823,1073741823,1073479679,1073601535,1073643519,1072005119,1073741823,1073725439,1073737727,1073741823,1073741823,1073741823,1073741823:f5
1073741823,1073741823,1073741823,1073741823,1073479679,1073601535,1073643519,1072005119,1073741823,1073721343,1073741823,1073741823,1073741823,1073741823,1073741823:f5
1073741823,1073741823,1073741823,1073741823,1073479679,1073601535,1073643519,1072005119,1073741823,1073659903,1073741823,1073741823,1073741823,1073741823,1073741823:f5
1073741823,1073741823,1073741823,1073741823,1073479679,1073601535,1073643519,1072005119,1073741823,1073725439,1073741823,1073479679,1073741823,1073741823,1073741823:f5
1073741823,1073741823,1073741823,1073741823,1073479679,1073601535,1073643519,1072005119,1073741823,1073725439,1073676287,1073741823,1073741823,1073741823,1073741823:f5
1073741823,1073741823,1073741823,1073741823,1073479679,1073601535,1073643519,1072005119,1073741823,1073725439,1073741823,1073725439,1073741823,1073741823,1073741823:f5
1073741823,1073741823,1073741823,1073741823,1073479679,1073601535,1073643519,1072005119,1073741823,1073725439,1073725439,1073741823,1073741823,1073741823,1073741823:f5
1073741823,1073741823,1073741823,1073741823,1073479679,1069407231,1073643519,1072005119,1073741823,1073725439,1073741823,1073741823,1073741823,1073741823,1073741823:f5
1073741823,1073741823,1073741823,1073741823,1073479679,1073601535,1073643519,1067810815,1073741823,1073725439,1073741823,1073741823,1073741823,1073741823,1073741823:f5
1073741823,1073741823,1073741823,1073741823,1073479679,1073601535,1073643519,1072005119,1073741823,1069531135,1073741823,1073741823,1073741823,1073741823,1073741823:f5
1073741823,1073741823,1073741823,1073741823,1073479679,1073601535,1073643519,1072005119,1073479679,1073725439,1073741823,1073741823,1073741823,1073741823,1073741823:h5
1073741823,1073741823,1073741823,1073741823,1073475583,1073601535,1073643519,1072005119,1073741823,1073725439,1073741823,1073741823,1073741823,1073741823,1073741823:f5
1073741823,1073741823,1073741823,1073741823,1073414143,1073601535,1073643519,1072005119,1073741823,1073725439,1073741823,1073741823,1073741823,1073741823,1073741823:f5
1073741823,1073741823,1073741823,1073741823,1072431103,1073601535,1073643519,1072005119,1073741823,1073725439,1073741823,1073741823,1073741823,1073741823,1073741823:f5
1073741823,1073741823,1073741823,1073741823,1073479679,1073601535,1072594943,1072005119,1073741823,1073725439,1073741823,1073741823,1073741823,1073741823,1073741823:f5
1073741823,1073741823,1073741823,1073741823,1073479679,1073601535,1073381375,1072005119,1073741823,1073725439,1073741823,1073741823,1073741823,1073741823,1073741823:f5
1073741823,1073741823,1073741823,1073741823,1073479679,1073601535,1073643519,1072005119,1072693247,1073725439,1073741823,1073741823,1073741823,1073741823,1073741823:f5
1073741823,1073741823,1073741823,1073741823,1073479679,1073601535,1073643519,1072005119,1073741823,1073724415,1073741823,1073741823,1073741823,1073741823,1073741823:f5
1073741823,1073741823,1073741823,1073741823,1073479679,1073601535,1073643519,1072005119,1073737727,1073725439,1073741823,1073741823,1073741823,1073741823,1073741823:f5
1073741823,1073741823,1073741823,1073741823,1073479679,1073601535,1073643519,1072004095,1073741823,1073725439,1073741823,1073741823,1073741823,1073741823,1073741823:f5
1073741823,1073741823,1073741823,1073741823,1073479679,1073601535,1073643519,1072001023,1073741823,1073725439,1073741823,1073741823,1073741823,1073741823,1073741823:f5
1073741823,1073741823,1073741823,1073741823,1073479679,1073601535,1073639423,1072005119,1073741823,1073725439,1073741823,1073741823,1073741823,1073741823,1073741823:f5
1073741823,1073741823,1073741823,1073741823,1073479679,1073585151,1073643519,1072005119,1073741823,1073725439,1073741823,1073741823,1073741823,1073741823,1073741823:f5
1073741823,1073741823,1073741823,1073741823,1073479679,1073339391,1073643519,1072005119,1073741823,1073725439,1073741823,1073741823,1073741823,1073741823,1073741823:f5
1073741823,1073741823,1073741823,1073741823,1073479679,1073601535,1073643519,1072005119,1073741823,1073463295,1073741823,1073741823,1073741823,1073741823,1073741823:f5
1073741823,1073741823,1073741823,1073741823,1073479679,1073601535,1073643519,1072005119,1073676287,1073725439,1073741823,1073741823,1073741823,1073741823,1073741823:f5
1073741823,1073741823,1073741823,1073741823,1073479679,1073601535,1073643519,1072005119,1073725439,1073725439,1073741823,1073741823,1073741823,1073741823,1073741823:f5
1073741823,1073741823,1073741823,1073741823,1073479679,1073602559,1073672191,1072005119,1073741823,1073725439,1073741823,1073741823,1073741823,1073741823,1073741823:h6
1073741823,1073741823,1073741823,1073741823,1073479679,1073586175,1073676287,1072005119,1073741823,1073725439,1073741823,1073741823,1073741823,1073741823,1073741823:j9
1073741823,1073741823,1073741823,1073741823,1073479679,1073586175,1073676287,1072005119,1073217535,1073725439,1069547519,1073741823,1073741823,1073741823,1073741823:h7
1073741823,1073741823,1073741823,1073741823,1073479679,1073586175,1073676287,1072005119,1073217535,1073725439,1073479679,1073741823,1073741823,1073741823,1073741823:h7
1073741823,1073741823,1073741823,1073740799,1073479679,1073586175,1073676287,1072005119,1073217535,1073725439,1073741823,1073741823,1073741823,1073741823,1073741823:h7
1073741823,1073741823,1073741823,1073725439,1073479679,1073586175,1073676287,1072005119,1073217535,1073725439,1073741823,1073741823,1073741823,1073741823,1073741823:h7
1073741823,1073741823,1073741823,1073741823,1073479679,1073586175,1073676287,1072004863,1073217535,1073725439,1073741823,1073741823,1073741823,1073741823,1073741823:h7
1073741823,1073741823,1073741823,1073741823,1073479679,1073586175,1073675263,1072005119,1073217535,1073725439,1073741823,1073741823,1073741823,1073741823,1073741823:h7
1073741823,1073741823,1073741823,1073741823,1073479679,1073585919,1073676287,1072005119,1073217535,1073725439,1073741823,1073741823,1073741823,1073741823,1073741823:h7
1073741823,1073741823,1073741823,1073741567,1073479679,1073586175,1073676287,1072005119,1073217535,1073725439,1073741823,1073741823,1073741823,1073741823,1073741823:h7
1073741823,1073741823,1073741823,1073741823,1073478655,1073586175,1073676287,1072005119,1073217535,1073725439,1073741823,1073741823,1073741823,1073741823,1073741823:j10
1073741823,1073741823,1073741823,1073741823,1073479679,1056808959,1073676287,1072005119,1073217535,1073725439,1073741823,1073741823,1073741823,1073741823,1073741823:h7
1073741823,1073741823,1073741823,1073741823,1073479679,1073586175,1073676287,1055227903,1073217535,1073725439,1073741823,1073741823,1073741823,1073741823,1073741823:h7
1073741823,1073741823,1073741823,1073741823,1073479679,1073586175,1073676287,1072005119,1073217535,1056948223,1073741823,1073741823,1073741823,1073741823,1073741823:h7
1073741823,1073741823,1073741823,1073741823,1073479679,1073586175,1073676287,1072005119,1069023231,1073725439,1073741823,1073741823,1073741823,1073741823,1073741823:h7
1073741823,1073741823,1073741823,1073741823,1073479679,1073586175,1073676287,1072005119,1073217535,1072676863,1073741823,1073741823,1073741823,1073741823,1073741823:j10
1073741823,1073741823,1073725439,1073741823,1073479679,1073586175,1073676287,1072005119,1073217535,1073725439,1073741823,1073741823,1073741823,1073741823,1073741823:h7
1073741823,1073741823,1073479679,1073741823,1073479679,1073586175,1073676287,1072005119,1073217535,1073725439,1073741823,1073741823,1073741823,1073741823,1073741823:h7
1073741823,1073741823,1073741823,1073479679,1073479679,1073586175,1073676287,1072005119,1073217535,1073725439,1073741823,1073741823,1073741823,1073741823,1073741823:h7
1073741823,1073741823,1069547519,1073741823,1073479679,1073586175,1073676287,1072005119,1073217535,1073725439,1073741823,1073741823,1073741823,1073741823,1073741823:h7
1073741823,1073741823,1073741823,1073741823,1069285375,1073586175,1073676287,1072005119,1073217535,1073725439,1073741823,1073741823,1073741823,1073741823,1073741823:h7
1073741823,1073741823,1073741823,1073741823,1073479679,1073586175,1069481983,1072005119,1073217535,1073725439,1073741823,1073741823,1073741823,1073741823,1073741823:h7
1073741823,1073741823,1073741823,1073737727,1073479679,1073586175,1073676287,1072005119,1073217535,1073725439,1073741823,1073741823,1073741823,1073741823,1073741823:h7
1073741823,1073741823,1073741823,1073741823,1073463295,1073586175,1073676287,1072005119,1073217535,1073725439,1073741823,1073741823,1073741823,1073741823,1073741823:h7
1073741823,1073741823,1073741823,1073676287,1073479679,1073586175,1073676287,1072005119,1073217535,1073725439,1073741823,1073741823,1073741823,1073741823,1073741823:h7
1073741823,1073741823,1073741823,1072693247,1073479679,1073586175,1073676287,1072005119,1073217535,1073725439,1073741823,1073741823,1073741823,1073741823,1073741823:h7
1073741823,1073741823,1073741823,1073741823,1073479679,1072537599,1073676287,1072005119,1073217535,1073725439,1073741823,1073741823,1073741823,1073741823,1073741823:h7
1073741823,1073741823,1073741823,1073741823,1073479679,1073586175,1073676287,1072005119,1073217535,1073725439,1073741823,1073740799,1073741823,1073741823,1073741823:h7
1073741823,1073741823,1073741823,1073741823,1073479679,1073586175,1073676287,1072005119,1073217535,1073725439,1073737727,1073741823,1073741823,1073741823,1073741823:h7
1073741823,1073741823,1073741823,1073741823,1073479679,1073586175,1073676287,1072005119,1073217535,1073721343,1073741823,1073741823,1073741823,1073741823,1073741823:h7
1073741823,1073741823,1073741823,1073741823,1073479679,1073586175,1073676287,1072005119,1073217535,1073659903,1073741823,1073741823,1073741823,1073741823,1073741823:h7
1073741823,1073741823,1073741823,1073741823,1073479679,1073586175,1073676287,1072005119,1073217535,1073725439,1073741823,1073479679,1073741823,1073741823,1073741823:h7
1073741823,1073741823,1073741823,1073741823,1073479679,1073586175,1073676287,1072005119,1073217535,1073725439,1073676287,1073741823,1073741823,1073741823,1073741823:h7
1073741823,1073741823,1073741823,1073741823,1073479679,1073586175,1073676287,1072005119,1073217535,1073725439,1073741823,1073725439,1073741823,1073741823,1073741823:h7
1073741823,1073741823,1073741823,1073741823,1073479679,1073586175,1073676287,1072005119,1073217535,1073725439,1073725439,1073741823,1073741823,1073741823,1073741823:h7
1073741823,1073741823,1073741823,1073741823,1073479679,1069391871,1073676287,1072005119,1073217535,1073725439,1073741823,1073741823,1073741823,1073741823,1073741823:h7
1073741823,1073741823,1073741823,1073741823,1073479679,1073586175,1073676287,1067810815,1073217535,1073725439,1073741823,1073741823,1073741823,1073741823,1073741823:h7
1073741823,1073741823,1073741823,1073741823,1073479679,1073586175,1073676287,1072005119,1073217535,1069531135,1073741823,1073741823,1073741823,1073741823,1073741823:h7
1073741823,1073741823,1073741823,1073741823,1073475583,1073586175,1073676287,1072005119,1073217535,1073725439,1073741823,1073741823,1073741823,1073741823,1073741823:h7
1073741823,1073741823,1073741823,1073741823,1073414143,1073586175,1073676287,1072005119,1073217535,1073725439,1073741823,1073741823,1073741823,1073741823,1073741823:h7
1073741823,1073741823,1073741823,1073741823,1072431103,1073586175,1073676287,1072005119,1073217535,1073725439,1073741823,1073741823,1073741823,1073741823,1073741823:h7
1073741823,1073741823,1073741823,1073741823,1073479679,1073586175,1072627711,1072005119,1073217535,1073725439,1073741823,1073741823,1073741823,1073741823,1073741823:h7
1073741823,1073741823,1073741823,1073741823,1073479679,1073586175,1073414143,1072005119,1073217535,1073725439,1073741823,1073741823,1073741823,1073741823,1073741823:h7
1073741823,1073741823,1073741823,1073741823,1073479679,1073586175,1073676287,1072005119,1072168959,1073725439,1073741823,1073741823,1073741823,1073741823,1073741823:h7
1073741823,1073741823,1073741823,1073741823,1073479679,1073586175,1073676287,1072005119,1073217535,1073724415,1073741823,1073741823,1073741823,1073741823,1073741823:h7
1073741823,1073741823,1073741823,1073741823,1073479679,1073586175,1073676287,1072005119,1073213439,1073725439,1073741823,1073741823,1073741823,1073741823,1073741823:h7
1073741823,1073741823,1073741823,1073741823,1073479679,1073586175,1073676287,1072004095,1073217535,1073725439,1073741823,1073741823,1073741823,1073741823,1073741823:h7
1073741823,1073741823,1073741823,1073741823,1073479679,1073586175,1073676287,1072001023,1073217535,1073725439,1073741823,1073741823,1073741823,1073741823,1073741823:h7
1073741823,1073741823,1073741823,1073741823,1073479679,1073585151,1073676287,1072005119,1073217535,1073725439,1073741823,1073741823,1073741823,1073741823,1073741823:h7
1073741823,1073741823,1073741823,1073741823,1073479679,1073586175,1073672191,1072005119,1073217535,1073725439,1073741823,1073741823,1073741823,1073741823,1073741823:h7
1073741823,1073741823,1073741823,1073741823,1073479679,1073586175,1073659903,1072005119,1073217535,1073725439,1073741823,1073741823,1073741823,1073741823,1073741823:j10
1073741823,1073741823,1073741823,1073741823,1073479679,1073324031,1073676287,1072005119,1073217535,1073725439,1073741823,1073741823,1073741823,1073741823,1073741823:h7
1073741823,1073741823,1073741823,1073741823,1073479679,1073586175,1073676287,1072005119,1073217535,1073463295,1073741823,1073741823,1073741823,1073741823,1073741823:h7
1073741823,1073741823,1073741823,1073741823,1073479679,1073586175,1073676287,1072005119,1073151999,1073725439,1073741823,1073741823,1073741823,1073741823,1073741823:h7
1073741823,1073741823,1073741823,1073741823,1073479679,1073586175,1073676287,1072005119,1073201151,1073725439,1073741823,1073741823,1073741823,1073741823,1073741823:h7
1073741823,1073741823,1073741823,1073741823,1073479679,1073602559,1073659903,1072005119,1073741823,1073725439,1073741823,1073741823,1073741823,1073741823,1073741823:f6
1073741823,1073741823,1073741823,1073741823,1073479679,1073340415,1073676287,1072005119,1073741823,1073725439,1073741823,1073741823,1073741823,1073741823,1073741823:h7
1073741823,1073741823,1073741823,1073741823,1073479679,1073340415,1073643519,1072004863,1073741823,1073725439,1073741823,1073741823,1073741823,1073741823,1073741823:f5
1073741823,1073741823,1073741823,1073741823,1073479679,1073340159,1073643519,1072005119,1073741823,1073725439,1073741823,1073741823,1073741823,1073741823,1073741823:f5
1073741823,1073741823,1073741823,1073741567,1073479679,1073340415,1073643519,1072005119,1073741823,1073725439,1073741823,1073741823,1073741823,1073741823,1073741823:j9
1073741823,1073741823,1073741823,1073725439,1073479679,1073340415,1073643519,1072005119,1073741823,1073725439,1073741823,1073741823,1073741823,1073741823,1073741823:f5
1073741823,1073741823,1073741823,1069547519,1073479679,1073340415,1073643519,1072005119,1073741823,1073725439,1073741823,1073741823,1073741823,1073741823,1073741823:f5
1073741823,1073741823,1073741823,1073741823,1073479679,1073340415,1073643519,1072005119,1073740799,1073725439,1073741823,1073741823,1073741823,1073741823,1073741823:f5
1073741823,1073741823,1073741823,1073741823,1073479679,1073340415,1073642495,1072005119,1073741823,1073725439,1073741823,1073741823,1073741823,1073741823,1073741823:f5
1073741823,1073741823,1073741823,1073741823,1073478655,1073340415,1073643519,1072005119,1073741823,1073725439,1073741823,1073741823,1073741823,1073741823,1073741823:j9
1073741823,1073741823,1073741823,1073741823,1073479679,1056563199,1073643519,1072005119,1073741823,1073725439,1073741823,1073741823,1073741823,1073741823,1073741823:f5
1073741823,1073741823,1073741823,1073741823,1073479679,1073340415,1073643519,1055227903,1073741823,1073725439,1073741823,1073741823,1073741823,1073741823,1073741823:f5
1073741823,1073741823,1073741823,1073741823,1073479679,1073340415,1073643519,1072005119,1073741823,1056948223,1073741823,1073741823,1073741823,1073741823,1073741823:f5
1073741823,1073741823,1073741823,1073741823,1073479679,1073340415,1073643519,1072005119,1069547519,1073725439,1073741823,1073741823,1073741823,1073741823,1073741823:f5
1073741823,1073741823,1073741823,1073741823,1073479679,1073340415,1073643519,1072005119,1073741823,1072676863,1073741823,1073741823,1073741823,1073741823,1073741823:f5
1073741823,1073741823,1073725439,1073741823,1073479679,1073340415,1073643519,1072005119,1073741823,1073725439,1073741823,1073741823,1073741823,1073741823,1073741823:f5
1073741823,1073741823,1073479679,1073741823,1073479679,1073340415,1073643519,1072005119,1073741823,1073725439,1073741823,1073741823,1073741823,1073741823,1073741823:f5
1073741823,1073741823,1073741823,1073479679,1073479679,1073340415,1073643519,1072005119,1073741823,1073725439,1073741823,1073741823,1073741823,1073741823,1073741823:f5
1073741823,1073741823,1069547519,1073741823,1073479679,1073340415,1073643519,1072005119,1073741823,1073725439,1073741823,1073741823,1073741823,1073741823,1073741823:f5
1073741823,1073741823,1073741823,1073741823,1069285375,1073340415,1073643519,1072005119,1073741823,1073725439,1073741823,1073741823,1073741823,1073741823,1073741823:f5
1073741823,1073741823,1073741823,1073741823,1073479679,1073340415,1069449215,1072005119,1073741823,1073725439,1073741823,1073741823,1073741823,1073741823,1073741823:f5
1073741823,1073741823,1073741823,1073737727,1073479679,1073340415,1073643519,1072005119,1073741823,1073725439,1073741823,1073741823,1073741823,1073741823,1073741823:f5
1073741823,1073741823,1073741823,1073741823,1073463295,1073340415,1073643519,1072005119,1073741823,1073725439,1073741823,1073741823,1073741823,1073741823,1073741823:f5
1073741823,1073741823,1073741823,1073676287,1073479679,1073340415,1073643519,1072005119,1073741823,1073725439,1073741823,1073741823,1073741823,1073741823,1073741823:f5
1073741823,1073741823,1073741823,1072693247,1073479679,1073340415,1073643519,1072005119,1073741823,1073725439,1073741823,1073741823,1073741823,1073741823,1073741823:f5
1073741823,1073741823,1073741823,1073741823,1073479679,1072291839,1073643519,1072005119,1073741823,1073725439,1073741823,1073741823,1073741823,1073741823,1073741823:f5
1073741823,1073741823,1073741823,1073741823,1073479679,1073340415,1073643519,1072005119,1073741823,1073725439,1073741823,1073740799,1073741823,1073741823,1073741823:f5
1073741823,1073741823,1073741823,1073741823,1073479679,1073340415,1073643519,1072005119,1073741823,1073725439,1073737727,1073741823,1073741823,1073741823,1073741823:f5
1073741823,1073741823,1073741823,1073741823,1073479679,1073340415,1073643519,1072005119,1073741823,1073721343,1073741823,1073741823,1073741823,1073741823,1073741823:f5
1073741823,1073741823,1073741823,1073741823,1073479679,1073340415,1073643519,1072005119,1073741823,1073659903,1073741823,1073741823,1073741823,1073741823,1073741823:f5
1073741823,1073741823,1073741823,1073741823,1073479679,1073340415,1073643519,1072005119,1073741823,1073725439,1073741823,1073479679,1073741823,1073741823,1073741823:f5
1073741823,1073741823,1073741823,1073741823,1073479679,1073340415,1073643519,1072005119,1073741823,1073725439,1073676287,1073741823,1073741823,1073741823,1073741823:f5
1073741823,1073741823,1073741823,1073741823,1073479679,1073340415,1073643519,1072005119,1073741823,1073725439,1073741823,1073725439,1073741823,1073741823,1073741823:f5
1073741823,1073741823,1073741823,1073741823,1073479679,1073340415,1073643519,1072005119,1073741823,1073725439,1073725439,1073741823,1073741823,1073741823,1073741823:f5
1073741823,1073741823,1073741823,1073741823,1073479679,1069146111,1073643519,1072005119,1073741823,1073725439,1073741823,1073741823,1073741823,1073741823,1073741823:f5
1073741823,1073741823,1073741823,1073741823,1073479679,1073340415,1073643519,1067810815,1073741823,1073725439,1073741823,1073741823,1073741823,1073741823,1073741823:f5
1073741823,1073741823,1073741823,1073741823,1073479679,1073340415,1073643519,1072005119,1073741823,1069531135,1073741823,1073741823,1073741823,1073741823,1073741823:f5
1073741823,1073741823,1073741823,1073741823,1073479679,1073340415,1073643519,1072005119,1073479679,1073725439,1073741823,1073741823,1073741823,1073741823,1073741823:h5
1073741823,1073741823,1073741823,1073741823,1073475583,1073340415,1073643519,1072005119,1073741823,1073725439,1073741823,1073741823,1073741823,1073741823,1073741823:f5
1073741823,1073741823,1073741823,1073741823,1073414143,1073340415,1073643519,1072005119,1073741823,1073725439,1073741823,1073741823,1073741823,1073741823,1073741823:f5
1073741823,1073741823,1073741823,1073741823,1072431103,1073340415,1073643519,1072005119,1073741823,1073725439,1073741823,1073741823,1073741823,1073741823,1073741823:f5
1073741823,1073741823,1073741823,1073741823,1073479679,1073340415,1072594943,1072005119,1073741823,1073725439,1073741823,1073741823,1073741823,1073741823,1073741823:f5
1073741823,1073741823,1073741823,1073741823,1073479679,1073340415,1073381375,1072005119,1073741823,1073725439,1073741823,1073741823,1073741823,1073741823,1073741823:f5
1073741823,1073741823,1073741823,1073741823,1073479679,1073340415,1073643519,1072005119,1072693247,1073725439,1073741823,1073741823,1073741823,1073741823,1073741823:f5
1073741823,1073741823,1073741823,1073741823,1073479679,1073340415,1073643519,1072005119,1073741823,1073724415,1073741823,1073741823,1073741823,1073741823,1073741823:f5
1073741823,1073741823,1073741823,1073741823,1073479679,1073340415,1073643519,1072005119,1073737727,1073725439,1073741823,1073741823,1073741823,1073741823,1073741823:f5
1073741823,1073741823,1073741823,1073741823,1073479679,1073340415,1073643519,1072004095,1073741823,1073725439,1073741823,1073741823,1073741823,1073741823,1073741823:f5
1073741823,1073741823,1073741823,1073741823,1073479679,1073340415,1073643519,1072001023,1073741823,1073725439,1073741823,1073741823,1073741823,1073741823,1073741823:f5
1073741823,1073741823,1073741823,1073741823,1073479679,1073339391,1073643519,1072005119,1073741823,1073725439,1073741823,1073741823,1073741823,1073741823,1073741823:f5
1073741823,1073741823,1073741823,1073741823,1073479679,1073340415,1073639423,1072005119,1073741823,1073725439,1073741823,1073741823,1073741823,1073741823,1073741823:f5
1073741823,1073741823,1073741823,1073741823,1073479679,1073324031,1073643519,1072005119,1073741823,1073725439,1073741823,1073741823,1073741823,1073741823,1073741823:f5
1073741823,1073741823,1073741823,1073741823,1073479679,1073340415,1073643519,1072005119,1073741823,1073463295,1073741823,1073741823,1073741823,1073741823,1073741823:f5
1073741823,1073741823,1073741823,1073741823,1073479679,1073340415,1073643519,1072005119,1073676287,1073725439,1073741823,1073741823,1073741823,1073741823,1073741823:f5
1073741823,1073741823,1073741823,1073741823,1073479679,1073340415,1073643519,1072005119,1073725439,1073725439,1073741823,1073741823,1073741823,1073741823,1073741823:f5
1073741823,1073741823,1073741823,1073741823,1073479679,1073602559,1073676287,1072005119,1073741823,1073463295,1073741823,1073741823,1073741823,1073741823,1073741823:f6
1073741823,1073741823,1073741823,1073741823,1073479679,1073602559,1073676287,1072005119,1073676287,1073725439,1073741823,1073741823,1073741823,1073741823,1073741823:h6
1073741823,1073741823,1073741823,1073741823,1073479679,1073602559,1073676287,1072005119,1073725439,1073725439,1073741823,1073741823,1073741823,1073741823,1073741823:f6
1073741823,1073741823,1073741823,1073741823,1073479679,1073610751,1073676287,1073053695,1073741823,1069531135,1073741823,1073741823,1073741823,1073741823,1073741823:g8
1073741823,1073741823,1073741823,1073741823,1073479679,1073610751,1073676287,1073053695,1073479679,1073725439,1073741823,1073741823,1073741823,1073741823,1073741823:g8
1073741823,1073741823,1073741823,1073741823,1073475583,1073610751,1073676287,1073053695,1073741823,1073725439,1073741823,1073741823,1073741823,1073741823,1073741823:g8
1073741823,1073741823,1073741823,1073741823,1073414143,1073610751,1073676287,1073053695,1073741823,1073725439,1073741823,1073741823,1073741823,1073741823,1073741823:g8
1073741823,1073741823,1073741823,1073741823,1072431103,1073610751,1073676287,1073053695,1073741823,1073725439,1073741823,1073741823,1073741823,1073741823,1073741823:g8
1073741823,1073741823,1073741823,1073741823,1073479679,1073610751,1072627711,1073053695,1073741823,1073725439,1073741823,1073741823,1073741823,1073741823,1073741823:g8
1073741823,1073741823,1073741823,1073741823,1073479679,1073610751,1073414143,1073053695,1073741823,1073725439,1073741823,1073741823,1073741823,1073741823,1073741823:g8
1073741823,1073741823,1073741823,1073741823,1073479679,1073610751,1073676287,1073053695,1072693247,1073725439,1073741823,1073741823,1073741823,1073741823,1073741823:g8
1073741823,1073741823,1073741823,1073741823,1073479679,1073610751,1073676287,1073053695,1073741823,1073724415,1073741823,1073741823,1073741823,1073741823,1073741823:g8
1073741823,1073741823,1073741823,1073741823,1073479679,1073610751,1073676287,1073053695,1073737727,1073725439,1073741823,1073741823,1073741823,1073741823,1073741823:g8
1073741823,1073741823,1073741823,1073741823,1073479679,1073610751,1073676287,1073052671,1073741823,1073725439,1073741823,1073741823,1073741823,1073741823,1073741823:k8
1073741823,1073741823,1073741823,1073741823,1073479679,1073610751,1073676287,1073049599,1073741823,1073725439,1073741823,1073741823,1073741823,1073741823,1073741823:h6
1073741823,1073741823,1073741823,1073740799,1073479679,1073577983,1073676287,1073049599,1073741823,1073725439,1073741823,1073741823,1073741823,1073741823,1073741823:g6
1073741823,1073741823,1073741823,1073725439,1073479679,1073577983,1073676287,1073049599,1073741823,1073725439,1073741823,1073741823,1073741823,1073741823,1073741823:g6
1073741823,1073741823,1073741823,1073741823,1073479679,1073577983,1073676287,1073049599,1073741823,1073725183,1073741823,1073741823,1073741823,1073741823,1073741823:g6
1073741823,1073741823,1073741823,1073741823,1073479679,1073577983,1073676287,1073049599,1073740799,1073725439,1073741823,1073741823,1073741823,1073741823,1073741823:g6
1073741823,1073741823,1073741823,1073741823,1073479679,1073577983,1073676287,1073049343,1073741823,1073725439,1073741823,1073741823,1073741823,1073741823,1073741823:g6
1073741823,1073741823,1073741823,1073741823,1073479679,1073577727,1073676287,1073049599,1073741823,1073725439,1073741823,1073741823,1073741823,1073741823,1073741823:g6
1073741823,1073741823,1073741823,1073741823,1073479679,1073577983,1073675263,1073049599,1073741823,1073725439,1073741823,1073741823,1073741823,1073741823,1073741823:g6
1073741823,1073741823,1073741823,1073741823,1073479679,1073577983,1073676287,1073049599,1073741823,1072676863,1073741823,1073741823,1073741823,1073741823,1073741823:g6
1073741823,1073741823,1073725439,1073741823,1073479679,1073577983,1073676287,1073049599,1073741823,1073725439,1073741823,1073741823,1073741823,1073741823,1073741823:g6
1073741823,1073741823,1073479679,1073741823,1073479679,1073577983,1073676287,1073049599,1073741823,1073725439,1073741823,1073741823,1073741823,1073741823,1073741823:h5
1073741823,1073741823,1073741823,1073479679,1073479679,1073577983,1073676287,1073049599,1073741823,1073725439,1073741823,1073741823,1073741823,1073741823,1073741823:h5
1073741823,1073741823,1069547519,1073741823,1073479679,1073577983,1073676287,1073049599,1073741823,1073725439,1073741823,1073741823,1073741823,1073741823,1073741823:g6
1073741823,1073741823,1073741823,1073741823,1069285375,1073577983,1073676287,1073049599,1073741823,1073725439,1073741823,1073741823,1073741823,1073741823,1073741823:g6
1073741823,1073741823,1073741823,1073741823,1073479679,1073577983,1069481983,1073049599,1073741823,1073725439,1073741823,1073741823,1073741823,1073741823,1073741823:g6
1073741823,1073741823,1073741823,1073741823,1073479679,1073573887,1073676287,1073049599,1073741823,1073725439,1073741823,1073741823,1073741823,1073741823,1073741823:h5
1073741823,1073741823,1073741823,1073737727,1073479679,1073577983,1073676287,1073049599,1073741823,1073725439,1073741823,1073741823,1073741823,1073741823,1073741823:g6
1073741823,1073741823,1073741823,1073741823,1073463295,1073577983,1073676287,1073049599,1073741823,1073725439,1073741823,1073741823,1073741823,1073741823,1073741823:j6
1073741823,1073741823,1073741823,1069547519,1073463295,1073053695,1073676287,1073049599,1073741823,1073725439,1073741823,1073741823,1073741823,1073741823,1073741823:g6
1073741823,1073741823,1073741823,1073741823,1073462271,1073053695,1073676287,1073049599,1073741823,1073725439,1073741823,1073741823,1073741823,1073741823,1073741823:g6
1073741823,1073741823,1073740799,1073741823,1073463295,1073053695,1073676287,1073049599,1073741823,1073725439,1073741823,1073741823,1073741823,1073741823,1073741823:g6
1073741823,1073741823,1073741823,1073740799,1073463295,1073053695,1073676287,1073049599,1073741823,1073725439,1073741823,1073741823,1073741823,1073741823,1073741823:g6
1073741823,1073741823,1073741823,1073725439,1073463295,1073053695,1073676287,1073049599,1073741823,1073725439,1073741823,1073741823,1073741823,1073741823,1073741823:g6
1073741823,1073741823,1073741823,1073741823,1073463295,1073053695,1073676287,1073049599,1073741823,1073725183,1073741823,1073741823,1073741823,1073741823,1073741823:g6
1073741823,1073741823,1073741823,1073741823,1073463295,1073053695,1073676287,1073049599,1073740799,1073725439,1073741823,1073741823,1073741823,1073741823,1073741823:g6
1073741823,1073741823,1073741823,1073741823,1073463295,1073053695,1073676287,1073049343,1073741823,1073725439,1073741823,1073741823,1073741823,1073741823,1073741823:g6
1073741823,1073741823,1073741823,1073741823,1073463295,1073053439,1073676287,1073049599,1073741823,1073725439,1073741823,1073741823,1073741823,1073741823,1073741823:g6
1073741823,1073741823,1073741823,1073741823,1073463295,1073053695,1073675263,1073049599,1073741823,1073725439,1073741823,1073741823,1073741823,1073741823,1073741823:g6
1073741823,1073741823,1073741823,1073741823,1073463295,1073053695,1073676287,1073049599,1073741823,1072676863,1073741823,1073741823,1073741823,1073741823,1073741823:g6
1073741823,1073741823,1073725439,1073741823,1073463295,1073053695,1073676287,1073049599,1073741823,1073725439,1073741823,1073741823,1073741823,1073741823,1073741823:g6
1073741823,1073741823,1073479679,1073741823,1073463295,1073053695,1073676287,1073049599,1073741823,1073725439,1073741823,1073741823,1073741823,1073741823,1073741823:g6
1073741823,1073741823,1073741823,1073479679,1073463295,1073053695,1073676287,1073049599,1073741823,1073725439,1073741823,1073741823,1073741823,1073741823,1073741823:g6
1073741823,1073741823,1069547519,1073741823,1073463295,1073053695,1073676287,1073049599,1073741823,1073725439,1073741823,1073741823,1073741823,1073741823,1073741823:g6
1073741823,1073741823,1073741823,1073741823,1069268991,1073053695,1073676287,1073049599,1073741823,1073725439,1073741823,1073741823,1073741823,1073741823,1073741823:g6
1073741823,1073741823,1073741823,1073741823,1073463295,1073053695,1069481983,1073049599,1073741823,1073725439,1073741823,1073741823,1073741823,1073741823,1073741823:g6
1073741823,1073741823,1073741823,1073741823,1073463295,1073049599,1073676287,1073049599,1073741823,1073725439,1073741823,1073741823,1073741823,1073741823,1073741823:l6
1073741823,1073741823,1073741823,1073737727,1073463295,1073053695,1073676287,1073049599,1073741823,1073725439,1073741823,1073741823,1073741823,1073741823,1073741823:g6
1073741823,1073741823,1073741823,1073676287,1073463295,1073053695,1073676287,1073049599,1073741823,1073725439,1073741823,1073741823,1073741823,1073741823,1073741823:g6
1073741823,1073741823,1073741823,1072693247,1073463295,1073053695,1073676287,1073049599,1073741823,1073725439,1073741823,1073741823,1073741823,1073741823,1073741823:g6
1073741823,1073741823,1073741823,1073741823,1073463295,1072005119,1073676287,1073049599,1073741823,1073725439,1073741823,1073741823,1073741823,1073741823,1073741823:f6
1073741823,1073741823,1073741823,1073741823,1073463295,1073053695,1073676287,1073049599,1073741823,1073725439,1073741823,1073740799,1073741823,1073741823,1073741823:g6
1073741823,1073741823,1073741823,1073741823,1073463295,1073053695,1073676287,1073049599,1073741823,1073725439,1073737727,1073741823,1073741823,1073741823,1073741823:g6
1073741823,1073741823,1073741823,1073741823,1073463295,1073053695,1073676287,1073049599,1073741823,1073721343,1073741823,1073741823,1073741823,1073741823,1073741823:g6
1073741823,1073741823,1073741823,1073741823,1073463295,1073053695,1073676287,1073049599,1073741823,1073659903,1073741823,1073741823,1073741823,1073741823,1073741823:g6
1073741823,1073741823,1073741823,1073741823,1073463295,1073053695,1073676287,1073049599,1073741823,1073725439,1073741823,1073479679,1073741823,1073741823,1073741823:g6
1073741823,1073741823,1073741823,1073741823,1073463295,1073053695,1073676287,1073049599,1073741823,1073725439,1073676287,1073741823,1073741823,1073741823,1073741823:g6
1073741823,1073741823,1073741823,1073741823,1073463295,1073053695,1073676287,1073049599,1073741823,1073725439,1073741823,1073725439,1073741823,1073741823,1073741823:g6
1073741823,1073741823,1073741823,1073741823,1073463295,1073053695,1073676287,1073049599,1073741823,1073725439,1073725439,1073741823,1073741823,1073741823,1073741823:g6
1073741823,1073741823,1073741823,1073741823,1073463295,1068859391,1073676287,1073049599,1073741823,1073725439,1073741823,1073741823,1073741823,1073741823,1073741823:g6
1073741823,1073741823,1073741823,1073741823,1073463295,1073053695,1073676287,1068855295,1073741823,1073725439,1073741823,1073741823,1073741823,1073741823,1073741823:g6
1073741823,1073741823,1073741823,1073741823,1073463295,1073053695,1073676287,1072001023,1073741823,1073725439,1073741823,1073741823,1073741823,1073741823,1073741823:g6
1073741823,1073741823,1073741823,1073741823,1073463295,1073053695,1073676287,1073049599,1073741823,1069531135,1073741823,1073741823,1073741823,1073741823,1073741823:g6
1073741823,1073741823,1073741823,1073741823,1073463295,1073053695,1073676287,1073049599,1073479679,1073725439,1073741823,1073741823,1073741823,1073741823,1073741823:g6
1073741823,1073741823,1073741823,1073741823,1073459199,1073053695,1073676287,1073049599,1073741823,1073725439,1073741823,1073741823,1073741823,1073741823,1073741823:g6
1073741823,1073741823,1073741823,1073741823,1073397759,1073053695,1073676287,1073049599,1073741823,1073725439,1073741823,1073741823,1073741823,1073741823,1073741823:g6
1073741823,1073741823,1073741823,1073741823,1072414719,1073053695,1073676287,1073049599,1073741823,1073725439,1073741823,1073741823,1073741823,1073741823,1073741823:g6
1073741823,1073741823,1073741823,1073741823,1073463295,1073053695,1072627711,1073049599,1073741823,1073725439,1073741823,1073741823,1073741823,1073741823,1073741823:g6
1073741823,1073741823,1073741823,1073741823,1073463295,1073053695,1073414143,1073049599,1073741823,1073725439,1073741823,1073741823,1073741823,1073741823,1073741823:g6
1073741823,1073741823,1073741823,1073741823,1073463295,1073053695,1073676287,1073049599,1072693247,1073725439,1073741823,1073741823,1073741823,1073741823,1073741823:g6
1073741823,1073741823,1073741823,1073741823,1073463295,1073053695,1073676287,1073049599,1073741823,1073724415,1073741823,1073741823,1073741823,1073741823,1073741823:g6
1073741823,1073741823,1073741823,1073741823,1073463295,1073053695,1073676287,1073049599,1073737727,1073725439,1073741823,1073741823,1073741823,1073741823,1073741823:g6
1073741823,1073741823,1073741823,1073741823,1073463295,1073053695,1073676287,1073048575,1073741823,1073725439,1073741823,1073741823,1073741823,1073741823,1073741823:g6
1073741823,1073741823,1073741823,1073741823,1073463295,1073052671,1073676287,1073049599,1073741823,1073725439,1073741823,1073741823,1073741823,1073741823,1073741823:k6
1073741823,1073741823,1073741823,1073741823,1073463295,1073053695,1073672191,1073049599,1073741823,1073725439,1073741823,1073741823,1073741823,1073741823,1073741823:g6
1073741823,1073741823,1073741823,1073741823,1073463295,1073053695,1073659903,1073049599,1073741823,1073725439,1073741823,1073741823,1073741823,1073741823,1073741823:g6
1073741823,1073741823,1073741823,1073741823,1073463295,1073053695,1073676287,1073049599,1073741823,1073463295,1073741823,1073741823,1073741823,1073741823,1073741823:g6
1073741823,1073741823,1073741823,1073741823,1073463295,1073053695,1073676287,1073049599,1073676287,1073725439,1073741823,1073741823,1073741823,1073741823,1073741823:g6
1073741823,1073741823,1073741823,1073741823,1073463295,1073053695,1073676287,1073049599,1073725439,1073725439,1073741823,1073741823,1073741823,1073741823,1073741823:g6
1073741823,1073741823,1073741823,1073676287,1073479679,1073577983,1073676287,1073049599,1073741823,1073725439,1073741823,1073741823,1073741823,1073741823,1073741823:g6
1073741823,1073741823,1073741823,1072693247,1073479679,1073577983,1073676287,1073049599,1073741823,1073725439,1073741823,1073741823,1073741823,1073741823,1073741823:g6
1073741823,1073741823,1073741823,1073741823,1073479679,1072529407,1073676287,1073049599,1073741823,1073725439,1073741823,1073741823,1073741823,1073741823,1073741823:g6
1073741823,1073741823,1073741823,1073741823,1073479679,1073577983,1073676287,1073049599,1073741823,1073725439,1073741823,1073740799,1073741823,1073741823,1073741823:g6
1073741823,1073741823,1073741823,1073741823,1073479679,1073577983,1073676287,1073049599,1073741823,1073725439,1073737727,1073741823,1073741823,1073741823,1073741823:g6
1073741823,1073741823,1073741823,1073741823,1073479679,1073577983,1073676287,1073049599,1073741823,1073721343,1073741823,1073741823,1073741823,1073741823,1073741823:g6
1073741823,1073741823,1073741823,1073741823,1073479679,1073577983,1073676287,1073049599,1073741823,1073659903,1073741823,1073741823,1073741823,1073741823,1073741823:g6
1073741823,1073741823,1073741823,1073741823,1073479679,1073577983,1073676287,1073049599,1073741823,1073725439,1073741823,1073479679,1073741823,1073741823,1073741823:g6
1073741823,1073741823,1073741823,1073741823,1073479679,1073577983,1073676287,1073049599,1073741823,1073725439,1073676287,1073741823,1073741823,1073741823,1073741823:g6
1073741823,1073741823,1073741823,1073741823,1073479679,1073577983,1073676287,1073049599,1073741823,1073725439,1073741823,1073725439,1073741823,1073741823,1073741823:g6
1073741823,1073741823,1073741823,1073741823,1073479679,1073577983,1073676287,1073049599,1073741823,1073725439,1073725439,1073741823,1073741823,1073741823,1073741823:g6
1073741823,1073741823,1073741823,1073741823,1073479679,1069383679,1073676287,1073049599,1073741823,1073725439,1073741823,1073741823,1073741823,1073741823,1073741823:g6
1073741823,1073741823,1073741823,1073741823,1073479679,1073577983,1073676287,1068855295,1073741823,1073725439,1073741823,1073741823,1073741823,1073741823,1073741823:g6
1073741823,1073741823,1073741823,1073741823,1073479679,1073577983,1073676287,1072001023,1073741823,1073725439,1073741823,1073741823,1073741823,1073741823,1073741823:g6
1073741823,1073741823,1073741823,1073741823,1073479679,1073577983,1073676287,1073049599,1073741823,1069531135,1073741823,1073741823,1073741823,1073741823,1073741823:g6
1073741823,1073741823,1073741823,1073741823,1073479679,1073577983,1073676287,1073049599,1073479679,1073725439,1073741823,1073741823,1073741823,1073741823,1073741823:k6
1073741823,1073741823,1073741823,1073741823,1073475583,1073577983,1073676287,1073049599,1073741823,1073725439,1073741823,1073741823,1073741823,1073741823,1073741823:g6
1073741823,1073741823,1073741823,1073741823,1073414143,1073577983,1073676287,1073049599,1073741823,1073725439,1073741823,1073741823,1073741823,1073741823,1073741823:g6
1073741823,1073741823,1073741823,1073741823,1072431103,1073577983,1073676287,1073049599,1073741823,1073725439,1073741823,1073741823,1073741823,1073741823,1073741823:g6
1073741823,1073741823,1073741823,1073741823,1073479679,1073577983,1072627711,1073049599,1073741823,1073725439,1073741823,1073741823,1073741823,1073741823,1073741823:g6
1073741823,1073741823,1073741823,1073741823,1073479679,1073577983,1073414143,1073049599,1073741823,1073725439,1073741823,1073741823,1073741823,1073741823,1073741823:g6
1073741823,1073741823,1073741823,1073741823,1073479679,1073577983,1073676287,1073049599,1072693247,1073725439,1073741823,1073741823,1073741823,1073741823,1073741823:g6
1073741823,1073741823,1073741823,1073741823,1073479679,1073577983,1073676287,1073049599,1073741823,1073724415,1073741823,1073741823,1073741823,1073741823,1073741823:g6
1073741823,1073741823,1073741823,1073741823,1073479679,1073577983,1073676287,1073049599,1073737727,1073725439,1073741823,1073741823,1073741823,1073741823,1073741823:g6
1073741823,1073741823,1073741823,1073741823,1073479679,1073577983,1073676287,1073048575,1073741823,1073725439,1073741823,1073741823,1073741823,1073741823,1073741823:g6
1073741823,1073741823,1073741823,1073741823,1073479679,1073576959,1073676287,1073049599,1073741823,1073725439,1073741823,1073741823,1073741823,1073741823,1073741823:k6
1073741823,1073741823,1073741823,1073741823,1073479679,1073577983,1073672191,1073049599,1073741823,1073725439,1073741823,1073741823,1073741823,1073741823,1073741823:g6
1073741823,1073741823,1073741823,1073741823,1073479679,1073577983,1073659903,1073049599,1073741823,1073725439,1073741823,1073741823,1073741823,1073741823,1073741823:k6
1073741823,1073741823,1073741823,1073741823,1073479679,1073315839,1073676287,1073049599,1073741823,1073725439,1073741823,1073741823,1073741823,1073741823,1073741823:h5
1073741823,1073741823,1073741823,1073741823,1073479679,1073577983,1073676287,1073049599,1073741823,1073463295,1073741823,1073741823,1073741823,1073741823,1073741823:g6
1073741823,1073741823,1073741823,1073741823,1073479679,1073577983,1073676287,1073049599,1073676287,1073725439,1073741823,1073741823,1073741823,1073741823,1073741823:g6
1073741823,1073741823,1073741823,1073741823,1073479679,1073577983,1073676287,1073049599,1073725439,1073725439,1073741823,1073741823,1073741823,1073741823,1073741823:g6
1073741823,1073741823,1073741823,1073741823,1073479679,1073609727,1073676287,1073053695,1073741823,1073725439,1073741823,1073741823,1073741823,1073741823,1073741823:g8
1073741823,1073741823,1073741823,1073741823,1073479679,1073610751,1073672191,1073053695,1073741823,1073725439,1073741823,1073741823,1073741823,1073741823,1073741823:g8
1073741823,1073741823,1073741823,1073741823,1073479679,1073594367,1073676287,1073053695,1073741823,1073725439,1073741823,1073741823,1073741823,1073741823,1073741823:g8
1073741823,1073741823,1073741823,1073741823,1073479679,1073610751,1073659903,1073053695,1073741823,1073725439,1073741823,1073741823,1073741823,1073741823,1073741823:g8
1073741823,1073741823,1073741823,1073741823,1073479679,1073348607,1073676287,1073053695,1073741823,1073725439,1073741823,1073741823,1073741823,1073741823,1073741823:g8
1073741823,1073741823,1073741823,1073741823,1073479679,1073610751,1073676287,1073053695,1073741823,1073463295,1073741823,1073741823,1073741823,1073741823,1073741823:g8
1073741823,1073741823,1073741823,1073741823,1073479679,1073610751,1073676287,1073053695,1073676287,1073725439,1073741823,1073741823,1073741823,1073741823,1073741823:g8
1073741823,1073741823,1073741823,1073741823,1073479679,1073610751,1073676287,1073053695,1073725439,1073725439,1073741823,1073741823,1073741823,1073741823,1073741823:g8
