1073741823,1073741823,1073741823,1073741823,1073201151,1073610751,1073643519,1073115135,1073741823,1073479679,1073741823,1073741823,1073741823,1073741823,1073741823:j6
1073741823,1073741823,1073741823,1069547519,1073201151,1073086463,1073643519,1073115135,1073741823,1073479679,1073741823,1073741823,1073741823,1073741823,1073741823:j7
1073741823,1073741823,1073741823,1073741823,1073201151,1073086463,1073643519,1073115135,1073741823,1073479423,1073741823,1073741823,1073741823,1073741823,1073741823:j7
1073741823,1073741823,1073741823,1073741823,1073201151,1073086463,1073643519,1073114879,1073741823,1073479679,1073741823,1073741823,1073741823,1073741823,1073741823:j7
1073741823,1073741823,1073741823,1073741823,1073201151,1073086207,1073643519,1073115135,1073741823,1073479679,1073741823,1073741823,1073741823,1073741823,1073741823:j7
1073741823,1073741823,1073741823,1073479679,1073201151,1073086463,1073643519,1073115135,1073741823,1073479679,1073741823,1073741823,1073741823,1073741823,1073741823:i9
1073741823,1073741823,1073741823,1073479679,1073201151,1073086463,1073643519,1073115135,1073610751,1073479679,1073737727,1073741823,1073741823,1073741823,1073741823:j9
1073741823,1073725439,1073741823,1073479679,1073201151,1073086463,1073643519,1073115135,1073610751,1073479679,1073741823,1073741823,1073741823,1073741823,1073741823:j9
1073741823,1073741823,1073676287,1073479679,1073201151,1073086463,1073643519,1073115135,1073610751,1073479679,1073741823,1073741823,1073741823,1073741823,1073741823:j9
1073741823,1073479679,1073741823,1073479679,1073201151,1073086463,1073643519,1073115135,1073610751,1073479679,1073741823,1073741823,1073741823,1073741823,1073741823:j9
1073741823,1069547519,1073741823,1073479679,1073201151,1073086463,1073643519,1073115135,1073610751,1073479679,1073741823,1073741823,1073741823,1073741823,1073741823:j9
1073741823,1073741823,1072693247,1073479679,1073201151,1073086463,1073643519,1073115135,1073610751,1073479679,1073741823,1073741823,1073741823,1073741823,1073741823:j9
1073741823,1073741823,1073741823,1069285375,1073201151,1073086463,1073643519,1073115135,1073610751,1073479679,1073741823,1073741823,1073741823,1073741823,1073741823:j9
1073741823,1073741823,1073741823,1073479679,1073201151,1073086463,1073643519,1073115135,1073610751,1073479423,1073741823,1073741823,1073741823,1073741823,1073741823:j9
1073741823,1073741823,1073741823,1073479679,1073201151,1073086463,1073643519,1073114879,1073610751,1073479679,1073741823,1073741823,1073741823,1073741823,1073741823:j9
1073741823,1073741823,1073741823,1073479679,1073201151,1073086207,1073643519,1073115135,1073610751,1073479679,1073741823,1073741823,1073741823,1073741823,1073741823:j9
1073741823,1073741823,1069547519,1073479679,1073201151,1073086463,1073643519,1073115135,1073610751,1073479679,1073741823,1073741823,1073741823,1073741823,1073741823:j9
1073741823,1073741823,1073741823,1073479679,1069006847,1073086463,1073643519,1073115135,1073610751,1073479679,1073741823,1073741823,1073741823,1073741823,1073741823:l6
1073741823,1073741823,1073741823,1073479679,1073201151,1073086463,1069449215,1073115135,1073610751,1073479679,1073741823,1073741823,1073741823,1073741823,1073741823:h6
1073741823,1073741823,1073740799,1073479679,1073201151,1073086463,1073643519,1073115135,1073610751,1073479679,1073741823,1073741823,1073741823,1073741823,1073741823:j9
1073741823,1073741823,1073725439,1073479679,1073201151,1073086463,1073643519,1073115135,1073610751,1073479679,1073741823,1073741823,1073741823,1073741823,1073741823:j9
1073741823,1073741823,1073741823,1073463295,1073201151,1073086463,1073643519,1073115135,1073610751,1073479679,1073741823,1073741823,1073741823,1073741823,1073741823:j9
1073741823,1073741823,1073479679,1073479679,1073201151,1073086463,1073643519,1073115135,1073610751,1073479679,1073741823,1073741823,1073741823,1073741823,1073741823:j9
1073741823,1073741823,1073741823,1073479679,1073201151,1073086463,1073643519,1073115135,1073609727,1073479679,1073741823,1073741823,1073741823,1073741823,1073741823:j9
1073741823,1073741823,1073741823,1073479679,1073201151,1073086463,1073642495,1073115135,1073610751,1073479679,1073741823,1073741823,1073741823,1073741823,1073741823:j9
1073741823,1073741823,1073741823,1073479679,1073200127,1073086463,1073643519,1073115135,1073610751,1073479679,1073741823,1073741823,1073741823,1073741823,1073741823:j9
1073741823,1073741823,1073741823,1073479679,1073201151,1073086463,1073643519,1073115135,1073610751,1073475583,1073741823,1073741823,1073741823,1073741823,1073741823:j9
1073741823,1073741823,1073741823,1073479679,1073201151,1073082367,1073643519,1073115135,1073610751,1073479679,1073741823,1073741823,1073741823,1073741823,1073741823:j9
1073741823,1073741823,1073741823,1073475583,1073201151,1073086463,1073643519,1073115135,1073610751,1073479679,1073741823,1073741823,1073741823,1073741823,1073741823:j9
1073741823,1073741823,1073741823,1073414143,1073201151,1073086463,1073643519,1073115135,1073610751,1073479679,1073741823,1073741823,1073741823,1073741823,1073741823:j9
1073741823,1073741823,1073741823,1072431103,1073201151,1073086463,1073643519,1073115135,1073610751,1073479679,1073741823,1073741823,1073741823,1073741823,1073741823:j9
1073741823,1073741823,1073741823,1073479679,1073201151,1072037887,1073643519,1073115135,1073610751,1073479679,1073741823,1073741823,1073741823,1073741823,1073741823:h9
1073741823,1073741823,1073741823,1073479679,1073201151,1073086463,1073643519,1073115135,1073610751,1073479679,1073741823,1073725439,1073741823,1073741823,1073741823:j9
1073741823,1073741823,1073741823,1073479679,1073201151,1073086463,1073643519,1073115135,1073610751,1073479679,1073676287,1073741823,1073741823,1073741823,1073741823:j9
1073741823,1073741823,1073741823,1073479679,1073201151,1073086463,1073643519,1073115135,1073610751,1073414143,1073741823,1073741823,1073741823,1073741823,1073741823:j9
1073741823,1073741823,1073741823,1073479679,1073201151,1073086463,1073643519,1073115135,1073610751,1072431103,1073741823,1073741823,1073741823,1073741823,1073741823:j9
1073741823,1073741823,1073741823,1073479679,1073201151,1073086463,1073643519,1073115135,1073610751,1073479679,1073741823,1069547519,1073741823,1073741823,1073741823:j9
1073741823,1073741823,1073741823,1073479679,1073201151,1073086463,1073643519,1073115135,1073610751,1073479679,1072693247,1073741823,1073741823,1073741823,1073741823:j9
1073741823,1073741823,1073741823,1073479679,1073201151,1073086463,1073643519,1073115135,1073610751,1073479679,1073741823,1073479679,1073741823,1073741823,1073741823:j9
1073741823,1073741823,1073741823,1073479679,1073201151,1073086463,1073643519,1073115135,1073610751,1073479679,1073479679,1073741823,1073741823,1073741823,1073741823:j9
1073741823,1073741823,1073741823,1073479679,1073201151,1068892159,1073643519,1073115135,1073610751,1073479679,1073741823,1073741823,1073741823,1073741823,1073741823:j9
1073741823,1073741823,1073741823,1073479679,1073201151,1073086463,1073643519,1068920831,1073610751,1073479679,1073741823,1073741823,1073741823,1073741823,1073741823:j9
1073741823,1073741823,1073741823,1073479679,1073201151,1073086463,1073643519,1072066559,1073610751,1073479679,1073741823,1073741823,1073741823,1073741823,1073741823:j9
1073741823,1073741823,1073741823,1073479679,1073201151,1073086463,1073643519,1073115135,1073610751,1069285375,1073741823,1073741823,1073741823,1073741823,1073741823:j9
1073741823,1073741823,1073741823,1073479679,1073201151,1073086463,1073643519,1073115135,1073348607,1073479679,1073741823,1073741823,1073741823,1073741823,1073741823:h6
1073741823,1073741823,1073741823,1073479679,1073197055,1073086463,1073643519,1073115135,1073610751,1073479679,1073741823,1073741823,1073741823,1073741823,1073741823:j9
1073741823,1073741823,1073741823,1073479679,1073135615,1073086463,1073643519,1073115135,1073610751,1073479679,1073741823,1073741823,1073741823,1073741823,1073741823:j9
1073741823,1073741823,1073741823,1073479679,1072152575,1073086463,1073643519,1073115135,1073610751,1073479679,1073741823,1073741823,1073741823,1073741823,1073741823:j9
1073741823,1073741823,1073741823,1073479679,1073201151,1073086463,1072594943,1073115135,1073610751,1073479679,1073741823,1073741823,1073741823,1073741823,1073741823:h6
1073741823,1073741823,1073741823,1073479679,1073201151,1073086463,1073381375,1073115135,1073610751,1073479679,1073741823,1073741823,1073741823,1073741823,1073741823:l6
1073741823,1073741823,1073741823,1073479679,1073201151,1073086463,1073643519,1073115135,1072562175,1073479679,1073741823,1073741823,1073741823,1073741823,1073741823:h6
1073741823,1073741823,1073741823,1073479679,1073201151,1073086463,1073643519,1073115135,1073610751,1073478655,1073741823,1073741823,1073741823,1073741823,1073741823:j9
1073741823,1073741823,1073741823,1073479679,1073201151,1073086463,1073643519,1073115135,1073606655,1073479679,1073741823,1073741823,1073741823,1073741823,1073741823:h6
1073741823,1073741823,1073741823,1073479679,1073201151,1073086463,1073643519,1073114111,1073610751,1073479679,1073741823,1073741823,1073741823,1073741823,1073741823:j9
1073741823,1073741823,1073741823,1073479679,1073201151,1073085439,1073643519,1073115135,1073610751,1073479679,1073741823,1073741823,1073741823,1073741823,1073741823:j9
1073741823,1073741823,1073741823,1073479679,1073201151,1073086463,1073639423,1073115135,1073610751,1073479679,1073741823,1073741823,1073741823,1073741823,1073741823:j9
1073741823,1073741823,1073741823,1073479679,1073201151,1073070079,1073643519,1073115135,1073610751,1073479679,1073741823,1073741823,1073741823,1073741823,1073741823:j9
1073741823,1073741823,1073741823,1073479679,1073201151,1073086463,1073643519,1073115135,1073610751,1073463295,1073741823,1073741823,1073741823,1073741823,1073741823:l3
1073741823,1073741823,1073741823,1073479679,1073201151,1073086463,1073643519,1073115135,1073594367,1073479679,1073741823,1073741823,1073741823,1073741823,1073741823:l6
1073741823,1073741823,1069547519,1073741823,1073201151,1073086463,1073643519,1073115135,1073741823,1073479679,1073741823,1073741823,1073741823,1073741823,1073741823:j7
1073741823,1073741823,1073741823,1073741823,1069006847,1073086463,1073643519,1073115135,1073741823,1073479679,1073741823,1073741823,1073741823,1073741823,1073741823:j7
1073741823,1073741823,1073741823,1073741823,1073201151,1073086463,1069449215,1073115135,1073741823,1073479679,1073741823,1073741823,1073741823,1073741823,1073741823:j7
1073741823,1073741823,1073740799,1073741823,1073201151,1073086463,1073643519,1073115135,1073741823,1073479679,1073741823,1073741823,1073741823,1073741823,1073741823:j7
1073741823,1073741823,1073725439,1073741823,1073201151,1073086463,1073643519,1073115135,1073741823,1073479679,1073741823,1073741823,1073741823,1073741823,1073741823:j7
1073741823,1073741823,1073741823,1073725439,1073201151,1073086463,1073643519,1073115135,1073741823,1073479679,1073741823,1073741823,1073741823,1073741823,1073741823:j7
1073741823,1073741823,1073479679,1073741823,1073201151,1073086463,1073643519,1073115135,1073741823,1073479679,1073741823,1073741823,1073741823,1073741823,1073741823:j7
1073741823,1073741823,1073741823,1073741823,1073201151,1073086463,1073643519,1073115135,1073740799,1073479679,1073741823,1073741823,1073741823,1073741823,1073741823:j7
1073741823,1073741823,1073741823,1073741823,1073201151,1073086463,1073642495,1073115135,1073741823,1073479679,1073741823,1073741823,1073741823,1073741823,1073741823:j7
1073741823,1073741823,1073741823,1073741823,1073200127,1073086463,1073643519,1073115135,1073741823,1073479679,1073741823,1073741823,1073741823,1073741823,1073741823:j7
1073741823,1073741823,1073741823,1073741823,1073201151,1073086463,1073643519,1073115135,1073741823,1073475583,1073741823,1073741823,1073741823,1073741823,1073741823:j7
1073741823,1073741823,1073741823,1073741823,1073201151,1073082367,1073643519,1073115135,1073741823,1073479679,1073741823,1073741823,1073741823,1073741823,1073741823:j7
1073741823,1073741823,1073741823,1073737727,1073201151,1073086463,1073643519,1073115135,1073741823,1073479679,1073741823,1073741823,1073741823,1073741823,1073741823:j7
1073741823,1073741823,1073741823,1073676287,1073201151,1073086463,1073643519,1073115135,1073741823,1073479679,1073741823,1073741823,1073741823,1073741823,1073741823:j7
1073741823,1073741823,1073741823,1072693247,1073201151,1073086463,1073643519,1073115135,1073741823,1073479679,1073741823,1073741823,1073741823,1073741823,1073741823:j7
1073741823,1073741823,1073741823,1073741823,1073201151,1072037887,1073643519,1073115135,1073741823,1073479679,1073741823,1073741823,1073741823,1073741823,1073741823:j7
1073741823,1073741823,1073741823,1073741823,1073201151,1073086463,1073643519,1073115135,1073741823,1073479679,1073741823,1073725439,1073741823,1073741823,1073741823:j7
1073741823,1073741823,1073741823,1073741823,1073201151,1073086463,1073643519,1073115135,1073741823,1073479679,1073676287,1073741823,1073741823,1073741823,1073741823:j7
1073741823,1073741823,1073741823,1073741823,1073201151,1073086463,1073643519,1073115135,1073741823,1073414143,1073741823,1073741823,1073741823,1073741823,1073741823:j7
1073741823,1073741823,1073741823,1073741823,1073201151,1073086463,1073643519,1073115135,1073741823,1072431103,1073741823,1073741823,1073741823,1073741823,1073741823:j7
1073741823,1073741823,1073741823,1073741823,1073201151,1073086463,1073643519,1073115135,1073741823,1073479679,1073741823,1069547519,1073741823,1073741823,1073741823:j7
1073741823,1073741823,1073741823,1073741823,1073201151,1073086463,1073643519,1073115135,1073741823,1073479679,1072693247,1073741823,1073741823,1073741823,1073741823:j7
1073741823,1073741823,1073741823,1073741823,1073201151,1073086463,1073643519,1073115135,1073741823,1073479679,1073741823,1073479679,1073741823,1073741823,1073741823:j7
1073741823,1073741823,1073741823,1073741823,1073201151,1073086463,1073643519,1073115135,1073741823,1073479679,1073479679,1073741823,1073741823,1073741823,1073741823:j7
1073741823,1073741823,1073741823,1073741823,1073201151,1068892159,1073643519,1073115135,1073741823,1073479679,1073741823,1073741823,1073741823,1073741823,1073741823:j7
1073741823,1073741823,1073741823,1073741823,1073201151,1073086463,1073643519,1068920831,1073741823,1073479679,1073741823,1073741823,1073741823,1073741823,1073741823:j7
1073741823,1073741823,1073741823,1073741823,1073201151,1073086463,1073643519,1072066559,1073741823,1073479679,1073741823,1073741823,1073741823,1073741823,1073741823:j7
1073741823,1073741823,1073741823,1073741823,1073201151,1073086463,1073643519,1073115135,1073741823,1069285375,1073741823,1073741823,1073741823,1073741823,1073741823:j7
1073741823,1073741823,1073741823,1073741823,1073201151,1073086463,1073643519,1073115135,1073479679,1073479679,1073741823,1073741823,1073741823,1073741823,1073741823:h9
1073741823,1073741823,1073741823,1073741823,1073201151,1073086463,1073643519,1073115135,1073446911,1073479679,1073740799,1073741823,1073741823,1073741823,1073741823:h6
1073741823,1073741823,1073741823,1073741823,1073201151,1073086463,1073643519,1073115135,1073446911,1073479679,1073725439,1073741823,1073741823,1073741823,1073741823:h6
1073741823,1073741823,1073741823,1073741823,1073201151,1073086463,1073643519,1073115135,1069252607,1073479679,1073741823,1073741823,1073741823,1073741823,1073741823:h6
1073741823,1073741823,1073741823,1073741823,1073201151,1073086463,1073643519,1073115135,1073446911,1073479679,1069547519,1073741823,1073741823,1073741823,1073741823:h6
1073741823,1073741823,1073741823,1069547519,1073201151,1073086463,1073643519,1073115135,1073446911,1073479679,1073741823,1073741823,1073741823,1073741823,1073741823:h6
1073741823,1073741823,1073741823,1073741823,1073201151,1073086463,1073643519,1073115135,1073446911,1073479423,1073741823,1073741823,1073741823,1073741823,1073741823:h6
1073741823,1073741823,1073741823,1073741823,1073201151,1073086463,1073643519,1073114879,1073446911,1073479679,1073741823,1073741823,1073741823,1073741823,1073741823:h6
1073741823,1073741823,1073741823,1073741823,1073201151,1073086207,1073643519,1073115135,1073446911,1073479679,1073741823,1073741823,1073741823,1073741823,1073741823:h6
1073741823,1073741823,1073741823,1073479679,1073201151,1073086463,1073643519,1073115135,1073446911,1073479679,1073741823,1073741823,1073741823,1073741823,1073741823:h6
1073741823,1073741823,1069547519,1073741823,1073201151,1073086463,1073643519,1073115135,1073446911,1073479679,1073741823,1073741823,1073741823,1073741823,1073741823:h6
1073741823,1073741823,1073741823,1073741823,1069006847,1073086463,1073643519,1073115135,1073446911,1073479679,1073741823,1073741823,1073741823,1073741823,1073741823:h6
1073741823,1073741823,1073741823,1073741823,1073201151,1073086463,1069449215,1073115135,1073446911,1073479679,1073741823,1073741823,1073741823,1073741823,1073741823:h6
1073741823,1073741823,1073740799,1073741823,1073201151,1073086463,1073643519,1073115135,1073446911,1073479679,1073741823,1073741823,1073741823,1073741823,1073741823:h6
1073741823,1073741823,1073725439,1073741823,1073201151,1073086463,1073643519,1073115135,1073446911,1073479679,1073741823,1073741823,1073741823,1073741823,1073741823:h6
1073741823,1073741823,1073741823,1073725439,1073201151,1073086463,1073643519,1073115135,1073446911,1073479679,1073741823,1073741823,1073741823,1073741823,1073741823:h6
1073741823,1073741823,1073479679,1073741823,1073201151,1073086463,1073643519,1073115135,1073446911,1073479679,1073741823,1073741823,1073741823,1073741823,1073741823:h6
1073741823,1073741823,1073741823,1073741823,1073201151,1073086463,1073643519,1073115135,1073445887,1073479679,1073741823,1073741823,1073741823,1073741823,1073741823:h6
1073741823,1073741823,1073741823,1073741823,1073201151,1073086463,1073642495,1073115135,1073446911,1073479679,1073741823,1073741823,1073741823,1073741823,1073741823:h6
1073741823,1073741823,1073741823,1073741823,1073200127,1073086463,1073643519,1073115135,1073446911,1073479679,1073741823,1073741823,1073741823,1073741823,1073741823:h6
1073741823,1073741823,1073741823,1073741823,1073201151,1073086463,1073643519,1073115135,1073446911,1073475583,1073741823,1073741823,1073741823,1073741823,1073741823:h6
1073741823,1073741823,1073741823,1073741823,1073201151,1073082367,1073643519,1073115135,1073446911,1073479679,1073741823,1073741823,1073741823,1073741823,1073741823:h10
1073741823,1073741823,1073741823,1073737727,1073201151,1073086463,1073643519,1073115135,1073446911,1073479679,1073741823,1073741823,1073741823,1073741823,1073741823:h6
1073741823,1073741823,1073741823,1073676287,1073201151,1073086463,1073643519,1073115135,1073446911,1073479679,1073741823,1073741823,1073741823,1073741823,1073741823:h6
1073741823,1073741823,1073741823,1072693247,1073201151,1073086463,1073643519,1073115135,1073446911,1073479679,1073741823,1073741823,1073741823,1073741823,1073741823:h6
1073741823,1073741823,1073741823,1073741823,1073201151,1072037887,1073643519,1073115135,1073446911,1073479679,1073741823,1073741823,1073741823,1073741823,1073741823:h6
1073741823,1073741823,1073741823,1073741823,1073201151,1073086463,1073643519,1073115135,1073446911,1073479679,1073741823,1073725439,1073741823,1073741823,1073741823:h6
1073741823,1073741823,1073741823,1073741823,1073201151,1073086463,1073643519,1073115135,1073446911,1073479679,1073676287,1073741823,1073741823,1073741823,1073741823:h6
1073741823,1073741823,1073741823,1073741823,1073201151,1073086463,1073643519,1073115135,1073446911,1073414143,1073741823,1073741823,1073741823,1073741823,1073741823:h6
1073741823,1073741823,1073741823,1073741823,1073201151,1073086463,1073643519,1073115135,1073446911,1072431103,1073741823,1073741823,1073741823,1073741823,1073741823:h6
1073741823,1073741823,1073741823,1073741823,1073201151,1073086463,1073643519,1073115135,1073446911,1073479679,1073741823,1069547519,1073741823,1073741823,1073741823:h6
1073741823,1073741823,1073741823,1073741823,1073201151,1073086463,1073643519,1073115135,1073446911,1073479679,1072693247,1073741823,1073741823,1073741823,1073741823:h6
1073741823,1073741823,1073741823,1073741823,1073201151,1073086463,1073643519,1073115135,1073446911,1073479679,1073741823,1073479679,1073741823,1073741823,1073741823:h6
1073741823,1073741823,1073741823,1073741823,1073201151,1073086463,1073643519,1073115135,1073446911,1073479679,1073479679,1073741823,1073741823,1073741823,1073741823:h6
1073741823,1073741823,1073741823,1073741823,1073201151,1068892159,1073643519,1073115135,1073446911,1073479679,1073741823,1073741823,1073741823,1073741823,1073741823:h6
1073741823,1073741823,1073741823,1073741823,1073201151,1073086463,1073643519,1068920831,1073446911,1073479679,1073741823,1073741823,1073741823,1073741823,1073741823:h6
1073741823,1073741823,1073741823,1073741823,1073201151,1073086463,1073643519,1072066559,1073446911,1073479679,1073741823,1073741823,1073741823,1073741823,1073741823:h6
1073741823,1073741823,1073741823,1073741823,1073201151,1073086463,1073643519,1073115135,1073446911,1069285375,1073741823,1073741823,1073741823,1073741823,1073741823:h6
1073741823,1073741823,1073741823,1073741823,1073197055,1073086463,1073643519,1073115135,1073446911,1073479679,1073741823,1073741823,1073741823,1073741823,1073741823:h6
1073741823,1073741823,1073741823,1073741823,1073135615,1073086463,1073643519,1073115135,1073446911,1073479679,1073741823,1073741823,1073741823,1073741823,1073741823:h6
1073741823,1073741823,1073741823,1073741823,1072152575,1073086463,1073643519,1073115135,1073446911,1073479679,1073741823,1073741823,1073741823,1073741823,1073741823:h6
1073741823,1073741823,1073741823,1073741823,1073201151,1073086463,1072594943,1073115135,1073446911,1073479679,1073741823,1073741823,1073741823,1073741823,1073741823:h6
1073741823,1073741823,1073741823,1073741823,1073201151,1073086463,1073381375,1073115135,1073446911,1073479679,1073741823,1073741823,1073741823,1073741823,1073741823:h6
1073741823,1073741823,1073741823,1073741823,1073201151,1073086463,1073643519,1073115135,1072398335,1073479679,1073741823,1073741823,1073741823,1073741823,1073741823:h6
1073741823,1073741823,1073741823,1073741823,1073201151,1073086463,1073643519,1073115135,1073446911,1073478655,1073741823,1073741823,1073741823,1073741823,1073741823:h6
1073741823,1073741823,1073741823,1073741823,1073201151,1073086463,1073643519,1073115135,1073442815,1073479679,1073741823,1073741823,1073741823,1073741823,1073741823:h6
1073741823,1073741823,1073741823,1073741823,1073201151,1073086463,1073643519,1073114111,1073446911,1073479679,1073741823,1073741823,1073741823,1073741823,1073741823:h6
1073741823,1073741823,1073741823,1073741823,1073201151,1073085439,1073643519,1073115135,1073446911,1073479679,1073741823,1073741823,1073741823,1073741823,1073741823:h6
1073741823,1073741823,1073741823,1073741823,1073201151,1073086463,1073639423,1073115135,1073446911,1073479679,1073741823,1073741823,1073741823,1073741823,1073741823:h6
1073741823,1073741823,1073741823,1073741823,1073201151,1073070079,1073643519,1073115135,1073446911,1073479679,1073741823,1073741823,1073741823,1073741823,1073741823:j4
1073741823,1073741823,1073741823,1073741823,1073201151,1073086463,1073643519,1073115135,1073381375,1073479679,1073741823,1073741823,1073741823,1073741823,1073741823:h6
1073741823,1073741823,1073741823,1073741823,1073201151,1073086463,1073643519,1073115135,1073446911,1073463295,1073741823,1073741823,1073741823,1073741823,1073741823:j4
1073741823,1073741823,1073741823,1073741823,1073197055,1073086463,1073643519,1073115135,1073741823,1073479679,1073741823,1073741823,1073741823,1073741823,1073741823:j7
1073741823,1073741823,1073741823,1073741823,1073135615,1073086463,1073643519,1073115135,1073741823,1073479679,1073741823,1073741823,1073741823,1073741823,1073741823:j7
1073741823,1073741823,1073741823,1073741823,1072152575,1073086463,1073643519,1073115135,1073741823,1073479679,1073741823,1073741823,1073741823,1073741823,1073741823:j7
1073741823,1073741823,1073741823,1073741823,1073201151,1073086463,1072594943,1073115135,1073741823,1073479679,1073741823,1073741823,1073741823,1073741823,1073741823:j7
1073741823,1073741823,1073741823,1073741823,1073201151,1073086463,1073381375,1073115135,1073741823,1073479679,1073741823,1073741823,1073741823,1073741823,1073741823:k6
1073741823,1073741823,1073741823,1056964607,1073201151,1070989311,1073381375,1073115135,1073741823,1073479679,1073741823,1073741823,1073741823,1073741823,1073741823:k4
1073741823,1073741823,1073741823,1073741823,1073201151,1054212095,1073381375,1073115135,1073741823,1073479679,1073741823,1073741823,1073741823,1073741823,1073741823:k4
1073741823,1073741823,1073741823,1073741823,1073201151,1070989311,1073381375,1056337919,1073741823,1073479679,1073741823,1073741823,1073741823,1073741823,1073741823:k4
1073741823,1073741823,1073741823,1073741823,1073201151,1070989311,1073381375,1073115135,1069547519,1073479679,1073741823,1073741823,1073741823,1073741823,1073741823:k4
1073741823,1073741823,1073741823,1069547519,1073201151,1070989311,1073381375,1073115135,1073741823,1073479679,1073741823,1073741823,1073741823,1073741823,1073741823:k4
1073741823,1073741823,1073741823,1073741823,1073201151,1070989311,1073381375,1073115135,1073741823,1073479423,1073741823,1073741823,1073741823,1073741823,1073741823:k4
1073741823,1073741823,1073741823,1073741823,1073201151,1070989311,1073381375,1073114879,1073741823,1073479679,1073741823,1073741823,1073741823,1073741823,1073741823:k4
1073741823,1073741823,1073741823,1073741823,1073201151,1070989055,1073381375,1073115135,1073741823,1073479679,1073741823,1073741823,1073741823,1073741823,1073741823:k4
1073741823,1073741823,1073741823,1073479679,1073201151,1070989311,1073381375,1073115135,1073741823,1073479679,1073741823,1073741823,1073741823,1073741823,1073741823:k4
1073741823,1073741823,1069547519,1073741823,1073201151,1070989311,1073381375,1073115135,1073741823,1073479679,1073741823,1073741823,1073741823,1073741823,1073741823:h6
1073741823,1073741823,1073741823,1073741823,1069006847,1070989311,1073381375,1073115135,1073741823,1073479679,1073741823,1073741823,1073741823,1073741823,1073741823:k4
1073741823,1073741823,1073741823,1073741823,1073201151,1070989311,1069187071,1073115135,1073741823,1073479679,1073741823,1073741823,1073741823,1073741823,1073741823:k4
1073741823,1073741823,1073740799,1073741823,1073201151,1070989311,1073381375,1073115135,1073741823,1073479679,1073741823,1073741823,1073741823,1073741823,1073741823:k4
1073741823,1073741823,1073725439,1073741823,1073201151,1070989311,1073381375,1073115135,1073741823,1073479679,1073741823,1073741823,1073741823,1073741823,1073741823:k4
1073741823,1073741823,1073741823,1073725439,1073201151,1070989311,1073381375,1073115135,1073741823,1073479679,1073741823,1073741823,1073741823,1073741823,1073741823:k4
1073741823,1073741823,1073479679,1073741823,1073201151,1070989311,1073381375,1073115135,1073741823,1073479679,1073741823,1073741823,1073741823,1073741823,1073741823:k4
1073741823,1073741823,1073741823,1073741823,1073201151,1070989311,1073381375,1073115135,1073740799,1073479679,1073741823,1073741823,1073741823,1073741823,1073741823:k4
1073741823,1073741823,1073741823,1073741823,1073201151,1070989311,1073380351,1073115135,1073741823,1073479679,1073741823,1073741823,1073741823,1073741823,1073741823:k4
1073741823,1073741823,1073741823,1073741823,1073200127,1070989311,1073381375,1073115135,1073741823,1073479679,1073741823,1073741823,1073741823,1073741823,1073741823:k4
1073741823,1073741823,1073741823,1073741823,1073201151,1070989311,1073381375,1073115135,1073741823,1073475583,1073741823,1073741823,1073741823,1073741823,1073741823:h6
1073741823,1073741823,1073741823,1073741823,1073201151,1070985215,1073381375,1073115135,1073741823,1073479679,1073741823,1073741823,1073741823,1073741823,1073741823:k4
1073741823,1073741823,1073741823,1073737727,1073201151,1070989311,1073381375,1073115135,1073741823,1073479679,1073741823,1073741823,1073741823,1073741823,1073741823:k4
1073741823,1073741823,1073741823,1073676287,1073201151,1070989311,1073381375,1073115135,1073741823,1073479679,1073741823,1073741823,1073741823,1073741823,1073741823:k4
1073741823,1073741823,1073741823,1072693247,1073201151,1070989311,1073381375,1073115135,1073741823,1073479679,1073741823,1073741823,1073741823,1073741823,1073741823:h6
1073741823,1073741823,1073741823,1073741823,1073201151,1070989311,1073381375,1073115135,1073741823,1073479679,1073741823,1073725439,1073741823,1073741823,1073741823:k4
1073741823,1073741823,1073741823,1073741823,1073201151,1070989311,1073381375,1073115135,1073741823,1073479679,1073676287,1073741823,1073741823,1073741823,1073741823:h6
1073741823,1073741823,1073741823,1073741823,1073201151,1070989311,1073381375,1073115135,1073741823,1073414143,1073741823,1073741823,1073741823,1073741823,1073741823:k4
1073741823,1073741823,1073741823,1073741823,1073201151,1070989311,1073381375,1073115135,1073741823,1072431103,1073741823,1073741823,1073741823,1073741823,1073741823:k4
1073741823,1073741823,1073741823,1073741823,1073201151,1070989311,1073381375,1073115135,1073741823,1073479679,1073741823,1069547519,1073741823,1073741823,1073741823:k4
1073741823,1073741823,1073741823,1073741823,1073201151,1070989311,1073381375,1073115135,1073741823,1073479679,1072693247,1073741823,1073741823,1073741823,1073741823:k4
1073741823,1073741823,1073741823,1073741823,1073201151,1070989311,1073381375,1073115135,1073741823,1073479679,1073741823,1073479679,1073741823,1073741823,1073741823:k4
1073741823,1073741823,1073741823,1073741823,1073201151,1070989311,1073381375,1073115135,1073741823,1073479679,1073479679,1073741823,1073741823,1073741823,1073741823:k4
1073741823,1073741823,1073741823,1073741823,1073201151,1066795007,1073381375,1073115135,1073741823,1073479679,1073741823,1073741823,1073741823,1073741823,1073741823:k4
1073741823,1073741823,1073741823,1073741823,1073201151,1070989311,1073381375,1068920831,1073741823,1073479679,1073741823,1073741823,1073741823,1073741823,1073741823:k4
1073741823,1073741823,1073741823,1073741823,1073201151,1070989311,1073381375,1072066559,1073741823,1073479679,1073741823,1073741823,1073741823,1073741823,1073741823:h6
1073741823,1073741823,1073741823,1073741823,1073201151,1070989311,1073381375,1073115135,1073741823,1069285375,1073741823,1073741823,1073741823,1073741823,1073741823:k4
1073741823,1073741823,1073741823,1073741823,1073201151,1070989311,1073381375,1073115135,1073479679,1073479679,1073741823,1073741823,1073741823,1073741823,1073741823:k4
1073741823,1073741823,1073741823,1073741823,1073197055,1070989311,1073381375,1073115135,1073741823,1073479679,1073741823,1073741823,1073741823,1073741823,1073741823:k4
1073741823,1073741823,1073741823,1073741823,1073135615,1070989311,1073381375,1073115135,1073741823,1073479679,1073741823,1073741823,1073741823,1073741823,1073741823:k4
1073741823,1073741823,1073741823,1073741823,1072152575,1070989311,1073381375,1073115135,1073741823,1073479679,1073741823,1073741823,1073741823,1073741823,1073741823:h6
1073741823,1073741823,1073741823,1073741823,1073201151,1070989311,1072332799,1073115135,1073741823,1073479679,1073741823,1073741823,1073741823,1073741823,1073741823:h6
1073741823,1073741823,1073741823,1073741823,1073201151,1070989311,1073381375,1073115135,1072693247,1073479679,1073741823,1073741823,1073741823,1073741823,1073741823:k4
1073741823,1073741823,1073741823,1073741823,1073201151,1070989311,1073381375,1073115135,1073741823,1073478655,1073741823,1073741823,1073741823,1073741823,1073741823:k4
1073741823,1073741823,1073741823,1073741823,1073201151,1070989311,1073381375,1073115135,1073737727,1073479679,1073741823,1073741823,1073741823,1073741823,1073741823:k4
1073741823,1073741823,1073741823,1073741823,1073201151,1070989311,1073381375,1073114111,1073741823,1073479679,1073741823,1073741823,1073741823,1073741823,1073741823:k4
1073741823,1073741823,1073741823,1073741823,1073201151,1070988287,1073381375,1073115135,1073741823,1073479679,1073741823,1073741823,1073741823,1073741823,1073741823:k4
1073741823,1073741823,1073741823,1073741823,1073201151,1070989311,1073377279,1073115135,1073741823,1073479679,1073741823,1073741823,1073741823,1073741823,1073741823:k4
1073741823,1073741823,1073741823,1073741823,1073201151,1070972927,1073381375,1073115135,1073741823,1073479679,1073741823,1073741823,1073741823,1073741823,1073741823:k4
1073741823,1073741823,1073741823,1073741823,1073201151,1070989311,1073381375,1073115135,1073676287,1073479679,1073741823,1073741823,1073741823,1073741823,1073741823:h6
1073741823,1073741823,1073741823,1073741823,1073201151,1070989311,1073381375,1073115135,1073741823,1073463295,1073741823,1073741823,1073741823,1073741823,1073741823:k4
1073741823,1073741823,1073741823,1073741823,1073201151,1070989311,1073381375,1073115135,1073725439,1073479679,1073741823,1073741823,1073741823,1073741823,1073741823:h6
1073741823,1073741823,1073741823,1073741823,1073201151,1073086463,1073643519,1073115135,1072693247,1073479679,1073741823,1073741823,1073741823,1073741823,1073741823:j7
1073741823,1073741823,1073741823,1073741823,1073201151,1073086463,1073643519,1073115135,1073741823,1073478655,1073741823,1073741823,1073741823,1073741823,1073741823:j7
1073741823,1073741823,1073741823,1073741823,1073201151,1073086463,1073643519,1073115135,1073737727,1073479679,1073741823,1073741823,1073741823,1073741823,1073741823:j7
1073741823,1073741823,1073741823,1073741823,1073201151,1073086463,1073643519,1073114111,1073741823,1073479679,1073741823,1073741823,1073741823,1073741823,1073741823:j7
1073741823,1073741823,1073741823,1073741823,1073201151,1073085439,1073643519,1073115135,1073741823,1073479679,1073741823,1073741823,1073741823,1073741823,1073741823:j7
1073741823,1073741823,1073741823,1073741823,1073201151,1073086463,1073639423,1073115135,1073741823,1073479679,1073741823,1073741823,1073741823,1073741823,1073741823:j7
1073741823,1073741823,1073741823,1073741823,1073201151,1073070079,1073643519,1073115135,1073741823,1073479679,1073741823,1073741823,1073741823,1073741823,1073741823:j7
1073741823,1073741823,1073741823,1073741823,1073201151,1073086463,1073643519,1073115135,1073676287,1073479679,1073741823,1073741823,1073741823,1073741823,1073741823:j7
1073741823,1073741823,1073741823,1073741823,1073201151,1073086463,1073643519,1073115135,1073741823,1073463295,1073741823,1073741823,1073741823,1073741823,1073741823:j7
1073741823,1073741823,1073741823,1073741823,1073201151,1073086463,1073643519,1073115135,1073725439,1073479679,1073741823,1073741823,1073741823,1073741823,1073741823:j7
