1073741823,1073741823,1073741823,1073741823,1073741823,1071644671,1073413887,1071022079,1073082367,1073201151,1072332799,1073217535,1073741823,1073741823,1073741823:f8
1073741823,1073741823,1073741823,1073741823,1073741823,1071644671,1073413887,1071020031,1073082367,1073201087,1072332799,1073217535,1073741823,1073741823,1073741823:k7
1073741823,1073741823,1073741823,1073741823,1073741823,1071644671,1073413887,1071020031,1073082351,1073201151,1072332799,1073217535,1073741823,1073741823,1073741823:k7
1073741823,1073741823,1073741823,1073741823,1073741823,1071644671,1073413887,1071019967,1073082367,1073201151,1072332799,1073217535,1073741823,1073741823,1073741823:k7
1073741823,1073741823,1073741823,1073741823,1073741823,1071644671,1073413871,1071020031,1073082367,1073201151,1072332799,1073217535,1073741823,1073741823,1073741823:k7
1073741823,1073741823,1073741823,1073741823,1073741823,1071644671,1073413823,1071020031,1073082367,1073201151,1072332799,1073217535,1073741823,1073741823,1073741823:k7
1073741823,1073741823,1073741823,1073741823,1073741807,1071644671,1073413887,1071020031,1073082367,1073201151,1072332799,1073217535,1073741823,1073741823,1073741823:k7
1073741823,1073741823,1073741823,1073741823,1073741823,1071644607,1073413887,1071020031,1073082367,1073201151,1072332799,1073217535,1073741823,1073741823,1073741823:k7
1073741823,1073741823,1073741823,1073741823,1073741567,1071644671,1073413887,1071020031,1073082367,1073201151,1072332799,1073217535,1073741823,1073741823,1073741823:k7
1073741823,1073741823,1073741823,1073741823,1073741823,1071644415,1073413887,1071020031,1073082367,1073201151,1072332799,1073217535,1073741823,1073741823,1073741823:k7
1073741823,1073741823,1073741823,1073741823,1073741823,1071644671,1073412863,1071020031,1073082367,1073201151,1072332799,1073217535,1073741823,1073741823,1073741823:i10
1073741823,1073741823,1073741823,1073741823,1073741823,1071644671,1073413887,1071019775,1073082367,1073201151,1072332799,1073217535,1073741823,1073741823,1073741823:k7
1073741823,1073741823,1073741823,1073741823,1073741823,1071644671,1073413887,1071020031,1073082367,1073201151,1072332799,1073217535,1073740799,1073741823,1073741823:k7
1073741823,1073741823,1073741823,1073741823,1073741823,1071644671,1073413887,1071020031,1073082367,1073201151,1072332799,1073213439,1073741823,1073741823,1073741823:k7
1073741823,1073741823,1073741823,1073741823,1073741823,1071644671,1073413887,1071020031,1073082367,1073201151,1072331775,1073217535,1073741823,1073741823,1073741823:i10
1073741823,1073741823,1073741823,1073741823,1073741823,1071644671,1073413887,1071020031,1073082367,1073201151,1072332799,1073217535,1073725439,1073741823,1073741823:k7
1073741823,1073741823,1073741823,1073741823,1073741823,1071644671,1073413887,1071020031,1073082367,1073201151,1072332799,1073217535,1069547519,1073741823,1073741823:k7
1073741823,1073741823,1073741823,1073741823,1073741823,1071644671,1073413887,1071020031,1073082367,1073201151,1072332799,1073217535,1073741823,1073725439,1073741823:k7
1073741823,1073741823,1073741823,1073741823,1073741823,1071644671,1073413887,1071020031,1073082367,1073201151,1072332799,1073217535,1073741823,1069547519,1073741823:i10
1073741823,1073741823,1073741823,1073741823,1073741823,1071644671,1073413887,1071020031,1073082367,1073201151,1072332799,1073217535,1073741823,1073479679,1073741823:i10
1073741823,1073741823,1073741823,1073741823,1073741823,1071644671,1073413887,1071020031,1073082367,1073201151,1072332799,1073217535,1073479679,1073741823,1073741823:i10
1073741823,1073741823,1073741823,1073741823,1073741823,1071644671,1073413887,1071020031,1073082367,1073201151,1072332543,1073217535,1073741823,1073741823,1073741823:k7
1073741823,1073741823,1073741823,1073741823,1073741823,1071644671,1073413887,1071020031,1073082111,1073201151,1072332799,1073217535,1073741823,1073741823,1073741823:k7
1073741823,1073741823,1073741823,1073741823,1073741823,1071644671,1073413887,1071020031,1073081343,1073201151,1072332799,1073217535,1073741823,1073741823,1073741823:k7
1073741823,1073741823,1073741823,1073741823,1073741823,1071644671,1073413887,1071020031,1073082367,1056423935,1072332799,1073217535,1073741823,1073741823,1073741823:i10
1073741823,1073741823,1073741823,1073741823,1073741823,1071644671,1073413887,1071020031,1073082367,1073201151,1072332799,1073217535,1073737727,1073741823,1073741823:k7
1073741823,1073741823,1073741823,1073741823,1073741823,1071644671,1073413887,1071020031,1073082367,1073201151,1072332799,1073151999,1073741823,1073741823,1073741823:k7
1073741823,1073741823,1073741823,1073676287,1073741823,1071644671,1073413887,1071020031,1073082367,1073201151,1072332799,1073217535,1073741823,1073741823,1073741823:k9
1073741823,1073741823,1073741823,1072693247,1073741823,1071644671,1073413887,1071020031,1073082367,1073201151,1072332799,1073217535,1073741823,1073741823,1073741823:k9
1073741823,1073741823,1073741823,1056964607,1073741823,1071644671,1073413887,1071020031,1073082367,1073201151,1072332799,1073217535,1073741823,1073741823,1073741823:k7
1073741823,1073741823,1073741823,1073741823,1073741823,1054867455,1073413887,1071020031,1073082367,1073201151,1072332799,1073217535,1073741823,1073741823,1073741823:k9
1073741823,1073741823,1073741823,1073741823,1073741823,1071644671,1073413887,1054242815,1073082367,1073201151,1072332799,1073217535,1073741823,1073741823,1073741823:k7
1073741823,1073741823,1073741823,1073741823,1073725439,1071644671,1073413887,1071020031,1073082367,1073201151,1072332799,1073217535,1073741823,1073741823,1073741823:k7
1073741823,1073741823,1073741823,1073741823,1073479679,1071644671,1073413887,1071020031,1073082367,1073201151,1072332799,1073217535,1073741823,1073741823,1073741823:k9
1073741823,1073741823,1073741823,1073741823,1069547519,1071644671,1073413887,1071020031,1073082367,1073201151,1072332799,1073217535,1073741823,1073741823,1073741823:k9
1073741823,1073741823,1073741823,1073741823,1073741823,1071644671,1069219583,1071020031,1073082367,1073201151,1072332799,1073217535,1073741823,1073741823,1073741823:g7
1073741823,1073741823,1073741823,1073741823,1006632959,1071644671,1069211391,1071020031,1073082367,1073201151,1072332799,1073217535,1073741823,1073741823,1073741823:f6
1073741823,1073741823,1073741823,1073741823,1073741823,1071644671,1002102527,1071020031,1073082367,1073201151,1072332799,1073217535,1073741823,1073741823,1073741823:f6
1073741823,1073741823,1073741823,1073741823,1073741823,1071644671,1052434175,1071020031,1073082367,1073201151,1072332799,1073217535,1073741823,1073741823,1073741823:f6
1073741823,1073741823,1073741823,1073741823,1073741823,1071644671,1069211391,1071020031,1005973503,1073201151,1072332799,1073217535,1073741823,1073741823,1073741823:f6
1073741823,1073741823,1073741823,1073741823,1073741823,1071644671,1069211391,1071020031,1073082367,1073201087,1072332799,1073217535,1073741823,1073741823,1073741823:f6
1073741823,1073741823,1073741823,1073741823,1073741823,1071644671,1069211391,1071020031,1073082351,1073201151,1072332799,1073217535,1073741823,1073741823,1073741823:f6
1073741823,1073741823,1073741823,1073741823,1073741823,1071644671,1069211391,1071019967,1073082367,1073201151,1072332799,1073217535,1073741823,1073741823,1073741823:f6
1073741823,1073741823,1073741823,1073741823,1073741823,1071644671,1069211375,1071020031,1073082367,1073201151,1072332799,1073217535,1073741823,1073741823,1073741823:f6
1073741823,1073741823,1073741823,1073741823,1073741823,1071644671,1069211327,1071020031,1073082367,1073201151,1072332799,1073217535,1073741823,1073741823,1073741823:f6
1073741823,1073741823,1073741823,1073741823,1073741807,1071644671,1069211391,1071020031,1073082367,1073201151,1072332799,1073217535,1073741823,1073741823,1073741823:f6
1073741823,1073741823,1073741823,1073741823,1073741823,1071644607,1069211391,1071020031,1073082367,1073201151,1072332799,1073217535,1073741823,1073741823,1073741823:f6
1073741823,1073741823,1073741823,1073741823,1073741567,1071644671,1069211391,1071020031,1073082367,1073201151,1072332799,1073217535,1073741823,1073741823,1073741823:f6
1073741823,1073741823,1073741823,1073741823,1073741823,1071644415,1069211391,1071020031,1073082367,1073201151,1072332799,1073217535,1073741823,1073741823,1073741823:f6
1073741823,1073741823,1073741823,1073741823,1073741823,1071644671,1069210367,1071020031,1073082367,1073201151,1072332799,1073217535,1073741823,1073741823,1073741823:f6
1073741823,1073741823,1073741823,1073741823,1073741823,1071644671,1069211391,1071019775,1073082367,1073201151,1072332799,1073217535,1073741823,1073741823,1073741823:f6
1073741823,1073741823,1073741823,1073741823,1073741823,1071644671,1069211391,1071020031,1073082367,1073201151,1072332799,1073217535,1073740799,1073741823,1073741823:f6
1073741823,1073741823,1073741823,1073741823,1073741823,1071644671,1069211391,1071020031,1073082367,1073201151,1072332799,1073213439,1073741823,1073741823,1073741823:f6
1073741823,1073741823,1073741823,1073741823,1073741823,1071644671,1069211391,1071020031,1073082367,1073201151,1072331775,1073217535,1073741823,1073741823,1073741823:f6
1073741823,1073741823,1073741823,1073741823,1073741823,1071644671,1069211391,1071020031,1073082367,1073201151,1072332799,1073217535,1073725439,1073741823,1073741823:f6
1073741823,1073741823,1073741823,1073741823,1073741823,1071644671,1069211391,1071020031,1073082367,1073201151,1072332799,1073217535,1069547519,1073741823,1073741823:f6
1073741823,1073741823,1073741823,1073741823,1073741823,1071644671,1069211391,1071020031,1073082367,1073201151,1072332799,1073217535,1073741823,1073725439,1073741823:f6
1073741823,1073741823,1073741823,1073741823,1073741823,1071644671,1069211391,1071020031,1073082367,1073201151,1072332799,1073217535,1073741823,1069547519,1073741823:f6
1073741823,1073741823,1073741823,1073741823,1073741823,1071644671,1069211391,1071020031,1073082367,1073201151,1072332799,1073217535,1073741823,1073479679,1073741823:f6
1073741823,1073741823,1073741823,1073741823,1073741823,1071644671,1069211391,1071020031,1073082367,1073201151,1072332799,1073217535,1073479679,1073741823,1073741823:f6
1073741823,1073741823,1073741823,1073741823,1073741823,1071644671,1069211391,1071020031,1073082367,1073201151,1072332543,1073217535,1073741823,1073741823,1073741823:f6
1073741823,1073741823,1073741823,1073741823,1073741823,1071644671,1069211391,1071020031,1073082111,1073201151,1072332799,1073217535,1073741823,1073741823,1073741823:f6
1073741823,1073741823,1073741823,1073741823,1073741823,1071644671,1069211391,1071020031,1073081343,1073201151,1072332799,1073217535,1073741823,1073741823,1073741823:f6
1073741823,1073741823,1073741823,1073741823,1073741823,1071644671,1069211391,1071020031,1073082367,1056423935,1072332799,1073217535,1073741823,1073741823,1073741823:f6
1073741823,1073741823,1073741823,1073741823,1073741823,1071644671,1069211391,1071020031,1073082367,1073201151,1072332799,1073217535,1073737727,1073741823,1073741823:f6
1073741823,1073741823,1073741823,1073741823,1073741823,1071644671,1069211391,1071020031,1073082367,1073201151,1072332799,1073151999,1073741823,1073741823,1073741823:f6
1073741823,1073741823,1073741823,1073676287,1073741823,1071644671,1069211391,1071020031,1073082367,1073201151,1072332799,1073217535,1073741823,1073741823,1073741823:f6
1073741823,1073741823,1073741823,1072693247,1073741823,1071644671,1069211391,1071020031,1073082367,1073201151,1072332799,1073217535,1073741823,1073741823,1073741823:f6
1073741823,1073741823,1073741823,1056964607,1073741823,1071644671,1069211391,1071020031,1073082367,1073201151,1072332799,1073217535,1073741823,1073741823,1073741823:f6
1073741823,1073741823,1073741823,1073741823,1073741823,1054867455,1069211391,1071020031,1073082367,1073201151,1072332799,1073217535,1073741823,1073741823,1073741823:f6
1073741823,1073741823,1073741823,1073741823,1073741823,1071644671,1069211391,1054242815,1073082367,1073201151,1072332799,1073217535,1073741823,1073741823,1073741823:f6
1073741823,1073741823,1073741823,1073741823,1073725439,1071644671,1069211391,1071020031,1073082367,1073201151,1072332799,1073217535,1073741823,1073741823,1073741823:f6
1073741823,1073741823,1073741823,1073741823,1073479679,1071644671,1069211391,1071020031,1073082367,1073201151,1072332799,1073217535,1073741823,1073741823,1073741823:f6
1073741823,1073741823,1073741823,1073741823,1069547519,1071644671,1069211391,1071020031,1073082367,1073201151,1072332799,1073217535,1073741823,1073741823,1073741823:f6
1073741823,1073741823,1073741823,1073741823,1073741823,1071644671,1069211391,1071020031,1068888063,1073201151,1072332799,1073217535,1073741823,1073741823,1073741823:f6
1073741823,1073741823,1073741823,1073741823,1073741823,1071644671,1069211391,1071020031,1073082367,1073201151,1072332799,1073217535,1073676287,1073741823,1073741823:f6
1073741823,1073741823,1073741823,1073741823,1073741823,1071644671,1069211391,1071020031,1056305151,1073201151,1072332799,1073217535,1073741823,1073741823,1073741823:f6
1073741823,1073741823,1073741823,1073741823,1073741823,1071644671,1069211391,1071020031,1073082367,1073201151,1055555583,1073217535,1073741823,1073741823,1073741823:f6
1073741823,1073741823,1073741823,1073741823,1073741823,1071644671,1069211391,1071020031,1073082367,1073201151,1068138495,1073217535,1073741823,1073741823,1073741823:f6
1073741823,1073741823,1073741823,1073741823,1073741823,1071644671,1069211391,1071020031,1073082367,1073201151,1072332799,1073217535,1056964607,1073741823,1073741823:f6
1073741823,1073741823,1073741823,1073741823,1073741823,1071644671,1069211391,1071020031,1073082367,1073201151,1072332799,1073217535,1072693247,1073741823,1073741823:f6
1073741823,1073741823,1073741823,1073741823,1073741823,1071644671,1069211391,1071020031,1073082367,1073201151,1072332799,1072168959,1073741823,1073741823,1073741823:f6
1073741823,1073741823,1073741823,1073741823,1073741823,1071644671,1069211391,1071020031,1073082367,1073201151,1072332799,1069023231,1073741823,1073741823,1073741823:f6
1073741823,1073741823,1073741823,1073741823,1073741823,1071644671,1069211391,1071020031,1073082367,1073201151,1072332799,1073216511,1073741823,1073741823,1073741823:f6
1073741823,1073741823,1073741823,1073741823,1073741823,1071644671,1069211391,1071020031,1073082367,1073201151,1072332799,1073201151,1073741823,1073741823,1073741823:f6
1073741823,1073741823,1073741823,1073741823,1073741823,1071644671,1069211391,1071020031,1073082367,1073201151,1072328703,1073217535,1073741823,1073741823,1073741823:f6
1073741823,1073741823,1073741823,1073741823,1073741823,1071644671,1069211391,1071020031,1073082367,1073197055,1072332799,1073217535,1073741823,1073741823,1073741823:f6
1073741823,1073741823,1073741823,1073741823,1073741823,1071640575,1069211391,1071020031,1073082367,1073201151,1072332799,1073217535,1073741823,1073741823,1073741823:f6
1073741823,1073741823,1073741823,1073741823,1073741823,1071644671,1069211391,1071020031,1073082367,1072152575,1072332799,1073217535,1073741823,1073741823,1073741823:f6
1073741823,1073741823,1073741823,1073741823,1073741823,1071644671,1069211391,1071020031,1073082367,1073135615,1072332799,1073217535,1073741823,1073741823,1073741823:f6
1073741823,1073741823,1073741823,1073741823,1073741823,1067450367,1069211391,1071020031,1073082367,1073201151,1072332799,1073217535,1073741823,1073741823,1073741823:f6
1073741823,1073741823,1073741823,1073741823,1073741823,1071644671,1069211391,1066825727,1073082367,1073201151,1072332799,1073217535,1073741823,1073741823,1073741823:f6
1073741823,1073741823,1073741823,1073741823,1073741823,1071644671,1069211391,1071020031,1073082367,1069006847,1072332799,1073217535,1073741823,1073741823,1073741823:f6
1073741823,1073741823,1073741823,1073741823,1073737727,1071644671,1069211391,1071020031,1073082367,1073201151,1072332799,1073217535,1073741823,1073741823,1073741823:f6
1073741823,1073741823,1073741823,1073741823,1073676287,1071644671,1069211391,1071020031,1073082367,1073201151,1072332799,1073217535,1073741823,1073741823,1073741823:f6
1073741823,1073741823,1073741823,1073741823,1073741823,1071579135,1069211391,1071020031,1073082367,1073201151,1072332799,1073217535,1073741823,1073741823,1073741823:f6
1073741823,1073741823,1073741823,1073741823,1072693247,1071644671,1069211391,1071020031,1073082367,1073201151,1072332799,1073217535,1073741823,1073741823,1073741823:f6
1073741823,1073741823,1073741823,1073741823,1073741823,1071644671,1068162815,1071020031,1073082367,1073201151,1072332799,1073217535,1073741823,1073741823,1073741823:f6
1073741823,1073741823,1073741823,1073741823,1073741823,1071644671,1069211391,1071020031,1072033791,1073201151,1072332799,1073217535,1073741823,1073741823,1073741823:f6
1073741823,1073741823,1073741823,1073741823,1073741823,1071644671,1069211391,1071020031,1073082367,1073200127,1072332799,1073217535,1073741823,1073741823,1073741823:f6
1073741823,1073741823,1073741823,1073741823,1073741823,1071644671,1069211391,1071015935,1073082367,1073201151,1072332799,1073217535,1073741823,1073741823,1073741823:f6
1073741823,1073741823,1073741823,1073741823,1073741823,1071643647,1069211391,1071020031,1073082367,1073201151,1072332799,1073217535,1073741823,1073741823,1073741823:k7
1073741823,1073741823,1073741823,1073741823,1073741823,1071628287,1069211391,1071020031,1073082367,1073201151,1072332799,1073217535,1073741823,1073741823,1073741823:f6
1073741823,1073741823,1073741823,1073741823,1073741823,1071644671,1069195007,1071020031,1073082367,1073201151,1072332799,1073217535,1073741823,1073741823,1073741823:f6
1073741823,1073741823,1073741823,1073741823,1073741823,1071382527,1069211391,1071020031,1073082367,1073201151,1072332799,1073217535,1073741823,1073741823,1073741823:f6
1073741823,1073741823,1073741823,1073741823,1073741823,1071644671,1069211391,1071020031,1073065983,1073201151,1072332799,1073217535,1073741823,1073741823,1073741823:f6
1073741823,1073741823,1073741823,1073741823,1073741823,1071644671,1073413887,1071020031,1068888063,1073201151,1072332799,1073217535,1073741823,1073741823,1073741823:k7
1073741823,1073741823,1073741823,1073741823,1073741823,1071644671,1073413887,1071020031,1073082367,1073201151,1072332799,1073217535,1073676287,1073741823,1073741823:k7
1073741823,1073741823,1073741823,1073741823,1073741823,1071644671,1073413887,1071020031,1056305151,1073201151,1072332799,1073217535,1073741823,1073741823,1073741823:i10
1073741823,1073741823,1073741823,1073741823,1073741823,1071644671,1073413887,1071020031,1073082367,1073201151,1055555583,1073217535,1073741823,1073741823,1073741823:l11
1073741823,1073741823,1073741823,1073741823,1073741823,1071644671,1073413887,1071020031,1005973503,1073201151,1047166975,1073217535,1073741823,1073741823,1073741823:k7
1073741823,1073741823,1073741823,1073741823,1073741823,1071644671,1073413887,1071020031,1073082367,1073201151,1047166975,1073217535,1006632959,1073741823,1073741823:k7
1073741823,1073741823,1073741823,1073741823,1073741823,1071644671,1073413887,1071020031,804646911,1073201151,1047166975,1073217535,1073741823,1073741823,1073741823:k7
1073741823,1073741823,1073741823,1073741823,1073741823,1071644671,1073413887,1071020031,1073082367,1006092287,1047166975,1073217535,1073741823,1073741823,1073741823:k7
1073741823,1073741823,1073741823,1073741823,1073741823,1071644671,1073413887,1071020031,1073082367,1073201151,778731519,1073217535,1073741823,1073741823,1073741823:k7
1073741823,1073741823,1073741823,1073741823,1073741823,1071644671,1073413887,1071020031,1073082367,1073201151,980058111,1073217535,1073741823,1073741823,1073741823:k7
1073741823,1073741823,1073741823,1073741823,1073741823,1071644671,1073413887,1071020031,1073082367,1073201151,1047166975,1073217535,805306367,1073741823,1073741823:k7
1073741823,1073741823,1073741823,1073741823,1073741823,1071644671,1073413887,1071020031,1073082367,1073201151,1047166975,1006108671,1073741823,1073741823,1073741823:k7
1073741823,1073741823,1073741823,1073741823,1073741823,1071644671,1073413887,1071020031,1073082367,1073201151,1047166975,1056440319,1073741823,1073741823,1073741823:k7
1073741823,1073741823,1073741823,1073741823,1073741823,1071644671,1073413887,1071020031,1073082367,1073201087,1047166975,1073217535,1073741823,1073741823,1073741823:k7
1073741823,1073741823,1073741823,1073741823,1073741823,1071644671,1073413887,1071020031,1073082351,1073201151,1047166975,1073217535,1073741823,1073741823,1073741823:k7
1073741823,1073741823,1073741823,1073741823,1073741823,1071644671,1073413887,1071019967,1073082367,1073201151,1047166975,1073217535,1073741823,1073741823,1073741823:k7
1073741823,1073741823,1073741823,1073741823,1073741823,1071644671,1073413871,1071020031,1073082367,1073201151,1047166975,1073217535,1073741823,1073741823,1073741823:k7
1073741823,1073741823,1073741823,1073741823,1073741823,1071644671,1073413823,1071020031,1073082367,1073201151,1047166975,1073217535,1073741823,1073741823,1073741823:k7
1073741823,1073741823,1073741823,1073741823,1073741807,1071644671,1073413887,1071020031,1073082367,1073201151,1047166975,1073217535,1073741823,1073741823,1073741823:k7
1073741823,1073741823,1073741823,1073741823,1073741823,1071644607,1073413887,1071020031,1073082367,1073201151,1047166975,1073217535,1073741823,1073741823,1073741823:k7
1073741823,1073741823,1073741823,1073741823,1073741567,1071644671,1073413887,1071020031,1073082367,1073201151,1047166975,1073217535,1073741823,1073741823,1073741823:k7
1073741823,1073741823,1073741823,1073741823,1073741823,1071644415,1073413887,1071020031,1073082367,1073201151,1047166975,1073217535,1073741823,1073741823,1073741823:k7
1073741823,1073741823,1073741823,1073741823,1073741823,1071644671,1073412863,1071020031,1073082367,1073201151,1047166975,1073217535,1073741823,1073741823,1073741823:i10
1073741823,1073741823,1073741823,1073741823,1073741823,1071644671,1073413887,1071019775,1073082367,1073201151,1047166975,1073217535,1073741823,1073741823,1073741823:k7
1073741823,1073741823,1073741823,1073741823,1073741823,1071644671,1073413887,1071020031,1073082367,1073201151,1047166975,1073217535,1073740799,1073741823,1073741823:k7
1073741823,1073741823,1073741823,1073741823,1073741823,1071644671,1073413887,1071020031,1073082367,1073201151,1047166975,1073213439,1073741823,1073741823,1073741823:k7
1073741823,1073741823,1073741823,1073741823,1073741823,1071644671,1073413887,1071020031,1073082367,1073201151,1047165951,1073217535,1073741823,1073741823,1073741823:i10
1073741823,1073741823,1073741823,1073741823,1073741823,1071644671,1073413887,1071020031,1073082367,1073201151,1047166975,1073217535,1073725439,1073741823,1073741823:k7
1073741823,1073741823,1073741823,1073741823,1073741823,1071644671,1073413887,1071020031,1073082367,1073201151,1047166975,1073217535,1069547519,1073741823,1073741823:k7
1073741823,1073741823,1073741823,1073741823,1073741823,1071644671,1073413887,1071020031,1073082367,1073201151,1047166975,1073217535,1073741823,1073725439,1073741823:k7
1073741823,1073741823,1073741823,1073741823,1073741823,1071644671,1073413887,1071020031,1073082367,1073201151,1047166975,1073217535,1073741823,1069547519,1073741823:k7
1073741823,1073741823,1073741823,1073741823,1073741823,1071644671,1073413887,1071020031,1073082367,1073201151,1047166975,1073217535,1073741823,1073479679,1073741823:k7
1073741823,1073741823,1073741823,1073741823,1073741823,1071644671,1073413887,1071020031,1073082367,1073201151,1047166975,1073217535,1073479679,1073741823,1073741823:k7
1073741823,1073741823,1073741823,1073741823,1073741823,1071644671,1073413887,1071020031,1073082367,1073201151,1047166719,1073217535,1073741823,1073741823,1073741823:k7
1073741823,1073741823,1073741823,1073741823,1073741823,1071644671,1073413887,1071020031,1073082111,1073201151,1047166975,1073217535,1073741823,1073741823,1073741823:k7
1073741823,1073741823,1073741823,1073741823,1073741823,1071644671,1073413887,1071020031,1073081343,1073201151,1047166975,1073217535,1073741823,1073741823,1073741823:k7
1073741823,1073741823,1073741823,1073741823,1073741823,1071644671,1073413887,1071020031,1073082367,1056423935,1047166975,1073217535,1073741823,1073741823,1073741823:k7
1073741823,1073741823,1073741823,1073741823,1073741823,1071644671,1073413887,1071020031,1073082367,1073201151,1047166975,1073217535,1073737727,1073741823,1073741823:k7
1073741823,1073741823,1073741823,1073741823,1073741823,1071644671,1073413887,1071020031,1073082367,1073201151,1047166975,1073151999,1073741823,1073741823,1073741823:k7
1073741823,1073741823,1073741823,1073676287,1073741823,1071644671,1073413887,1071020031,1073082367,1073201151,1047166975,1073217535,1073741823,1073741823,1073741823:k9
1073741823,1073741823,1073741823,1072693247,1073741823,1071644671,1073413887,1071020031,1073082367,1073201151,1047166975,1073217535,1073741823,1073741823,1073741823:k7
1073741823,1073741823,1073741823,1056964607,1073741823,1071644671,1073413887,1071020031,1073082367,1073201151,1047166975,1073217535,1073741823,1073741823,1073741823:k7
1073741823,1073741823,1073741823,1073741823,1073741823,1054867455,1073413887,1071020031,1073082367,1073201151,1047166975,1073217535,1073741823,1073741823,1073741823:k9
1073741823,1073741823,1073741823,1073741823,1073741823,1071644671,1073413887,1054242815,1073082367,1073201151,1047166975,1073217535,1073741823,1073741823,1073741823:k7
1073741823,1073741823,1073741823,1073741823,1073725439,1071644671,1073413887,1071020031,1073082367,1073201151,1047166975,1073217535,1073741823,1073741823,1073741823:k7
1073741823,1073741823,1073741823,1073741823,1073479679,1071644671,1073413887,1071020031,1073082367,1073201151,1047166975,1073217535,1073741823,1073741823,1073741823:k9
1073741823,1073741823,1073741823,1073741823,1069547519,1071644671,1073413887,1071020031,1073082367,1073201151,1047166975,1073217535,1073741823,1073741823,1073741823:k9
1073741823,1073741823,1073741823,1073741823,1073741823,1071644671,1069219583,1071020031,1073082367,1073201151,1047166975,1073217535,1073741823,1073741823,1073741823:g7
1073741823,1073741823,1073741823,1073741823,1006632959,1071644671,1069211391,1071020031,1073082367,1073201151,1047166975,1073217535,1073741823,1073741823,1073741823:f6
1073741823,1073741823,1073741823,1073741823,1073741823,1071644671,1002102527,1071020031,1073082367,1073201151,1047166975,1073217535,1073741823,1073741823,1073741823:f6
1073741823,1073741823,1073741823,1073741823,1073741823,1071644671,1052434175,1071020031,1073082367,1073201151,1047166975,1073217535,1073741823,1073741823,1073741823:f6
1073741823,1073741823,1073741823,1073741823,1073741823,1071644671,1069211391,1071020031,1005973503,1073201151,1047166975,1073217535,1073741823,1073741823,1073741823:f6
1073741823,1073741823,1073741823,1073741823,1073741823,1071644671,1069211391,1071020031,1073082367,1073201151,1047166975,1073217535,1006632959,1073741823,1073741823:f6
1073741823,1073741823,1073741823,1073741823,1073741823,1071644671,1069211391,1071020031,804646911,1073201151,1047166975,1073217535,1073741823,1073741823,1073741823:f6
1073741823,1073741823,1073741823,1073741823,1073741823,1071644671,1069211391,1071020031,1073082367,1006092287,1047166975,1073217535,1073741823,1073741823,1073741823:f6
1073741823,1073741823,1073741823,1073741823,1073741823,1071644671,1069211391,1071020031,1073082367,1073201151,778731519,1073217535,1073741823,1073741823,1073741823:f6
1073741823,1073741823,1073741823,1073741823,1073741823,1071644671,1069211391,1071020031,1073082367,1073201151,980058111,1073217535,1073741823,1073741823,1073741823:f6
1073741823,1073741823,1073741823,1073741823,1073741823,1071644671,1069211391,1071020031,1073082367,1073201151,1047166975,1073217535,805306367,1073741823,1073741823:f6
1073741823,1073741823,1073741823,1073741823,1073741823,1071644671,1069211391,1071020031,1073082367,1073201151,1047166975,1006108671,1073741823,1073741823,1073741823:f6
1073741823,1073741823,1073741823,1073741823,1073741823,1071644671,1069211391,1071020031,1073082367,1073201151,1047166975,1056440319,1073741823,1073741823,1073741823:f6
1073741823,1073741823,1073741823,1073741823,1073741823,1071644671,1069211391,1071020031,1073082367,1073201087,1047166975,1073217535,1073741823,1073741823,1073741823:f6
1073741823,1073741823,1073741823,1073741823,1073741823,1071644671,1069211391,1071020031,1073082351,1073201151,1047166975,1073217535,1073741823,1073741823,1073741823:f6
1073741823,1073741823,1073741823,1073741823,1073741823,1071644671,1069211391,1071019967,1073082367,1073201151,1047166975,1073217535,1073741823,1073741823,1073741823:f6
1073741823,1073741823,1073741823,1073741823,1073741823,1071644671,1069211375,1071020031,1073082367,1073201151,1047166975,1073217535,1073741823,1073741823,1073741823:f6
1073741823,1073741823,1073741823,1073741823,1073741823,1071644671,1069211327,1071020031,1073082367,1073201151,1047166975,1073217535,1073741823,1073741823,1073741823:f6
1073741823,1073741823,1073741823,1073741823,1073741807,1071644671,1069211391,1071020031,1073082367,1073201151,1047166975,1073217535,1073741823,1073741823,1073741823:f6
1073741823,1073741823,1073741823,1073741823,1073741823,1071644607,1069211391,1071020031,1073082367,1073201151,1047166975,1073217535,1073741823,1073741823,1073741823:f6
1073741823,1073741823,1073741823,1073741823,1073741567,1071644671,1069211391,1071020031,1073082367,1073201151,1047166975,1073217535,1073741823,1073741823,1073741823:f6
1073741823,1073741823,1073741823,1073741823,1073741823,1071644415,1069211391,1071020031,1073082367,1073201151,1047166975,1073217535,1073741823,1073741823,1073741823:f6
1073741823,1073741823,1073741823,1073741823,1073741823,1071644671,1069210367,1071020031,1073082367,1073201151,1047166975,1073217535,1073741823,1073741823,1073741823:f6
1073741823,1073741823,1073741823,1073741823,1073741823,1071644671,1069211391,1071019775,1073082367,1073201151,1047166975,1073217535,1073741823,1073741823,1073741823:f6
1073741823,1073741823,1073741823,1073741823,1073741823,1071644671,1069211391,1071020031,1073082367,1073201151,1047166975,1073217535,1073740799,1073741823,1073741823:f6
1073741823,1073741823,1073741823,1073741823,1073741823,1071644671,1069211391,1071020031,1073082367,1073201151,1047166975,1073213439,1073741823,1073741823,1073741823:f6
1073741823,1073741823,1073741823,1073741823,1073741823,1071644671,1069211391,1071020031,1073082367,1073201151,1047165951,1073217535,1073741823,1073741823,1073741823:f6
1073741823,1073741823,1073741823,1073741823,1073741823,1071644671,1069211391,1071020031,1073082367,1073201151,1047166975,1073217535,1073725439,1073741823,1073741823:f6
1073741823,1073741823,1073741823,1073741823,1073741823,1071644671,1069211391,1071020031,1073082367,1073201151,1047166975,1073217535,1069547519,1073741823,1073741823:f6
1073741823,1073741823,1073741823,1073741823,1073741823,1071644671,1069211391,1071020031,1073082367,1073201151,1047166975,1073217535,1073741823,1073725439,1073741823:f6
1073741823,1073741823,1073741823,1073741823,1073741823,1071644671,1069211391,1071020031,1073082367,1073201151,1047166975,1073217535,1073741823,1069547519,1073741823:f6
1073741823,1073741823,1073741823,1073741823,1073741823,1071644671,1069211391,1071020031,1073082367,1073201151,1047166975,1073217535,1073741823,1073479679,1073741823:f6
1073741823,1073741823,1073741823,1073741823,1073741823,1071644671,1069211391,1071020031,1073082367,1073201151,1047166975,1073217535,1073479679,1073741823,1073741823:f6
1073741823,1073741823,1073741823,1073741823,1073741823,1071644671,1069211391,1071020031,1073082367,1073201151,1047166719,1073217535,1073741823,1073741823,1073741823:f6
1073741823,1073741823,1073741823,1073741823,1073741823,1071644671,1069211391,1071020031,1073082111,1073201151,1047166975,1073217535,1073741823,1073741823,1073741823:f6
1073741823,1073741823,1073741823,1073741823,1073741823,1071644671,1069211391,1071020031,1073081343,1073201151,1047166975,1073217535,1073741823,1073741823,1073741823:f6
1073741823,1073741823,1073741823,1073741823,1073741823,1071644671,1069211391,1071020031,1073082367,1056423935,1047166975,1073217535,1073741823,1073741823,1073741823:f6
1073741823,1073741823,1073741823,1073741823,1073741823,1071644671,1069211391,1071020031,1073082367,1073201151,1047166975,1073217535,1073737727,1073741823,1073741823:f6
1073741823,1073741823,1073741823,1073741823,1073741823,1071644671,1069211391,1071020031,1073082367,1073201151,1047166975,1073151999,1073741823,1073741823,1073741823:f6
1073741823,1073741823,1073741823,1073676287,1073741823,1071644671,1069211391,1071020031,1073082367,1073201151,1047166975,1073217535,1073741823,1073741823,1073741823:f6
1073741823,1073741823,1073741823,1072693247,1073741823,1071644671,1069211391,1071020031,1073082367,1073201151,1047166975,1073217535,1073741823,1073741823,1073741823:f6
1073741823,1073741823,1073741823,1056964607,1073741823,1071644671,1069211391,1071020031,1073082367,1073201151,1047166975,1073217535,1073741823,1073741823,1073741823:f6
1073741823,1073741823,1073741823,1073741823,1073741823,1054867455,1069211391,1071020031,1073082367,1073201151,1047166975,1073217535,1073741823,1073741823,1073741823:f6
1073741823,1073741823,1073741823,1073741823,1073741823,1071644671,1069211391,1054242815,1073082367,1073201151,1047166975,1073217535,1073741823,1073741823,1073741823:f6
1073741823,1073741823,1073741823,1073741823,1073725439,1071644671,1069211391,1071020031,1073082367,1073201151,1047166975,1073217535,1073741823,1073741823,1073741823:f6
1073741823,1073741823,1073741823,1073741823,1073479679,1071644671,1069211391,1071020031,1073082367,1073201151,1047166975,1073217535,1073741823,1073741823,1073741823:f6
1073741823,1073741823,1073741823,1073741823,1069547519,1071644671,1069211391,1071020031,1073082367,1073201151,1047166975,1073217535,1073741823,1073741823,1073741823:f6
1073741823,1073741823,1073741823,1073741823,1073741823,1071644671,1069211391,1071020031,1068888063,1073201151,1047166975,1073217535,1073741823,1073741823,1073741823:f6
1073741823,1073741823,1073741823,1073741823,1073741823,1071644671,1069211391,1071020031,1073082367,1073201151,1047166975,1073217535,1073676287,1073741823,1073741823:f6
1073741823,1073741823,1073741823,1073741823,1073741823,1071644671,1069211391,1071020031,1056305151,1073201151,1047166975,1073217535,1073741823,1073741823,1073741823:f6
1073741823,1073741823,1073741823,1073741823,1073741823,1071644671,1069211391,1071020031,1073082367,1073201151,1047166975,1073217535,1056964607,1073741823,1073741823:f6
1073741823,1073741823,1073741823,1073741823,1073741823,1071644671,1069211391,1071020031,1073082367,1073201151,1047166975,1073217535,1072693247,1073741823,1073741823:f6
1073741823,1073741823,1073741823,1073741823,1073741823,1071644671,1069211391,1071020031,1073082367,1073201151,1047166975,1072168959,1073741823,1073741823,1073741823:f6
1073741823,1073741823,1073741823,1073741823,1073741823,1071644671,1069211391,1071020031,1073082367,1073201151,1047166975,1069023231,1073741823,1073741823,1073741823:f6
1073741823,1073741823,1073741823,1073741823,1073741823,1071644671,1069211391,1071020031,1073082367,1073201151,1047166975,1073216511,1073741823,1073741823,1073741823:f6
1073741823,1073741823,1073741823,1073741823,1073741823,1071644671,1069211391,1071020031,1073082367,1073201151,1047166975,1073201151,1073741823,1073741823,1073741823:f6
1073741823,1073741823,1073741823,1073741823,1073741823,1071644671,1069211391,1071020031,1073082367,1073201151,1047162879,1073217535,1073741823,1073741823,1073741823:f6
1073741823,1073741823,1073741823,1073741823,1073741823,1071644671,1069211391,1071020031,1073082367,1073197055,1047166975,1073217535,1073741823,1073741823,1073741823:f6
1073741823,1073741823,1073741823,1073741823,1073741823,1071640575,1069211391,1071020031,1073082367,1073201151,1047166975,1073217535,1073741823,1073741823,1073741823:f6
1073741823,1073741823,1073741823,1073741823,1073741823,1071644671,1069211391,1071020031,1073082367,1072152575,1047166975,1073217535,1073741823,1073741823,1073741823:f6
1073741823,1073741823,1073741823,1073741823,1073741823,1071644671,1069211391,1071020031,1073082367,1073135615,1047166975,1073217535,1073741823,1073741823,1073741823:f6
1073741823,1073741823,1073741823,1073741823,1073741823,1067450367,1069211391,1071020031,1073082367,1073201151,1047166975,1073217535,1073741823,1073741823,1073741823:f6
1073741823,1073741823,1073741823,1073741823,1073741823,1071644671,1069211391,1066825727,1073082367,1073201151,1047166975,1073217535,1073741823,1073741823,1073741823:f6
1073741823,1073741823,1073741823,1073741823,1073741823,1071644671,1069211391,1071020031,1073082367,1069006847,1047166975,1073217535,1073741823,1073741823,1073741823:f6
1073741823,1073741823,1073741823,1073741823,1073737727,1071644671,1069211391,1071020031,1073082367,1073201151,1047166975,1073217535,1073741823,1073741823,1073741823:f6
1073741823,1073741823,1073741823,1073741823,1073676287,1071644671,1069211391,1071020031,1073082367,1073201151,1047166975,1073217535,1073741823,1073741823,1073741823:f6
1073741823,1073741823,1073741823,1073741823,1073741823,1071579135,1069211391,1071020031,1073082367,1073201151,1047166975,1073217535,1073741823,1073741823,1073741823:f6
1073741823,1073741823,1073741823,1073741823,1072693247,1071644671,1069211391,1071020031,1073082367,1073201151,1047166975,1073217535,1073741823,1073741823,1073741823:f6
1073741823,1073741823,1073741823,1073741823,1073741823,1071644671,1068162815,1071020031,1073082367,1073201151,1047166975,1073217535,1073741823,1073741823,1073741823:f6
1073741823,1073741823,1073741823,1073741823,1073741823,1071644671,1069211391,1071020031,1072033791,1073201151,1047166975,1073217535,1073741823,1073741823,1073741823:f6
1073741823,1073741823,1073741823,1073741823,1073741823,1071644671,1069211391,1071020031,1073082367,1073200127,1047166975,1073217535,1073741823,1073741823,1073741823:f6
1073741823,1073741823,1073741823,1073741823,1073741823,1071644671,1069211391,1071015935,1073082367,1073201151,1047166975,1073217535,1073741823,1073741823,1073741823:f6
1073741823,1073741823,1073741823,1073741823,1073741823,1071643647,1069211391,1071020031,1073082367,1073201151,1047166975,1073217535,1073741823,1073741823,1073741823:k7
1073741823,1073741823,1073741823,1073741823,1073741823,1071628287,1069211391,1071020031,1073082367,1073201151,1047166975,1073217535,1073741823,1073741823,1073741823:f6
1073741823,1073741823,1073741823,1073741823,1073741823,1071644671,1069195007,1071020031,1073082367,1073201151,1047166975,1073217535,1073741823,1073741823,1073741823:f6
1073741823,1073741823,1073741823,1073741823,1073741823,1071382527,1069211391,1071020031,1073082367,1073201151,1047166975,1073217535,1073741823,1073741823,1073741823:f6
1073741823,1073741823,1073741823,1073741823,1073741823,1071644671,1069211391,1071020031,1073065983,1073201151,1047166975,1073217535,1073741823,1073741823,1073741823:f6
1073741823,1073741823,1073741823,1073741823,1073741823,1071644671,1073413887,1071020031,1068888063,1073201151,1047166975,1073217535,1073741823,1073741823,1073741823:k7
1073741823,1073741823,1073741823,1073741823,1073741823,1071644671,1073413887,1071020031,1073082367,1073201151,1047166975,1073217535,1073676287,1073741823,1073741823:k7
1073741823,1073741823,1073741823,1073741823,1073741823,1071644671,1073413887,1071020031,1056305151,1073201151,1047166975,1073217535,1073741823,1073741823,1073741823:k7
1073741823,1073741823,1073741823,1073741823,1073741823,1071644671,1073413887,1071020031,1073082367,1073201151,1047166975,1073217535,1056964607,1073741823,1073741823:k7
1073741823,1073741823,1073741823,1073741823,1073741823,1071644671,1073413887,1071020031,1073082367,1073201151,1047166975,1073217535,1072693247,1073741823,1073741823:k9
1073741823,1073741823,1073741823,1073741823,1073741823,1071644671,1073413887,1071020031,1073082367,1073201151,1047166975,1072168959,1073741823,1073741823,1073741823:k7
1073741823,1073741823,1073741823,1073741823,1073741823,1071644671,1073413887,1071020031,1073082367,1073201151,1047166975,1069023231,1073741823,1073741823,1073741823:k7
1073741823,1073741823,1073741823,1073741823,1073741823,1071644671,1073413887,1071020031,1073082367,1073201151,1047166975,1073216511,1073741823,1073741823,1073741823:k7
1073741823,1073741823,1073741823,1073741823,1073741823,1071644671,1073413887,1071020031,1073082367,1073201151,1047166975,1073201151,1073741823,1073741823,1073741823:k7
1073741823,1073741823,1073741823,1073741823,1073741823,1071644671,1073413887,1071020031,1073082367,1073201151,1047162879,1073217535,1073741823,1073741823,1073741823:k7
1073741823,1073741823,1073741823,1073741823,1073741823,1071644671,1073413887,1071020031,1073082367,1073197055,1047166975,1073217535,1073741823,1073741823,1073741823:i10
1073741823,1073741823,1073741823,1073741823,1073741823,1071640575,1073413887,1071020031,1073082367,1073201151,1047166975,1073217535,1073741823,1073741823,1073741823:k7
1073741823,1073741823,1073741823,1073741823,1073741823,1071644671,1073413887,1071020031,1073082367,1072152575,1047166975,1073217535,1073741823,1073741823,1073741823:k7
1073741823,1073741823,1073741823,1073741823,1073741823,1071644671,1073413887,1071020031,1073082367,1073135615,1047166975,1073217535,1073741823,1073741823,1073741823:k7
1073741823,1073741823,1073741823,1073741823,1073741823,1067450367,1073413887,1071020031,1073082367,1073201151,1047166975,1073217535,1073741823,1073741823,1073741823:k9
1073741823,1073741823,1073741823,1073741823,1073741823,1071644671,1073413887,1066825727,1073082367,1073201151,1047166975,1073217535,1073741823,1073741823,1073741823:k7
1073741823,1073741823,1073741823,1073741823,1073741823,1071644671,1073413887,1071020031,1073082367,1069006847,1047166975,1073217535,1073741823,1073741823,1073741823:k7
1073741823,1073741823,1073741823,1073741823,1073737727,1071644671,1073413887,1071020031,1073082367,1073201151,1047166975,1073217535,1073741823,1073741823,1073741823:k7
1073741823,1073741823,1073741823,1073741823,1073676287,1071644671,1073413887,1071020031,1073082367,1073201151,1047166975,1073217535,1073741823,1073741823,1073741823:k9
1073741823,1073741823,1073741823,1073741823,1073741823,1071579135,1073413887,1071020031,1073082367,1073201151,1047166975,1073217535,1073741823,1073741823,1073741823:k9
1073741823,1073741823,1073741823,1073741823,1072693247,1071644671,1073413887,1071020031,1073082367,1073201151,1047166975,1073217535,1073741823,1073741823,1073741823:i10
1073741823,1073741823,1073741823,1073741823,1073741823,1071644671,1072365311,1071020031,1073082367,1073201151,1047166975,1073217535,1073741823,1073741823,1073741823:i10
1073741823,1073741823,1073741823,1073741823,1073741823,1071644671,1073413887,1071020031,1072033791,1073201151,1047166975,1073217535,1073741823,1073741823,1073741823:i10
1073741823,1073741823,1073741823,1073741823,1073741823,1071644671,1073413887,1071020031,1073082367,1073200127,1047166975,1073217535,1073741823,1073741823,1073741823:k7
1073741823,1073741823,1073741823,1073741823,1073741823,1071644671,1073413887,1071015935,1073082367,1073201151,1047166975,1073217535,1073741823,1073741823,1073741823:k7
1073741823,1073741823,1073741823,1073741823,1073741823,1071643647,1073413887,1071020031,1073082367,1073201151,1047166975,1073217535,1073741823,1073741823,1073741823:k7
1073741823,1073741823,1073741823,1073741823,1073741823,1071644671,1073409791,1071020031,1073082367,1073201151,1047166975,1073217535,1073741823,1073741823,1073741823:i10
1073741823,1073741823,1073741823,1073741823,1073741823,1071628287,1073413887,1071020031,1073082367,1073201151,1047166975,1073217535,1073741823,1073741823,1073741823:k7
1073741823,1073741823,1073741823,1073741823,1073741823,1071644671,1073397503,1071020031,1073082367,1073201151,1047166975,1073217535,1073741823,1073741823,1073741823:i10
1073741823,1073741823,1073741823,1073741823,1073741823,1071382527,1073413887,1071020031,1073082367,1073201151,1047166975,1073217535,1073741823,1073741823,1073741823:k9
1073741823,1073741823,1073741823,1073741823,1073741823,1071644671,1073413887,1071020031,1073065983,1073201151,1047166975,1073217535,1073741823,1073741823,1073741823:i10
1073741823,1073741823,1073741823,1073741823,1073741823,1071644671,1073413887,1071020031,1073082367,1073201151,1068138495,1073217535,1073741823,1073741823,1073741823:m11
1073741823,1073741823,1073741823,1073741823,1073741823,1071644671,1073413887,1071020031,804646911,1073201151,1034584063,1073217535,1073741823,1073741823,1073741823:k7
1073741823,1073741823,1073741823,1073741823,1073741823,1071644671,1073413887,1071020031,1073082367,1006092287,1034584063,1073217535,1073741823,1073741823,1073741823:k7
1073741823,1073741823,1073741823,1073741823,1073741823,1071644671,1073413887,1071020031,1073082367,1073201151,766148607,1073217535,1073741823,1073741823,1073741823:k7
1073741823,1073741823,1073741823,1073741823,1073741823,1071644671,1073413887,1071020031,1073082367,1073201151,1034584063,1073217535,805306367,1073741823,1073741823:k7
1073741823,1073741823,1073741823,1073741823,1073741823,1071644671,1073413887,1071020031,1073082367,1073201151,1034584063,1006108671,1073741823,1073741823,1073741823:k7
1073741823,1073741823,1073741823,1073741823,1073741823,1071644671,1073413887,1071020031,1005973503,1073201151,1034584063,1073217535,1073741823,1073741823,1073741823:k7
1073741823,1073741823,1073741823,1073741823,1073741823,1071644671,1073413887,1071020031,1073082367,1073201151,967475199,1073217535,1073741823,1073741823,1073741823:k7
1073741823,1073741823,1073741823,1073741823,1073741823,1071644671,1073413887,1071020031,1073082367,1073201151,1034584063,1073217535,1006632959,1073741823,1073741823:k7
1073741823,1073741823,1073741823,1073741823,1073741823,1071644671,1073413887,1071020031,1073082367,1073201151,1034584063,1056440319,1073741823,1073741823,1073741823:k7
1073741823,1073741823,1073741823,1073741823,1073741823,1071644671,1073413887,1071020031,1073082367,1073201087,1034584063,1073217535,1073741823,1073741823,1073741823:k7
1073741823,1073741823,1073741823,1073741823,1073741823,1071644671,1073413887,1071020031,1073082351,1073201151,1034584063,1073217535,1073741823,1073741823,1073741823:k7
1073741823,1073741823,1073741823,1073741823,1073741823,1071644671,1073413887,1071019967,1073082367,1073201151,1034584063,1073217535,1073741823,1073741823,1073741823:k7
1073741823,1073741823,1073741823,1073741823,1073741823,1071644671,1073413871,1071020031,1073082367,1073201151,1034584063,1073217535,1073741823,1073741823,1073741823:k7
1073741823,1073741823,1073741823,1073741823,1073741823,1071644671,1073413823,1071020031,1073082367,1073201151,1034584063,1073217535,1073741823,1073741823,1073741823:k7
1073741823,1073741823,1073741823,1073741823,1073741807,1071644671,1073413887,1071020031,1073082367,1073201151,1034584063,1073217535,1073741823,1073741823,1073741823:k7
1073741823,1073741823,1073741823,1073741823,1073741823,1071644607,1073413887,1071020031,1073082367,1073201151,1034584063,1073217535,1073741823,1073741823,1073741823:k7
1073741823,1073741823,1073741823,1073741823,1073741567,1071644671,1073413887,1071020031,1073082367,1073201151,1034584063,1073217535,1073741823,1073741823,1073741823:k7
1073741823,1073741823,1073741823,1073741823,1073741823,1071644415,1073413887,1071020031,1073082367,1073201151,1034584063,1073217535,1073741823,1073741823,1073741823:k7
1073741823,1073741823,1073741823,1073741823,1073741823,1071644671,1073412863,1071020031,1073082367,1073201151,1034584063,1073217535,1073741823,1073741823,1073741823:i10
1073741823,1073741823,1073741823,1073741823,1073741823,1071644671,1073413887,1071019775,1073082367,1073201151,1034584063,1073217535,1073741823,1073741823,1073741823:k7
1073741823,1073741823,1073741823,1073741823,1073741823,1071644671,1073413887,1071020031,1073082367,1073201151,1034584063,1073217535,1073740799,1073741823,1073741823:k7
1073741823,1073741823,1073741823,1073741823,1073741823,1071644671,1073413887,1071020031,1073082367,1073201151,1034584063,1073213439,1073741823,1073741823,1073741823:k7
1073741823,1073741823,1073741823,1073741823,1073741823,1071644671,1073413887,1071020031,1073082367,1073201151,1034583039,1073217535,1073741823,1073741823,1073741823:i10
1073741823,1073741823,1073741823,1073741823,1073741823,1071644671,1073413887,1071020031,1073082367,1073201151,1034584063,1073217535,1073725439,1073741823,1073741823:k7
1073741823,1073741823,1073741823,1073741823,1073741823,1071644671,1073413887,1071020031,1073082367,1073201151,1034584063,1073217535,1069547519,1073741823,1073741823:k7
1073741823,1073741823,1073741823,1073741823,1073741823,1071644671,1073413887,1071020031,1073082367,1073201151,1034584063,1073217535,1073741823,1073725439,1073741823:k7
1073741823,1073741823,1073741823,1073741823,1073741823,1071644671,1073413887,1071020031,1073082367,1073201151,1034584063,1073217535,1073741823,1069547519,1073741823:k7
1073741823,1073741823,1073741823,1073741823,1073741823,1071644671,1073413887,1071020031,1073082367,1073201151,1034584063,1073217535,1073741823,1073479679,1073741823:k7
1073741823,1073741823,1073741823,1073741823,1073741823,1071644671,1073413887,1071020031,1073082367,1073201151,1034584063,1073217535,1073479679,1073741823,1073741823:k7
1073741823,1073741823,1073741823,1073741823,1073741823,1071644671,1073413887,1071020031,1073082367,1073201151,1034583807,1073217535,1073741823,1073741823,1073741823:k7
1073741823,1073741823,1073741823,1073741823,1073741823,1071644671,1073413887,1071020031,1073082111,1073201151,1034584063,1073217535,1073741823,1073741823,1073741823:k7
1073741823,1073741823,1073741823,1073741823,1073741823,1071644671,1073413887,1071020031,1073081343,1073201151,1034584063,1073217535,1073741823,1073741823,1073741823:k7
1073741823,1073741823,1073741823,1073741823,1073741823,1071644671,1073413887,1071020031,1073082367,1056423935,1034584063,1073217535,1073741823,1073741823,1073741823:k7
1073741823,1073741823,1073741823,1073741823,1073741823,1071644671,1073413887,1071020031,1073082367,1073201151,1034584063,1073217535,1073737727,1073741823,1073741823:k7
1073741823,1073741823,1073741823,1073741823,1073741823,1071644671,1073413887,1071020031,1073082367,1073201151,1034584063,1073151999,1073741823,1073741823,1073741823:k7
1073741823,1073741823,1073741823,1073676287,1073741823,1071644671,1073413887,1071020031,1073082367,1073201151,1034584063,1073217535,1073741823,1073741823,1073741823:k9
1073741823,1073741823,1073741823,1072693247,1073741823,1071644671,1073413887,1071020031,1073082367,1073201151,1034584063,1073217535,1073741823,1073741823,1073741823:k9
1073741823,1073741823,1073741823,1056964607,1073741823,1071644671,1073413887,1071020031,1073082367,1073201151,1034584063,1073217535,1073741823,1073741823,1073741823:k7
1073741823,1073741823,1073741823,1073741823,1073741823,1054867455,1073413887,1071020031,1073082367,1073201151,1034584063,1073217535,1073741823,1073741823,1073741823:k9
1073741823,1073741823,1073741823,1073741823,1073741823,1071644671,1073413887,1054242815,1073082367,1073201151,1034584063,1073217535,1073741823,1073741823,1073741823:k7
1073741823,1073741823,1073741823,1073741823,1073725439,1071644671,1073413887,1071020031,1073082367,1073201151,1034584063,1073217535,1073741823,1073741823,1073741823:k7
1073741823,1073741823,1073741823,1073741823,1073479679,1071644671,1073413887,1071020031,1073082367,1073201151,1034584063,1073217535,1073741823,1073741823,1073741823:k9
1073741823,1073741823,1073741823,1073741823,1069547519,1071644671,1073413887,1071020031,1073082367,1073201151,1034584063,1073217535,1073741823,1073741823,1073741823:k9
1073741823,1073741823,1073741823,1073741823,1073741823,1071644671,1069219583,1071020031,1073082367,1073201151,1034584063,1073217535,1073741823,1073741823,1073741823:g7
1073741823,1073741823,1073741823,1073741823,1006632959,1071644671,1069211391,1071020031,1073082367,1073201151,1034584063,1073217535,1073741823,1073741823,1073741823:f6
1073741823,1073741823,1073741823,1073741823,1073741823,1071644671,1002102527,1071020031,1073082367,1073201151,1034584063,1073217535,1073741823,1073741823,1073741823:f6
1073741823,1073741823,1073741823,1073741823,1073741823,1071644671,1052434175,1071020031,1073082367,1073201151,1034584063,1073217535,1073741823,1073741823,1073741823:f6
1073741823,1073741823,1073741823,1073741823,1073741823,1071644671,1069211391,1071020031,804646911,1073201151,1034584063,1073217535,1073741823,1073741823,1073741823:f6
1073741823,1073741823,1073741823,1073741823,1073741823,1071644671,1069211391,1071020031,1073082367,1006092287,1034584063,1073217535,1073741823,1073741823,1073741823:f6
1073741823,1073741823,1073741823,1073741823,1073741823,1071644671,1069211391,1071020031,1073082367,1073201151,766148607,1073217535,1073741823,1073741823,1073741823:f6
1073741823,1073741823,1073741823,1073741823,1073741823,1071644671,1069211391,1071020031,1073082367,1073201151,1034584063,1073217535,805306367,1073741823,1073741823:f6
1073741823,1073741823,1073741823,1073741823,1073741823,1071644671,1069211391,1071020031,1073082367,1073201151,1034584063,1006108671,1073741823,1073741823,1073741823:f6
1073741823,1073741823,1073741823,1073741823,1073741823,1071644671,1069211391,1071020031,1005973503,1073201151,1034584063,1073217535,1073741823,1073741823,1073741823:f6
1073741823,1073741823,1073741823,1073741823,1073741823,1071644671,1069211391,1071020031,1073082367,1073201151,967475199,1073217535,1073741823,1073741823,1073741823:f6
1073741823,1073741823,1073741823,1073741823,1073741823,1071644671,1069211391,1071020031,1073082367,1073201151,1034584063,1073217535,1006632959,1073741823,1073741823:f6
1073741823,1073741823,1073741823,1073741823,1073741823,1071644671,1069211391,1071020031,1073082367,1073201151,1034584063,1056440319,1073741823,1073741823,1073741823:f6
1073741823,1073741823,1073741823,1073741823,1073741823,1071644671,1069211391,1071020031,1073082367,1073201087,1034584063,1073217535,1073741823,1073741823,1073741823:f6
1073741823,1073741823,1073741823,1073741823,1073741823,1071644671,1069211391,1071020031,1073082351,1073201151,1034584063,1073217535,1073741823,1073741823,1073741823:f6
1073741823,1073741823,1073741823,1073741823,1073741823,1071644671,1069211391,1071019967,1073082367,1073201151,1034584063,1073217535,1073741823,1073741823,1073741823:f6
1073741823,1073741823,1073741823,1073741823,1073741823,1071644671,1069211375,1071020031,1073082367,1073201151,1034584063,1073217535,1073741823,1073741823,1073741823:f6
1073741823,1073741823,1073741823,1073741823,1073741823,1071644671,1069211327,1071020031,1073082367,1073201151,1034584063,1073217535,1073741823,1073741823,1073741823:f6
1073741823,1073741823,1073741823,1073741823,1073741807,1071644671,1069211391,1071020031,1073082367,1073201151,1034584063,1073217535,1073741823,1073741823,1073741823:f6
1073741823,1073741823,1073741823,1073741823,1073741823,1071644607,1069211391,1071020031,1073082367,1073201151,1034584063,1073217535,1073741823,1073741823,1073741823:f6
1073741823,1073741823,1073741823,1073741823,1073741567,1071644671,1069211391,1071020031,1073082367,1073201151,1034584063,1073217535,1073741823,1073741823,1073741823:f6
1073741823,1073741823,1073741823,1073741823,1073741823,1071644415,1069211391,1071020031,1073082367,1073201151,1034584063,1073217535,1073741823,1073741823,1073741823:f6
1073741823,1073741823,1073741823,1073741823,1073741823,1071644671,1069210367,1071020031,1073082367,1073201151,1034584063,1073217535,1073741823,1073741823,1073741823:f6
1073741823,1073741823,1073741823,1073741823,1073741823,1071644671,1069211391,1071019775,1073082367,1073201151,1034584063,1073217535,1073741823,1073741823,1073741823:f6
1073741823,1073741823,1073741823,1073741823,1073741823,1071644671,1069211391,1071020031,1073082367,1073201151,1034584063,1073217535,1073740799,1073741823,1073741823:f6
1073741823,1073741823,1073741823,1073741823,1073741823,1071644671,1069211391,1071020031,1073082367,1073201151,1034584063,1073213439,1073741823,1073741823,1073741823:f6
1073741823,1073741823,1073741823,1073741823,1073741823,1071644671,1069211391,1071020031,1073082367,1073201151,1034583039,1073217535,1073741823,1073741823,1073741823:f6
1073741823,1073741823,1073741823,1073741823,1073741823,1071644671,1069211391,1071020031,1073082367,1073201151,1034584063,1073217535,1073725439,1073741823,1073741823:f6
1073741823,1073741823,1073741823,1073741823,1073741823,1071644671,1069211391,1071020031,1073082367,1073201151,1034584063,1073217535,1069547519,1073741823,1073741823:f6
1073741823,1073741823,1073741823,1073741823,1073741823,1071644671,1069211391,1071020031,1073082367,1073201151,1034584063,1073217535,1073741823,1073725439,1073741823:f6
1073741823,1073741823,1073741823,1073741823,1073741823,1071644671,1069211391,1071020031,1073082367,1073201151,1034584063,1073217535,1073741823,1069547519,1073741823:f6
1073741823,1073741823,1073741823,1073741823,1073741823,1071644671,1069211391,1071020031,1073082367,1073201151,1034584063,1073217535,1073741823,1073479679,1073741823:f6
1073741823,1073741823,1073741823,1073741823,1073741823,1071644671,1069211391,1071020031,1073082367,1073201151,1034584063,1073217535,1073479679,1073741823,1073741823:f6
1073741823,1073741823,1073741823,1073741823,1073741823,1071644671,1069211391,1071020031,1073082367,1073201151,1034583807,1073217535,1073741823,1073741823,1073741823:f6
1073741823,1073741823,1073741823,1073741823,1073741823,1071644671,1069211391,1071020031,1073082111,1073201151,1034584063,1073217535,1073741823,1073741823,1073741823:f6
1073741823,1073741823,1073741823,1073741823,1073741823,1071644671,1069211391,1071020031,1073081343,1073201151,1034584063,1073217535,1073741823,1073741823,1073741823:f6
1073741823,1073741823,1073741823,1073741823,1073741823,1071644671,1069211391,1071020031,1073082367,1056423935,1034584063,1073217535,1073741823,1073741823,1073741823:f6
1073741823,1073741823,1073741823,1073741823,1073741823,1071644671,1069211391,1071020031,1073082367,1073201151,1034584063,1073217535,1073737727,1073741823,1073741823:f6
1073741823,1073741823,1073741823,1073741823,1073741823,1071644671,1069211391,1071020031,1073082367,1073201151,1034584063,1073151999,1073741823,1073741823,1073741823:f6
1073741823,1073741823,1073741823,1073676287,1073741823,1071644671,1069211391,1071020031,1073082367,1073201151,1034584063,1073217535,1073741823,1073741823,1073741823:f6
1073741823,1073741823,1073741823,1072693247,1073741823,1071644671,1069211391,1071020031,1073082367,1073201151,1034584063,1073217535,1073741823,1073741823,1073741823:f6
1073741823,1073741823,1073741823,1056964607,1073741823,1071644671,1069211391,1071020031,1073082367,1073201151,1034584063,1073217535,1073741823,1073741823,1073741823:f6
1073741823,1073741823,1073741823,1073741823,1073741823,1054867455,1069211391,1071020031,1073082367,1073201151,1034584063,1073217535,1073741823,1073741823,1073741823:f6
1073741823,1073741823,1073741823,1073741823,1073741823,1071644671,1069211391,1054242815,1073082367,1073201151,1034584063,1073217535,1073741823,1073741823,1073741823:f6
1073741823,1073741823,1073741823,1073741823,1073725439,1071644671,1069211391,1071020031,1073082367,1073201151,1034584063,1073217535,1073741823,1073741823,1073741823:f6
1073741823,1073741823,1073741823,1073741823,1073479679,1071644671,1069211391,1071020031,1073082367,1073201151,1034584063,1073217535,1073741823,1073741823,1073741823:f6
1073741823,1073741823,1073741823,1073741823,1069547519,1071644671,1069211391,1071020031,1073082367,1073201151,1034584063,1073217535,1073741823,1073741823,1073741823:f6
1073741823,1073741823,1073741823,1073741823,1073741823,1071644671,1069211391,1071020031,1068888063,1073201151,1034584063,1073217535,1073741823,1073741823,1073741823:f6
1073741823,1073741823,1073741823,1073741823,1073741823,1071644671,1069211391,1071020031,1073082367,1073201151,1034584063,1073217535,1073676287,1073741823,1073741823:f6
1073741823,1073741823,1073741823,1073741823,1073741823,1071644671,1069211391,1071020031,1056305151,1073201151,1034584063,1073217535,1073741823,1073741823,1073741823:f6
1073741823,1073741823,1073741823,1073741823,1073741823,1071644671,1069211391,1071020031,1073082367,1073201151,1034584063,1073217535,1056964607,1073741823,1073741823:f6
1073741823,1073741823,1073741823,1073741823,1073741823,1071644671,1069211391,1071020031,1073082367,1073201151,1034584063,1073217535,1072693247,1073741823,1073741823:f6
1073741823,1073741823,1073741823,1073741823,1073741823,1071644671,1069211391,1071020031,1073082367,1073201151,1034584063,1072168959,1073741823,1073741823,1073741823:f6
1073741823,1073741823,1073741823,1073741823,1073741823,1071644671,1069211391,1071020031,1073082367,1073201151,1034584063,1069023231,1073741823,1073741823,1073741823:f6
1073741823,1073741823,1073741823,1073741823,1073741823,1071644671,1069211391,1071020031,1073082367,1073201151,1034584063,1073216511,1073741823,1073741823,1073741823:f6
1073741823,1073741823,1073741823,1073741823,1073741823,1071644671,1069211391,1071020031,1073082367,1073201151,1034584063,1073201151,1073741823,1073741823,1073741823:f6
1073741823,1073741823,1073741823,1073741823,1073741823,1071644671,1069211391,1071020031,1073082367,1073201151,1034579967,1073217535,1073741823,1073741823,1073741823:f6
1073741823,1073741823,1073741823,1073741823,1073741823,1071644671,1069211391,1071020031,1073082367,1073197055,1034584063,1073217535,1073741823,1073741823,1073741823:f6
1073741823,1073741823,1073741823,1073741823,1073741823,1071640575,1069211391,1071020031,1073082367,1073201151,1034584063,1073217535,1073741823,1073741823,1073741823:f6
1073741823,1073741823,1073741823,1073741823,1073741823,1071644671,1069211391,1071020031,1073082367,1072152575,1034584063,1073217535,1073741823,1073741823,1073741823:f6
1073741823,1073741823,1073741823,1073741823,1073741823,1071644671,1069211391,1071020031,1073082367,1073135615,1034584063,1073217535,1073741823,1073741823,1073741823:f6
1073741823,1073741823,1073741823,1073741823,1073741823,1067450367,1069211391,1071020031,1073082367,1073201151,1034584063,1073217535,1073741823,1073741823,1073741823:f6
1073741823,1073741823,1073741823,1073741823,1073741823,1071644671,1069211391,1066825727,1073082367,1073201151,1034584063,1073217535,1073741823,1073741823,1073741823:f6
1073741823,1073741823,1073741823,1073741823,1073741823,1071644671,1069211391,1071020031,1073082367,1069006847,1034584063,1073217535,1073741823,1073741823,1073741823:f6
1073741823,1073741823,1073741823,1073741823,1073737727,1071644671,1069211391,1071020031,1073082367,1073201151,1034584063,1073217535,1073741823,1073741823,1073741823:f6
1073741823,1073741823,1073741823,1073741823,1073676287,1071644671,1069211391,1071020031,1073082367,1073201151,1034584063,1073217535,1073741823,1073741823,1073741823:f6
1073741823,1073741823,1073741823,1073741823,1073741823,1071579135,1069211391,1071020031,1073082367,1073201151,1034584063,1073217535,1073741823,1073741823,1073741823:f6
1073741823,1073741823,1073741823,1073741823,1072693247,1071644671,1069211391,1071020031,1073082367,1073201151,1034584063,1073217535,1073741823,1073741823,1073741823:f6
1073741823,1073741823,1073741823,1073741823,1073741823,1071644671,1068162815,1071020031,1073082367,1073201151,1034584063,1073217535,1073741823,1073741823,1073741823:f6
1073741823,1073741823,1073741823,1073741823,1073741823,1071644671,1069211391,1071020031,1072033791,1073201151,1034584063,1073217535,1073741823,1073741823,1073741823:f6
1073741823,1073741823,1073741823,1073741823,1073741823,1071644671,1069211391,1071020031,1073082367,1073200127,1034584063,1073217535,1073741823,1073741823,1073741823:f6
1073741823,1073741823,1073741823,1073741823,1073741823,1071644671,1069211391,1071015935,1073082367,1073201151,1034584063,1073217535,1073741823,1073741823,1073741823:f6
1073741823,1073741823,1073741823,1073741823,1073741823,1071643647,1069211391,1071020031,1073082367,1073201151,1034584063,1073217535,1073741823,1073741823,1073741823:k7
1073741823,1073741823,1073741823,1073741823,1073741823,1071628287,1069211391,1071020031,1073082367,1073201151,1034584063,1073217535,1073741823,1073741823,1073741823:f6
1073741823,1073741823,1073741823,1073741823,1073741823,1071644671,1069195007,1071020031,1073082367,1073201151,1034584063,1073217535,1073741823,1073741823,1073741823:f6
1073741823,1073741823,1073741823,1073741823,1073741823,1071382527,1069211391,1071020031,1073082367,1073201151,1034584063,1073217535,1073741823,1073741823,1073741823:f6
1073741823,1073741823,1073741823,1073741823,1073741823,1071644671,1069211391,1071020031,1073065983,1073201151,1034584063,1073217535,1073741823,1073741823,1073741823:f6
1073741823,1073741823,1073741823,1073741823,1073741823,1071644671,1073413887,1071020031,1068888063,1073201151,1034584063,1073217535,1073741823,1073741823,1073741823:k7
1073741823,1073741823,1073741823,1073741823,1073741823,1071644671,1073413887,1071020031,1073082367,1073201151,1034584063,1073217535,1073676287,1073741823,1073741823:k7
1073741823,1073741823,1073741823,1073741823,1073741823,1071644671,1073413887,1071020031,1056305151,1073201151,1034584063,1073217535,1073741823,1073741823,1073741823:k7
1073741823,1073741823,1073741823,1073741823,1073741823,1071644671,1073413887,1071020031,1073082367,1073201151,1034584063,1073217535,1056964607,1073741823,1073741823:k7
1073741823,1073741823,1073741823,1073741823,1073741823,1071644671,1073413887,1071020031,1073082367,1073201151,1034584063,1073217535,1072693247,1073741823,1073741823:k9
1073741823,1073741823,1073741823,1073741823,1073741823,1071644671,1073413887,1071020031,1073082367,1073201151,1034584063,1072168959,1073741823,1073741823,1073741823:k9
1073741823,1073741823,1073741823,1073741823,1073741823,1071644671,1073413887,1071020031,1073082367,1073201151,1034584063,1069023231,1073741823,1073741823,1073741823:k7
1073741823,1073741823,1073741823,1073741823,1073741823,1071644671,1073413887,1071020031,1073082367,1073201151,1034584063,1073216511,1073741823,1073741823,1073741823:k7
1073741823,1073741823,1073741823,1073741823,1073741823,1071644671,1073413887,1071020031,1073082367,1073201151,1034584063,1073201151,1073741823,1073741823,1073741823:k7
1073741823,1073741823,1073741823,1073741823,1073741823,1071644671,1073413887,1071020031,1073082367,1073201151,1034579967,1073217535,1073741823,1073741823,1073741823:k7
1073741823,1073741823,1073741823,1073741823,1073741823,1071644671,1073413887,1071020031,1073082367,1073197055,1034584063,1073217535,1073741823,1073741823,1073741823:i10
1073741823,1073741823,1073741823,1073741823,1073741823,1071640575,1073413887,1071020031,1073082367,1073201151,1034584063,1073217535,1073741823,1073741823,1073741823:k7
1073741823,1073741823,1073741823,1073741823,1073741823,1071644671,1073413887,1071020031,1073082367,1072152575,1034584063,1073217535,1073741823,1073741823,1073741823:i10
1073741823,1073741823,1073741823,1073741823,1073741823,1071644671,1073413887,1071020031,1073082367,1073135615,1034584063,1073217535,1073741823,1073741823,1073741823:k7
1073741823,1073741823,1073741823,1073741823,1073741823,1067450367,1073413887,1071020031,1073082367,1073201151,1034584063,1073217535,1073741823,1073741823,1073741823:k9
1073741823,1073741823,1073741823,1073741823,1073741823,1071644671,1073413887,1066825727,1073082367,1073201151,1034584063,1073217535,1073741823,1073741823,1073741823:k7
1073741823,1073741823,1073741823,1073741823,1073741823,1071644671,1073413887,1071020031,1073082367,1069006847,1034584063,1073217535,1073741823,1073741823,1073741823:k7
1073741823,1073741823,1073741823,1073741823,1073737727,1071644671,1073413887,1071020031,1073082367,1073201151,1034584063,1073217535,1073741823,1073741823,1073741823:k7
1073741823,1073741823,1073741823,1073741823,1073676287,1071644671,1073413887,1071020031,1073082367,1073201151,1034584063,1073217535,1073741823,1073741823,1073741823:k9
1073741823,1073741823,1073741823,1073741823,1073741823,1071579135,1073413887,1071020031,1073082367,1073201151,1034584063,1073217535,1073741823,1073741823,1073741823:k9
1073741823,1073741823,1073741823,1073741823,1072693247,1071644671,1073413887,1071020031,1073082367,1073201151,1034584063,1073217535,1073741823,1073741823,1073741823:i10
1073741823,1073741823,1073741823,1073741823,1073741823,1071644671,1072365311,1071020031,1073082367,1073201151,1034584063,1073217535,1073741823,1073741823,1073741823:i10
1073741823,1073741823,1073741823,1073741823,1073741823,1071644671,1073413887,1071020031,1072033791,1073201151,1034584063,1073217535,1073741823,1073741823,1073741823:i10
1073741823,1073741823,1073741823,1073741823,1073741823,1071644671,1073413887,1071020031,1073082367,1073200127,1034584063,1073217535,1073741823,1073741823,1073741823:k7
1073741823,1073741823,1073741823,1073741823,1073741823,1071644671,1073413887,1071015935,1073082367,1073201151,1034584063,1073217535,1073741823,1073741823,1073741823:k7
1073741823,1073741823,1073741823,1073741823,1073741823,1071643647,1073413887,1071020031,1073082367,1073201151,1034584063,1073217535,1073741823,1073741823,1073741823:k7
1073741823,1073741823,1073741823,1073741823,1073741823,1071644671,1073409791,1071020031,1073082367,1073201151,1034584063,1073217535,1073741823,1073741823,1073741823:i10
1073741823,1073741823,1073741823,1073741823,1073741823,1071628287,1073413887,1071020031,1073082367,1073201151,1034584063,1073217535,1073741823,1073741823,1073741823:k7
1073741823,1073741823,1073741823,1073741823,1073741823,1071644671,1073397503,1071020031,1073082367,1073201151,1034584063,1073217535,1073741823,1073741823,1073741823:i10
1073741823,1073741823,1073741823,1073741823,1073741823,1071382527,1073413887,1071020031,1073082367,1073201151,1034584063,1073217535,1073741823,1073741823,1073741823:k9
1073741823,1073741823,1073741823,1073741823,1073741823,1071644671,1073413887,1071020031,1073065983,1073201151,1034584063,1073217535,1073741823,1073741823,1073741823:i10
1073741823,1073741823,1073741823,1073741823,1073741823,1071644671,1073413887,1071020031,1073082367,1073201151,1072332799,1073217535,1056964607,1073741823,1073741823:k9
1073741823,1073741823,1073741823,1073741823,1073741823,1071644671,1073413887,1071020031,1073082367,1073201151,1072332799,1073217535,1072693247,1073741823,1073741823:k9
1073741823,1073741823,1073741823,1073741823,1073741823,1071644671,1073413887,1071020031,1073082367,1073201151,1072332799,1072168959,1073741823,1073741823,1073741823:i10
1073741823,1073741823,1073741823,1073741823,1073741823,1071644671,1073413887,1071020031,1073082367,1073201151,1072332799,1069023231,1073741823,1073741823,1073741823:i10
1073741823,1073741823,1073741823,1073741823,1073741823,1071644671,1073413887,1071020031,1073082367,1073201151,1072332799,1073216511,1073741823,1073741823,1073741823:k7
1073741823,1073741823,1073741823,1073741823,1073741823,1071644671,1073413887,1071020031,1073082367,1073201151,1072332799,1073201151,1073741823,1073741823,1073741823:k7
1073741823,1073741823,1073741823,1073741823,1073741823,1071644671,1073413887,1071020031,1073082367,1073201151,1072328703,1073217535,1073741823,1073741823,1073741823:k7
1073741823,1073741823,1073741823,1073741823,1073741823,1071644671,1073413887,1071020031,1073082367,1073197055,1072332799,1073217535,1073741823,1073741823,1073741823:i10
1073741823,1073741823,1073741823,1073741823,1073741823,1071640575,1073413887,1071020031,1073082367,1073201151,1072332799,1073217535,1073741823,1073741823,1073741823:k7
1073741823,1073741823,1073741823,1073741823,1073741823,1071644671,1073413887,1071020031,1073082367,1072152575,1072332799,1073217535,1073741823,1073741823,1073741823:i10
1073741823,1073741823,1073741823,1073741823,1073741823,1071644671,1073413887,1071020031,1073082367,1073135615,1072332799,1073217535,1073741823,1073741823,1073741823:k7
1073741823,1073741823,1073741823,1073741823,1073741823,1067450367,1073413887,1071020031,1073082367,1073201151,1072332799,1073217535,1073741823,1073741823,1073741823:k9
1073741823,1073741823,1073741823,1073741823,1073741823,1071644671,1073413887,1066825727,1073082367,1073201151,1072332799,1073217535,1073741823,1073741823,1073741823:i10
1073741823,1073741823,1073741823,1073741823,1073741823,1071644671,1073413887,1071020031,1073082367,1069006847,1072332799,1073217535,1073741823,1073741823,1073741823:i10
1073741823,1073741823,1073741823,1073741823,1073737727,1071644671,1073413887,1071020031,1073082367,1073201151,1072332799,1073217535,1073741823,1073741823,1073741823:k7
1073741823,1073741823,1073741823,1073741823,1073676287,1071644671,1073413887,1071020031,1073082367,1073201151,1072332799,1073217535,1073741823,1073741823,1073741823:k9
1073741823,1073741823,1073741823,1073741823,1073741823,1071579135,1073413887,1071020031,1073082367,1073201151,1072332799,1073217535,1073741823,1073741823,1073741823:k9
1073741823,1073741823,1073741823,1073741823,1072693247,1071644671,1073413887,1071020031,1073082367,1073201151,1072332799,1073217535,1073741823,1073741823,1073741823:i10
1073741823,1073741823,1073741823,1073741823,1073741823,1071644671,1072365311,1071020031,1073082367,1073201151,1072332799,1073217535,1073741823,1073741823,1073741823:i10
1073741823,1073741823,1073741823,1073741823,1073741823,1071644671,1073413887,1071020031,1072033791,1073201151,1072332799,1073217535,1073741823,1073741823,1073741823:i10
1073741823,1073741823,1073741823,1073741823,1073741823,1071644671,1073413887,1071020031,1073082367,1073200127,1072332799,1073217535,1073741823,1073741823,1073741823:k7
1073741823,1073741823,1073741823,1073741823,1073741823,1071644671,1073413887,1071015935,1073082367,1073201151,1072332799,1073217535,1073741823,1073741823,1073741823:k7
1073741823,1073741823,1073741823,1073741823,1073741823,1071643647,1073413887,1071020031,1073082367,1073201151,1072332799,1073217535,1073741823,1073741823,1073741823:k7
1073741823,1073741823,1073741823,1073741823,1073741823,1071644671,1073409791,1071020031,1073082367,1073201151,1072332799,1073217535,1073741823,1073741823,1073741823:i10
1073741823,1073741823,1073741823,1073741823,1073741823,1071628287,1073413887,1071020031,1073082367,1073201151,1072332799,1073217535,1073741823,1073741823,1073741823:k7
1073741823,1073741823,1073741823,1073741823,1073741823,1071644671,1073397503,1071020031,1073082367,1073201151,1072332799,1073217535,1073741823,1073741823,1073741823:i10
1073741823,1073741823,1073741823,1073741823,1073741823,1071382527,1073413887,1071020031,1073082367,1073201151,1072332799,1073217535,1073741823,1073741823,1073741823:k9
1073741823,1073741823,1073741823,1073741823,1073741823,1071644671,1073413887,1071020031,1073065983,1073201151,1072332799,1073217535,1073741823,1073741823,1073741823:i10
