1073741823,1073741823,1073741823,1073741823,1073741823,1073709055,1073131519,1071995903,1073741822,1073741823,1073741823,1073741823,1073741823,1073741823,1073741823:j6
1073741823,1073741823,1073741823,1069547519,1073741823,1073184767,1073131519,1071995903,1073741822,1073741823,1073741823,1073741823,1073741823,1073741823,1073741823:k6
1073741823,1073741823,1073741823,1073741823,1073741823,1073184767,1073131518,1071995903,1073741822,1073741823,1073741823,1073741823,1073741823,1073741823,1073741823:k6
1073741823,1073741823,1073741823,1073741823,1073741823,1073184767,1073131519,1071995902,1073741822,1073741823,1073741823,1073741823,1073741823,1073741823,1073741823:k6
1073741823,1073741823,1073741823,1073741823,1073741823,1073184767,1073131503,1071995903,1073741822,1073741823,1073741823,1073741823,1073741823,1073741823,1073741823:k6
1073741823,1073741823,1073741823,1073741823,1073741823,1073184767,1073131519,1071995899,1073741822,1073741823,1073741823,1073741823,1073741823,1073741823,1073741823:k6
1073741823,1073741823,1073741823,1073741823,1073741823,1073184767,1073131519,1071995903,1073741806,1073741823,1073741823,1073741823,1073741823,1073741823,1073741823:j5
1073741823,1073741823,1073741823,1073741823,1073741823,1073184767,1073131519,1071995903,1073741818,1073741823,1073741823,1073741823,1073741823,1073741823,1073741823:k6
1073741823,1073741823,1073741823,1073741823,1073741823,1073184767,1073131519,1071995903,1073741822,1073741823,1073741807,1073741823,1073741823,1073741823,1073741823:j5
1073741823,1073741823,1073741823,1073741823,1073741823,1073184767,1073131519,1071995903,1073741822,1073741819,1073741823,1073741823,1073741823,1073741823,1073741823:k6
1073741823,1073741823,1073741823,1073741823,1073741823,1073184767,1073131519,1071995903,1073741822,1073741823,1073741822,1073741823,1073741823,1073741823,1073741823:k6
1073741823,1073741823,1073741823,1073741823,1073741823,1073184767,1073131519,1071995903,1073741822,1073741822,1073741823,1073741823,1073741823,1073741823,1073741823:k6
1073741823,1073741823,1073741823,1073741823,1069547519,1073184767,1073131519,1071995903,1073741822,1073741823,1073741823,1073741823,1073741823,1073741823,1073741823:j5
1073741823,1073741823,1073741823,1073741823,1073740799,1073184767,1073131519,1071995903,1073741822,1073741823,1073741823,1073741823,1073741823,1073741823,1073741823:j5
1073741823,1073741823,1073741823,1073741823,1073479679,1073184767,1073131519,1071995903,1073741822,1073741823,1073741823,1073741823,1073741823,1073741823,1073741823:k6
1073741823,1073741823,1073741823,1073740799,1073741823,1073184767,1073131519,1071995903,1073741822,1073741823,1073741823,1073741823,1073741823,1073741823,1073741823:j5
1073741823,1073741823,1073741823,1073725439,1073741823,1073184767,1073131519,1071995903,1073741822,1073741823,1073741823,1073741823,1073741823,1073741823,1073741823:k6
1073741823,1073741823,1073741823,1073741823,1073725439,1073184767,1073131519,1071995903,1073741822,1073741823,1073741823,1073741823,1073741823,1073741823,1073741823:j5
1073741823,1073741823,1073741823,1073479679,1073741823,1073184767,1073131519,1071995903,1073741822,1073741823,1073741823,1073741823,1073741823,1073741823,1073741823:k6
1073741823,1073741823,1073741823,1073741823,1073741823,1073184767,1073131519,1071995903,1073741822,1073741759,1073741823,1073741823,1073741823,1073741823,1073741823:j5
1073741823,1073741823,1073741823,1073741823,1073741823,1073184767,1073131519,1071995839,1073741822,1073741823,1073741823,1073741823,1073741823,1073741823,1073741823:j5
1073741823,1073741823,1073741823,1073741823,1073741823,1073184703,1073131519,1071995903,1073741822,1073741823,1073741823,1073741823,1073741823,1073741823,1073741823:j5
1073741823,1073741823,1073741823,1073741823,1073741823,1073184767,1073131519,1071995903,1073741822,1073741567,1073741823,1073741823,1073741823,1073741823,1073741823:j5
1073741823,1073741823,1073741823,1073741823,1073741823,1073184767,1073131519,1071995903,1073740798,1073741823,1073741823,1073741823,1073741823,1073741823,1073741823:j5
1073741823,1073741823,1073741823,1073741823,1073741823,1073184767,1073131519,1071995647,1073741822,1073741823,1073741823,1073741823,1073741823,1073741823,1073741823:j5
1073741823,1073741823,1073741823,1073741823,1073741823,1073184511,1073131519,1071995903,1073741822,1073741823,1073741823,1073741823,1073741823,1073741823,1073741823:j5
1073741823,1073741823,1073741823,1073741823,1073741823,1056407551,1073131519,1071995903,1073741822,1073741823,1073741823,1073741823,1073741823,1073741823,1073741823:k6
1073741823,1073741823,1073741823,1073741823,1073741823,1073184767,1068937215,1071995903,1073741822,1073741823,1073741823,1073741823,1073741823,1073741823,1073741823:k6
1073741823,1073741823,1073741823,1073741823,1073741823,1073184767,1073131519,1055218687,1073741822,1073741823,1073741823,1073741823,1073741823,1073741823,1073741823:k6
1073741823,1073741823,1073741823,1073741823,1073741823,1073184767,1073131519,1071995903,1073741822,1056964607,1073741823,1073741823,1073741823,1073741823,1073741823:k6
1073741823,1073741823,1073741823,1073741823,1073741823,1073184767,1073131519,1071995903,1069547518,1073741823,1073741823,1073741823,1073741823,1073741823,1073741823:k6
1073741823,1073741823,1073741823,1073741823,1073741823,1073184767,1073131519,1071995903,1073741822,1073737727,1073741823,1073741823,1073741823,1073741823,1073741823:j5
1073741823,1073741823,1073741823,1073741823,1073741823,1072136191,1073131519,1071995903,1073741822,1073741823,1073741823,1073741823,1073741823,1073741823,1073741823:j5
1073741823,1073741823,1073741823,1073741823,1073741823,1073184767,1073131519,1071995903,1073741822,1072693247,1073741823,1073741823,1073741823,1073741823,1073741823:k6
1073741823,1073741823,1073741823,1073741823,1073741823,1073184767,1073131519,1071995903,1073741822,1073676287,1073741823,1073741823,1073741823,1073741823,1073741823:k6
1073741823,1073741823,1073741823,1073741823,1073741823,1073184767,1073131519,1071995903,1073741566,1073741823,1073741823,1073741823,1073741823,1073741823,1073741823:j5
1073741823,1073741823,1073741823,1073741823,1073741823,1073184767,1073131263,1071995903,1073741822,1073741823,1073741823,1073741823,1073741823,1073741823,1073741823:f7
1073741823,1073741823,1073741823,1073741823,1073741823,1073184767,1073129215,1071995903,1073741758,1073741823,1073741823,1073741823,1073741823,1073741823,1073741823:k6
1073741823,1073741823,1073741823,1073741823,1073741759,1073184767,1073129215,1071995903,1073741822,1073741823,1073741823,1073741823,1073741823,1073741823,1073741823:k6
1073741823,1073741823,1073741823,1073741823,1073741823,1073184767,1073129151,1071995903,1073741822,1073741823,1073741823,1073741823,1073741823,1073741823,1073741823:k6
1073741823,1073741823,1073741823,1073741823,1073741807,1073184767,1073129215,1071995903,1073741822,1073741823,1073741823,1073741823,1073741823,1073741823,1073741823:j5
1073741823,1073741823,1073741823,1069547519,1073741823,1073184767,1073129215,1071995903,1073741822,1073741823,1073741823,1073741823,1073741823,1073741823,1073741823:k6
1073741823,1073741823,1073741823,1073741823,1073741823,1073184767,1073129214,1071995903,1073741822,1073741823,1073741823,1073741823,1073741823,1073741823,1073741823:k6
1073741823,1073741823,1073741823,1073741823,1073741823,1073184767,1073129215,1071995902,1073741822,1073741823,1073741823,1073741823,1073741823,1073741823,1073741823:k6
1073741823,1073741823,1073741823,1073741823,1073741823,1073184767,1073129199,1071995903,1073741822,1073741823,1073741823,1073741823,1073741823,1073741823,1073741823:k6
1073741823,1073741823,1073741823,1073741823,1073741823,1073184767,1073129215,1071995899,1073741822,1073741823,1073741823,1073741823,1073741823,1073741823,1073741823:k6
1073741823,1073741823,1073741823,1073741823,1073741823,1073184767,1073129215,1071995903,1073741806,1073741823,1073741823,1073741823,1073741823,1073741823,1073741823:k6
1073741823,1073741823,1073741823,1073741823,1073741823,1073184767,1073129215,1071995903,1073741818,1073741823,1073741823,1073741823,1073741823,1073741823,1073741823:k6
1073741823,1073741823,1073741823,1073741823,1073741823,1073184767,1073129215,1071995903,1073741822,1073741823,1073741807,1073741823,1073741823,1073741823,1073741823:k6
1073741823,1073741823,1073741823,1073741823,1073741823,1073184767,1073129215,1071995903,1073741822,1073741819,1073741823,1073741823,1073741823,1073741823,1073741823:k6
1073741823,1073741823,1073741823,1073741823,1073741823,1073184767,1073129215,1071995903,1073741822,1073741823,1073741822,1073741823,1073741823,1073741823,1073741823:k6
1073741823,1073741823,1073741823,1073741823,1073741823,1073184767,1073129215,1071995903,1073741822,1073741822,1073741823,1073741823,1073741823,1073741823,1073741823:k6
1073741823,1073741823,1073741823,1073741823,1069547519,1073184767,1073129215,1071995903,1073741822,1073741823,1073741823,1073741823,1073741823,1073741823,1073741823:k6
1073741823,1073741823,1073741823,1073741823,1073740799,1073184767,1073129215,1071995903,1073741822,1073741823,1073741823,1073741823,1073741823,1073741823,1073741823:k6
1073741823,1073741823,1073741823,1073741823,1073479679,1073184767,1073129215,1071995903,1073741822,1073741823,1073741823,1073741823,1073741823,1073741823,1073741823:k6
1073741823,1073741823,1073741823,1073740799,1073741823,1073184767,1073129215,1071995903,1073741822,1073741823,1073741823,1073741823,1073741823,1073741823,1073741823:k6
1073741823,1073741823,1073741823,1073725439,1073741823,1073184767,1073129215,1071995903,1073741822,1073741823,1073741823,1073741823,1073741823,1073741823,1073741823:k6
1073741823,1073741823,1073741823,1073741823,1073725439,1073184767,1073129215,1071995903,1073741822,1073741823,1073741823,1073741823,1073741823,1073741823,1073741823:k6
1073741823,1073741823,1073741823,1073479679,1073741823,1073184767,1073129215,1071995903,1073741822,1073741823,1073741823,1073741823,1073741823,1073741823,1073741823:k6
1073741823,1073741823,1073741823,1073741823,1073741823,1073184767,1073129215,1071995903,1073741822,1073741759,1073741823,1073741823,1073741823,1073741823,1073741823:j5
1073741823,1073741823,1073741823,1073741823,1073741823,1073184767,1073129215,1071995839,1073741822,1073741823,1073741823,1073741823,1073741823,1073741823,1073741823:k6
1073741823,1073741823,1073741823,1073741823,1073741823,1073184703,1073129215,1071995903,1073741822,1073741823,1073741823,1073741823,1073741823,1073741823,1073741823:j5
1073741823,1073741823,1073741823,1073741823,1073741823,1073184767,1073129215,1071995903,1073741822,1073741567,1073741823,1073741823,1073741823,1073741823,1073741823:k6
1073741823,1073741823,1073741823,1073741823,1073741823,1073184767,1073129215,1071995903,1073740798,1073741823,1073741823,1073741823,1073741823,1073741823,1073741823:k6
1073741823,1073741823,1073741823,1073741823,1073741823,1073184767,1073129215,1071995647,1073741822,1073741823,1073741823,1073741823,1073741823,1073741823,1073741823:k6
1073741823,1073741823,1073741823,1073741823,1073741823,1073184511,1073129215,1071995903,1073741822,1073741823,1073741823,1073741823,1073741823,1073741823,1073741823:k6
1073741823,1073741823,1073741823,1073741823,1073741823,1056407551,1073129215,1071995903,1073741822,1073741823,1073741823,1073741823,1073741823,1073741823,1073741823:k6
1073741823,1073741823,1073741823,1073741823,1073741823,1073184767,1068934911,1071995903,1073741822,1073741823,1073741823,1073741823,1073741823,1073741823,1073741823:k6
1073741823,1073741823,1073741823,1073741823,1073741823,1073184767,1073129215,1055218687,1073741822,1073741823,1073741823,1073741823,1073741823,1073741823,1073741823:k6
1073741823,1073741823,1073741823,1073741823,1073741823,1073184767,1073129215,1071995903,1073741822,1056964607,1073741823,1073741823,1073741823,1073741823,1073741823:k6
1073741823,1073741823,1073741823,1073741823,1073741823,1073184767,1073129215,1071995903,1069547518,1073741823,1073741823,1073741823,1073741823,1073741823,1073741823:k6
1073741823,1073741823,1073741823,1073741823,1073741823,1073184767,1073129215,1071995903,1073741822,1073737727,1073741823,1073741823,1073741823,1073741823,1073741823:k6
1073741823,1073741823,1073741823,1073741823,1073741823,1072136191,1073129215,1071995903,1073741822,1073741823,1073741823,1073741823,1073741823,1073741823,1073741823:j5
1073741823,1073741823,1073741823,1073741823,1073741823,1073184767,1073129215,1071995903,1073741822,1072693247,1073741823,1073741823,1073741823,1073741823,1073741823:k6
1073741823,1073741823,1073741823,1073741823,1073741823,1073184767,1073129215,1071995903,1073741822,1073676287,1073741823,1073741823,1073741823,1073741823,1073741823:k6
1073741823,1073741823,1073741823,1073741823,1073741823,1073184767,1073129215,1071995903,1073741566,1073741823,1073741823,1073741823,1073741823,1073741823,1073741823:k6
1073741823,1073741823,1073741823,1073741823,1073741567,1073184767,1073129215,1071995903,1073741822,1073741823,1073741823,1073741823,1073741823,1073741823,1073741823:k6
1073741823,1073741823,1073741823,1073741823,1073741823,1073180671,1073129215,1071995903,1073741822,1073741823,1073741823,1073741823,1073741823,1073741823,1073741823:j5
1073741823,1073741823,1073741823,1073741823,1073741823,1068990463,1073129215,1071995903,1073741822,1073741823,1073741823,1073741823,1073741823,1073741823,1073741823:j5
1073741823,1073741823,1073741823,1073741823,1073741823,1073184767,1073129215,1067801599,1073741822,1073741823,1073741823,1073741823,1073741823,1073741823,1073741823:k6
1073741823,1073741823,1073741823,1073741823,1073741823,1073184767,1073129215,1071995903,1073741822,1069547519,1073741823,1073741823,1073741823,1073741823,1073741823:k6
1073741823,1073741823,1073741823,1073741823,1073741823,1073184767,1073129215,1071995903,1073479678,1073741823,1073741823,1073741823,1073741823,1073741823,1073741823:k6
1073741823,1073741823,1073741823,1073741823,1073737727,1073184767,1073129215,1071995903,1073741822,1073741823,1073741823,1073741823,1073741823,1073741823,1073741823:k6
1073741823,1073741823,1073741823,1073741823,1073676287,1073184767,1073129215,1071995903,1073741822,1073741823,1073741823,1073741823,1073741823,1073741823,1073741823:k6
1073741823,1073741823,1073741823,1073741823,1073741823,1073119231,1073129215,1071995903,1073741822,1073741823,1073741823,1073741823,1073741823,1073741823,1073741823:j5
1073741823,1073741823,1073741823,1073741823,1072693247,1073184767,1073129215,1071995903,1073741822,1073741823,1073741823,1073741823,1073741823,1073741823,1073741823:k6
1073741823,1073741823,1073741823,1073741823,1073741823,1073184767,1072080639,1071995903,1073741822,1073741823,1073741823,1073741823,1073741823,1073741823,1073741823:k6
1073741823,1073741823,1073741823,1073741823,1073741823,1073184767,1073129215,1071995903,1072693246,1073741823,1073741823,1073741823,1073741823,1073741823,1073741823:k6
1073741823,1073741823,1073741823,1073741823,1073741823,1073184767,1073129215,1071995903,1073741822,1073740799,1073741823,1073741823,1073741823,1073741823,1073741823:k6
1073741823,1073741823,1073741823,1073741823,1073741823,1073184767,1073129215,1071995903,1073737726,1073741823,1073741823,1073741823,1073741823,1073741823,1073741823:j5
1073741823,1073741823,1073741823,1073741823,1073741823,1073183743,1073129215,1071995903,1073741822,1073741823,1073741823,1073741823,1073741823,1073741823,1073741823:k6
1073741823,1073741823,1073741823,1073741823,1073741823,1073184767,1073129215,1071995903,1073741822,1073479679,1073741823,1073741823,1073741823,1073741823,1073741823:k6
1073741823,1073741823,1073741823,1073741823,1073741823,1073184767,1073129215,1071995903,1073676286,1073741823,1073741823,1073741823,1073741823,1073741823,1073741823:k6
1073741823,1073741823,1073741823,1073741823,1073741823,1073184767,1073129215,1071995903,1073741822,1073725439,1073741823,1073741823,1073741823,1073741823,1073741823:j5
1073741823,1073741823,1073741823,1073741823,1073741823,1073184767,1073129215,1071995903,1073725438,1073741823,1073741823,1073741823,1073741823,1073741823,1073741823:j5
1073741823,1073741823,1073741823,1073741823,1073741823,1073184767,1073130495,1071995903,1073741822,1073741823,1073741823,1073741823,1073741823,1073741823,1073741823:e7
1073741823,1073741823,1073741823,1073741823,1073741807,1073184767,1073129983,1071995903,1073741822,1073741823,1073741823,1073741823,1073741823,1073741823,1073741823:k6
1073741823,1073741823,1073741823,1073741823,1073741823,1073184767,1073129983,1071995903,1073741758,1073741823,1073741823,1073741823,1073741823,1073741823,1073741823:k6
1073741823,1073741823,1073741823,1073741823,1073741823,1073184767,1073129919,1071995903,1073741822,1073741823,1073741823,1073741823,1073741823,1073741823,1073741823:k6
1073741823,1073741823,1073741823,1073741823,1073741759,1073184767,1073129983,1071995903,1073741822,1073741823,1073741823,1073741823,1073741823,1073741823,1073741823:k6
1073741823,1073741823,1073741823,1069547519,1073741823,1073184767,1073129983,1071995903,1073741822,1073741823,1073741823,1073741823,1073741823,1073741823,1073741823:k6
1073741823,1073741823,1073741823,1073741823,1073741823,1073184767,1073129982,1071995903,1073741822,1073741823,1073741823,1073741823,1073741823,1073741823,1073741823:k6
1073741823,1073741823,1073741823,1073741823,1073741823,1073184767,1073129983,1071995902,1073741822,1073741823,1073741823,1073741823,1073741823,1073741823,1073741823:k6
1073741823,1073741823,1073741823,1073741823,1073741823,1073184767,1073129967,1071995903,1073741822,1073741823,1073741823,1073741823,1073741823,1073741823,1073741823:k6
1073741823,1073741823,1073741823,1073741823,1073741823,1073184767,1073129983,1071995899,1073741822,1073741823,1073741823,1073741823,1073741823,1073741823,1073741823:k6
1073741823,1073741823,1073741823,1073741823,1073741823,1073184767,1073129983,1071995903,1073741806,1073741823,1073741823,1073741823,1073741823,1073741823,1073741823:k6
1073741823,1073741823,1073741823,1073741823,1073741823,1073184767,1073129983,1071995903,1073741818,1073741823,1073741823,1073741823,1073741823,1073741823,1073741823:k6
1073741823,1073741823,1073741823,1073741823,1073741823,1073184767,1073129983,1071995903,1073741822,1073741823,1073741807,1073741823,1073741823,1073741823,1073741823:k6
1073741823,1073741823,1073741823,1073741823,1073741823,1073184767,1073129983,1071995903,1073741822,1073741819,1073741823,1073741823,1073741823,1073741823,1073741823:k6
1073741823,1073741823,1073741823,1073741823,1073741823,1073184767,1073129983,1071995903,1073741822,1073741823,1073741822,1073741823,1073741823,1073741823,1073741823:k6
1073741823,1073741823,1073741823,1073741823,1073741823,1073184767,1073129983,1071995903,1073741822,1073741822,1073741823,1073741823,1073741823,1073741823,1073741823:k6
1073741823,1073741823,1073741823,1073741823,1069547519,1073184767,1073129983,1071995903,1073741822,1073741823,1073741823,1073741823,1073741823,1073741823,1073741823:j5
1073741823,1073741823,1073741823,1073741823,1073740799,1073184767,1073129983,1071995903,1073741822,1073741823,1073741823,1073741823,1073741823,1073741823,1073741823:j5
1073741823,1073741823,1073741823,1073741823,1073479679,1073184767,1073129983,1071995903,1073741822,1073741823,1073741823,1073741823,1073741823,1073741823,1073741823:k6
1073741823,1073741823,1073741823,1073740799,1073741823,1073184767,1073129983,1071995903,1073741822,1073741823,1073741823,1073741823,1073741823,1073741823,1073741823:k6
1073741823,1073741823,1073741823,1073725439,1073741823,1073184767,1073129983,1071995903,1073741822,1073741823,1073741823,1073741823,1073741823,1073741823,1073741823:k6
1073741823,1073741823,1073741823,1073741823,1073725439,1073184767,1073129983,1071995903,1073741822,1073741823,1073741823,1073741823,1073741823,1073741823,1073741823:k6
1073741823,1073741823,1073741823,1073479679,1073741823,1073184767,1073129983,1071995903,1073741822,1073741823,1073741823,1073741823,1073741823,1073741823,1073741823:k6
1073741823,1073741823,1073741823,1073741823,1073741823,1073184767,1073129983,1071995903,1073741822,1073741759,1073741823,1073741823,1073741823,1073741823,1073741823:k6
1073741823,1073741823,1073741823,1073741823,1073741823,1073184767,1073129983,1071995839,1073741822,1073741823,1073741823,1073741823,1073741823,1073741823,1073741823:k6
1073741823,1073741823,1073741823,1073741823,1073741823,1073184703,1073129983,1071995903,1073741822,1073741823,1073741823,1073741823,1073741823,1073741823,1073741823:k6
1073741823,1073741823,1073741823,1073741823,1073741823,1073184767,1073129983,1071995903,1073741822,1073741567,1073741823,1073741823,1073741823,1073741823,1073741823:k6
1073741823,1073741823,1073741823,1073741823,1073741823,1073184767,1073129983,1071995903,1073740798,1073741823,1073741823,1073741823,1073741823,1073741823,1073741823:j5
1073741823,1073741823,1073741823,1073741823,1073741823,1073184767,1073129983,1071995647,1073741822,1073741823,1073741823,1073741823,1073741823,1073741823,1073741823:k6
1073741823,1073741823,1073741823,1073741823,1073741823,1073184511,1073129983,1071995903,1073741822,1073741823,1073741823,1073741823,1073741823,1073741823,1073741823:k6
1073741823,1073741823,1073741823,1073741823,1073741823,1056407551,1073129983,1071995903,1073741822,1073741823,1073741823,1073741823,1073741823,1073741823,1073741823:k6
1073741823,1073741823,1073741823,1073741823,1073741823,1073184767,1068935679,1071995903,1073741822,1073741823,1073741823,1073741823,1073741823,1073741823,1073741823:k6
1073741823,1073741823,1073741823,1073741823,1073741823,1073184767,1073129983,1055218687,1073741822,1073741823,1073741823,1073741823,1073741823,1073741823,1073741823:k6
1073741823,1073741823,1073741823,1073741823,1073741823,1073184767,1073129983,1071995903,1073741822,1056964607,1073741823,1073741823,1073741823,1073741823,1073741823:k6
1073741823,1073741823,1073741823,1073741823,1073741823,1073184767,1073129983,1071995903,1069547518,1073741823,1073741823,1073741823,1073741823,1073741823,1073741823:k6
1073741823,1073741823,1073741823,1073741823,1073741823,1073184767,1073129983,1071995903,1073741822,1073737727,1073741823,1073741823,1073741823,1073741823,1073741823:k6
1073741823,1073741823,1073741823,1073741823,1073741823,1072136191,1073129983,1071995903,1073741822,1073741823,1073741823,1073741823,1073741823,1073741823,1073741823:j5
1073741823,1073741823,1073741823,1073741823,1073741823,1073184767,1073129983,1071995903,1073741822,1072693247,1073741823,1073741823,1073741823,1073741823,1073741823:k6
1073741823,1073741823,1073741823,1073741823,1073741823,1073184767,1073129983,1071995903,1073741822,1073676287,1073741823,1073741823,1073741823,1073741823,1073741823:k6
1073741823,1073741823,1073741823,1073741823,1073741823,1073184767,1073129983,1071995903,1073741566,1073741823,1073741823,1073741823,1073741823,1073741823,1073741823:k6
1073741823,1073741823,1073741823,1073741823,1073741567,1073184767,1073129983,1071995903,1073741822,1073741823,1073741823,1073741823,1073741823,1073741823,1073741823:k6
1073741823,1073741823,1073741823,1073741823,1073741823,1073180671,1073129983,1071995903,1073741822,1073741823,1073741823,1073741823,1073741823,1073741823,1073741823:j5
1073741823,1073741823,1073741823,1073741823,1073741823,1068990463,1073129983,1071995903,1073741822,1073741823,1073741823,1073741823,1073741823,1073741823,1073741823:j5
1073741823,1073741823,1073741823,1073741823,1073741823,1073184767,1073129983,1067801599,1073741822,1073741823,1073741823,1073741823,1073741823,1073741823,1073741823:k6
1073741823,1073741823,1073741823,1073741823,1073741823,1073184767,1073129983,1071995903,1073741822,1069547519,1073741823,1073741823,1073741823,1073741823,1073741823:k6
1073741823,1073741823,1073741823,1073741823,1073741823,1073184767,1073129983,1071995903,1073479678,1073741823,1073741823,1073741823,1073741823,1073741823,1073741823:k6
1073741823,1073741823,1073741823,1073741823,1073737727,1073184767,1073129983,1071995903,1073741822,1073741823,1073741823,1073741823,1073741823,1073741823,1073741823:k6
1073741823,1073741823,1073741823,1073741823,1073676287,1073184767,1073129983,1071995903,1073741822,1073741823,1073741823,1073741823,1073741823,1073741823,1073741823:k6
1073741823,1073741823,1073741823,1073741823,1073741823,1073119231,1073129983,1071995903,1073741822,1073741823,1073741823,1073741823,1073741823,1073741823,1073741823:j5
1073741823,1073741823,1073741823,1073741823,1072693247,1073184767,1073129983,1071995903,1073741822,1073741823,1073741823,1073741823,1073741823,1073741823,1073741823:k6
1073741823,1073741823,1073741823,1073741823,1073741823,1073184767,1072081407,1071995903,1073741822,1073741823,1073741823,1073741823,1073741823,1073741823,1073741823:k6
1073741823,1073741823,1073741823,1073741823,1073741823,1073184767,1073129983,1071995903,1072693246,1073741823,1073741823,1073741823,1073741823,1073741823,1073741823:k6
1073741823,1073741823,1073741823,1073741823,1073741823,1073184767,1073129983,1071995903,1073741822,1073740799,1073741823,1073741823,1073741823,1073741823,1073741823:j5
1073741823,1073741823,1073741823,1073741823,1073741823,1073184767,1073129983,1071995903,1073737726,1073741823,1073741823,1073741823,1073741823,1073741823,1073741823:k6
1073741823,1073741823,1073741823,1073741823,1073741823,1073183743,1073129983,1071995903,1073741822,1073741823,1073741823,1073741823,1073741823,1073741823,1073741823:j5
1073741823,1073741823,1073741823,1073741823,1073741823,1073184767,1073129983,1071995903,1073741822,1073479679,1073741823,1073741823,1073741823,1073741823,1073741823:k6
1073741823,1073741823,1073741823,1073741823,1073741823,1073184767,1073129983,1071995903,1073676286,1073741823,1073741823,1073741823,1073741823,1073741823,1073741823:k6
1073741823,1073741823,1073741823,1073741823,1073741823,1073184767,1073129983,1071995903,1073741822,1073725439,1073741823,1073741823,1073741823,1073741823,1073741823:k6
1073741823,1073741823,1073741823,1073741823,1073741823,1073184767,1073129983,1071995903,1073725438,1073741823,1073741823,1073741823,1073741823,1073741823,1073741823:j5
1073741823,1073741823,1073741823,1073741823,1073741567,1073184767,1073131519,1071995903,1073741822,1073741823,1073741823,1073741823,1073741823,1073741823,1073741823:j5
1073741823,1073741823,1073741823,1073741823,1073741823,1073180671,1073131519,1071995903,1073741822,1073741823,1073741823,1073741823,1073741823,1073741823,1073741823:j5
1073741823,1073741823,1073741823,1073741823,1073741823,1068990463,1073131519,1071995903,1073741822,1073741823,1073741823,1073741823,1073741823,1073741823,1073741823:j5
1073741823,1073741823,1073741823,1073741823,1073741823,1073184767,1073131519,1067801599,1073741822,1073741823,1073741823,1073741823,1073741823,1073741823,1073741823:k6
1073741823,1073741823,1073741823,1073741823,1073741823,1073184767,1073131519,1071995903,1073741822,1069547519,1073741823,1073741823,1073741823,1073741823,1073741823:k6
1073741823,1073741823,1073741823,1073741823,1073741823,1073184767,1073131519,1071995903,1073479678,1073741823,1073741823,1073741823,1073741823,1073741823,1073741823:k6
1073741823,1073741823,1073741823,1073676287,1073741823,1071087615,1073131519,1071995903,1073479678,1073741823,1073741823,1073741823,1073741823,1073741823,1073741823:i6
1073741823,1073741823,1073741823,1072693247,1073741823,1071087615,1073131519,1071995903,1073479678,1073741823,1073741823,1073741823,1073741823,1073741823,1073741823:i6
1073741823,1073741823,1073741823,1056964607,1073741823,1071087615,1073131519,1071995903,1073479678,1073741823,1073741823,1073741823,1073741823,1073741823,1073741823:i6
1073741823,1073741823,1073741823,1073741823,1073741823,1071087615,1073131519,1071995903,1073479678,1073741823,1073725439,1073741823,1073741823,1073741823,1073741823:i6
1073741823,1073741823,1073741823,1073741823,1073741823,1071087615,1073131519,1071995903,1073479678,1073741823,1069547519,1073741823,1073741823,1073741823,1073741823:i6
1073741823,1073741823,1073741823,1073741823,1073741823,1071087615,1073131519,1071995903,1073479678,1073741823,1073479679,1073741823,1073741823,1073741823,1073741823:i6
1073741823,1073741823,1073741823,1069547519,1073741823,1071087615,1073131519,1071995903,1073479678,1073741823,1073741823,1073741823,1073741823,1073741823,1073741823:i6
1073741823,1073741823,1073741823,1073741823,1073741823,1071087615,1073131518,1071995903,1073479678,1073741823,1073741823,1073741823,1073741823,1073741823,1073741823:i6
1073741823,1073741823,1073741823,1073741823,1073741823,1071087615,1073131519,1071995902,1073479678,1073741823,1073741823,1073741823,1073741823,1073741823,1073741823:i6
1073741823,1073741823,1073741823,1073741823,1073741823,1071087615,1073131503,1071995903,1073479678,1073741823,1073741823,1073741823,1073741823,1073741823,1073741823:i6
1073741823,1073741823,1073741823,1073741823,1073741823,1071087615,1073131519,1071995899,1073479678,1073741823,1073741823,1073741823,1073741823,1073741823,1073741823:i6
1073741823,1073741823,1073741823,1073741823,1073741823,1071087615,1073131519,1071995903,1073479662,1073741823,1073741823,1073741823,1073741823,1073741823,1073741823:i6
1073741823,1073741823,1073741823,1073741823,1073741823,1071087615,1073131519,1071995903,1073479674,1073741823,1073741823,1073741823,1073741823,1073741823,1073741823:i6
1073741823,1073741823,1073741823,1073741823,1073741823,1071087615,1073131519,1071995903,1073479678,1073741823,1073741807,1073741823,1073741823,1073741823,1073741823:i6
1073741823,1073741823,1073741823,1073741823,1073741823,1071087615,1073131519,1071995903,1073479678,1073741819,1073741823,1073741823,1073741823,1073741823,1073741823:i6
1073741823,1073741823,1073741823,1073741823,1073741823,1071087615,1073131519,1071995903,1073479678,1073741823,1073741822,1073741823,1073741823,1073741823,1073741823:i6
1073741823,1073741823,1073741823,1073741823,1073741823,1071087615,1073131519,1071995903,1073479678,1073741822,1073741823,1073741823,1073741823,1073741823,1073741823:i6
1073741823,1073741823,1073741823,1073741823,1069547519,1071087615,1073131519,1071995903,1073479678,1073741823,1073741823,1073741823,1073741823,1073741823,1073741823:i6
1073741823,1073741823,1073741823,1073741823,1073740799,1071087615,1073131519,1071995903,1073479678,1073741823,1073741823,1073741823,1073741823,1073741823,1073741823:i6
1073741823,1073741823,1073741823,1073741823,1073479679,1071087615,1073131519,1071995903,1073479678,1073741823,1073741823,1073741823,1073741823,1073741823,1073741823:i6
1073741823,1073741823,1073741823,1073740799,1073741823,1071087615,1073131519,1071995903,1073479678,1073741823,1073741823,1073741823,1073741823,1073741823,1073741823:i6
1073741823,1073741823,1073741823,1073725439,1073741823,1071087615,1073131519,1071995903,1073479678,1073741823,1073741823,1073741823,1073741823,1073741823,1073741823:i6
1073741823,1073741823,1073741823,1073741823,1073725439,1071087615,1073131519,1071995903,1073479678,1073741823,1073741823,1073741823,1073741823,1073741823,1073741823:i6
1073741823,1073741823,1073741823,1073479679,1073741823,1071087615,1073131519,1071995903,1073479678,1073741823,1073741823,1073741823,1073741823,1073741823,1073741823:i6
1073741823,1073741823,1073741823,1073741823,1073741823,1071087615,1073131519,1071995903,1073479678,1073741759,1073741823,1073741823,1073741823,1073741823,1073741823:i6
1073741823,1073741823,1073741823,1073741823,1073741823,1071087615,1073131519,1071995839,1073479678,1073741823,1073741823,1073741823,1073741823,1073741823,1073741823:i6
1073741823,1073741823,1073741823,1073741823,1073741823,1071087551,1073131519,1071995903,1073479678,1073741823,1073741823,1073741823,1073741823,1073741823,1073741823:i6
1073741823,1073741823,1073741823,1073741823,1073741823,1071087615,1073131519,1071995903,1073479678,1073741567,1073741823,1073741823,1073741823,1073741823,1073741823:i6
1073741823,1073741823,1073741823,1073741823,1073741823,1071087615,1073131519,1071995903,1073478654,1073741823,1073741823,1073741823,1073741823,1073741823,1073741823:i6
1073741823,1073741823,1073741823,1073741823,1073741823,1071087615,1073131519,1071995647,1073479678,1073741823,1073741823,1073741823,1073741823,1073741823,1073741823:i6
1073741823,1073741823,1073741823,1073741823,1073741823,1071087359,1073131519,1071995903,1073479678,1073741823,1073741823,1073741823,1073741823,1073741823,1073741823:i6
1073741823,1073741823,1073741823,1073741823,1073741823,1054310399,1073131519,1071995903,1073479678,1073741823,1073741823,1073741823,1073741823,1073741823,1073741823:i6
1073741823,1073741823,1073741823,1073741823,1073741823,1071087615,1068937215,1071995903,1073479678,1073741823,1073741823,1073741823,1073741823,1073741823,1073741823:i6
1073741823,1073741823,1073741823,1073741823,1073741823,1071087615,1073131519,1055218687,1073479678,1073741823,1073741823,1073741823,1073741823,1073741823,1073741823:i6
1073741823,1073741823,1073741823,1073741823,1073741823,1071087615,1073131519,1071995903,1073479678,1056964607,1073741823,1073741823,1073741823,1073741823,1073741823:i6
1073741823,1073741823,1073741823,1073741823,1073741823,1071087615,1073131519,1071995903,1069285374,1073741823,1073741823,1073741823,1073741823,1073741823,1073741823:i6
1073741823,1073741823,1073741823,1073741823,1073741823,1071087615,1073131519,1071995903,1073479678,1073737727,1073741823,1073741823,1073741823,1073741823,1073741823:i6
1073741823,1073741823,1073741823,1073741823,1073741823,1071087615,1073131519,1071995903,1073479678,1072693247,1073741823,1073741823,1073741823,1073741823,1073741823:i6
1073741823,1073741823,1073741823,1073741823,1073741823,1071087615,1073131519,1071995903,1073479678,1073676287,1073741823,1073741823,1073741823,1073741823,1073741823:i6
1073741823,1073741823,1073741823,1073741823,1073741823,1071087615,1073131519,1071995903,1073479422,1073741823,1073741823,1073741823,1073741823,1073741823,1073741823:i6
1073741823,1073741823,1073741823,1073741823,1073741823,1071087615,1073131263,1071995903,1073479678,1073741823,1073741823,1073741823,1073741823,1073741823,1073741823:f7
1073741823,1073741823,1073741823,1073741823,1073741823,1071087615,1073129215,1071995903,1073479614,1073741823,1073741823,1073741823,1073741823,1073741823,1073741823:i6
1073741823,1073741823,1073741823,1073741823,1073741759,1071087615,1073129215,1071995903,1073479678,1073741823,1073741823,1073741823,1073741823,1073741823,1073741823:i6
1073741823,1073741823,1073741823,1073741823,1073741823,1071087615,1073129151,1071995903,1073479678,1073741823,1073741823,1073741823,1073741823,1073741823,1073741823:i6
1073741823,1073741823,1073741823,1073741823,1073741807,1071087615,1073129215,1071995903,1073479678,1073741823,1073741823,1073741823,1073741823,1073741823,1073741823:i6
1073741823,1073741823,1073741823,1073676287,1073741823,1071087615,1073129215,1071995903,1073479678,1073741823,1073741823,1073741823,1073741823,1073741823,1073741823:i6
1073741823,1073741823,1073741823,1072693247,1073741823,1071087615,1073129215,1071995903,1073479678,1073741823,1073741823,1073741823,1073741823,1073741823,1073741823:i6
1073741823,1073741823,1073741823,1056964607,1073741823,1071087615,1073129215,1071995903,1073479678,1073741823,1073741823,1073741823,1073741823,1073741823,1073741823:i6
1073741823,1073741823,1073741823,1073741823,1073741823,1071087615,1073129215,1071995903,1073479678,1073741823,1073725439,1073741823,1073741823,1073741823,1073741823:i6
1073741823,1073741823,1073741823,1073741823,1073741823,1071087615,1073129215,1071995903,1073479678,1073741823,1069547519,1073741823,1073741823,1073741823,1073741823:i6
1073741823,1073741823,1073741823,1073741823,1073741823,1071087615,1073129215,1071995903,1073479678,1073741823,1073479679,1073741823,1073741823,1073741823,1073741823:i6
1073741823,1073741823,1073741823,1069547519,1073741823,1071087615,1073129215,1071995903,1073479678,1073741823,1073741823,1073741823,1073741823,1073741823,1073741823:i6
1073741823,1073741823,1073741823,1073741823,1073741823,1071087615,1073129214,1071995903,1073479678,1073741823,1073741823,1073741823,1073741823,1073741823,1073741823:i6
1073741823,1073741823,1073741823,1073741823,1073741823,1071087615,1073129215,1071995902,1073479678,1073741823,1073741823,1073741823,1073741823,1073741823,1073741823:i6
1073741823,1073741823,1073741823,1073741823,1073741823,1071087615,1073129199,1071995903,1073479678,1073741823,1073741823,1073741823,1073741823,1073741823,1073741823:i6
1073741823,1073741823,1073741823,1073741823,1073741823,1071087615,1073129215,1071995899,1073479678,1073741823,1073741823,1073741823,1073741823,1073741823,1073741823:i6
1073741823,1073741823,1073741823,1073741823,1073741823,1071087615,1073129215,1071995903,1073479662,1073741823,1073741823,1073741823,1073741823,1073741823,1073741823:i6
1073741823,1073741823,1073741823,1073741823,1073741823,1071087615,1073129215,1071995903,1073479674,1073741823,1073741823,1073741823,1073741823,1073741823,1073741823:i6
1073741823,1073741823,1073741823,1073741823,1073741823,1071087615,1073129215,1071995903,1073479678,1073741823,1073741807,1073741823,1073741823,1073741823,1073741823:i6
1073741823,1073741823,1073741823,1073741823,1073741823,1071087615,1073129215,1071995903,1073479678,1073741819,1073741823,1073741823,1073741823,1073741823,1073741823:i6
1073741823,1073741823,1073741823,1073741823,1073741823,1071087615,1073129215,1071995903,1073479678,1073741823,1073741822,1073741823,1073741823,1073741823,1073741823:i6
1073741823,1073741823,1073741823,1073741823,1073741823,1071087615,1073129215,1071995903,1073479678,1073741822,1073741823,1073741823,1073741823,1073741823,1073741823:i6
1073741823,1073741823,1073741823,1073741823,1069547519,1071087615,1073129215,1071995903,1073479678,1073741823,1073741823,1073741823,1073741823,1073741823,1073741823:i6
1073741823,1073741823,1073741823,1073741823,1073740799,1071087615,1073129215,1071995903,1073479678,1073741823,1073741823,1073741823,1073741823,1073741823,1073741823:i6
1073741823,1073741823,1073741823,1073741823,1073479679,1071087615,1073129215,1071995903,1073479678,1073741823,1073741823,1073741823,1073741823,1073741823,1073741823:i6
1073741823,1073741823,1073741823,1073740799,1073741823,1071087615,1073129215,1071995903,1073479678,1073741823,1073741823,1073741823,1073741823,1073741823,1073741823:i6
1073741823,1073741823,1073741823,1073725439,1073741823,1071087615,1073129215,1071995903,1073479678,1073741823,1073741823,1073741823,1073741823,1073741823,1073741823:i6
1073741823,1073741823,1073741823,1073741823,1073725439,1071087615,1073129215,1071995903,1073479678,1073741823,1073741823,1073741823,1073741823,1073741823,1073741823:i6
1073741823,1073741823,1073741823,1073479679,1073741823,1071087615,1073129215,1071995903,1073479678,1073741823,1073741823,1073741823,1073741823,1073741823,1073741823:i6
1073741823,1073741823,1073741823,1073741823,1073741823,1071087615,1073129215,1071995903,1073479678,1073741759,1073741823,1073741823,1073741823,1073741823,1073741823:i6
1073741823,1073741823,1073741823,1073741823,1073741823,1071087615,1073129215,1071995839,1073479678,1073741823,1073741823,1073741823,1073741823,1073741823,1073741823:i6
1073741823,1073741823,1073741823,1073741823,1073741823,1071087551,1073129215,1071995903,1073479678,1073741823,1073741823,1073741823,1073741823,1073741823,1073741823:i6
1073741823,1073741823,1073741823,1073741823,1073741823,1071087615,1073129215,1071995903,1073479678,1073741567,1073741823,1073741823,1073741823,1073741823,1073741823:i6
1073741823,1073741823,1073741823,1073741823,1073741823,1071087615,1073129215,1071995903,1073478654,1073741823,1073741823,1073741823,1073741823,1073741823,1073741823:i6
1073741823,1073741823,1073741823,1073741823,1073741823,1071087615,1073129215,1071995647,1073479678,1073741823,1073741823,1073741823,1073741823,1073741823,1073741823:i6
1073741823,1073741823,1073741823,1073741823,1073741823,1071087359,1073129215,1071995903,1073479678,1073741823,1073741823,1073741823,1073741823,1073741823,1073741823:i6
1073741823,1073741823,1073741823,1073741823,1073741823,1054310399,1073129215,1071995903,1073479678,1073741823,1073741823,1073741823,1073741823,1073741823,1073741823:i6
1073741823,1073741823,1073741823,1073741823,1073741823,1071087615,1068934911,1071995903,1073479678,1073741823,1073741823,1073741823,1073741823,1073741823,1073741823:i6
1073741823,1073741823,1073741823,1073741823,1073741823,1071087615,1073129215,1055218687,1073479678,1073741823,1073741823,1073741823,1073741823,1073741823,1073741823:i6
1073741823,1073741823,1073741823,1073741823,1073741823,1071087615,1073129215,1071995903,1073479678,1056964607,1073741823,1073741823,1073741823,1073741823,1073741823:i6
1073741823,1073741823,1073741823,1073741823,1073741823,1071087615,1073129215,1071995903,1069285374,1073741823,1073741823,1073741823,1073741823,1073741823,1073741823:i6
1073741823,1073741823,1073741823,1073741823,1073741823,1071087615,1073129215,1071995903,1073479678,1073737727,1073741823,1073741823,1073741823,1073741823,1073741823:i6
1073741823,1073741823,1073741823,1073741823,1073741823,1071087615,1073129215,1071995903,1073479678,1072693247,1073741823,1073741823,1073741823,1073741823,1073741823:i6
1073741823,1073741823,1073741823,1073741823,1073741823,1071087615,1073129215,1071995903,1073479678,1073676287,1073741823,1073741823,1073741823,1073741823,1073741823:i6
1073741823,1073741823,1073741823,1073741823,1073741823,1071087615,1073129215,1071995903,1073479422,1073741823,1073741823,1073741823,1073741823,1073741823,1073741823:i6
1073741823,1073741823,1073741823,1073741823,1073741567,1071087615,1073129215,1071995903,1073479678,1073741823,1073741823,1073741823,1073741823,1073741823,1073741823:i6
1073741823,1073741823,1073741823,1073741823,1073741823,1071083519,1073129215,1071995903,1073479678,1073741823,1073741823,1073741823,1073741823,1073741823,1073741823:l6
1073741823,1073741823,1073741823,1073741823,1073741823,1066893311,1073129215,1071995903,1073479678,1073741823,1073741823,1073741823,1073741823,1073741823,1073741823:g6
1073741823,1073741823,1073741823,1073741823,1073741823,1071087615,1073129215,1067801599,1073479678,1073741823,1073741823,1073741823,1073741823,1073741823,1073741823:i6
1073741823,1073741823,1073741823,1073741823,1073741823,1071087615,1073129215,1071995903,1073479678,1069547519,1073741823,1073741823,1073741823,1073741823,1073741823:i6
1073741823,1073741823,1073741823,1073741823,1073737727,1071087615,1073129215,1071995903,1073479678,1073741823,1073741823,1073741823,1073741823,1073741823,1073741823:i6
1073741823,1073741823,1073741823,1073741823,1073676287,1071087615,1073129215,1071995903,1073479678,1073741823,1073741823,1073741823,1073741823,1073741823,1073741823:i6
1073741823,1073741823,1073741823,1073741823,1073741823,1071022079,1073129215,1071995903,1073479678,1073741823,1073741823,1073741823,1073741823,1073741823,1073741823:l5
1073741823,1073741823,1073741823,1073741823,1072693247,1071087615,1073129215,1071995903,1073479678,1073741823,1073741823,1073741823,1073741823,1073741823,1073741823:i6
1073741823,1073741823,1073741823,1073741823,1073741823,1071087615,1072080639,1071995903,1073479678,1073741823,1073741823,1073741823,1073741823,1073741823,1073741823:i6
1073741823,1073741823,1073741823,1073741823,1073741823,1071087615,1073129215,1071995903,1072431102,1073741823,1073741823,1073741823,1073741823,1073741823,1073741823:i6
1073741823,1073741823,1073741823,1073741823,1073741823,1071087615,1073129215,1071995903,1073479678,1073740799,1073741823,1073741823,1073741823,1073741823,1073741823:i6
1073741823,1073741823,1073741823,1073741823,1073741823,1071087615,1073129215,1071995903,1073475582,1073741823,1073741823,1073741823,1073741823,1073741823,1073741823:i6
1073741823,1073741823,1073741823,1073741823,1073741823,1071086591,1073129215,1071995903,1073479678,1073741823,1073741823,1073741823,1073741823,1073741823,1073741823:i6
1073741823,1073741823,1073741823,1073741823,1073741823,1071087615,1073129215,1071995903,1073479678,1073479679,1073741823,1073741823,1073741823,1073741823,1073741823:i6
1073741823,1073741823,1073741823,1073741823,1073741823,1071087615,1073129215,1071995903,1073414142,1073741823,1073741823,1073741823,1073741823,1073741823,1073741823:i6
1073741823,1073741823,1073741823,1073741823,1073741823,1071087615,1073129215,1071995903,1073479678,1073725439,1073741823,1073741823,1073741823,1073741823,1073741823:i6
1073741823,1073741823,1073741823,1073741823,1073741823,1071087615,1073129215,1071995903,1073463294,1073741823,1073741823,1073741823,1073741823,1073741823,1073741823:i6
1073741823,1073741823,1073741823,1073741823,1073741823,1071087615,1073130495,1071995903,1073479678,1073741823,1073741823,1073741823,1073741823,1073741823,1073741823:e7
1073741823,1073741823,1073741823,1073741823,1073741807,1071087615,1073129983,1071995903,1073479678,1073741823,1073741823,1073741823,1073741823,1073741823,1073741823:i6
1073741823,1073741823,1073741823,1073741823,1073741823,1071087615,1073129983,1071995903,1073479614,1073741823,1073741823,1073741823,1073741823,1073741823,1073741823:i6
1073741823,1073741823,1073741823,1073741823,1073741823,1071087615,1073129919,1071995903,1073479678,1073741823,1073741823,1073741823,1073741823,1073741823,1073741823:i6
1073741823,1073741823,1073741823,1073741823,1073741759,1071087615,1073129983,1071995903,1073479678,1073741823,1073741823,1073741823,1073741823,1073741823,1073741823:i6
1073741823,1073741823,1073741823,1073676287,1073741823,1071087615,1073129983,1071995903,1073479678,1073741823,1073741823,1073741823,1073741823,1073741823,1073741823:i6
1073741823,1073741823,1073741823,1072693247,1073741823,1071087615,1073129983,1071995903,1073479678,1073741823,1073741823,1073741823,1073741823,1073741823,1073741823:i6
1073741823,1073741823,1073741823,1056964607,1073741823,1071087615,1073129983,1071995903,1073479678,1073741823,1073741823,1073741823,1073741823,1073741823,1073741823:i6
1073741823,1073741823,1073741823,1073741823,1073741823,1071087615,1073129983,1071995903,1073479678,1073741823,1073725439,1073741823,1073741823,1073741823,1073741823:i6
1073741823,1073741823,1073741823,1073741823,1073741823,1071087615,1073129983,1071995903,1073479678,1073741823,1069547519,1073741823,1073741823,1073741823,1073741823:i6
1073741823,1073741823,1073741823,1073741823,1073741823,1071087615,1073129983,1071995903,1073479678,1073741823,1073479679,1073741823,1073741823,1073741823,1073741823:i6
1073741823,1073741823,1073741823,1069547519,1073741823,1071087615,1073129983,1071995903,1073479678,1073741823,1073741823,1073741823,1073741823,1073741823,1073741823:i6
1073741823,1073741823,1073741823,1073741823,1073741823,1071087615,1073129982,1071995903,1073479678,1073741823,1073741823,1073741823,1073741823,1073741823,1073741823:i6
1073741823,1073741823,1073741823,1073741823,1073741823,1071087615,1073129983,1071995902,1073479678,1073741823,1073741823,1073741823,1073741823,1073741823,1073741823:i6
1073741823,1073741823,1073741823,1073741823,1073741823,1071087615,1073129967,1071995903,1073479678,1073741823,1073741823,1073741823,1073741823,1073741823,1073741823:i6
1073741823,1073741823,1073741823,1073741823,1073741823,1071087615,1073129983,1071995899,1073479678,1073741823,1073741823,1073741823,1073741823,1073741823,1073741823:i6
1073741823,1073741823,1073741823,1073741823,1073741823,1071087615,1073129983,1071995903,1073479662,1073741823,1073741823,1073741823,1073741823,1073741823,1073741823:i6
1073741823,1073741823,1073741823,1073741823,1073741823,1071087615,1073129983,1071995903,1073479674,1073741823,1073741823,1073741823,1073741823,1073741823,1073741823:i6
1073741823,1073741823,1073741823,1073741823,1073741823,1071087615,1073129983,1071995903,1073479678,1073741823,1073741807,1073741823,1073741823,1073741823,1073741823:i6
1073741823,1073741823,1073741823,1073741823,1073741823,1071087615,1073129983,1071995903,1073479678,1073741819,1073741823,1073741823,1073741823,1073741823,1073741823:i6
1073741823,1073741823,1073741823,1073741823,1073741823,1071087615,1073129983,1071995903,1073479678,1073741823,1073741822,1073741823,1073741823,1073741823,1073741823:i6
1073741823,1073741823,1073741823,1073741823,1073741823,1071087615,1073129983,1071995903,1073479678,1073741822,1073741823,1073741823,1073741823,1073741823,1073741823:i6
1073741823,1073741823,1073741823,1073741823,1069547519,1071087615,1073129983,1071995903,1073479678,1073741823,1073741823,1073741823,1073741823,1073741823,1073741823:i6
1073741823,1073741823,1073741823,1073741823,1073740799,1071087615,1073129983,1071995903,1073479678,1073741823,1073741823,1073741823,1073741823,1073741823,1073741823:i6
1073741823,1073741823,1073741823,1073741823,1073479679,1071087615,1073129983,1071995903,1073479678,1073741823,1073741823,1073741823,1073741823,1073741823,1073741823:i6
1073741823,1073741823,1073741823,1073740799,1073741823,1071087615,1073129983,1071995903,1073479678,1073741823,1073741823,1073741823,1073741823,1073741823,1073741823:i6
1073741823,1073741823,1073741823,1073725439,1073741823,1071087615,1073129983,1071995903,1073479678,1073741823,1073741823,1073741823,1073741823,1073741823,1073741823:i6
1073741823,1073741823,1073741823,1073741823,1073725439,1071087615,1073129983,1071995903,1073479678,1073741823,1073741823,1073741823,1073741823,1073741823,1073741823:i6
1073741823,1073741823,1073741823,1073479679,1073741823,1071087615,1073129983,1071995903,1073479678,1073741823,1073741823,1073741823,1073741823,1073741823,1073741823:i6
1073741823,1073741823,1073741823,1073741823,1073741823,1071087615,1073129983,1071995903,1073479678,1073741759,1073741823,1073741823,1073741823,1073741823,1073741823:i6
1073741823,1073741823,1073741823,1073741823,1073741823,1071087615,1073129983,1071995839,1073479678,1073741823,1073741823,1073741823,1073741823,1073741823,1073741823:i6
1073741823,1073741823,1073741823,1073741823,1073741823,1071087551,1073129983,1071995903,1073479678,1073741823,1073741823,1073741823,1073741823,1073741823,1073741823:i6
1073741823,1073741823,1073741823,1073741823,1073741823,1071087615,1073129983,1071995903,1073479678,1073741567,1073741823,1073741823,1073741823,1073741823,1073741823:i6
1073741823,1073741823,1073741823,1073741823,1073741823,1071087615,1073129983,1071995903,1073478654,1073741823,1073741823,1073741823,1073741823,1073741823,1073741823:i6
1073741823,1073741823,1073741823,1073741823,1073741823,1071087615,1073129983,1071995647,1073479678,1073741823,1073741823,1073741823,1073741823,1073741823,1073741823:i6
1073741823,1073741823,1073741823,1073741823,1073741823,1071087359,1073129983,1071995903,1073479678,1073741823,1073741823,1073741823,1073741823,1073741823,1073741823:i6
1073741823,1073741823,1073741823,1073741823,1073741823,1054310399,1073129983,1071995903,1073479678,1073741823,1073741823,1073741823,1073741823,1073741823,1073741823:i6
1073741823,1073741823,1073741823,1073741823,1073741823,1071087615,1068935679,1071995903,1073479678,1073741823,1073741823,1073741823,1073741823,1073741823,1073741823:i6
1073741823,1073741823,1073741823,1073741823,1073741823,1071087615,1073129983,1055218687,1073479678,1073741823,1073741823,1073741823,1073741823,1073741823,1073741823:i6
1073741823,1073741823,1073741823,1073741823,1073741823,1071087615,1073129983,1071995903,1073479678,1056964607,1073741823,1073741823,1073741823,1073741823,1073741823:i6
1073741823,1073741823,1073741823,1073741823,1073741823,1071087615,1073129983,1071995903,1069285374,1073741823,1073741823,1073741823,1073741823,1073741823,1073741823:i6
1073741823,1073741823,1073741823,1073741823,1073741823,1071087615,1073129983,1071995903,1073479678,1073737727,1073741823,1073741823,1073741823,1073741823,1073741823:i6
1073741823,1073741823,1073741823,1073741823,1073741823,1071087615,1073129983,1071995903,1073479678,1072693247,1073741823,1073741823,1073741823,1073741823,1073741823:i6
1073741823,1073741823,1073741823,1073741823,1073741823,1071087615,1073129983,1071995903,1073479678,1073676287,1073741823,1073741823,1073741823,1073741823,1073741823:i6
1073741823,1073741823,1073741823,1073741823,1073741823,1071087615,1073129983,1071995903,1073479422,1073741823,1073741823,1073741823,1073741823,1073741823,1073741823:i6
1073741823,1073741823,1073741823,1073741823,1073741567,1071087615,1073129983,1071995903,1073479678,1073741823,1073741823,1073741823,1073741823,1073741823,1073741823:i6
1073741823,1073741823,1073741823,1073741823,1073741823,1071083519,1073129983,1071995903,1073479678,1073741823,1073741823,1073741823,1073741823,1073741823,1073741823:l6
1073741823,1073741823,1073741823,1073741823,1073741823,1066893311,1073129983,1071995903,1073479678,1073741823,1073741823,1073741823,1073741823,1073741823,1073741823:l5
1073741823,1073741823,1073741823,1073741823,1073741823,1071087615,1073129983,1067801599,1073479678,1073741823,1073741823,1073741823,1073741823,1073741823,1073741823:i6
1073741823,1073741823,1073741823,1073741823,1073741823,1071087615,1073129983,1071995903,1073479678,1069547519,1073741823,1073741823,1073741823,1073741823,1073741823:i6
1073741823,1073741823,1073741823,1073741823,1073737727,1071087615,1073129983,1071995903,1073479678,1073741823,1073741823,1073741823,1073741823,1073741823,1073741823:i6
1073741823,1073741823,1073741823,1073741823,1073676287,1071087615,1073129983,1071995903,1073479678,1073741823,1073741823,1073741823,1073741823,1073741823,1073741823:i6
1073741823,1073741823,1073741823,1073741823,1073741823,1071022079,1073129983,1071995903,1073479678,1073741823,1073741823,1073741823,1073741823,1073741823,1073741823:l5
1073741823,1073741823,1073741823,1073741823,1072693247,1071087615,1073129983,1071995903,1073479678,1073741823,1073741823,1073741823,1073741823,1073741823,1073741823:i6
1073741823,1073741823,1073741823,1073741823,1073741823,1071087615,1072081407,1071995903,1073479678,1073741823,1073741823,1073741823,1073741823,1073741823,1073741823:i6
1073741823,1073741823,1073741823,1073741823,1073741823,1071087615,1073129983,1071995903,1072431102,1073741823,1073741823,1073741823,1073741823,1073741823,1073741823:i6
1073741823,1073741823,1073741823,1073741823,1073741823,1071087615,1073129983,1071995903,1073479678,1073740799,1073741823,1073741823,1073741823,1073741823,1073741823:i6
1073741823,1073741823,1073741823,1073741823,1073741823,1071087615,1073129983,1071995903,1073475582,1073741823,1073741823,1073741823,1073741823,1073741823,1073741823:i6
1073741823,1073741823,1073741823,1073741823,1073741823,1071086591,1073129983,1071995903,1073479678,1073741823,1073741823,1073741823,1073741823,1073741823,1073741823:i6
1073741823,1073741823,1073741823,1073741823,1073741823,1071087615,1073129983,1071995903,1073479678,1073479679,1073741823,1073741823,1073741823,1073741823,1073741823:i6
1073741823,1073741823,1073741823,1073741823,1073741823,1071087615,1073129983,1071995903,1073414142,1073741823,1073741823,1073741823,1073741823,1073741823,1073741823:i6
1073741823,1073741823,1073741823,1073741823,1073741823,1071087615,1073129983,1071995903,1073479678,1073725439,1073741823,1073741823,1073741823,1073741823,1073741823:i6
1073741823,1073741823,1073741823,1073741823,1073741823,1071087615,1073129983,1071995903,1073463294,1073741823,1073741823,1073741823,1073741823,1073741823,1073741823:i6
1073741823,1073741823,1073741823,1073741823,1073741567,1071087615,1073131519,1071995903,1073479678,1073741823,1073741823,1073741823,1073741823,1073741823,1073741823:i6
1073741823,1073741823,1073741823,1073741823,1073741823,1071083519,1073131519,1071995903,1073479678,1073741823,1073741823,1073741823,1073741823,1073741823,1073741823:l5
1073741823,1073741823,1073741823,1073741823,1073741823,1066893311,1073131519,1071995903,1073479678,1073741823,1073741823,1073741823,1073741823,1073741823,1073741823:l5
1073741823,1073741823,1073741823,1073741823,1073741823,1071087615,1073131519,1067801599,1073479678,1073741823,1073741823,1073741823,1073741823,1073741823,1073741823:i6
1073741823,1073741823,1073741823,1073741823,1073741823,1071087615,1073131519,1071995903,1073479678,1069547519,1073741823,1073741823,1073741823,1073741823,1073741823:i6
1073741823,1073741823,1073741823,1073741823,1073737727,1071087615,1073131519,1071995903,1073479678,1073741823,1073741823,1073741823,1073741823,1073741823,1073741823:i6
1073741823,1073741823,1073741823,1073741823,1073676287,1071087615,1073131519,1071995903,1073479678,1073741823,1073741823,1073741823,1073741823,1073741823,1073741823:i6
1073741823,1073741823,1073741823,1073741823,1073741823,1071022079,1073131519,1071995903,1073479678,1073741823,1073741823,1073741823,1073741823,1073741823,1073741823:l5
1073741823,1073741823,1073741823,1073741823,1072693247,1071087615,1073131519,1071995903,1073479678,1073741823,1073741823,1073741823,1073741823,1073741823,1073741823:i6
1073741823,1073741823,1073741823,1073741823,1073741823,1071087615,1072082943,1071995903,1073479678,1073741823,1073741823,1073741823,1073741823,1073741823,1073741823:i6
1073741823,1073741823,1073741823,1073741823,1073741823,1071087615,1073131519,1071995903,1072431102,1073741823,1073741823,1073741823,1073741823,1073741823,1073741823:i6
1073741823,1073741823,1073741823,1073741823,1073741823,1071087615,1073131519,1071995903,1073479678,1073740799,1073741823,1073741823,1073741823,1073741823,1073741823:i6
1073741823,1073741823,1073741823,1073741823,1073741823,1071087615,1073131519,1071995903,1073475582,1073741823,1073741823,1073741823,1073741823,1073741823,1073741823:i6
1073741823,1073741823,1073741823,1073741823,1073741823,1071086591,1073131519,1071995903,1073479678,1073741823,1073741823,1073741823,1073741823,1073741823,1073741823:i6
1073741823,1073741823,1073741823,1073741823,1073741823,1071087615,1073131519,1071995903,1073479678,1073479679,1073741823,1073741823,1073741823,1073741823,1073741823:i6
1073741823,1073741823,1073741823,1073741823,1073741823,1071087615,1073131519,1071995903,1073414142,1073741823,1073741823,1073741823,1073741823,1073741823,1073741823:i6
1073741823,1073741823,1073741823,1073741823,1073741823,1071087615,1073131519,1071995903,1073479678,1073725439,1073741823,1073741823,1073741823,1073741823,1073741823:i6
1073741823,1073741823,1073741823,1073741823,1073741823,1071087615,1073131519,1071995903,1073463294,1073741823,1073741823,1073741823,1073741823,1073741823,1073741823:i6
1073741823,1073741823,1073741823,1073741823,1073737727,1073184767,1073131519,1071995903,1073741822,1073741823,1073741823,1073741823,1073741823,1073741823,1073741823:j5
1073741823,1073741823,1073741823,1073741823,1073676287,1073184767,1073131519,1071995903,1073741822,1073741823,1073741823,1073741823,1073741823,1073741823,1073741823:j5
1073741823,1073741823,1073741823,1073741823,1073741823,1073119231,1073131519,1071995903,1073741822,1073741823,1073741823,1073741823,1073741823,1073741823,1073741823:j5
1073741823,1073741823,1073741823,1073741823,1072693247,1073184767,1073131519,1071995903,1073741822,1073741823,1073741823,1073741823,1073741823,1073741823,1073741823:k6
1073741823,1073741823,1073741823,1073741823,1073741823,1073184767,1072082943,1071995903,1073741822,1073741823,1073741823,1073741823,1073741823,1073741823,1073741823:k6
1073741823,1073741823,1073741823,1073741823,1073741823,1073184767,1073131519,1071995903,1072693246,1073741823,1073741823,1073741823,1073741823,1073741823,1073741823:k6
1073741823,1073741823,1073741823,1073741823,1073741823,1073184767,1073131519,1071995903,1073741822,1073740799,1073741823,1073741823,1073741823,1073741823,1073741823:j5
1073741823,1073741823,1073741823,1073741823,1073741823,1073184767,1073131519,1071995903,1073737726,1073741823,1073741823,1073741823,1073741823,1073741823,1073741823:j5
1073741823,1073741823,1073741823,1073741823,1073741823,1073183743,1073131519,1071995903,1073741822,1073741823,1073741823,1073741823,1073741823,1073741823,1073741823:j5
1073741823,1073741823,1073741823,1073741823,1073741823,1073184767,1073131519,1071995903,1073741822,1073479679,1073741823,1073741823,1073741823,1073741823,1073741823:k6
1073741823,1073741823,1073741823,1073741823,1073741823,1073184767,1073131519,1071995903,1073676286,1073741823,1073741823,1073741823,1073741823,1073741823,1073741823:j5
1073741823,1073741823,1073741823,1073741823,1073741823,1073184767,1073131519,1071995903,1073741822,1073725439,1073741823,1073741823,1073741823,1073741823,1073741823:j5
1073741823,1073741823,1073741823,1073741823,1073741823,1073184767,1073131519,1071995903,1073725438,1073741823,1073741823,1073741823,1073741823,1073741823,1073741823:j5
