1073741823,1073741823,1073741823,1073741823,1073741823,1073709055,1072082943,1071995903,1073741823,1073741823,1073741823,1073741823,1073741823,1073741823,1073741823:j6
1073741823,1073741823,1073741823,1069547519,1073741823,1073184767,1072082943,1071995903,1073741823,1073741823,1073741823,1073741823,1073741823,1073741823,1073741823:k6
1073741823,1073741823,1073741823,1073741823,1056964607,1073184767,1072082943,1071995903,1073741823,1073741823,1073741823,1073741823,1073741823,1073741823,1073741823:k6
1073741823,1073741823,1073741823,1073741823,1073741823,1073184767,1055305727,1071995903,1073741823,1073741823,1073741823,1073741823,1073741823,1073741823,1073741823:k6
1073741823,1073741823,1073741823,1073741823,1073741823,1073184767,1072082943,1071995903,1056964607,1073741823,1073741823,1073741823,1073741823,1073741823,1073741823:k6
1073741823,1073741823,1073741823,1073741823,1069547519,1073184767,1072082943,1071995903,1073741823,1073741823,1073741823,1073741823,1073741823,1073741823,1073741823:j5
1073741823,1073741823,1073741823,1073741823,1073740799,1073184767,1072082943,1071995903,1073741823,1073741823,1073741823,1073741823,1073741823,1073741823,1073741823:j5
1073741823,1073741823,1073741823,1073741823,1073479679,1073184767,1072082943,1071995903,1073741823,1073741823,1073741823,1073741823,1073741823,1073741823,1073741823:k6
1073741823,1073741823,1073741823,1073740799,1073741823,1073184767,1072082943,1071995903,1073741823,1073741823,1073741823,1073741823,1073741823,1073741823,1073741823:j5
1073741823,1073741823,1073741823,1073725439,1073741823,1073184767,1072082943,1071995903,1073741823,1073741823,1073741823,1073741823,1073741823,1073741823,1073741823:k6
1073741823,1073741823,1073741823,1073741823,1073725439,1073184767,1072082943,1071995903,1073741823,1073741823,1073741823,1073741823,1073741823,1073741823,1073741823:j5
1073741823,1073741823,1073741823,1073479679,1073741823,1073184767,1072082943,1071995903,1073741823,1073741823,1073741823,1073741823,1073741823,1073741823,1073741823:k6
1073741823,1073741823,1073741823,1073741823,1073741823,1073184767,1072082943,1071995903,1073741823,1073741759,1073741823,1073741823,1073741823,1073741823,1073741823:j5
1073741823,1073741823,1073741823,1073741823,1073741823,1073184767,1072082943,1071995839,1073741823,1073741823,1073741823,1073741823,1073741823,1073741823,1073741823:j5
1073741823,1073741823,1073741823,1073741823,1073741823,1073184703,1072082943,1071995903,1073741823,1073741823,1073741823,1073741823,1073741823,1073741823,1073741823:j5
1073741823,1073741823,1073741823,1073741823,1073741823,1073184767,1072082943,1071995903,1073741823,1073741567,1073741823,1073741823,1073741823,1073741823,1073741823:j5
1073741823,1073741823,1073741823,1073741823,1073741823,1073184767,1072082943,1071995903,1073740799,1073741823,1073741823,1073741823,1073741823,1073741823,1073741823:j5
1073741823,1073741823,1073741823,1073741823,1073741823,1073184767,1072082943,1071995647,1073741823,1073741823,1073741823,1073741823,1073741823,1073741823,1073741823:j5
1073741823,1073741823,1073741823,1073741823,1073741823,1073184511,1072082943,1071995903,1073741823,1073741823,1073741823,1073741823,1073741823,1073741823,1073741823:j5
1073741823,1073741823,1073741823,1073741823,1073741823,1056407551,1072082943,1071995903,1073741823,1073741823,1073741823,1073741823,1073741823,1073741823,1073741823:k6
1073741823,1073741823,1073741823,1073741823,1073741823,1073184767,1067888639,1071995903,1073741823,1073741823,1073741823,1073741823,1073741823,1073741823,1073741823:k6
1073741823,1073741823,1073741823,1073741823,1073741823,1073184767,1072082943,1055218687,1073741823,1073741823,1073741823,1073741823,1073741823,1073741823,1073741823:k6
1073741823,1073741823,1073741823,1073741823,1073741823,1073184767,1072082943,1071995903,1073741823,1056964607,1073741823,1073741823,1073741823,1073741823,1073741823:k6
1073741823,1073741823,1073741823,1073741823,1073741823,1073184767,1072082943,1071995903,1069547519,1073741823,1073741823,1073741823,1073741823,1073741823,1073741823:k6
1073741823,1073741823,1073741823,1073741823,1073741823,1073184767,1072082943,1071995903,1073741823,1073737727,1073741823,1073741823,1073741823,1073741823,1073741823:j5
1073741823,1073741823,1073741823,1073741823,1073741823,1072136191,1072082943,1071995903,1073741823,1073741823,1073741823,1073741823,1073741823,1073741823,1073741823:j5
1073741823,1073741823,1073741823,1073741823,1073741823,1073184767,1072082943,1071995903,1073741823,1072693247,1073741823,1073741823,1073741823,1073741823,1073741823:j5
1073741823,1073741823,1073741823,1073741823,1073741823,1073184767,1072082943,1071995903,1073741823,1073676287,1073741823,1073741823,1073741823,1073741823,1073741823:k6
1073741823,1073741823,1073741823,1073741823,1073741823,1073184767,1072082943,1071995903,1073741567,1073741823,1073741823,1073741823,1073741823,1073741823,1073741823:j5
1073741823,1073741823,1073741823,1073741823,1073741823,1073184767,1072082687,1071995903,1073741823,1073741823,1073741823,1073741823,1073741823,1073741823,1073741823:f7
1073741823,1073741823,1073741823,1073741823,1073741823,1073184767,1072080639,1071995903,1073741759,1073741823,1073741823,1073741823,1073741823,1073741823,1073741823:k6
1073741823,1073741823,1073741823,1073741823,1073741759,1073184767,1072080639,1071995903,1073741823,1073741823,1073741823,1073741823,1073741823,1073741823,1073741823:k6
1073741823,1073741823,1073741823,1073741823,1073741823,1073184767,1072080639,1071995903,1073741807,1073741823,1073741823,1073741823,1073741823,1073741823,1073741823:k6
1073741823,1073741823,1073741823,1073741823,1073741823,1073184767,1072080623,1071995903,1073741823,1073741823,1073741823,1073741823,1073741823,1073741823,1073741823:k6
1073741823,1073741823,1073741823,1073741823,1073741823,1073184767,1072080575,1071995903,1073741823,1073741823,1073741823,1073741823,1073741823,1073741823,1073741823:k6
1073741823,1073741823,1073741823,1073741823,1073741807,1073184767,1072080639,1071995903,1073741823,1073741823,1073741823,1073741823,1073741823,1073741823,1073741823:j5
1073741823,1073741823,1073741823,1069547519,1073741823,1073184767,1072080639,1071995903,1073741823,1073741823,1073741823,1073741823,1073741823,1073741823,1073741823:k6
1073741823,1073741823,1073741823,1073741823,1056964607,1073184767,1072080639,1071995903,1073741823,1073741823,1073741823,1073741823,1073741823,1073741823,1073741823:k6
1073741823,1073741823,1073741823,1073741823,1073741823,1073184767,1055303423,1071995903,1073741823,1073741823,1073741823,1073741823,1073741823,1073741823,1073741823:k6
1073741823,1073741823,1073741823,1073741823,1073741823,1073184767,1072080639,1071995903,1056964607,1073741823,1073741823,1073741823,1073741823,1073741823,1073741823:k6
1073741823,1073741823,1073741823,1073741823,1069547519,1073184767,1072080639,1071995903,1073741823,1073741823,1073741823,1073741823,1073741823,1073741823,1073741823:k6
1073741823,1073741823,1073741823,1073741823,1073740799,1073184767,1072080639,1071995903,1073741823,1073741823,1073741823,1073741823,1073741823,1073741823,1073741823:k6
1073741823,1073741823,1073741823,1073741823,1073479679,1073184767,1072080639,1071995903,1073741823,1073741823,1073741823,1073741823,1073741823,1073741823,1073741823:k6
1073741823,1073741823,1073741823,1073740799,1073741823,1073184767,1072080639,1071995903,1073741823,1073741823,1073741823,1073741823,1073741823,1073741823,1073741823:k6
1073741823,1073741823,1073741823,1073725439,1073741823,1073184767,1072080639,1071995903,1073741823,1073741823,1073741823,1073741823,1073741823,1073741823,1073741823:k6
1073741823,1073741823,1073741823,1073741823,1073725439,1073184767,1072080639,1071995903,1073741823,1073741823,1073741823,1073741823,1073741823,1073741823,1073741823:k6
1073741823,1073741823,1073741823,1073479679,1073741823,1073184767,1072080639,1071995903,1073741823,1073741823,1073741823,1073741823,1073741823,1073741823,1073741823:k6
1073741823,1073741823,1073741823,1073741823,1073741823,1073184767,1072080639,1071995903,1073741823,1073741759,1073741823,1073741823,1073741823,1073741823,1073741823:j5
1073741823,1073741823,1073741823,1073741823,1073741823,1073184767,1072080639,1071995839,1073741823,1073741823,1073741823,1073741823,1073741823,1073741823,1073741823:k6
1073741823,1073741823,1073741823,1073741823,1073741823,1073184703,1072080639,1071995903,1073741823,1073741823,1073741823,1073741823,1073741823,1073741823,1073741823:j5
1073741823,1073741823,1073741823,1073741823,1073741823,1073184767,1072080639,1071995903,1073741823,1073741567,1073741823,1073741823,1073741823,1073741823,1073741823:k6
1073741823,1073741823,1073741823,1073741823,1073741823,1073184767,1072080639,1071995903,1073740799,1073741823,1073741823,1073741823,1073741823,1073741823,1073741823:k6
1073741823,1073741823,1073741823,1073741823,1073741823,1073184767,1072080639,1071995647,1073741823,1073741823,1073741823,1073741823,1073741823,1073741823,1073741823:k6
1073741823,1073741823,1073741823,1073741823,1073741823,1073184511,1072080639,1071995903,1073741823,1073741823,1073741823,1073741823,1073741823,1073741823,1073741823:k6
1073741823,1073741823,1073741823,1073741823,1073741823,1056407551,1072080639,1071995903,1073741823,1073741823,1073741823,1073741823,1073741823,1073741823,1073741823:k6
1073741823,1073741823,1073741823,1073741823,1073741823,1073184767,1067886335,1071995903,1073741823,1073741823,1073741823,1073741823,1073741823,1073741823,1073741823:k6
1073741823,1073741823,1073741823,1073741823,1073741823,1073184767,1072080639,1055218687,1073741823,1073741823,1073741823,1073741823,1073741823,1073741823,1073741823:k6
1073741823,1073741823,1073741823,1073741823,1073741823,1073184767,1072080639,1071995903,1073741823,1056964607,1073741823,1073741823,1073741823,1073741823,1073741823:k6
1073741823,1073741823,1073741823,1073741823,1073741823,1073184767,1072080639,1071995903,1069547519,1073741823,1073741823,1073741823,1073741823,1073741823,1073741823:k6
1073741823,1073741823,1073741823,1073741823,1073741823,1073184767,1072080639,1071995903,1073741823,1073737727,1073741823,1073741823,1073741823,1073741823,1073741823:k6
1073741823,1073741823,1073741823,1073741823,1073741823,1072136191,1072080639,1071995903,1073741823,1073741823,1073741823,1073741823,1073741823,1073741823,1073741823:j5
1073741823,1073741823,1073741823,1073741823,1073741823,1073184767,1072080639,1071995903,1073741823,1072693247,1073741823,1073741823,1073741823,1073741823,1073741823:j5
1073741823,1073741823,1073741823,1073741823,1073741823,1073184767,1072080639,1071995903,1073741823,1073676287,1073741823,1073741823,1073741823,1073741823,1073741823:k6
1073741823,1073741823,1073741823,1073741823,1073741823,1073184767,1072080639,1071995903,1073741567,1073741823,1073741823,1073741823,1073741823,1073741823,1073741823:k6
1073741823,1073741823,1073741823,1073741823,1073741567,1073184767,1072080639,1071995903,1073741823,1073741823,1073741823,1073741823,1073741823,1073741823,1073741823:k6
1073741823,1073741823,1073741823,1073741823,1073741823,1073180671,1072080639,1071995903,1073741823,1073741823,1073741823,1073741823,1073741823,1073741823,1073741823:j5
1073741823,1073741823,1073741823,1073741823,1073741823,1068990463,1072080639,1071995903,1073741823,1073741823,1073741823,1073741823,1073741823,1073741823,1073741823:j5
1073741823,1073741823,1073741823,1073741823,1073741823,1073184767,1072080639,1067801599,1073741823,1073741823,1073741823,1073741823,1073741823,1073741823,1073741823:k6
1073741823,1073741823,1073741823,1073741823,1073741823,1073184767,1072080639,1071995903,1073741823,1069547519,1073741823,1073741823,1073741823,1073741823,1073741823:k6
1073741823,1073741823,1073741823,1073741823,1073741823,1073184767,1072080639,1071995903,1073479679,1073741823,1073741823,1073741823,1073741823,1073741823,1073741823:k6
1073741823,1073741823,1073741823,1073741823,1073737727,1073184767,1072080639,1071995903,1073741823,1073741823,1073741823,1073741823,1073741823,1073741823,1073741823:k6
1073741823,1073741823,1073741823,1073741823,1073676287,1073184767,1072080639,1071995903,1073741823,1073741823,1073741823,1073741823,1073741823,1073741823,1073741823:k6
1073741823,1073741823,1073741823,1073741823,1073741823,1073119231,1072080639,1071995903,1073741823,1073741823,1073741823,1073741823,1073741823,1073741823,1073741823:j5
1073741823,1073741823,1073741823,1073741823,1072693247,1073184767,1072080639,1071995903,1073741823,1073741823,1073741823,1073741823,1073741823,1073741823,1073741823:j5
1073741823,1073741823,1073741823,1073741823,1073741823,1073184767,1072080639,1071995903,1072693247,1073741823,1073741823,1073741823,1073741823,1073741823,1073741823:j5
1073741823,1073741823,1073741823,1073741823,1073741823,1073184767,1072080639,1071995903,1073741823,1073740799,1073741823,1073741823,1073741823,1073741823,1073741823:k6
1073741823,1073741823,1073741823,1073741823,1073741823,1073184767,1072080639,1071995903,1073737727,1073741823,1073741823,1073741823,1073741823,1073741823,1073741823:j5
1073741823,1073741823,1073741823,1073741823,1073741823,1073183743,1072080639,1071995903,1073741823,1073741823,1073741823,1073741823,1073741823,1073741823,1073741823:k6
1073741823,1073741823,1073741823,1073741823,1073741823,1073184767,1072080639,1071995903,1073741823,1073479679,1073741823,1073741823,1073741823,1073741823,1073741823:k6
1073741823,1073741823,1073741823,1073741823,1073741823,1073184767,1072080639,1071995903,1073676287,1073741823,1073741823,1073741823,1073741823,1073741823,1073741823:k6
1073741823,1073741823,1073741823,1073741823,1073741823,1073184767,1072080639,1071995903,1073741823,1073725439,1073741823,1073741823,1073741823,1073741823,1073741823:j5
1073741823,1073741823,1073741823,1073741823,1073741823,1073184767,1072080639,1071995903,1073725439,1073741823,1073741823,1073741823,1073741823,1073741823,1073741823:j5
1073741823,1073741823,1073741823,1073741823,1073741823,1073184767,1072081919,1071995903,1073741823,1073741823,1073741823,1073741823,1073741823,1073741823,1073741823:e7
1073741823,1073741823,1073741823,1073741823,1073741823,1073184767,1072081407,1071995903,1073741807,1073741823,1073741823,1073741823,1073741823,1073741823,1073741823:k6
1073741823,1073741823,1073741823,1073741823,1073741823,1073184767,1072081391,1071995903,1073741823,1073741823,1073741823,1073741823,1073741823,1073741823,1073741823:k6
1073741823,1073741823,1073741823,1073741823,1073741807,1073184767,1072081407,1071995903,1073741823,1073741823,1073741823,1073741823,1073741823,1073741823,1073741823:k6
1073741823,1073741823,1073741823,1073741823,1073741823,1073184767,1072081407,1071995903,1073741759,1073741823,1073741823,1073741823,1073741823,1073741823,1073741823:k6
1073741823,1073741823,1073741823,1073741823,1073741823,1073184767,1072081343,1071995903,1073741823,1073741823,1073741823,1073741823,1073741823,1073741823,1073741823:k6
1073741823,1073741823,1073741823,1073741823,1073741759,1073184767,1072081407,1071995903,1073741823,1073741823,1073741823,1073741823,1073741823,1073741823,1073741823:k6
1073741823,1073741823,1073741823,1069547519,1073741823,1073184767,1072081407,1071995903,1073741823,1073741823,1073741823,1073741823,1073741823,1073741823,1073741823:k6
1073741823,1073741823,1073741823,1073741823,1056964607,1073184767,1072081407,1071995903,1073741823,1073741823,1073741823,1073741823,1073741823,1073741823,1073741823:k6
1073741823,1073741823,1073741823,1073741823,1073741823,1073184767,1055304191,1071995903,1073741823,1073741823,1073741823,1073741823,1073741823,1073741823,1073741823:k6
1073741823,1073741823,1073741823,1073741823,1073741823,1073184767,1072081407,1071995903,1056964607,1073741823,1073741823,1073741823,1073741823,1073741823,1073741823:k6
1073741823,1073741823,1073741823,1073741823,1069547519,1073184767,1072081407,1071995903,1073741823,1073741823,1073741823,1073741823,1073741823,1073741823,1073741823:j5
1073741823,1073741823,1073741823,1073741823,1073740799,1073184767,1072081407,1071995903,1073741823,1073741823,1073741823,1073741823,1073741823,1073741823,1073741823:j5
1073741823,1073741823,1073741823,1073741823,1073479679,1073184767,1072081407,1071995903,1073741823,1073741823,1073741823,1073741823,1073741823,1073741823,1073741823:k6
1073741823,1073741823,1073741823,1073740799,1073741823,1073184767,1072081407,1071995903,1073741823,1073741823,1073741823,1073741823,1073741823,1073741823,1073741823:k6
1073741823,1073741823,1073741823,1073725439,1073741823,1073184767,1072081407,1071995903,1073741823,1073741823,1073741823,1073741823,1073741823,1073741823,1073741823:k6
1073741823,1073741823,1073741823,1073741823,1073725439,1073184767,1072081407,1071995903,1073741823,1073741823,1073741823,1073741823,1073741823,1073741823,1073741823:k6
1073741823,1073741823,1073741823,1073479679,1073741823,1073184767,1072081407,1071995903,1073741823,1073741823,1073741823,1073741823,1073741823,1073741823,1073741823:k6
1073741823,1073741823,1073741823,1073741823,1073741823,1073184767,1072081407,1071995903,1073741823,1073741759,1073741823,1073741823,1073741823,1073741823,1073741823:k6
1073741823,1073741823,1073741823,1073741823,1073741823,1073184767,1072081407,1071995839,1073741823,1073741823,1073741823,1073741823,1073741823,1073741823,1073741823:k6
1073741823,1073741823,1073741823,1073741823,1073741823,1073184703,1072081407,1071995903,1073741823,1073741823,1073741823,1073741823,1073741823,1073741823,1073741823:k6
1073741823,1073741823,1073741823,1073741823,1073741823,1073184767,1072081407,1071995903,1073741823,1073741567,1073741823,1073741823,1073741823,1073741823,1073741823:k6
1073741823,1073741823,1073741823,1073741823,1073741823,1073184767,1072081407,1071995903,1073740799,1073741823,1073741823,1073741823,1073741823,1073741823,1073741823:j5
1073741823,1073741823,1073741823,1073741823,1073741823,1073184767,1072081407,1071995647,1073741823,1073741823,1073741823,1073741823,1073741823,1073741823,1073741823:k6
1073741823,1073741823,1073741823,1073741823,1073741823,1073184511,1072081407,1071995903,1073741823,1073741823,1073741823,1073741823,1073741823,1073741823,1073741823:k6
1073741823,1073741823,1073741823,1073741823,1073741823,1056407551,1072081407,1071995903,1073741823,1073741823,1073741823,1073741823,1073741823,1073741823,1073741823:k6
1073741823,1073741823,1073741823,1073741823,1073741823,1073184767,1067887103,1071995903,1073741823,1073741823,1073741823,1073741823,1073741823,1073741823,1073741823:k6
1073741823,1073741823,1073741823,1073741823,1073741823,1073184767,1072081407,1055218687,1073741823,1073741823,1073741823,1073741823,1073741823,1073741823,1073741823:k6
1073741823,1073741823,1073741823,1073741823,1073741823,1073184767,1072081407,1071995903,1073741823,1056964607,1073741823,1073741823,1073741823,1073741823,1073741823:k6
1073741823,1073741823,1073741823,1073741823,1073741823,1073184767,1072081407,1071995903,1069547519,1073741823,1073741823,1073741823,1073741823,1073741823,1073741823:k6
1073741823,1073741823,1073741823,1073741823,1073741823,1073184767,1072081407,1071995903,1073741823,1073737727,1073741823,1073741823,1073741823,1073741823,1073741823:k6
1073741823,1073741823,1073741823,1073741823,1073741823,1072136191,1072081407,1071995903,1073741823,1073741823,1073741823,1073741823,1073741823,1073741823,1073741823:j5
1073741823,1073741823,1073741823,1073741823,1073741823,1073184767,1072081407,1071995903,1073741823,1072693247,1073741823,1073741823,1073741823,1073741823,1073741823:j5
1073741823,1073741823,1073741823,1073741823,1073741823,1073184767,1072081407,1071995903,1073741823,1073676287,1073741823,1073741823,1073741823,1073741823,1073741823:k6
1073741823,1073741823,1073741823,1073741823,1073741823,1073184767,1072081407,1071995903,1073741567,1073741823,1073741823,1073741823,1073741823,1073741823,1073741823:k6
1073741823,1073741823,1073741823,1073741823,1073741567,1073184767,1072081407,1071995903,1073741823,1073741823,1073741823,1073741823,1073741823,1073741823,1073741823:k6
1073741823,1073741823,1073741823,1073741823,1073741823,1073180671,1072081407,1071995903,1073741823,1073741823,1073741823,1073741823,1073741823,1073741823,1073741823:j5
1073741823,1073741823,1073741823,1073741823,1073741823,1068990463,1072081407,1071995903,1073741823,1073741823,1073741823,1073741823,1073741823,1073741823,1073741823:j5
1073741823,1073741823,1073741823,1073741823,1073741823,1073184767,1072081407,1067801599,1073741823,1073741823,1073741823,1073741823,1073741823,1073741823,1073741823:k6
1073741823,1073741823,1073741823,1073741823,1073741823,1073184767,1072081407,1071995903,1073741823,1069547519,1073741823,1073741823,1073741823,1073741823,1073741823:k6
1073741823,1073741823,1073741823,1073741823,1073741823,1073184767,1072081407,1071995903,1073479679,1073741823,1073741823,1073741823,1073741823,1073741823,1073741823:k6
1073741823,1073741823,1073741823,1073741823,1073737727,1073184767,1072081407,1071995903,1073741823,1073741823,1073741823,1073741823,1073741823,1073741823,1073741823:k6
1073741823,1073741823,1073741823,1073741823,1073676287,1073184767,1072081407,1071995903,1073741823,1073741823,1073741823,1073741823,1073741823,1073741823,1073741823:k6
1073741823,1073741823,1073741823,1073741823,1073741823,1073119231,1072081407,1071995903,1073741823,1073741823,1073741823,1073741823,1073741823,1073741823,1073741823:j5
1073741823,1073741823,1073741823,1073741823,1072693247,1073184767,1072081407,1071995903,1073741823,1073741823,1073741823,1073741823,1073741823,1073741823,1073741823:j5
1073741823,1073741823,1073741823,1073741823,1073741823,1073184767,1072081407,1071995903,1072693247,1073741823,1073741823,1073741823,1073741823,1073741823,1073741823:j5
1073741823,1073741823,1073741823,1073741823,1073741823,1073184767,1072081407,1071995903,1073741823,1073740799,1073741823,1073741823,1073741823,1073741823,1073741823:j5
1073741823,1073741823,1073741823,1073741823,1073741823,1073184767,1072081407,1071995903,1073737727,1073741823,1073741823,1073741823,1073741823,1073741823,1073741823:k6
1073741823,1073741823,1073741823,1073741823,1073741823,1073183743,1072081407,1071995903,1073741823,1073741823,1073741823,1073741823,1073741823,1073741823,1073741823:j5
1073741823,1073741823,1073741823,1073741823,1073741823,1073184767,1072081407,1071995903,1073741823,1073479679,1073741823,1073741823,1073741823,1073741823,1073741823:k6
1073741823,1073741823,1073741823,1073741823,1073741823,1073184767,1072081407,1071995903,1073676287,1073741823,1073741823,1073741823,1073741823,1073741823,1073741823:k6
1073741823,1073741823,1073741823,1073741823,1073741823,1073184767,1072081407,1071995903,1073741823,1073725439,1073741823,1073741823,1073741823,1073741823,1073741823:k6
1073741823,1073741823,1073741823,1073741823,1073741823,1073184767,1072081407,1071995903,1073725439,1073741823,1073741823,1073741823,1073741823,1073741823,1073741823:j5
1073741823,1073741823,1073741823,1073741823,1073741567,1073184767,1072082943,1071995903,1073741823,1073741823,1073741823,1073741823,1073741823,1073741823,1073741823:j5
1073741823,1073741823,1073741823,1073741823,1073741823,1073180671,1072082943,1071995903,1073741823,1073741823,1073741823,1073741823,1073741823,1073741823,1073741823:j5
1073741823,1073741823,1073741823,1073741823,1073741823,1068990463,1072082943,1071995903,1073741823,1073741823,1073741823,1073741823,1073741823,1073741823,1073741823:j5
1073741823,1073741823,1073741823,1073741823,1073741823,1073184767,1072082943,1067801599,1073741823,1073741823,1073741823,1073741823,1073741823,1073741823,1073741823:k6
1073741823,1073741823,1073741823,1073741823,1073741823,1073184767,1072082943,1071995903,1073741823,1069547519,1073741823,1073741823,1073741823,1073741823,1073741823:k6
1073741823,1073741823,1073741823,1073741823,1073741823,1073184767,1072082943,1071995903,1073479679,1073741823,1073741823,1073741823,1073741823,1073741823,1073741823:k6
1073741823,1073741823,1073741823,1073676287,1073741823,1071087615,1072082943,1071995903,1073479679,1073741823,1073741823,1073741823,1073741823,1073741823,1073741823:i6
1073741823,1073741823,1073741823,1072693247,1073741823,1071087615,1072082943,1071995903,1073479679,1073741823,1073741823,1073741823,1073741823,1073741823,1073741823:i6
1073741823,1073741823,1073741823,1056964607,1073741823,1071087615,1072082943,1071995903,1073479679,1073741823,1073741823,1073741823,1073741823,1073741823,1073741823:i6
1073741823,1073741823,1073741823,1073741823,1073741823,1071087615,1072082943,1071995903,1073479679,1073741823,1073725439,1073741823,1073741823,1073741823,1073741823:i6
1073741823,1073741823,1073741823,1073741823,1073741823,1071087615,1072082943,1071995903,1073479679,1073741823,1069547519,1073741823,1073741823,1073741823,1073741823:i6
1073741823,1073741823,1073741823,1073741823,1073741823,1071087615,1072082943,1071995903,1073479679,1073741823,1073479679,1073741823,1073741823,1073741823,1073741823:i6
1073741823,1073741823,1073741823,1069547519,1073741823,1071087615,1072082943,1071995903,1073479679,1073741823,1073741823,1073741823,1073741823,1073741823,1073741823:i6
1073741823,1073741823,1073741823,1073741823,1056964607,1071087615,1072082943,1071995903,1073479679,1073741823,1073741823,1073741823,1073741823,1073741823,1073741823:i6
1073741823,1073741823,1073741823,1073741823,1073741823,1071087615,1055305727,1071995903,1073479679,1073741823,1073741823,1073741823,1073741823,1073741823,1073741823:i6
1073741823,1073741823,1073741823,1073741823,1073741823,1071087615,1072082943,1071995903,1056702463,1073741823,1073741823,1073741823,1073741823,1073741823,1073741823:i6
1073741823,1073741823,1073741823,1073741823,1069547519,1071087615,1072082943,1071995903,1073479679,1073741823,1073741823,1073741823,1073741823,1073741823,1073741823:i6
1073741823,1073741823,1073741823,1073741823,1073740799,1071087615,1072082943,1071995903,1073479679,1073741823,1073741823,1073741823,1073741823,1073741823,1073741823:i6
1073741823,1073741823,1073741823,1073741823,1073479679,1071087615,1072082943,1071995903,1073479679,1073741823,1073741823,1073741823,1073741823,1073741823,1073741823:i6
1073741823,1073741823,1073741823,1073740799,1073741823,1071087615,1072082943,1071995903,1073479679,1073741823,1073741823,1073741823,1073741823,1073741823,1073741823:i6
1073741823,1073741823,1073741823,1073725439,1073741823,1071087615,1072082943,1071995903,1073479679,1073741823,1073741823,1073741823,1073741823,1073741823,1073741823:i6
1073741823,1073741823,1073741823,1073741823,1073725439,1071087615,1072082943,1071995903,1073479679,1073741823,1073741823,1073741823,1073741823,1073741823,1073741823:i6
1073741823,1073741823,1073741823,1073479679,1073741823,1071087615,1072082943,1071995903,1073479679,1073741823,1073741823,1073741823,1073741823,1073741823,1073741823:i6
1073741823,1073741823,1073741823,1073741823,1073741823,1071087615,1072082943,1071995903,1073479679,1073741759,1073741823,1073741823,1073741823,1073741823,1073741823:i6
1073741823,1073741823,1073741823,1073741823,1073741823,1071087615,1072082943,1071995839,1073479679,1073741823,1073741823,1073741823,1073741823,1073741823,1073741823:i6
1073741823,1073741823,1073741823,1073741823,1073741823,1071087551,1072082943,1071995903,1073479679,1073741823,1073741823,1073741823,1073741823,1073741823,1073741823:i6
1073741823,1073741823,1073741823,1073741823,1073741823,1071087615,1072082943,1071995903,1073479679,1073741567,1073741823,1073741823,1073741823,1073741823,1073741823:i6
1073741823,1073741823,1073741823,1073741823,1073741823,1071087615,1072082943,1071995903,1073478655,1073741823,1073741823,1073741823,1073741823,1073741823,1073741823:i6
1073741823,1073741823,1073741823,1073741823,1073741823,1071087615,1072082943,1071995647,1073479679,1073741823,1073741823,1073741823,1073741823,1073741823,1073741823:i6
1073741823,1073741823,1073741823,1073741823,1073741823,1071087359,1072082943,1071995903,1073479679,1073741823,1073741823,1073741823,1073741823,1073741823,1073741823:i6
1073741823,1073741823,1073741823,1073741823,1073741823,1054310399,1072082943,1071995903,1073479679,1073741823,1073741823,1073741823,1073741823,1073741823,1073741823:i6
1073741823,1073741823,1073741823,1073741823,1073741823,1071087615,1067888639,1071995903,1073479679,1073741823,1073741823,1073741823,1073741823,1073741823,1073741823:i6
1073741823,1073741823,1073741823,1073741823,1073741823,1071087615,1072082943,1055218687,1073479679,1073741823,1073741823,1073741823,1073741823,1073741823,1073741823:i6
1073741823,1073741823,1073741823,1073741823,1073741823,1071087615,1072082943,1071995903,1073479679,1056964607,1073741823,1073741823,1073741823,1073741823,1073741823:i6
1073741823,1073741823,1073741823,1073741823,1073741823,1071087615,1072082943,1071995903,1069285375,1073741823,1073741823,1073741823,1073741823,1073741823,1073741823:i6
1073741823,1073741823,1073741823,1073741823,1073741823,1071087615,1072082943,1071995903,1073479679,1073737727,1073741823,1073741823,1073741823,1073741823,1073741823:i6
1073741823,1073741823,1073741823,1073741823,1073741823,1071087615,1072082943,1071995903,1073479679,1072693247,1073741823,1073741823,1073741823,1073741823,1073741823:i6
1073741823,1073741823,1073741823,1073741823,1073741823,1071087615,1072082943,1071995903,1073479679,1073676287,1073741823,1073741823,1073741823,1073741823,1073741823:i6
1073741823,1073741823,1073741823,1073741823,1073741823,1071087615,1072082943,1071995903,1073479423,1073741823,1073741823,1073741823,1073741823,1073741823,1073741823:i6
1073741823,1073741823,1073741823,1073741823,1073741823,1071087615,1072082687,1071995903,1073479679,1073741823,1073741823,1073741823,1073741823,1073741823,1073741823:f7
1073741823,1073741823,1073741823,1073741823,1073741823,1071087615,1072080639,1071995903,1073479615,1073741823,1073741823,1073741823,1073741823,1073741823,1073741823:i6
1073741823,1073741823,1073741823,1073741823,1073741759,1071087615,1072080639,1071995903,1073479679,1073741823,1073741823,1073741823,1073741823,1073741823,1073741823:i6
1073741823,1073741823,1073741823,1073741823,1073741823,1071087615,1072080639,1071995903,1073479663,1073741823,1073741823,1073741823,1073741823,1073741823,1073741823:i6
1073741823,1073741823,1073741823,1073741823,1073741823,1071087615,1072080623,1071995903,1073479679,1073741823,1073741823,1073741823,1073741823,1073741823,1073741823:i6
1073741823,1073741823,1073741823,1073741823,1073741823,1071087615,1072080575,1071995903,1073479679,1073741823,1073741823,1073741823,1073741823,1073741823,1073741823:i6
1073741823,1073741823,1073741823,1073741823,1073741807,1071087615,1072080639,1071995903,1073479679,1073741823,1073741823,1073741823,1073741823,1073741823,1073741823:i6
1073741823,1073741823,1073741823,1073676287,1073741823,1071087615,1072080639,1071995903,1073479679,1073741823,1073741823,1073741823,1073741823,1073741823,1073741823:i6
1073741823,1073741823,1073741823,1072693247,1073741823,1071087615,1072080639,1071995903,1073479679,1073741823,1073741823,1073741823,1073741823,1073741823,1073741823:i6
1073741823,1073741823,1073741823,1056964607,1073741823,1071087615,1072080639,1071995903,1073479679,1073741823,1073741823,1073741823,1073741823,1073741823,1073741823:i6
1073741823,1073741823,1073741823,1073741823,1073741823,1071087615,1072080639,1071995903,1073479679,1073741823,1073725439,1073741823,1073741823,1073741823,1073741823:i6
1073741823,1073741823,1073741823,1073741823,1073741823,1071087615,1072080639,1071995903,1073479679,1073741823,1069547519,1073741823,1073741823,1073741823,1073741823:i6
1073741823,1073741823,1073741823,1073741823,1073741823,1071087615,1072080639,1071995903,1073479679,1073741823,1073479679,1073741823,1073741823,1073741823,1073741823:i6
1073741823,1073741823,1073741823,1069547519,1073741823,1071087615,1072080639,1071995903,1073479679,1073741823,1073741823,1073741823,1073741823,1073741823,1073741823:i6
1073741823,1073741823,1073741823,1073741823,1056964607,1071087615,1072080639,1071995903,1073479679,1073741823,1073741823,1073741823,1073741823,1073741823,1073741823:i6
1073741823,1073741823,1073741823,1073741823,1073741823,1071087615,1055303423,1071995903,1073479679,1073741823,1073741823,1073741823,1073741823,1073741823,1073741823:i6
1073741823,1073741823,1073741823,1073741823,1073741823,1071087615,1072080639,1071995903,1056702463,1073741823,1073741823,1073741823,1073741823,1073741823,1073741823:i6
1073741823,1073741823,1073741823,1073741823,1069547519,1071087615,1072080639,1071995903,1073479679,1073741823,1073741823,1073741823,1073741823,1073741823,1073741823:i6
1073741823,1073741823,1073741823,1073741823,1073740799,1071087615,1072080639,1071995903,1073479679,1073741823,1073741823,1073741823,1073741823,1073741823,1073741823:i6
1073741823,1073741823,1073741823,1073741823,1073479679,1071087615,1072080639,1071995903,1073479679,1073741823,1073741823,1073741823,1073741823,1073741823,1073741823:i6
1073741823,1073741823,1073741823,1073740799,1073741823,1071087615,1072080639,1071995903,1073479679,1073741823,1073741823,1073741823,1073741823,1073741823,1073741823:i6
1073741823,1073741823,1073741823,1073725439,1073741823,1071087615,1072080639,1071995903,1073479679,1073741823,1073741823,1073741823,1073741823,1073741823,1073741823:i6
1073741823,1073741823,1073741823,1073741823,1073725439,1071087615,1072080639,1071995903,1073479679,1073741823,1073741823,1073741823,1073741823,1073741823,1073741823:i6
1073741823,1073741823,1073741823,1073479679,1073741823,1071087615,1072080639,1071995903,1073479679,1073741823,1073741823,1073741823,1073741823,1073741823,1073741823:i6
1073741823,1073741823,1073741823,1073741823,1073741823,1071087615,1072080639,1071995903,1073479679,1073741759,1073741823,1073741823,1073741823,1073741823,1073741823:i6
1073741823,1073741823,1073741823,1073741823,1073741823,1071087615,1072080639,1071995839,1073479679,1073741823,1073741823,1073741823,1073741823,1073741823,1073741823:i6
1073741823,1073741823,1073741823,1073741823,1073741823,1071087551,1072080639,1071995903,1073479679,1073741823,1073741823,1073741823,1073741823,1073741823,1073741823:i6
1073741823,1073741823,1073741823,1073741823,1073741823,1071087615,1072080639,1071995903,1073479679,1073741567,1073741823,1073741823,1073741823,1073741823,1073741823:i6
1073741823,1073741823,1073741823,1073741823,1073741823,1071087615,1072080639,1071995903,1073478655,1073741823,1073741823,1073741823,1073741823,1073741823,1073741823:i6
1073741823,1073741823,1073741823,1073741823,1073741823,1071087615,1072080639,1071995647,1073479679,1073741823,1073741823,1073741823,1073741823,1073741823,1073741823:i6
1073741823,1073741823,1073741823,1073741823,1073741823,1071087359,1072080639,1071995903,1073479679,1073741823,1073741823,1073741823,1073741823,1073741823,1073741823:i6
1073741823,1073741823,1073741823,1073741823,1073741823,1054310399,1072080639,1071995903,1073479679,1073741823,1073741823,1073741823,1073741823,1073741823,1073741823:i6
1073741823,1073741823,1073741823,1073741823,1073741823,1071087615,1067886335,1071995903,1073479679,1073741823,1073741823,1073741823,1073741823,1073741823,1073741823:i6
1073741823,1073741823,1073741823,1073741823,1073741823,1071087615,1072080639,1055218687,1073479679,1073741823,1073741823,1073741823,1073741823,1073741823,1073741823:i6
1073741823,1073741823,1073741823,1073741823,1073741823,1071087615,1072080639,1071995903,1073479679,1056964607,1073741823,1073741823,1073741823,1073741823,1073741823:i6
1073741823,1073741823,1073741823,1073741823,1073741823,1071087615,1072080639,1071995903,1069285375,1073741823,1073741823,1073741823,1073741823,1073741823,1073741823:i6
1073741823,1073741823,1073741823,1073741823,1073741823,1071087615,1072080639,1071995903,1073479679,1073737727,1073741823,1073741823,1073741823,1073741823,1073741823:i6
1073741823,1073741823,1073741823,1073741823,1073741823,1071087615,1072080639,1071995903,1073479679,1072693247,1073741823,1073741823,1073741823,1073741823,1073741823:i6
1073741823,1073741823,1073741823,1073741823,1073741823,1071087615,1072080639,1071995903,1073479679,1073676287,1073741823,1073741823,1073741823,1073741823,1073741823:i6
1073741823,1073741823,1073741823,1073741823,1073741823,1071087615,1072080639,1071995903,1073479423,1073741823,1073741823,1073741823,1073741823,1073741823,1073741823:i6
1073741823,1073741823,1073741823,1073741823,1073741567,1071087615,1072080639,1071995903,1073479679,1073741823,1073741823,1073741823,1073741823,1073741823,1073741823:i6
1073741823,1073741823,1073741823,1073741823,1073741823,1071083519,1072080639,1071995903,1073479679,1073741823,1073741823,1073741823,1073741823,1073741823,1073741823:l5
1073741823,1073741823,1073741823,1073741823,1073741823,1066893311,1072080639,1071995903,1073479679,1073741823,1073741823,1073741823,1073741823,1073741823,1073741823:g6
1073741823,1073741823,1073741823,1073741823,1073741823,1071087615,1072080639,1067801599,1073479679,1073741823,1073741823,1073741823,1073741823,1073741823,1073741823:i6
1073741823,1073741823,1073741823,1073741823,1073741823,1071087615,1072080639,1071995903,1073479679,1069547519,1073741823,1073741823,1073741823,1073741823,1073741823:i6
1073741823,1073741823,1073741823,1073741823,1073737727,1071087615,1072080639,1071995903,1073479679,1073741823,1073741823,1073741823,1073741823,1073741823,1073741823:i6
1073741823,1073741823,1073741823,1073741823,1073676287,1071087615,1072080639,1071995903,1073479679,1073741823,1073741823,1073741823,1073741823,1073741823,1073741823:i6
1073741823,1073741823,1073741823,1073741823,1073741823,1071022079,1072080639,1071995903,1073479679,1073741823,1073741823,1073741823,1073741823,1073741823,1073741823:l5
1073741823,1073741823,1073741823,1073741823,1072693247,1071087615,1072080639,1071995903,1073479679,1073741823,1073741823,1073741823,1073741823,1073741823,1073741823:i6
1073741823,1073741823,1073741823,1073741823,1073741823,1071087615,1072080639,1071995903,1072431103,1073741823,1073741823,1073741823,1073741823,1073741823,1073741823:i6
1073741823,1073741823,1073741823,1073741823,1073741823,1071087615,1072080639,1071995903,1073479679,1073740799,1073741823,1073741823,1073741823,1073741823,1073741823:i6
1073741823,1073741823,1073741823,1073741823,1073741823,1071087615,1072080639,1071995903,1073475583,1073741823,1073741823,1073741823,1073741823,1073741823,1073741823:i6
1073741823,1073741823,1073741823,1073741823,1073741823,1071086591,1072080639,1071995903,1073479679,1073741823,1073741823,1073741823,1073741823,1073741823,1073741823:i6
1073741823,1073741823,1073741823,1073741823,1073741823,1071087615,1072080639,1071995903,1073479679,1073479679,1073741823,1073741823,1073741823,1073741823,1073741823:i6
1073741823,1073741823,1073741823,1073741823,1073741823,1071087615,1072080639,1071995903,1073414143,1073741823,1073741823,1073741823,1073741823,1073741823,1073741823:i6
1073741823,1073741823,1073741823,1073741823,1073741823,1071087615,1072080639,1071995903,1073479679,1073725439,1073741823,1073741823,1073741823,1073741823,1073741823:i6
1073741823,1073741823,1073741823,1073741823,1073741823,1071087615,1072080639,1071995903,1073463295,1073741823,1073741823,1073741823,1073741823,1073741823,1073741823:i6
1073741823,1073741823,1073741823,1073741823,1073741823,1071087615,1072081919,1071995903,1073479679,1073741823,1073741823,1073741823,1073741823,1073741823,1073741823:e7
1073741823,1073741823,1073741823,1073741823,1073741823,1071087615,1072081407,1071995903,1073479663,1073741823,1073741823,1073741823,1073741823,1073741823,1073741823:i6
1073741823,1073741823,1073741823,1073741823,1073741823,1071087615,1072081391,1071995903,1073479679,1073741823,1073741823,1073741823,1073741823,1073741823,1073741823:i6
1073741823,1073741823,1073741823,1073741823,1073741807,1071087615,1072081407,1071995903,1073479679,1073741823,1073741823,1073741823,1073741823,1073741823,1073741823:i6
1073741823,1073741823,1073741823,1073741823,1073741823,1071087615,1072081407,1071995903,1073479615,1073741823,1073741823,1073741823,1073741823,1073741823,1073741823:i6
1073741823,1073741823,1073741823,1073741823,1073741823,1071087615,1072081343,1071995903,1073479679,1073741823,1073741823,1073741823,1073741823,1073741823,1073741823:i6
1073741823,1073741823,1073741823,1073741823,1073741759,1071087615,1072081407,1071995903,1073479679,1073741823,1073741823,1073741823,1073741823,1073741823,1073741823:i6
1073741823,1073741823,1073741823,1073676287,1073741823,1071087615,1072081407,1071995903,1073479679,1073741823,1073741823,1073741823,1073741823,1073741823,1073741823:i6
1073741823,1073741823,1073741823,1072693247,1073741823,1071087615,1072081407,1071995903,1073479679,1073741823,1073741823,1073741823,1073741823,1073741823,1073741823:i6
1073741823,1073741823,1073741823,1056964607,1073741823,1071087615,1072081407,1071995903,1073479679,1073741823,1073741823,1073741823,1073741823,1073741823,1073741823:i6
1073741823,1073741823,1073741823,1073741823,1073741823,1071087615,1072081407,1071995903,1073479679,1073741823,1073725439,1073741823,1073741823,1073741823,1073741823:i6
1073741823,1073741823,1073741823,1073741823,1073741823,1071087615,1072081407,1071995903,1073479679,1073741823,1069547519,1073741823,1073741823,1073741823,1073741823:i6
1073741823,1073741823,1073741823,1073741823,1073741823,1071087615,1072081407,1071995903,1073479679,1073741823,1073479679,1073741823,1073741823,1073741823,1073741823:i6
1073741823,1073741823,1073741823,1069547519,1073741823,1071087615,1072081407,1071995903,1073479679,1073741823,1073741823,1073741823,1073741823,1073741823,1073741823:i6
1073741823,1073741823,1073741823,1073741823,1056964607,1071087615,1072081407,1071995903,1073479679,1073741823,1073741823,1073741823,1073741823,1073741823,1073741823:i6
1073741823,1073741823,1073741823,1073741823,1073741823,1071087615,1055304191,1071995903,1073479679,1073741823,1073741823,1073741823,1073741823,1073741823,1073741823:i6
1073741823,1073741823,1073741823,1073741823,1073741823,1071087615,1072081407,1071995903,1056702463,1073741823,1073741823,1073741823,1073741823,1073741823,1073741823:i6
1073741823,1073741823,1073741823,1073741823,1069547519,1071087615,1072081407,1071995903,1073479679,1073741823,1073741823,1073741823,1073741823,1073741823,1073741823:i6
1073741823,1073741823,1073741823,1073741823,1073740799,1071087615,1072081407,1071995903,1073479679,1073741823,1073741823,1073741823,1073741823,1073741823,1073741823:i6
1073741823,1073741823,1073741823,1073741823,1073479679,1071087615,1072081407,1071995903,1073479679,1073741823,1073741823,1073741823,1073741823,1073741823,1073741823:i6
1073741823,1073741823,1073741823,1073740799,1073741823,1071087615,1072081407,1071995903,1073479679,1073741823,1073741823,1073741823,1073741823,1073741823,1073741823:i6
1073741823,1073741823,1073741823,1073725439,1073741823,1071087615,1072081407,1071995903,1073479679,1073741823,1073741823,1073741823,1073741823,1073741823,1073741823:i6
1073741823,1073741823,1073741823,1073741823,1073725439,1071087615,1072081407,1071995903,1073479679,1073741823,1073741823,1073741823,1073741823,1073741823,1073741823:i6
1073741823,1073741823,1073741823,1073479679,1073741823,1071087615,1072081407,1071995903,1073479679,1073741823,1073741823,1073741823,1073741823,1073741823,1073741823:i6
1073741823,1073741823,1073741823,1073741823,1073741823,1071087615,1072081407,1071995903,1073479679,1073741759,1073741823,1073741823,1073741823,1073741823,1073741823:i6
1073741823,1073741823,1073741823,1073741823,1073741823,1071087615,1072081407,1071995839,1073479679,1073741823,1073741823,1073741823,1073741823,1073741823,1073741823:i6
1073741823,1073741823,1073741823,1073741823,1073741823,1071087551,1072081407,1071995903,1073479679,1073741823,1073741823,1073741823,1073741823,1073741823,1073741823:i6
1073741823,1073741823,1073741823,1073741823,1073741823,1071087615,1072081407,1071995903,1073479679,1073741567,1073741823,1073741823,1073741823,1073741823,1073741823:i6
1073741823,1073741823,1073741823,1073741823,1073741823,1071087615,1072081407,1071995903,1073478655,1073741823,1073741823,1073741823,1073741823,1073741823,1073741823:i6
1073741823,1073741823,1073741823,1073741823,1073741823,1071087615,1072081407,1071995647,1073479679,1073741823,1073741823,1073741823,1073741823,1073741823,1073741823:i6
1073741823,1073741823,1073741823,1073741823,1073741823,1071087359,1072081407,1071995903,1073479679,1073741823,1073741823,1073741823,1073741823,1073741823,1073741823:i6
1073741823,1073741823,1073741823,1073741823,1073741823,1054310399,1072081407,1071995903,1073479679,1073741823,1073741823,1073741823,1073741823,1073741823,1073741823:i6
1073741823,1073741823,1073741823,1073741823,1073741823,1071087615,1067887103,1071995903,1073479679,1073741823,1073741823,1073741823,1073741823,1073741823,1073741823:i6
1073741823,1073741823,1073741823,1073741823,1073741823,1071087615,1072081407,1055218687,1073479679,1073741823,1073741823,1073741823,1073741823,1073741823,1073741823:i6
1073741823,1073741823,1073741823,1073741823,1073741823,1071087615,1072081407,1071995903,1073479679,1056964607,1073741823,1073741823,1073741823,1073741823,1073741823:i6
1073741823,1073741823,1073741823,1073741823,1073741823,1071087615,1072081407,1071995903,1069285375,1073741823,1073741823,1073741823,1073741823,1073741823,1073741823:i6
1073741823,1073741823,1073741823,1073741823,1073741823,1071087615,1072081407,1071995903,1073479679,1073737727,1073741823,1073741823,1073741823,1073741823,1073741823:i6
1073741823,1073741823,1073741823,1073741823,1073741823,1071087615,1072081407,1071995903,1073479679,1072693247,1073741823,1073741823,1073741823,1073741823,1073741823:i6
1073741823,1073741823,1073741823,1073741823,1073741823,1071087615,1072081407,1071995903,1073479679,1073676287,1073741823,1073741823,1073741823,1073741823,1073741823:i6
1073741823,1073741823,1073741823,1073741823,1073741823,1071087615,1072081407,1071995903,1073479423,1073741823,1073741823,1073741823,1073741823,1073741823,1073741823:i6
1073741823,1073741823,1073741823,1073741823,1073741567,1071087615,1072081407,1071995903,1073479679,1073741823,1073741823,1073741823,1073741823,1073741823,1073741823:i6
1073741823,1073741823,1073741823,1073741823,1073741823,1071083519,1072081407,1071995903,1073479679,1073741823,1073741823,1073741823,1073741823,1073741823,1073741823:l5
1073741823,1073741823,1073741823,1073741823,1073741823,1066893311,1072081407,1071995903,1073479679,1073741823,1073741823,1073741823,1073741823,1073741823,1073741823:l5
1073741823,1073741823,1073741823,1073741823,1073741823,1071087615,1072081407,1067801599,1073479679,1073741823,1073741823,1073741823,1073741823,1073741823,1073741823:i6
1073741823,1073741823,1073741823,1073741823,1073741823,1071087615,1072081407,1071995903,1073479679,1069547519,1073741823,1073741823,1073741823,1073741823,1073741823:i6
1073741823,1073741823,1073741823,1073741823,1073737727,1071087615,1072081407,1071995903,1073479679,1073741823,1073741823,1073741823,1073741823,1073741823,1073741823:i6
1073741823,1073741823,1073741823,1073741823,1073676287,1071087615,1072081407,1071995903,1073479679,1073741823,1073741823,1073741823,1073741823,1073741823,1073741823:i6
1073741823,1073741823,1073741823,1073741823,1073741823,1071022079,1072081407,1071995903,1073479679,1073741823,1073741823,1073741823,1073741823,1073741823,1073741823:l5
1073741823,1073741823,1073741823,1073741823,1072693247,1071087615,1072081407,1071995903,1073479679,1073741823,1073741823,1073741823,1073741823,1073741823,1073741823:i6
1073741823,1073741823,1073741823,1073741823,1073741823,1071087615,1072081407,1071995903,1072431103,1073741823,1073741823,1073741823,1073741823,1073741823,1073741823:i6
1073741823,1073741823,1073741823,1073741823,1073741823,1071087615,1072081407,1071995903,1073479679,1073740799,1073741823,1073741823,1073741823,1073741823,1073741823:i6
1073741823,1073741823,1073741823,1073741823,1073741823,1071087615,1072081407,1071995903,1073475583,1073741823,1073741823,1073741823,1073741823,1073741823,1073741823:i6
1073741823,1073741823,1073741823,1073741823,1073741823,1071086591,1072081407,1071995903,1073479679,1073741823,1073741823,1073741823,1073741823,1073741823,1073741823:i6
1073741823,1073741823,1073741823,1073741823,1073741823,1071087615,1072081407,1071995903,1073479679,1073479679,1073741823,1073741823,1073741823,1073741823,1073741823:i6
1073741823,1073741823,1073741823,1073741823,1073741823,1071087615,1072081407,1071995903,1073414143,1073741823,1073741823,1073741823,1073741823,1073741823,1073741823:i6
1073741823,1073741823,1073741823,1073741823,1073741823,1071087615,1072081407,1071995903,1073479679,1073725439,1073741823,1073741823,1073741823,1073741823,1073741823:i6
1073741823,1073741823,1073741823,1073741823,1073741823,1071087615,1072081407,1071995903,1073463295,1073741823,1073741823,1073741823,1073741823,1073741823,1073741823:i6
1073741823,1073741823,1073741823,1073741823,1073741567,1071087615,1072082943,1071995903,1073479679,1073741823,1073741823,1073741823,1073741823,1073741823,1073741823:i6
1073741823,1073741823,1073741823,1073741823,1073741823,1071083519,1072082943,1071995903,1073479679,1073741823,1073741823,1073741823,1073741823,1073741823,1073741823:l5
1073741823,1073741823,1073741823,1073741823,1073741823,1066893311,1072082943,1071995903,1073479679,1073741823,1073741823,1073741823,1073741823,1073741823,1073741823:l5
1073741823,1073741823,1073741823,1073741823,1073741823,1071087615,1072082943,1067801599,1073479679,1073741823,1073741823,1073741823,1073741823,1073741823,1073741823:i6
1073741823,1073741823,1073741823,1073741823,1073741823,1071087615,1072082943,1071995903,1073479679,1069547519,1073741823,1073741823,1073741823,1073741823,1073741823:i6
1073741823,1073741823,1073741823,1073741823,1073737727,1071087615,1072082943,1071995903,1073479679,1073741823,1073741823,1073741823,1073741823,1073741823,1073741823:i6
1073741823,1073741823,1073741823,1073741823,1073676287,1071087615,1072082943,1071995903,1073479679,1073741823,1073741823,1073741823,1073741823,1073741823,1073741823:i6
1073741823,1073741823,1073741823,1073741823,1073741823,1071022079,1072082943,1071995903,1073479679,1073741823,1073741823,1073741823,1073741823,1073741823,1073741823:l5
1073741823,1073741823,1073741823,1073741823,1072693247,1071087615,1072082943,1071995903,1073479679,1073741823,1073741823,1073741823,1073741823,1073741823,1073741823:i6
1073741823,1073741823,1073741823,1073741823,1073741823,1071087615,1072082943,1071995903,1072431103,1073741823,1073741823,1073741823,1073741823,1073741823,1073741823:i6
1073741823,1073741823,1073741823,1073741823,1073741823,1071087615,1072082943,1071995903,1073479679,1073740799,1073741823,1073741823,1073741823,1073741823,1073741823:i6
1073741823,1073741823,1073741823,1073741823,1073741823,1071087615,1072082943,1071995903,1073475583,1073741823,1073741823,1073741823,1073741823,1073741823,1073741823:i6
1073741823,1073741823,1073741823,1073741823,1073741823,1071086591,1072082943,1071995903,1073479679,1073741823,1073741823,1073741823,1073741823,1073741823,1073741823:i6
1073741823,1073741823,1073741823,1073741823,1073741823,1071087615,1072082943,1071995903,1073479679,1073479679,1073741823,1073741823,1073741823,1073741823,1073741823:i6
1073741823,1073741823,1073741823,1073741823,1073741823,1071087615,1072082943,1071995903,1073414143,1073741823,1073741823,1073741823,1073741823,1073741823,1073741823:i6
1073741823,1073741823,1073741823,1073741823,1073741823,1071087615,1072082943,1071995903,1073479679,1073725439,1073741823,1073741823,1073741823,1073741823,1073741823:i6
1073741823,1073741823,1073741823,1073741823,1073741823,1071087615,1072082943,1071995903,1073463295,1073741823,1073741823,1073741823,1073741823,1073741823,1073741823:i6
1073741823,1073741823,1073741823,1073741823,1073737727,1073184767,1072082943,1071995903,1073741823,1073741823,1073741823,1073741823,1073741823,1073741823,1073741823:j5
1073741823,1073741823,1073741823,1073741823,1073676287,1073184767,1072082943,1071995903,1073741823,1073741823,1073741823,1073741823,1073741823,1073741823,1073741823:j5
1073741823,1073741823,1073741823,1073741823,1073741823,1073119231,1072082943,1071995903,1073741823,1073741823,1073741823,1073741823,1073741823,1073741823,1073741823:j5
1073741823,1073741823,1073741823,1073741823,1072693247,1073184767,1072082943,1071995903,1073741823,1073741823,1073741823,1073741823,1073741823,1073741823,1073741823:j5
1073741823,1073741823,1073741823,1073741823,1073741823,1073184767,1072082943,1071995903,1072693247,1073741823,1073741823,1073741823,1073741823,1073741823,1073741823:j5
1073741823,1073741823,1073741823,1073741823,1073741823,1073184767,1072082943,1071995903,1073741823,1073740799,1073741823,1073741823,1073741823,1073741823,1073741823:j5
1073741823,1073741823,1073741823,1073741823,1073741823,1073184767,1072082943,1071995903,1073737727,1073741823,1073741823,1073741823,1073741823,1073741823,1073741823:j5
1073741823,1073741823,1073741823,1073741823,1073741823,1073183743,1072082943,1071995903,1073741823,1073741823,1073741823,1073741823,1073741823,1073741823,1073741823:j5
1073741823,1073741823,1073741823,1073741823,1073741823,1073184767,1072082943,1071995903,1073741823,1073479679,1073741823,1073741823,1073741823,1073741823,1073741823:k6
1073741823,1073741823,1073741823,1073741823,1073741823,1073184767,1072082943,1071995903,1073676287,1073741823,1073741823,1073741823,1073741823,1073741823,1073741823:j5
1073741823,1073741823,1073741823,1073741823,1073741823,1073184767,1072082943,1071995903,1073741823,1073725439,1073741823,1073741823,1073741823,1073741823,1073741823:j5
1073741823,1073741823,1073741823,1073741823,1073741823,1073184767,1072082943,1071995903,1073725439,1073741823,1073741823,1073741823,1073741823,1073741823,1073741823:j5
