1073741823,1073741823,1073741823,1073741823,1073610751,1071644671,1054539775,1073119231,1072037887,1073201151,1072692223,1073741823,1073741823,1073741823,1073741823:j6
1073741823,1073741823,1073741823,1069547519,1073610751,1071120383,1054539775,1073119231,1072037887,1073201151,1072692223,1073741823,1073741823,1073741823,1073741823:h4
1073741823,1073741823,1073741823,1073741823,1073610751,1071120383,1054539775,1073119231,1072037887,1073201151,1072692223,1073741823,1073741759,1073741823,1073741823:h4
1073741823,1073741823,1073741823,1073741823,1073610751,1071120383,1054539775,1073119231,1072037887,1073201151,1072692223,1073741567,1073741823,1073741823,1073741823:h4
1073741823,1073741823,1073741823,1073741823,1073610751,1071120383,1054539775,1073119231,1072037887,1073201151,1072692159,1073741823,1073741823,1073741823,1073741823:h4
1073741823,1073741823,1073741823,1073741823,1073610751,1071120383,1054539775,1073119231,1072037887,1073201151,1072691967,1073741823,1073741823,1073741823,1073741823:h4
1073741823,1073741823,1073741823,1073741823,1073610751,1071120383,1054539775,1073119231,1072037823,1073201151,1072692223,1073741823,1073741823,1073741823,1073741823:h4
1073741823,1073741823,1073741823,1073741823,1073610751,1071120383,1054539775,1073119231,1072037887,1073200895,1072692223,1073741823,1073741823,1073741823,1073741823:h4
1073741823,1073741823,1073741823,1073741823,1073610751,1071120383,1054539775,1073119231,1072036863,1073201151,1072692223,1073741823,1073741823,1073741823,1073741823:h4
1073741823,1073741823,1073741823,1073741823,1073610751,1071120383,1054539775,1073119231,1072037887,1073201151,1072692223,1073741823,1073725439,1073741823,1073741823:h4
1073741823,1073741823,1073741823,1073741823,1073610751,1071120383,1054539775,1073119231,1072037887,1073201151,1072692223,1073737727,1073741823,1073741823,1073741823:h4
1073741823,1073741823,1073741823,1073741823,1073610751,1071120383,1054539775,1073119231,1072037887,1073201151,1072692223,1073741823,1073740799,1073741823,1073741823:h4
1073741823,1073741823,1073737727,1073741823,1073610751,1071120383,1054539775,1073119231,1072037887,1073201151,1072692223,1073741823,1073741823,1073741823,1073741823:l8
1073741823,1073741823,1073741823,1073725439,1073610751,1071120383,1054539775,1073119231,1072037887,1073201151,1072692223,1073741823,1073741823,1073741823,1073741823:l6
1073741823,1073741823,1073676287,1073741823,1073610751,1071120383,1054539775,1073119231,1072037887,1073201151,1072692223,1073741823,1073741823,1073741823,1073741823:h4
1073741823,1073741823,1072693247,1073741823,1073610751,1071120383,1054539775,1073119231,1072037887,1073201151,1072692223,1073741823,1073741823,1073741823,1073741823:h4
1073741823,1073741823,1073741823,1073479679,1073610751,1071120383,1054539775,1073119231,1072037887,1073201151,1072692223,1073741823,1073741823,1073741823,1073741823:h4
1073741823,1073741823,1073741823,1073741823,805175295,1071120383,1054539775,1073119231,1072037887,1073201151,1072692223,1073741823,1073741823,1073741823,1073741823:h4
1073741823,1073741823,1073741823,1073741823,1073610751,1004011519,1054539775,1073119231,1072037887,1073201151,1072692223,1073741823,1073741823,1073741823,1073741823:h4
1073741823,1073741823,1073741823,1073741823,1073610751,1071120383,786104319,1073119231,1072037887,1073201151,1072692223,1073741823,1073741823,1073741823,1073741823:h4
1073741823,1073741823,1073741823,1073741823,1073610751,1071120383,987430911,1073119231,1072037887,1073201151,1072692223,1073741823,1073741823,1073741823,1073741823:h4
1073741823,1073741823,1073741823,1073741823,1073610751,1071120383,1054539775,1073119231,803602431,1073201151,1072692223,1073741823,1073741823,1073741823,1073741823:h4
1073741823,1073741823,1073741823,1073741823,1073610751,1071120383,1054539775,1006010367,1072037887,1073201151,1072692223,1073741823,1073741823,1073741823,1073741823:h4
1073741823,1073741823,1073741823,1073741823,1056833535,1071120383,1054539775,1073119231,1072037887,1073201151,1072692223,1073741823,1073741823,1073741823,1073741823:h4
1073741823,1073741823,1073741823,1073676287,1073610751,1071120383,1054539775,1073119231,1072037887,1073201151,1072692223,1073741823,1073741823,1073741823,1073741823:h4
1073741823,1073741823,1073741823,1072693247,1073610751,1071120383,1054539775,1073119231,1072037887,1073201151,1072692223,1073741823,1073741823,1073741823,1073741823:h4
1073741823,1073741823,1073741823,1056964607,1073610751,1071120383,1054539775,1073119231,1072037887,1073201151,1072692223,1073741823,1073741823,1073741823,1073741823:h4
1073741823,1073741823,1073741823,1073741823,1073610751,1054343167,1054539775,1073119231,1072037887,1073201151,1072692223,1073741823,1073741823,1073741823,1073741823:h4
1073741823,1073741823,1073741823,1073741823,1073610751,1071120383,1054539775,1056342015,1072037887,1073201151,1072692223,1073741823,1073741823,1073741823,1073741823:h4
1073741823,1073741823,1073741823,1073741823,1073594367,1071120383,1054539775,1073119231,1072037887,1073201151,1072692223,1073741823,1073741823,1073741823,1073741823:h4
1073741823,1073741823,1073741823,1073741823,1073348607,1071120383,1054539775,1073119231,1072037887,1073201151,1072692223,1073741823,1073741823,1073741823,1073741823:h4
1073741823,1073741823,1073741823,1073741823,1069416447,1071120383,1054539775,1073119231,1072037887,1073201151,1072692223,1073741823,1073741823,1073741823,1073741823:h4
1073741823,1073741823,1073741823,1073741823,1073610751,1071120383,1050345471,1073119231,1072037887,1073201151,1072692223,1073741823,1073741823,1073741823,1073741823:h4
1073741823,1073741823,1073741823,1073741823,1073610751,1071120383,1054539775,1073119231,1067843583,1073201151,1072692223,1073741823,1073741823,1073741823,1073741823:h4
1073741823,1073741823,1073741823,1073741823,1073610751,1071120383,1054539775,1073119231,1072037887,1073201151,1072692223,1073741823,1073676287,1073741823,1073741823:h4
1073741823,1073741823,1073741823,1073741823,1073610751,1071120383,1054539775,1073119231,1055260671,1073201151,1072692223,1073741823,1073741823,1073741823,1073741823:h4
1073741823,1073741823,1073741823,1073741823,1073610751,1071120383,1054539775,1073119231,1072037887,1073201151,1055915007,1073741823,1073741823,1073741823,1073741823:h4
1073741823,1073741823,1073741823,1073741823,1073610751,1071120383,1054539775,1073119231,1072037887,1073201151,1068497919,1073741823,1073741823,1073741823,1073741823:h4
1073741823,1073741823,1073741823,1073741823,1073610751,1071120383,1054539775,1073119231,1072037887,1073201151,1072692223,1073741823,1056964607,1073741823,1073741823:h4
1073741823,1073741823,1073741823,1073741823,1073610751,1071120383,1054539775,1073119231,1072037887,1073201151,1072692223,1073741823,1072693247,1073741823,1073741823:h4
1073741823,1073741823,1073741823,1073741823,1073610751,1071120383,1054539775,1073119231,1072037887,1073201151,1072692223,1072693247,1073741823,1073741823,1073741823:h4
1073741823,1073741823,1073741823,1073741823,1073610751,1071120383,1054539775,1073119231,1072037887,1073201151,1072692223,1069547519,1073741823,1073741823,1073741823:h4
1073741823,1073741823,1073741823,1073741823,1073610751,1071120383,1054539775,1073119231,1072037887,1073201151,1072430079,1073741823,1073741823,1073741823,1073741823:h4
1073741823,1073741823,1073741823,1073741823,1073610751,1071120383,1054539775,1073119231,1072037887,1073201151,1072692223,1073740799,1073741823,1073741823,1073741823:h4
1073741823,1073741823,1073741823,1073741823,1073610751,1071120383,1054539775,1073119231,1072037887,1073201151,1072692223,1073479679,1073741823,1073741823,1073741823:h4
1073741823,1073741823,1073741823,1073741823,1073610751,1071120383,1054539775,1073119231,1072037887,1073201151,1072692223,1073725439,1073741823,1073741823,1073741823:h4
1073741823,1073741823,1073741823,1073741823,1073610751,1071120383,1054539775,1073119231,1072037887,1073201151,1072675839,1073741823,1073741823,1073741823,1073741823:h4
1073741823,1073741823,1073741823,1073741823,1073610751,1071120383,1054539775,1073119231,1072037887,1073201151,1072688127,1073741823,1073741823,1073741823,1073741823:h4
1073741823,1073741823,1073741823,1073741823,1073610751,1071120383,1054539775,1073119231,1072037887,1073201151,1072626687,1073741823,1073741823,1073741823,1073741823:h4
1073741823,1073741823,1073741823,1073741823,1073610751,1071120383,1054539775,1073119231,1072037887,1073197055,1072692223,1073741823,1073741823,1073741823,1073741823:h9
1073741823,1073741823,1073741823,1073741823,1073610751,1071120383,1054538751,1073119231,1072005119,1073197055,1072692223,1073741823,1073741823,1073741823,1073741823:h4
1073741823,1073741823,1073741823,1073741823,1073610751,1071120383,1054539775,1073118975,1072005119,1073197055,1072692223,1073741823,1073741823,1073741823,1073741823:h4
1073741823,1073741823,1073741823,1073741823,1073610751,1071120383,1054539775,1073119231,1072005119,1073197055,1072692223,1073676287,1073741823,1073741823,1073741823:h4
1073741823,1073741823,1073741823,1069547519,1073610751,1071120383,1054539775,1073119231,1072005119,1073197055,1072692223,1073741823,1073741823,1073741823,1073741823:h4
1073741823,1073741823,1073741823,1073741823,1073610751,1071120383,1054539775,1073119231,1072005119,1073197055,1072692223,1073741823,1073741759,1073741823,1073741823:h4
1073741823,1073741823,1073741823,1073741823,1073610751,1071120383,1054539775,1073119231,1072005119,1073197055,1072692223,1073741567,1073741823,1073741823,1073741823:h4
1073741823,1073741823,1073741823,1073741823,1073610751,1071120383,1054539775,1073119231,1072005119,1073197055,1072692159,1073741823,1073741823,1073741823,1073741823:h4
1073741823,1073741823,1073741823,1073741823,1073610751,1071120383,1054539775,1073119231,1072005119,1073197055,1072691967,1073741823,1073741823,1073741823,1073741823:h4
1073741823,1073741823,1073741823,1073741823,1073610751,1071120383,1054539775,1073119231,1072005055,1073197055,1072692223,1073741823,1073741823,1073741823,1073741823:h4
1073741823,1073741823,1073741823,1073741823,1073610751,1071120383,1054539775,1073119231,1072005119,1073196799,1072692223,1073741823,1073741823,1073741823,1073741823:h4
1073741823,1073741823,1073741823,1073741823,1073610751,1071120383,1054539775,1073119231,1072004095,1073197055,1072692223,1073741823,1073741823,1073741823,1073741823:h4
1073741823,1073741823,1073741823,1073741823,1073610751,1071120383,1054539775,1073119231,1072005119,1073197055,1072692223,1073741823,1073725439,1073741823,1073741823:h4
1073741823,1073741823,1073741823,1073741823,1073610751,1071120383,1054539775,1073119231,1072005119,1073197055,1072692223,1073737727,1073741823,1073741823,1073741823:h4
1073741823,1073741823,1073741823,1073741823,1073610751,1071120383,1054539775,1073119231,1072005119,1073197055,1072692223,1073741823,1073740799,1073741823,1073741823:h4
1073741823,1073741823,1073737727,1073741823,1073610751,1071120383,1054539775,1073119231,1072005119,1073197055,1072692223,1073741823,1073741823,1073741823,1073741823:l8
1073741823,1073741823,1073741823,1073725439,1073610751,1071120383,1054539775,1073119231,1072005119,1073197055,1072692223,1073741823,1073741823,1073741823,1073741823:h6
1073741823,1073741823,1073676287,1073741823,1073610751,1071120383,1054539775,1073119231,1072005119,1073197055,1072692223,1073741823,1073741823,1073741823,1073741823:h4
1073741823,1073741823,1072693247,1073741823,1073610751,1071120383,1054539775,1073119231,1072005119,1073197055,1072692223,1073741823,1073741823,1073741823,1073741823:h4
1073741823,1073741823,1073741823,1073479679,1073610751,1071120383,1054539775,1073119231,1072005119,1073197055,1072692223,1073741823,1073741823,1073741823,1073741823:h4
1073741823,1073741823,1073741823,1073741823,805175295,1071120383,1054539775,1073119231,1072005119,1073197055,1072692223,1073741823,1073741823,1073741823,1073741823:h4
1073741823,1073741823,1073741823,1073741823,1073610751,1004011519,1054539775,1073119231,1072005119,1073197055,1072692223,1073741823,1073741823,1073741823,1073741823:h4
1073741823,1073741823,1073741823,1073741823,1073610751,1071120383,786104319,1073119231,1072005119,1073197055,1072692223,1073741823,1073741823,1073741823,1073741823:h4
1073741823,1073741823,1073741823,1073741823,1073610751,1071120383,987430911,1073119231,1072005119,1073197055,1072692223,1073741823,1073741823,1073741823,1073741823:h4
1073741823,1073741823,1073741823,1073741823,1073610751,1071120383,1054539775,1073119231,803569663,1073197055,1072692223,1073741823,1073741823,1073741823,1073741823:h4
1073741823,1073741823,1073741823,1073741823,1073610751,1071120383,1054539775,1006010367,1072005119,1073197055,1072692223,1073741823,1073741823,1073741823,1073741823:h4
1073741823,1073741823,1073741823,1073741823,1056833535,1071120383,1054539775,1073119231,1072005119,1073197055,1072692223,1073741823,1073741823,1073741823,1073741823:h4
1073741823,1073741823,1073741823,1073676287,1073610751,1071120383,1054539775,1073119231,1072005119,1073197055,1072692223,1073741823,1073741823,1073741823,1073741823:h4
1073741823,1073741823,1073741823,1072693247,1073610751,1071120383,1054539775,1073119231,1072005119,1073197055,1072692223,1073741823,1073741823,1073741823,1073741823:h4
1073741823,1073741823,1073741823,1056964607,1073610751,1071120383,1054539775,1073119231,1072005119,1073197055,1072692223,1073741823,1073741823,1073741823,1073741823:h4
1073741823,1073741823,1073741823,1073741823,1073610751,1054343167,1054539775,1073119231,1072005119,1073197055,1072692223,1073741823,1073741823,1073741823,1073741823:h4
1073741823,1073741823,1073741823,1073741823,1073610751,1071120383,1054539775,1056342015,1072005119,1073197055,1072692223,1073741823,1073741823,1073741823,1073741823:h4
1073741823,1073741823,1073741823,1073741823,1073594367,1071120383,1054539775,1073119231,1072005119,1073197055,1072692223,1073741823,1073741823,1073741823,1073741823:h4
1073741823,1073741823,1073741823,1073741823,1073348607,1071120383,1054539775,1073119231,1072005119,1073197055,1072692223,1073741823,1073741823,1073741823,1073741823:h4
1073741823,1073741823,1073741823,1073741823,1069416447,1071120383,1054539775,1073119231,1072005119,1073197055,1072692223,1073741823,1073741823,1073741823,1073741823:h4
1073741823,1073741823,1073741823,1073741823,1073610751,1071120383,1050345471,1073119231,1072005119,1073197055,1072692223,1073741823,1073741823,1073741823,1073741823:h4
1073741823,1073741823,1073741823,1073741823,1073610751,1071120383,1054539775,1073119231,1067810815,1073197055,1072692223,1073741823,1073741823,1073741823,1073741823:h4
1073741823,1073741823,1073741823,1073741823,1073610751,1071120383,1054539775,1073119231,1072005119,1073197055,1072692223,1073741823,1073676287,1073741823,1073741823:h4
1073741823,1073741823,1073741823,1073741823,1073610751,1071120383,1054539775,1073119231,1055227903,1073197055,1072692223,1073741823,1073741823,1073741823,1073741823:h4
1073741823,1073741823,1073741823,1073741823,1073610751,1071120383,1054539775,1073119231,1072005119,1073197055,1055915007,1073741823,1073741823,1073741823,1073741823:h4
1073741823,1073741823,1073741823,1073741823,1073610751,1071120383,1054539775,1073119231,1072005119,1073197055,1068497919,1073741823,1073741823,1073741823,1073741823:h4
1073741823,1073741823,1073741823,1073741823,1073610751,1071120383,1054539775,1073119231,1072005119,1073197055,1072692223,1073741823,1056964607,1073741823,1073741823:h4
1073741823,1073741823,1073741823,1073741823,1073610751,1071120383,1054539775,1073119231,1072005119,1073197055,1072692223,1073741823,1072693247,1073741823,1073741823:h4
1073741823,1073741823,1073741823,1073741823,1073610751,1071120383,1054539775,1073119231,1072005119,1073197055,1072692223,1072693247,1073741823,1073741823,1073741823:h4
1073741823,1073741823,1073741823,1073741823,1073610751,1071120383,1054539775,1073119231,1072005119,1073197055,1072692223,1069547519,1073741823,1073741823,1073741823:h4
1073741823,1073741823,1073741823,1073741823,1073610751,1071120383,1054539775,1073119231,1072005119,1073197055,1072430079,1073741823,1073741823,1073741823,1073741823:h4
1073741823,1073741823,1073741823,1073741823,1073610751,1071120383,1054539775,1073119231,1072005119,1073197055,1072692223,1073740799,1073741823,1073741823,1073741823:h4
1073741823,1073741823,1073741823,1073741823,1073610751,1071120383,1054539775,1073119231,1072005119,1073197055,1072692223,1073479679,1073741823,1073741823,1073741823:h4
1073741823,1073741823,1073741823,1073741823,1073610751,1071120383,1054539775,1073119231,1072005119,1073197055,1072692223,1073725439,1073741823,1073741823,1073741823:h4
1073741823,1073741823,1073741823,1073741823,1073610751,1071120383,1054539775,1073119231,1072005119,1073197055,1072675839,1073741823,1073741823,1073741823,1073741823:h4
1073741823,1073741823,1073741823,1073741823,1073610751,1071120383,1054539775,1073119231,1072005119,1073197055,1072688127,1073741823,1073741823,1073741823,1073741823:h4
1073741823,1073741823,1073741823,1073741823,1073610751,1071120383,1054539775,1073119231,1072005119,1073197055,1072626687,1073741823,1073741823,1073741823,1073741823:h4
1073741823,1073741823,1073741823,1073741823,1073610751,1071116287,1054539775,1073119231,1072005119,1073197055,1072692223,1073741823,1073741823,1073741823,1073741823:h4
1073741823,1073741823,1073741823,1073741823,1073610751,1071120383,1054539775,1073119231,1072005119,1072148479,1072692223,1073741823,1073741823,1073741823,1073741823:h4
1073741823,1073741823,1073741823,1073741823,1073610751,1071120383,1054539775,1073119231,1072005119,1073131519,1072692223,1073741823,1073741823,1073741823,1073741823:h4
1073741823,1073741823,1073741823,1073741823,1073610751,1066926079,1054539775,1073119231,1072005119,1073197055,1072692223,1073741823,1073741823,1073741823,1073741823:h4
1073741823,1073741823,1073741823,1073741823,1073610751,1071120383,1054539775,1068924927,1072005119,1073197055,1072692223,1073741823,1073741823,1073741823,1073741823:h6
1073741823,1073741823,1073741823,1073741823,1073610751,1071120383,1054539775,1072070655,1072005119,1073197055,1072692223,1073741823,1073741823,1073741823,1073741823:h4
1073741823,1073741823,1073741823,1073741823,1073610751,1071120383,1054539775,1073119231,1072005119,1069002751,1072692223,1073741823,1073741823,1073741823,1073741823:h4
1073741823,1073741823,1073741823,1073741823,1073606655,1071120383,1054539775,1073119231,1072005119,1073197055,1072692223,1073741823,1073741823,1073741823,1073741823:h4
1073741823,1073741823,1073741823,1073741823,1073610751,1071054847,1054539775,1073119231,1072005119,1073197055,1072692223,1073741823,1073741823,1073741823,1073741823:h4
1073741823,1073741823,1073741823,1073741823,1072562175,1071120383,1054539775,1073119231,1072005119,1073197055,1072692223,1073741823,1073741823,1073741823,1073741823:h4
1073741823,1073741823,1073741823,1073741823,1073610751,1071120383,1054539775,1073119231,1072005119,1073196031,1072692223,1073741823,1073741823,1073741823,1073741823:h4
1073741823,1073741823,1073741823,1073741823,1073610751,1071120383,1054539775,1073119231,1072001023,1073197055,1072692223,1073741823,1073741823,1073741823,1073741823:h4
1073741823,1073741823,1073741823,1073741823,1073610751,1071120383,1054539775,1073118207,1072005119,1073197055,1072692223,1073741823,1073741823,1073741823,1073741823:h4
1073741823,1073741823,1073741823,1073741823,1073610751,1071120383,1054539775,1073115135,1072005119,1073197055,1072692223,1073741823,1073741823,1073741823,1073741823:h4
1073741823,1073741823,1073741823,1073741823,1073610751,1071119359,1054539775,1073119231,1072005119,1073197055,1072692223,1073741823,1073741823,1073741823,1073741823:h4
1073741823,1073741823,1073741823,1073741823,1073610751,1071120383,1054535679,1073119231,1072005119,1073197055,1072692223,1073741823,1073741823,1073741823,1073741823:h4
1073741823,1073741823,1073741823,1073741823,1073610751,1071103999,1054539775,1073119231,1072005119,1073197055,1072692223,1073741823,1073741823,1073741823,1073741823:h4
1073741823,1073741823,1073741823,1073741823,1073610751,1071120383,1054523391,1073119231,1072005119,1073197055,1072692223,1073741823,1073741823,1073741823,1073741823:h4
1073741823,1073741823,1073741823,1073741823,1073610751,1071116287,1054539775,1073119231,1072037887,1073201151,1072692223,1073741823,1073741823,1073741823,1073741823:h4
1073741823,1073741823,1073741823,1073741823,1073610751,1071120383,1054539775,1073119231,1072037887,1072152575,1072692223,1073741823,1073741823,1073741823,1073741823:h4
1073741823,1073741823,1073741823,1073741823,1073610751,1071120383,1054539775,1073119231,1072037887,1073135615,1072692223,1073741823,1073741823,1073741823,1073741823:h4
1073741823,1073741823,1073741823,1073741823,1073610751,1066926079,1054539775,1073119231,1072037887,1073201151,1072692223,1073741823,1073741823,1073741823,1073741823:h4
1073741823,1073741823,1073741823,1073741823,1073610751,1071120383,1054539775,1068924927,1072037887,1073201151,1072692223,1073741823,1073741823,1073741823,1073741823:l6
1073741823,1073741823,1073741823,1073741823,1073610751,1071120383,1054539775,1072070655,1072037887,1073201151,1072692223,1073741823,1073741823,1073741823,1073741823:h4
1073741823,1073741823,1073741823,1073741823,1073610751,1071120383,1054539775,1073119231,1072037887,1069006847,1072692223,1073741823,1073741823,1073741823,1073741823:h4
1073741823,1073741823,1073741823,1073741823,1073606655,1071120383,1054539775,1073119231,1072037887,1073201151,1072692223,1073741823,1073741823,1073741823,1073741823:h4
1073741823,1073741823,1073741823,1073741823,1073610751,1071054847,1054539775,1073119231,1072037887,1073201151,1072692223,1073741823,1073741823,1073741823,1073741823:h4
1073741823,1073741823,1073741823,1073741823,1072562175,1071120383,1054539775,1073119231,1072037887,1073201151,1072692223,1073741823,1073741823,1073741823,1073741823:h4
1073741823,1073741823,1073741823,1073741823,1073610751,1071120383,1054539775,1073119231,1072037887,1073200127,1072692223,1073741823,1073741823,1073741823,1073741823:h4
1073741823,1073741823,1073741823,1073741823,1073610751,1071120383,1054539775,1073119231,1072033791,1073201151,1072692223,1073741823,1073741823,1073741823,1073741823:h4
1073741823,1073741823,1073741823,1073741823,1073610751,1071120383,1054539775,1073118207,1072037887,1073201151,1072692223,1073741823,1073741823,1073741823,1073741823:h4
1073741823,1073741823,1073741823,1073741823,1073610751,1071120383,1054539775,1073115135,1072037887,1073201151,1072692223,1073741823,1073741823,1073741823,1073741823:h4
1073741823,1073741823,1073741823,1073741823,1073610751,1071119359,1054539775,1073119231,1072037887,1073201151,1072692223,1073741823,1073741823,1073741823,1073741823:h4
1073741823,1073741823,1073741823,1073741823,1073610751,1071120383,1054535679,1073119231,1072037887,1073201151,1072692223,1073741823,1073741823,1073741823,1073741823:h4
1073741823,1073741823,1073741823,1073741823,1073610751,1071103999,1054539775,1073119231,1072037887,1073201151,1072692223,1073741823,1073741823,1073741823,1073741823:h4
1073741823,1073741823,1073741823,1073741823,1073610751,1071120383,1054523391,1073119231,1072037887,1073201151,1072692223,1073741823,1073741823,1073741823,1073741823:h4
1073741823,1073741823,1073741823,1073741823,1073610751,1071120383,1054539775,1073119231,1072021503,1073201151,1072692223,1073741823,1073741823,1073741823,1073741823:g10
1073741823,1073741823,1073741823,1073741823,1073610751,1071120383,1054539775,1073118975,1072021503,1073192959,1072692223,1073741823,1073741823,1073741823,1073741823:h4
1073741823,1073741823,1073741823,1073741823,1073610751,1071120383,1054539775,1073119231,1072021503,1073192959,1072692223,1073676287,1073741823,1073741823,1073741823:h4
1073741823,1073741823,1073741823,1073741823,1073610751,1071120383,1054538751,1073119231,1072021503,1073192959,1072692223,1073741823,1073741823,1073741823,1073741823:h4
1073741823,1073741823,1073741823,1069547519,1073610751,1071120383,1054539775,1073119231,1072021503,1073192959,1072692223,1073741823,1073741823,1073741823,1073741823:h4
1073741823,1073741823,1073741823,1073741823,1073610751,1071120383,1054539775,1073119231,1072021503,1073192959,1072692223,1073741823,1073741759,1073741823,1073741823:h4
1073741823,1073741823,1073741823,1073741823,1073610751,1071120383,1054539775,1073119231,1072021503,1073192959,1072692223,1073741567,1073741823,1073741823,1073741823:h4
1073741823,1073741823,1073741823,1073741823,1073610751,1071120383,1054539775,1073119231,1072021503,1073192959,1072692159,1073741823,1073741823,1073741823,1073741823:h4
1073741823,1073741823,1073741823,1073741823,1073610751,1071120383,1054539775,1073119231,1072021503,1073192959,1072691967,1073741823,1073741823,1073741823,1073741823:h4
1073741823,1073741823,1073741823,1073741823,1073610751,1071120383,1054539775,1073119231,1072021439,1073192959,1072692223,1073741823,1073741823,1073741823,1073741823:h4
1073741823,1073741823,1073741823,1073741823,1073610751,1071120383,1054539775,1073119231,1072021503,1073192703,1072692223,1073741823,1073741823,1073741823,1073741823:h4
1073741823,1073741823,1073741823,1073741823,1073610751,1071120383,1054539775,1073119231,1072020479,1073192959,1072692223,1073741823,1073741823,1073741823,1073741823:h4
1073741823,1073741823,1073741823,1073741823,1073610751,1071120383,1054539775,1073119231,1072021503,1073192959,1072692223,1073741823,1073725439,1073741823,1073741823:h4
1073741823,1073741823,1073741823,1073741823,1073610751,1071120383,1054539775,1073119231,1072021503,1073192959,1072692223,1073737727,1073741823,1073741823,1073741823:h4
1073741823,1073741823,1073741823,1073741823,1073610751,1071120383,1054539775,1073119231,1072021503,1073192959,1072692223,1073741823,1073740799,1073741823,1073741823:h4
1073741823,1073741823,1073737727,1073741823,1073610751,1071120383,1054539775,1073119231,1072021503,1073192959,1072692223,1073741823,1073741823,1073741823,1073741823:l8
1073741823,1073741823,1073741823,1073725439,1073610751,1071120383,1054539775,1073119231,1072021503,1073192959,1072692223,1073741823,1073741823,1073741823,1073741823:h6
1073741823,1073741823,1073676287,1073741823,1073610751,1071120383,1054539775,1073119231,1072021503,1073192959,1072692223,1073741823,1073741823,1073741823,1073741823:h4
1073741823,1073741823,1072693247,1073741823,1073610751,1071120383,1054539775,1073119231,1072021503,1073192959,1072692223,1073741823,1073741823,1073741823,1073741823:h4
1073741823,1073741823,1073741823,1073479679,1073610751,1071120383,1054539775,1073119231,1072021503,1073192959,1072692223,1073741823,1073741823,1073741823,1073741823:h4
1073741823,1073741823,1073741823,1073741823,805175295,1071120383,1054539775,1073119231,1072021503,1073192959,1072692223,1073741823,1073741823,1073741823,1073741823:h4
1073741823,1073741823,1073741823,1073741823,1073610751,1004011519,1054539775,1073119231,1072021503,1073192959,1072692223,1073741823,1073741823,1073741823,1073741823:h4
1073741823,1073741823,1073741823,1073741823,1073610751,1071120383,786104319,1073119231,1072021503,1073192959,1072692223,1073741823,1073741823,1073741823,1073741823:h4
1073741823,1073741823,1073741823,1073741823,1073610751,1071120383,987430911,1073119231,1072021503,1073192959,1072692223,1073741823,1073741823,1073741823,1073741823:h4
1073741823,1073741823,1073741823,1073741823,1073610751,1071120383,1054539775,1073119231,803586047,1073192959,1072692223,1073741823,1073741823,1073741823,1073741823:h4
1073741823,1073741823,1073741823,1073741823,1073610751,1071120383,1054539775,1006010367,1072021503,1073192959,1072692223,1073741823,1073741823,1073741823,1073741823:h4
1073741823,1073741823,1073741823,1073741823,1056833535,1071120383,1054539775,1073119231,1072021503,1073192959,1072692223,1073741823,1073741823,1073741823,1073741823:h4
1073741823,1073741823,1073741823,1073676287,1073610751,1071120383,1054539775,1073119231,1072021503,1073192959,1072692223,1073741823,1073741823,1073741823,1073741823:h4
1073741823,1073741823,1073741823,1072693247,1073610751,1071120383,1054539775,1073119231,1072021503,1073192959,1072692223,1073741823,1073741823,1073741823,1073741823:h4
1073741823,1073741823,1073741823,1056964607,1073610751,1071120383,1054539775,1073119231,1072021503,1073192959,1072692223,1073741823,1073741823,1073741823,1073741823:h4
1073741823,1073741823,1073741823,1073741823,1073610751,1054343167,1054539775,1073119231,1072021503,1073192959,1072692223,1073741823,1073741823,1073741823,1073741823:h4
1073741823,1073741823,1073741823,1073741823,1073610751,1071120383,1054539775,1056342015,1072021503,1073192959,1072692223,1073741823,1073741823,1073741823,1073741823:h4
1073741823,1073741823,1073741823,1073741823,1073594367,1071120383,1054539775,1073119231,1072021503,1073192959,1072692223,1073741823,1073741823,1073741823,1073741823:h4
1073741823,1073741823,1073741823,1073741823,1073348607,1071120383,1054539775,1073119231,1072021503,1073192959,1072692223,1073741823,1073741823,1073741823,1073741823:h4
1073741823,1073741823,1073741823,1073741823,1069416447,1071120383,1054539775,1073119231,1072021503,1073192959,1072692223,1073741823,1073741823,1073741823,1073741823:h4
1073741823,1073741823,1073741823,1073741823,1073610751,1071120383,1050345471,1073119231,1072021503,1073192959,1072692223,1073741823,1073741823,1073741823,1073741823:h4
1073741823,1073741823,1073741823,1073741823,1073610751,1071120383,1054539775,1073119231,1067827199,1073192959,1072692223,1073741823,1073741823,1073741823,1073741823:h4
1073741823,1073741823,1073741823,1073741823,1073610751,1071120383,1054539775,1073119231,1072021503,1073192959,1072692223,1073741823,1073676287,1073741823,1073741823:h4
1073741823,1073741823,1073741823,1073741823,1073610751,1071120383,1054539775,1073119231,1055244287,1073192959,1072692223,1073741823,1073741823,1073741823,1073741823:h4
1073741823,1073741823,1073741823,1073741823,1073610751,1071120383,1054539775,1073119231,1072021503,1073192959,1055915007,1073741823,1073741823,1073741823,1073741823:h4
1073741823,1073741823,1073741823,1073741823,1073610751,1071120383,1054539775,1073119231,1072021503,1073192959,1068497919,1073741823,1073741823,1073741823,1073741823:h4
1073741823,1073741823,1073741823,1073741823,1073610751,1071120383,1054539775,1073119231,1072021503,1073192959,1072692223,1073741823,1056964607,1073741823,1073741823:h4
1073741823,1073741823,1073741823,1073741823,1073610751,1071120383,1054539775,1073119231,1072021503,1073192959,1072692223,1073741823,1072693247,1073741823,1073741823:h4
1073741823,1073741823,1073741823,1073741823,1073610751,1071120383,1054539775,1073119231,1072021503,1073192959,1072692223,1072693247,1073741823,1073741823,1073741823:h4
1073741823,1073741823,1073741823,1073741823,1073610751,1071120383,1054539775,1073119231,1072021503,1073192959,1072692223,1069547519,1073741823,1073741823,1073741823:h4
1073741823,1073741823,1073741823,1073741823,1073610751,1071120383,1054539775,1073119231,1072021503,1073192959,1072430079,1073741823,1073741823,1073741823,1073741823:h4
1073741823,1073741823,1073741823,1073741823,1073610751,1071120383,1054539775,1073119231,1072021503,1073192959,1072692223,1073740799,1073741823,1073741823,1073741823:h4
1073741823,1073741823,1073741823,1073741823,1073610751,1071120383,1054539775,1073119231,1072021503,1073192959,1072692223,1073479679,1073741823,1073741823,1073741823:h4
1073741823,1073741823,1073741823,1073741823,1073610751,1071120383,1054539775,1073119231,1072021503,1073192959,1072692223,1073725439,1073741823,1073741823,1073741823:h4
1073741823,1073741823,1073741823,1073741823,1073610751,1071120383,1054539775,1073119231,1072021503,1073192959,1072675839,1073741823,1073741823,1073741823,1073741823:h4
1073741823,1073741823,1073741823,1073741823,1073610751,1071120383,1054539775,1073119231,1072021503,1073192959,1072688127,1073741823,1073741823,1073741823,1073741823:h4
1073741823,1073741823,1073741823,1073741823,1073610751,1071120383,1054539775,1073119231,1072021503,1073192959,1072626687,1073741823,1073741823,1073741823,1073741823:h4
1073741823,1073741823,1073741823,1073741823,1073610751,1071116287,1054539775,1073119231,1072021503,1073192959,1072692223,1073741823,1073741823,1073741823,1073741823:h4
1073741823,1073741823,1073741823,1073741823,1073610751,1071120383,1054539775,1073119231,1072021503,1072144383,1072692223,1073741823,1073741823,1073741823,1073741823:h4
1073741823,1073741823,1073741823,1073741823,1073610751,1071120383,1054539775,1073119231,1072021503,1073127423,1072692223,1073741823,1073741823,1073741823,1073741823:h4
1073741823,1073741823,1073741823,1073741823,1073610751,1066926079,1054539775,1073119231,1072021503,1073192959,1072692223,1073741823,1073741823,1073741823,1073741823:h4
1073741823,1073741823,1073741823,1073741823,1073610751,1071120383,1054539775,1068924927,1072021503,1073192959,1072692223,1073741823,1073741823,1073741823,1073741823:h6
1073741823,1073741823,1073741823,1073741823,1073610751,1071120383,1054539775,1072070655,1072021503,1073192959,1072692223,1073741823,1073741823,1073741823,1073741823:h4
1073741823,1073741823,1073741823,1073741823,1073610751,1071120383,1054539775,1073119231,1072021503,1068998655,1072692223,1073741823,1073741823,1073741823,1073741823:h4
1073741823,1073741823,1073741823,1073741823,1073606655,1071120383,1054539775,1073119231,1072021503,1073192959,1072692223,1073741823,1073741823,1073741823,1073741823:h4
1073741823,1073741823,1073741823,1073741823,1073610751,1071054847,1054539775,1073119231,1072021503,1073192959,1072692223,1073741823,1073741823,1073741823,1073741823:h4
1073741823,1073741823,1073741823,1073741823,1072562175,1071120383,1054539775,1073119231,1072021503,1073192959,1072692223,1073741823,1073741823,1073741823,1073741823:h4
1073741823,1073741823,1073741823,1073741823,1073610751,1071120383,1054539775,1073119231,1072021503,1073191935,1072692223,1073741823,1073741823,1073741823,1073741823:h4
1073741823,1073741823,1073741823,1073741823,1073610751,1071120383,1054539775,1073119231,1072017407,1073192959,1072692223,1073741823,1073741823,1073741823,1073741823:h4
1073741823,1073741823,1073741823,1073741823,1073610751,1071120383,1054539775,1073118207,1072021503,1073192959,1072692223,1073741823,1073741823,1073741823,1073741823:h4
1073741823,1073741823,1073741823,1073741823,1073610751,1071120383,1054539775,1073115135,1072021503,1073192959,1072692223,1073741823,1073741823,1073741823,1073741823:h4
1073741823,1073741823,1073741823,1073741823,1073610751,1071119359,1054539775,1073119231,1072021503,1073192959,1072692223,1073741823,1073741823,1073741823,1073741823:h4
1073741823,1073741823,1073741823,1073741823,1073610751,1071120383,1054535679,1073119231,1072021503,1073192959,1072692223,1073741823,1073741823,1073741823,1073741823:h4
1073741823,1073741823,1073741823,1073741823,1073610751,1071103999,1054539775,1073119231,1072021503,1073192959,1072692223,1073741823,1073741823,1073741823,1073741823:h4
1073741823,1073741823,1073741823,1073741823,1073610751,1071120383,1054523391,1073119231,1072021503,1073192959,1072692223,1073741823,1073741823,1073741823,1073741823:h4
