1073741823,1073741823,1073741823,1073741823,1073741823,1073741823,1073676287,1073184763,1073594367,1073741823,1073741823,1073741823,1073741823,1073741823,1073741823:k7
1073741823,1073741823,1073741823,1073741823,1073741823,1072693247,1071579135,1073184763,1073594367,1073741823,1073741823,1073741823,1073741823,1073741823,1073741823:l6
1073741823,1073741823,1073741823,1073741823,1056964607,1073741823,1071579135,1073184763,1073594367,1073741823,1073741823,1073741823,1073741823,1073741823,1073741823:h10
1073741823,1073741823,1073741823,1073741823,1073741823,1073741823,1054801919,1073184763,1073594367,1073741823,1073741823,1073741823,1073741823,1073741823,1073741823:l6
1073741823,1073741823,1073741823,1073741823,1073741823,1073741823,1067384831,1073184763,1073594367,1073741823,1073741823,1073741823,1073741823,1073741823,1073741823:l6
1073741823,1073741823,1073741823,1073741823,1073741823,1073741823,1071579135,1073184763,1056817151,1073741823,1073741823,1073741823,1073741823,1073741823,1073741823:l6
1073741823,1073741823,1073741823,1073741823,1073741823,1073741823,1071579135,1073184763,1073594366,1073741823,1073741823,1073741823,1073741823,1073741823,1073741823:l6
1073741823,1073741823,1073741823,1073741823,1073741823,1073741823,1071579135,1073184762,1073594367,1073741823,1073741823,1073741823,1073741823,1073741823,1073741823:l6
1073741823,1073741823,1073741823,1073741823,1073741823,1073741823,1071579134,1073184763,1073594367,1073741823,1073741823,1073741823,1073741823,1073741823,1073741823:l6
1073741823,1073741823,1073741823,1073741823,1073741823,1073741819,1071579135,1073184763,1073594367,1073741823,1073741823,1073741823,1073741823,1073741823,1073741823:l6
1073741823,1073741823,1073741823,1073741823,1073741823,1073741823,1071579131,1073184763,1073594367,1073741823,1073741823,1073741823,1073741823,1073741823,1073741823:l6
1073741823,1073741823,1073741823,1073741823,1073741823,1073741759,1071579135,1073184763,1073594367,1073741823,1073741823,1073741823,1073741823,1073741823,1073741823:l6
1073741823,1073741823,1073741823,1073741823,1073741823,1073741823,1071579119,1073184763,1073594367,1073741823,1073741823,1073741823,1073741823,1073741823,1073741823:l6
1073741823,1073741823,1073741823,1073741823,1073741823,1073741823,1071579135,1073184699,1073594367,1073741823,1073741823,1073741823,1073741823,1073741823,1073741823:l6
1073741823,1073741823,1073741823,1073741823,1073741823,1073741823,1071579135,1073184747,1073594367,1073741823,1073741823,1073741823,1073741823,1073741823,1073741823:l6
1073741823,1073741823,1073741823,1073741823,1073741823,1073741823,1071579135,1073184763,1073594367,1073741759,1073741823,1073741823,1073741823,1073741823,1073741823:l6
1073741823,1073741823,1073741823,1073741823,1073741823,1073741823,1071579135,1073184763,1073594351,1073741823,1073741823,1073741823,1073741823,1073741823,1073741823:l6
1073741823,1073741823,1073741823,1073741823,1073741823,1073741823,1071579135,1073184763,1073594367,1073741819,1073741823,1073741823,1073741823,1073741823,1073741823:l6
1073741823,1073741823,1073741823,1073741823,1073741823,1073741823,1071579135,1073184763,1073594363,1073741823,1073741823,1073741823,1073741823,1073741823,1073741823:l6
1073741823,1073741823,1073741823,1073741823,1073741823,1073741823,1071579135,1073184763,1073594367,1073741823,1073737727,1073741823,1073741823,1073741823,1073741823:l6
1073741823,1073741823,1073741823,1073741823,1073741823,1073741823,1071579135,1073184763,1073594367,1073741823,1072693247,1073741823,1073741823,1073741823,1073741823:l6
1073741823,1073741823,1073741823,1073741823,1073741823,1073741823,1071579135,1073184763,1073594367,1073741823,1073676287,1073741823,1073741823,1073741823,1073741823:l6
1073741823,1073741823,1073741823,1073741823,1073741823,1073741823,1071579135,1073184763,1073594367,1073741823,1073740799,1073741823,1073741823,1073741823,1073741823:l6
1073741823,1073741823,1073741823,1073741823,1073741823,1073741823,1071579135,1073184763,1073594367,1073737727,1073741823,1073741823,1073741823,1073741823,1073741823:l6
1073741823,1073741823,1073741823,1073741823,1073741823,1073741823,1071579135,1073184763,1073593343,1073741823,1073741823,1073741823,1073741823,1073741823,1073741823:l6
1073741823,1073741823,1073741823,1073741823,1073741823,1073741823,1071578111,1073184763,1073594367,1073741823,1073741823,1073741823,1073741823,1073741823,1073741823:l6
1073741823,1073741823,1073741823,1073741823,1073741823,1073741823,1071579135,1073184763,1073594367,1073741823,1073479679,1073741823,1073741823,1073741823,1073741823:l6
1073741823,1073741823,1073741823,1073741823,1073741823,1073741823,1071579135,1073184763,1073594367,1073676287,1073741823,1073741823,1073741823,1073741823,1073741823:l6
1073741823,1073741823,1073741823,1073741823,1073741823,1073741823,1071579135,1073184763,1073594367,1073741823,1073725439,1073741823,1073741823,1073741823,1073741823:l6
1073741823,1073741823,1073741823,1073741823,1073741823,1069547519,1071579135,1073184763,1073594367,1073741823,1073741823,1073741823,1073741823,1073741823,1073741823:i8
1073741823,1073741823,1073741823,1073741823,1073741823,1069543423,1071579135,1073053691,1073594367,1073741823,1073741823,1073741823,1073741823,1073741823,1073741823:g8
1073741823,1073741823,1073741823,1073741823,1073741823,1069547519,1071579135,1073053691,1073594367,1072693247,1073741823,1073741823,1073741823,1073741823,1073741823:g8
1073741823,1073741823,1073741823,1073479679,1073741823,1069547519,1071579135,1073053691,1073594367,1073741823,1073741823,1073741823,1073741823,1073741823,1073741823:g8
1073741823,1073741823,1073741823,1069547519,1073741823,1069547519,1071579135,1073053691,1073594367,1073741823,1073741823,1073741823,1073741823,1073741823,1073741823:g8
1073741823,1073741823,1073741823,1073741823,1069547519,1069547519,1071579135,1073053691,1073594367,1073741823,1073741823,1073741823,1073741823,1073741823,1073741823:g8
1073741823,1073741823,1073741823,1006632959,1073741823,1069547519,1071579135,1073053691,1073594367,1073741823,1073741823,1073741823,1073741823,1073741823,1073741823:g8
1073741823,1073741823,1073741823,1073741823,1073741823,1002438655,1071579135,1073053691,1073594367,1073741823,1073741823,1073741823,1073741823,1073741823,1073741823:g8
1073741823,1073741823,1073741823,1073741823,1073741823,1052770303,1071579135,1073053691,1073594367,1073741823,1073741823,1073741823,1073741823,1073741823,1073741823:g8
1073741823,1073741823,1073741823,1073741823,1073741823,1069547519,1071579135,1005944827,1073594367,1073741823,1073741823,1073741823,1073741823,1073741823,1073741823:g8
1073741823,1073741823,1073741823,1073741823,1073741823,1068498943,1071579135,1073053691,1073594367,1073741823,1073741823,1073741823,1073741823,1073741823,1073741823:g8
1073741823,1073741823,1073741823,1073741823,1056964607,1069547519,1071579135,1073053691,1073594367,1073741823,1073741823,1073741823,1073741823,1073741823,1073741823:g8
1073741823,1073741823,1073741823,1073741823,1073741823,1069547519,1054801919,1073053691,1073594367,1073741823,1073741823,1073741823,1073741823,1073741823,1073741823:g8
1073741823,1073741823,1073741823,1073741823,1073741823,1069547519,1067384831,1073053691,1073594367,1073741823,1073741823,1073741823,1073741823,1073741823,1073741823:g8
1073741823,1073741823,1073741823,1073741823,1073741823,1069547519,1071579135,1073053691,1056817151,1073741823,1073741823,1073741823,1073741823,1073741823,1073741823:g8
1073741823,1073741823,1073741823,1073741823,1073741823,1069547519,1071579135,1073053691,1073594366,1073741823,1073741823,1073741823,1073741823,1073741823,1073741823:g8
1073741823,1073741823,1073741823,1073741823,1073741823,1069547519,1071579135,1073053690,1073594367,1073741823,1073741823,1073741823,1073741823,1073741823,1073741823:g8
1073741823,1073741823,1073741823,1073741823,1073741823,1069547519,1071579134,1073053691,1073594367,1073741823,1073741823,1073741823,1073741823,1073741823,1073741823:g8
1073741823,1073741823,1073741823,1073741823,1073741823,1069547515,1071579135,1073053691,1073594367,1073741823,1073741823,1073741823,1073741823,1073741823,1073741823:g8
1073741823,1073741823,1073741823,1073741823,1073741823,1069547519,1071579131,1073053691,1073594367,1073741823,1073741823,1073741823,1073741823,1073741823,1073741823:g8
1073741823,1073741823,1073741823,1073741823,1073741823,1069547455,1071579135,1073053691,1073594367,1073741823,1073741823,1073741823,1073741823,1073741823,1073741823:g8
1073741823,1073741823,1073741823,1073741823,1073741823,1069547519,1071579119,1073053691,1073594367,1073741823,1073741823,1073741823,1073741823,1073741823,1073741823:g8
1073741823,1073741823,1073741823,1073741823,1073741823,1069547519,1071579135,1073053627,1073594367,1073741823,1073741823,1073741823,1073741823,1073741823,1073741823:g8
1073741823,1073741823,1073741823,1073741823,1073741823,1069547519,1071579135,1073053675,1073594367,1073741823,1073741823,1073741823,1073741823,1073741823,1073741823:g8
1073741823,1073741823,1073741823,1073741823,1073741823,1069547519,1071579135,1073053691,1073594367,1073741759,1073741823,1073741823,1073741823,1073741823,1073741823:g8
1073741823,1073741823,1073741823,1073741823,1073741823,1069547519,1071579135,1073053691,1073594351,1073741823,1073741823,1073741823,1073741823,1073741823,1073741823:g8
1073741823,1073741823,1073741823,1073741823,1073741823,1069547519,1071579135,1073053691,1073594367,1073741819,1073741823,1073741823,1073741823,1073741823,1073741823:g8
1073741823,1073741823,1073741823,1073741823,1073741823,1069547519,1071579135,1073053691,1073594363,1073741823,1073741823,1073741823,1073741823,1073741823,1073741823:g8
1073741823,1073741823,1073741823,1073741823,1073741823,1069547519,1071579135,1073053691,1073594367,1073741823,1073737727,1073741823,1073741823,1073741823,1073741823:g8
1073741823,1073741823,1073741823,1073741823,1073741823,1069547519,1071579135,1073053691,1073594367,1073741823,1072693247,1073741823,1073741823,1073741823,1073741823:g8
1073741823,1073741823,1073741823,1073741823,1073741823,1069547519,1071579135,1073053691,1073594367,1073741823,1073676287,1073741823,1073741823,1073741823,1073741823:g8
1073741823,1073741823,1073741823,1073741823,1073741823,1069547519,1071579135,1073053691,1073594367,1073741823,1073740799,1073741823,1073741823,1073741823,1073741823:g8
1073741823,1073741823,1073741823,1073741823,1073741823,1069547519,1071579135,1073053691,1073594367,1073737727,1073741823,1073741823,1073741823,1073741823,1073741823:g8
1073741823,1073741823,1073741823,1073741823,1073741823,1069547519,1071579135,1073053691,1073593343,1073741823,1073741823,1073741823,1073741823,1073741823,1073741823:g8
1073741823,1073741823,1073741823,1073741823,1073741823,1069547519,1071578111,1073053691,1073594367,1073741823,1073741823,1073741823,1073741823,1073741823,1073741823:g8
1073741823,1073741823,1073741823,1073741823,1073741823,1069547519,1071579135,1073053691,1073594367,1073741823,1073479679,1073741823,1073741823,1073741823,1073741823:g8
1073741823,1073741823,1073741823,1073741823,1073741823,1069547519,1071579135,1073053691,1073594367,1073676287,1073741823,1073741823,1073741823,1073741823,1073741823:g8
1073741823,1073741823,1073741823,1073741823,1073741823,1069547519,1071579135,1073053691,1073594367,1073741823,1073725439,1073741823,1073741823,1073741823,1073741823:g8
1073741823,1073741823,1073741823,1073741823,1073741823,1069547519,1071579135,1068859387,1073594367,1073741823,1073741823,1073741823,1073741823,1073741823,1073741823:g8
1073741823,1073741823,1073741823,1073741823,1073741823,1069547519,1071579135,1072005115,1073594367,1073741823,1073741823,1073741823,1073741823,1073741823,1073741823:h10
1073741823,1073741823,1073741823,1073741823,1073741823,1069547519,1071579135,1073053691,1073594367,1069547519,1073741823,1073741823,1073741823,1073741823,1073741823:g8
1073741823,1073741823,1073741823,1073741823,1073741823,1069547519,1071579135,1073053691,1073332223,1073741823,1073741823,1073741823,1073741823,1073741823,1073741823:g8
1073741823,1073741823,1073741823,1073741823,1073737727,1069547519,1071579135,1073053691,1073594367,1073741823,1073741823,1073741823,1073741823,1073741823,1073741823:g8
1073741823,1073741823,1073741823,1073741823,1073676287,1069547519,1071579135,1073053691,1073594367,1073741823,1073741823,1073741823,1073741823,1073741823,1073741823:g8
1073741823,1073741823,1073741823,1073741823,1073741823,1069481983,1071579135,1073053691,1073594367,1073741823,1073741823,1073741823,1073741823,1073741823,1073741823:g8
1073741823,1073741823,1073741823,1073741823,1072693247,1069547519,1071579135,1073053691,1073594367,1073741823,1073741823,1073741823,1073741823,1073741823,1073741823:g8
1073741823,1073741823,1073741823,1073741823,1073741823,1069547519,1071316991,1073053691,1073594367,1073741823,1073741823,1073741823,1073741823,1073741823,1073741823:g8
1073741823,1073741823,1073741823,1073741823,1073741823,1069547519,1071579135,1073053691,1072545791,1073741823,1073741823,1073741823,1073741823,1073741823,1073741823:g8
1073741823,1073741823,1073741823,1073741823,1073741823,1069547519,1071579135,1073053691,1073594367,1073740799,1073741823,1073741823,1073741823,1073741823,1073741823:g8
1073741823,1073741823,1073741823,1073741823,1073741823,1069547519,1071579135,1073053691,1073590271,1073741823,1073741823,1073741823,1073741823,1073741823,1073741823:g8
1073741823,1073741823,1073741823,1073741823,1073741823,1069547519,1071579135,1073052667,1073594367,1073741823,1073741823,1073741823,1073741823,1073741823,1073741823:k8
1073741823,1073741823,1073741823,1073741823,1073741823,1069547519,1071579135,1073049595,1073594367,1073741823,1073741823,1073741823,1073741823,1073741823,1073741823:k8
1073741823,1073741823,1073741823,1073741823,1073741823,1069546495,1071579135,1073053691,1073594367,1073741823,1073741823,1073741823,1073741823,1073741823,1073741823:g8
1073741823,1073741823,1073741823,1073741823,1073741823,1069547519,1071575039,1073053691,1073594367,1073741823,1073741823,1073741823,1073741823,1073741823,1073741823:g8
1073741823,1073741823,1073741823,1073741823,1073741823,1069531135,1071579135,1073053691,1073594367,1073741823,1073741823,1073741823,1073741823,1073741823,1073741823:g8
1073741823,1073741823,1073741823,1073741823,1073741823,1069547519,1071562751,1073053691,1073594367,1073741823,1073741823,1073741823,1073741823,1073741823,1073741823:g8
1073741823,1073741823,1073741823,1073741823,1073741823,1069285375,1071579135,1073053691,1073594367,1073741823,1073741823,1073741823,1073741823,1073741823,1073741823:g8
1073741823,1073741823,1073741823,1073741823,1073741823,1069547519,1071579135,1073053691,1073594367,1073479679,1073741823,1073741823,1073741823,1073741823,1073741823:g8
1073741823,1073741823,1073741823,1073741823,1073741823,1069547519,1071579135,1073053691,1073594367,1073725439,1073741823,1073741823,1073741823,1073741823,1073741823:g8
1073741823,1073741823,1073741823,1073741823,1073741823,1073741823,1071579135,1068990459,1073594367,1073741823,1073741823,1073741823,1073741823,1073741823,1073741823:l6
1073741823,1073741823,1073741823,1073741823,1073741823,1073741823,1071579135,1072136187,1073594367,1073741823,1073741823,1073741823,1073741823,1073741823,1073741823:l6
1073741823,1073741823,1073741823,1073741823,1073741823,1073741823,1071579135,1073184763,1073594367,1069547519,1073741823,1073741823,1073741823,1073741823,1073741823:l6
1073741823,1073741823,1073741823,1073741823,1073741823,1073741823,1071579135,1073184763,1073332223,1073741823,1073741823,1073741823,1073741823,1073741823,1073741823:l6
1073741823,1073741823,1073741823,1073741823,1073737727,1073741823,1071579135,1073184763,1073594367,1073741823,1073741823,1073741823,1073741823,1073741823,1073741823:l6
1073741823,1073741823,1073741823,1073741823,1073676287,1073741823,1071579135,1073184763,1073594367,1073741823,1073741823,1073741823,1073741823,1073741823,1073741823:l6
1073741823,1073741823,1073741823,1073741823,1073741823,1073676287,1071579135,1073184763,1073594367,1073741823,1073741823,1073741823,1073741823,1073741823,1073741823:l6
1073741823,1073741823,1073741823,1073741823,1072693247,1073741823,1071579135,1073184763,1073594367,1073741823,1073741823,1073741823,1073741823,1073741823,1073741823:l6
1073741823,1073741823,1073741823,1073741823,1073741823,1073741823,1071316991,1073184763,1073594367,1073741823,1073741823,1073741823,1073741823,1073741823,1073741823:l6
1073741823,1073741823,1073741823,1073741823,1073741823,1073741823,1071579135,1073184763,1072545791,1073741823,1073741823,1073741823,1073741823,1073741823,1073741823:l6
1073741823,1073741823,1073741823,1073741823,1073741823,1073741823,1071579135,1073184763,1073594367,1073740799,1073741823,1073741823,1073741823,1073741823,1073741823:l6
1073741823,1073741823,1073741823,1073741823,1073741823,1073741823,1071579135,1073184763,1073590271,1073741823,1073741823,1073741823,1073741823,1073741823,1073741823:l6
1073741823,1073741823,1073741823,1073741823,1073741823,1073741823,1071579135,1073183739,1073594367,1073741823,1073741823,1073741823,1073741823,1073741823,1073741823:l6
1073741823,1073741823,1073741823,1073741823,1073741823,1073741823,1071579135,1073180667,1073594367,1073741823,1073741823,1073741823,1073741823,1073741823,1073741823:l6
1073741823,1073741823,1073741823,1073741823,1073741823,1073740799,1071579135,1073184763,1073594367,1073741823,1073741823,1073741823,1073741823,1073741823,1073741823:l6
1073741823,1073741823,1073741823,1073741823,1073741823,1073741823,1071575039,1073184763,1073594367,1073741823,1073741823,1073741823,1073741823,1073741823,1073741823:l6
1073741823,1073741823,1073741823,1073741823,1073741823,1073725439,1071579135,1073184763,1073594367,1073741823,1073741823,1073741823,1073741823,1073741823,1073741823:l6
1073741823,1073741823,1073741823,1073741823,1073741823,1073741823,1071562751,1073184763,1073594367,1073741823,1073741823,1073741823,1073741823,1073741823,1073741823:l6
1073741823,1073741823,1073741823,1073741823,1073741823,1073479679,1071579135,1073184763,1073594367,1073741823,1073741823,1073741823,1073741823,1073741823,1073741823:l6
1073741823,1073741823,1073741823,1073741823,1073741823,1073741823,1071579135,1073119227,1073594367,1073741823,1073741823,1073741823,1073741823,1073741823,1073741823:l6
1073741823,1073741823,1073741823,1073741823,1073741823,1073741823,1071579135,1073184763,1073594367,1073479679,1073741823,1073741823,1073741823,1073741823,1073741823:l6
1073741823,1073741823,1073741823,1073741823,1073741823,1073741823,1071579135,1073184763,1073594367,1073725439,1073741823,1073741823,1073741823,1073741823,1073741823:j7
1073741823,1073741823,1073741823,1073741823,1073725439,1073741823,1071054847,1073184763,1073594367,1073725439,1073741823,1073741823,1073741823,1073741823,1073741823:j10
1073741823,1073741823,1073741823,1073741823,1073479679,1073741823,1071054847,1073184763,1073594367,1073725439,1073741823,1073741823,1073741823,1073741823,1073741823:j10
1073741823,1073741823,1073741823,1073741823,1069547519,1073741823,1071054847,1073184763,1073594367,1073725439,1073741823,1073741823,1073741823,1073741823,1073741823:j10
1073741823,1073741823,1073741823,1073741823,1073741823,1073741823,1071054847,1073184763,1069400063,1073725439,1073741823,1073741823,1073741823,1073741823,1073741823:j10
1073741823,1073741823,1073741823,1073741823,1073741823,1073741823,1071054847,1073184763,1073594367,1073725439,1073741823,1073740799,1073741823,1073741823,1073741823:j6
1073741823,1073741823,1073741823,1073741823,1073741823,1073741823,1071054847,1073184763,1073594367,1073725439,1073741823,1073479679,1073741823,1073741823,1073741823:j6
1073741823,1073741823,1073741823,1073741823,1073741823,1073741823,1071054847,1073184763,1073594367,1073725439,1073741823,1073725439,1073741823,1073741823,1073741823:j10
1073741823,1073741823,1073741823,1073741823,1073741823,1072693247,1071054847,1073184763,1073594367,1073725439,1073741823,1073741823,1073741823,1073741823,1073741823:j10
1073741823,1073741823,1073741823,1073741823,1056964607,1073741823,1071054847,1073184763,1073594367,1073725439,1073741823,1073741823,1073741823,1073741823,1073741823:j10
1073741823,1073741823,1073741823,1073741823,1073741823,1073741823,1054277631,1073184763,1073594367,1073725439,1073741823,1073741823,1073741823,1073741823,1073741823:j6
1073741823,1073741823,1073741823,1073741823,1073741823,1073741823,1066860543,1073184763,1073594367,1073725439,1073741823,1073741823,1073741823,1073741823,1073741823:j6
1073741823,1073741823,1073741823,1073741823,1073741823,1073741823,1071054847,1073184763,1056817151,1073725439,1073741823,1073741823,1073741823,1073741823,1073741823:j10
1073741823,1073741823,1073741823,1073741823,1073741823,1073741823,1071054847,1073184763,1073594366,1073725439,1073741823,1073741823,1073741823,1073741823,1073741823:j6
1073741823,1073741823,1073741823,1073741823,1073741823,1073741823,1071054847,1073184762,1073594367,1073725439,1073741823,1073741823,1073741823,1073741823,1073741823:j6
1073741823,1073741823,1073741823,1073741823,1073741823,1073741823,1071054846,1073184763,1073594367,1073725439,1073741823,1073741823,1073741823,1073741823,1073741823:j6
1073741823,1073741823,1073741823,1073741823,1073741823,1073741819,1071054847,1073184763,1073594367,1073725439,1073741823,1073741823,1073741823,1073741823,1073741823:j6
1073741823,1073741823,1073741823,1073741823,1073741823,1073741823,1071054843,1073184763,1073594367,1073725439,1073741823,1073741823,1073741823,1073741823,1073741823:j6
1073741823,1073741823,1073741823,1073741823,1073741823,1073741759,1071054847,1073184763,1073594367,1073725439,1073741823,1073741823,1073741823,1073741823,1073741823:j6
1073741823,1073741823,1073741823,1073741823,1073741823,1073741823,1071054831,1073184763,1073594367,1073725439,1073741823,1073741823,1073741823,1073741823,1073741823:j6
1073741823,1073741823,1073741823,1073741823,1073741823,1073741823,1071054847,1073184699,1073594367,1073725439,1073741823,1073741823,1073741823,1073741823,1073741823:j6
1073741823,1073741823,1073741823,1073741823,1073741823,1073741823,1071054847,1073184747,1073594367,1073725439,1073741823,1073741823,1073741823,1073741823,1073741823:j6
1073741823,1073741823,1073741823,1073741823,1073741823,1073741823,1071054847,1073184763,1073594367,1073725375,1073741823,1073741823,1073741823,1073741823,1073741823:j6
1073741823,1073741823,1073741823,1073741823,1073741823,1073741823,1071054847,1073184763,1073594351,1073725439,1073741823,1073741823,1073741823,1073741823,1073741823:j6
1073741823,1073741823,1073741823,1073741823,1073741823,1073741823,1071054847,1073184763,1073594367,1073725435,1073741823,1073741823,1073741823,1073741823,1073741823:j6
1073741823,1073741823,1073741823,1073741823,1073741823,1073741823,1071054847,1073184763,1073594363,1073725439,1073741823,1073741823,1073741823,1073741823,1073741823:j6
1073741823,1073741823,1073741823,1073741823,1073741823,1073741823,1071054847,1073184763,1073594367,1073725439,1073737727,1073741823,1073741823,1073741823,1073741823:j6
1073741823,1073741823,1073741823,1073741823,1073741823,1073741823,1071054847,1073184763,1073594367,1073725439,1072693247,1073741823,1073741823,1073741823,1073741823:j6
1073741823,1073741823,1073741823,1073741823,1073741823,1073741823,1071054847,1073184763,1073594367,1073725439,1073676287,1073741823,1073741823,1073741823,1073741823:j6
1073741823,1073741823,1073741823,1073741823,1073741823,1073741823,1071054847,1073184763,1073594367,1073725439,1073740799,1073741823,1073741823,1073741823,1073741823:j10
1073741823,1073741823,1073741823,1073741823,1073741823,1073741823,1071054847,1073184763,1073594367,1073721343,1073741823,1073741823,1073741823,1073741823,1073741823:j6
1073741823,1073741823,1073741823,1073741823,1073741823,1073741823,1071054847,1073184763,1073593343,1073725439,1073741823,1073741823,1073741823,1073741823,1073741823:j6
1073741823,1073741823,1073741823,1073741823,1073741823,1073741823,1071053823,1073184763,1073594367,1073725439,1073741823,1073741823,1073741823,1073741823,1073741823:j6
1073741823,1073741823,1073741823,1073741823,1073741823,1073741823,1071054847,1073184763,1073594367,1073725439,1073479679,1073741823,1073741823,1073741823,1073741823:j6
1073741823,1073741823,1073741823,1073741823,1073741823,1073741823,1071054847,1073184763,1073594367,1073659903,1073741823,1073741823,1073741823,1073741823,1073741823:j6
1073741823,1073741823,1073741823,1073741823,1073741823,1073741823,1071054847,1073184763,1073594367,1073725439,1073725439,1073741823,1073741823,1073741823,1073741823:j6
1073741823,1073741823,1073741823,1073741823,1073741823,1069547519,1071054847,1073184763,1073594367,1073725439,1073741823,1073741823,1073741823,1073741823,1073741823:j10
1073741823,1073741823,1073741823,1073741823,1073741823,1073741823,1071054847,1068990459,1073594367,1073725439,1073741823,1073741823,1073741823,1073741823,1073741823:j10
1073741823,1073741823,1073741823,1073741823,1073741823,1073741823,1071054847,1072136187,1073594367,1073725439,1073741823,1073741823,1073741823,1073741823,1073741823:j10
1073741823,1073741823,1073741823,1073741823,1073741823,1073741823,1071054847,1073184763,1073594367,1069531135,1073741823,1073741823,1073741823,1073741823,1073741823:j6
1073741823,1073741823,1073741823,1073741823,1073741823,1073741823,1071054847,1073184763,1073332223,1073725439,1073741823,1073741823,1073741823,1073741823,1073741823:l6
1073741823,1073741823,1073741823,1073741823,1073737727,1073741823,1071054847,1073184763,1073594367,1073725439,1073741823,1073741823,1073741823,1073741823,1073741823:j10
1073741823,1073741823,1073741823,1073741823,1073676287,1073741823,1071054847,1073184763,1073594367,1073725439,1073741823,1073741823,1073741823,1073741823,1073741823:j10
1073741823,1073741823,1073741823,1073741823,1073741823,1073676287,1071054847,1073184763,1073594367,1073725439,1073741823,1073741823,1073741823,1073741823,1073741823:j10
1073741823,1073741823,1073741823,1073741823,1072693247,1073741823,1071054847,1073184763,1073594367,1073725439,1073741823,1073741823,1073741823,1073741823,1073741823:j10
1073741823,1073741823,1073741823,1073741823,1073741823,1073741823,1071054847,1073184763,1072545791,1073725439,1073741823,1073741823,1073741823,1073741823,1073741823:j10
1073741823,1073741823,1073741823,1073741823,1073741823,1073741823,1071054847,1073184763,1073594367,1073724415,1073741823,1073741823,1073741823,1073741823,1073741823:j6
1073741823,1073741823,1073741823,1073741823,1073741823,1073741823,1071054847,1073184763,1073590271,1073725439,1073741823,1073741823,1073741823,1073741823,1073741823:j6
1073741823,1073741823,1073741823,1073741823,1073741823,1073741823,1071054847,1073183739,1073594367,1073725439,1073741823,1073741823,1073741823,1073741823,1073741823:j6
1073741823,1073741823,1073741823,1073741823,1073741823,1073741823,1071054847,1073180667,1073594367,1073725439,1073741823,1073741823,1073741823,1073741823,1073741823:j6
1073741823,1073741823,1073741823,1073741823,1073741823,1073740799,1071054847,1073184763,1073594367,1073725439,1073741823,1073741823,1073741823,1073741823,1073741823:j6
1073741823,1073741823,1073741823,1073741823,1073741823,1073741823,1071050751,1073184763,1073594367,1073725439,1073741823,1073741823,1073741823,1073741823,1073741823:j6
1073741823,1073741823,1073741823,1073741823,1073741823,1073725439,1071054847,1073184763,1073594367,1073725439,1073741823,1073741823,1073741823,1073741823,1073741823:j10
1073741823,1073741823,1073741823,1073741823,1073741823,1073741823,1071038463,1073184763,1073594367,1073725439,1073741823,1073741823,1073741823,1073741823,1073741823:j10
1073741823,1073741823,1073741823,1073741823,1073741823,1073479679,1071054847,1073184763,1073594367,1073725439,1073741823,1073741823,1073741823,1073741823,1073741823:k8
1073741823,1073741823,1073741823,1073741823,1073741823,1073741823,1071054847,1073119227,1073594367,1073725439,1073741823,1073741823,1073741823,1073741823,1073741823:j10
1073741823,1073741823,1073741823,1073741823,1073741823,1073741823,1071054847,1073184763,1073594367,1073463295,1073741823,1073741823,1073741823,1073741823,1073741823:j6
