1073741823,1073741823,1073741823,1073741823,1073741823,1073741823,804941823,1073119231,1071497215,1073192959,1071644671,1069547519,1073741823,1073741823,1073741823:j12
1073741823,1073741823,1073741823,1073741823,1073741823,1073741823,804941823,1073119231,1071497215,1073192959,1071644671,1069023231,1073741823,1073725439,1073741823:j9
1073741823,1073741823,1073741823,1073741823,1073741823,1073741823,804941823,1073119231,1071497215,1073192959,1071644671,1069023231,1073479679,1073741823,1073741823:j9
1073741823,1073741823,1073741823,1073741823,1073741823,1073741823,804941823,1006010367,1071497215,1073192959,1071644671,1069023231,1073741823,1073741823,1073741823:j9
1073741823,1073741823,1073741823,1073741823,1073741823,1073741823,737832959,1073119231,1071497215,1073192959,1071644671,1069023231,1073741823,1073741823,1073741823:j9
1073741823,1073741823,1073741823,1073741823,1056964607,1073741823,804941823,1073119231,1071497215,1073192959,1071644671,1069023231,1073741823,1073741823,1073741823:j9
1073741823,1073741823,1073741823,1073741823,1073741823,1006632959,804941823,1073119231,1071497215,1073192959,1071644671,1069023231,1073741823,1073741823,1073741823:j9
1073741823,1073741823,1073741823,1073741823,805306367,1073741823,804941823,1073119231,1071497215,1073192959,1071644671,1069023231,1073741823,1073741823,1073741823:j9
1073741823,1073741823,1073741823,1073741823,1073741823,805306367,804941823,1073119231,1071497215,1073192959,1071644671,1069023231,1073741823,1073741823,1073741823:j9
1073741823,1073741823,1073741823,1073741823,1073741823,1073741823,804941823,1073119231,803061759,1073192959,1071644671,1069023231,1073741823,1073741823,1073741823:j9
1073741823,1073741823,1073741823,1073741823,1073741823,1073741823,804941823,804683775,1071497215,1073192959,1071644671,1069023231,1073741823,1073741823,1073741823:j9
1073741823,1073741823,1073741823,1073741823,1073741823,1073741823,804941823,1073119231,1071497215,1073192959,1071644671,1069022975,1073741823,1073741823,1073741823:j9
1073741823,1073741823,1073741823,1073741823,1073741823,1073741823,804941823,1073119231,1071497215,1073192703,1071644671,1069023231,1073741823,1073741823,1073741823:j9
1073741823,1073741823,1073741823,1073741823,1073741823,1073741823,804941823,1073118975,1071497215,1073192959,1071644671,1069023231,1073741823,1073741823,1073741823:j9
1073741823,1073741823,1073741823,1073741823,1073741823,1073741823,804941823,1073119231,1071497215,1073192959,1071644671,1068957695,1073741823,1073741823,1073741823:j9
1073741823,1073741823,1073741823,1073741823,1073741823,1073741823,804941823,1073119231,1071497215,1073192959,1071644671,1069019135,1073741823,1073741823,1073741823:j9
1073741823,1073741823,1073741823,1073741823,1073741823,1073741823,804941823,1073119231,1071497215,1073192959,1071644671,1069023231,1073741823,1073479679,1073741823:j9
1073741823,1073741823,1073741823,1073741823,1073741823,1073741823,804941823,1073119231,1071497215,1006084095,1071644671,1069023231,1073741823,1073741823,1073741823:j9
1073741823,1073741823,1073741823,1073741823,1073741823,1073741823,804941823,1073119231,1071497215,1073192959,1071644671,1001914367,1073741823,1073741823,1073741823:j9
1073741823,1073741823,1073741823,1073741823,1073741823,1073741823,804941823,1073119231,1071497215,1073192959,1071644671,1052246015,1073741823,1073741823,1073741823:j9
1073741823,1073741823,1073741823,1073741823,1073741823,1073741823,804941823,1073119231,1071497215,1073192959,1071644671,1069023231,1073741823,1006632959,1073741823:j9
1073741823,1073741823,1073741823,1073741823,1073741823,1073741823,804941823,1073119231,1071497215,1073192959,1071644671,1069023231,1073741823,1069547519,1073741823:j9
1073741823,1073741823,1073741823,1073741823,1073741823,1073741823,804941823,1073119231,1071497215,1073192959,1071644671,1069023231,1069547519,1073741823,1073741823:j9
1073741823,1073741823,1073741823,1073741823,1073741823,1073741823,804941823,1073119231,1071497215,1073192959,1071644671,1069023231,1073676287,1073741823,1073741823:j9
1073741823,1073741823,1073741823,1073741823,1073741823,1073741823,804941823,1073119231,1071497215,1073192959,1067450367,1069023231,1073741823,1073741823,1073741823:j9
1073741823,1073741823,1073741823,1073741823,1073741823,1073741823,804941823,1073119231,1071497215,1073192959,1071644671,1069023231,1056964607,1073741823,1073741823:j9
1073741823,1073741823,1073741823,1073741823,1073741823,1073741823,804941823,1073119231,1071497215,1073192959,1071644671,1069023231,1072693247,1073741823,1073741823:j9
1073741823,1073741823,1073741823,1073741823,1073741823,1073741823,804941823,1073119231,1071497215,1073192959,1071644671,1067974655,1073741823,1073741823,1073741823:j9
1073741823,1073741823,1073741823,1073741823,1073741823,1073741823,804941823,1073119231,1071497215,1073192959,1071643647,1069023231,1073741823,1073741823,1073741823:j9
1073741823,1073741823,1073741823,1073741823,1073741823,1073741823,804941823,1073119231,1071496191,1073192959,1071644671,1069023231,1073741823,1073741823,1073741823:j9
1073741823,1073741823,1073741823,1073741823,1073740799,1073741823,804941823,1073119231,1071497215,1073192959,1071644671,1069023231,1073741823,1073741823,1073741823:j9
1073741823,1073741823,1073741823,1073741823,1073725439,1073741823,804941823,1073119231,1071497215,1073192959,1071644671,1069023231,1073741823,1073741823,1073741823:j9
1073741823,1073741823,1073741823,1073741823,1073479679,1073741823,804941823,1073119231,1071497215,1073192959,1071644671,1069023231,1073741823,1073741823,1073741823:j9
1073741823,1073741823,1073741823,1073741823,1069547519,1073741823,804941823,1073119231,1071497215,1073192959,1071644671,1069023231,1073741823,1073741823,1073741823:k6
1073741823,1073741823,1073741823,1073676287,1069547519,1071644671,804941823,1073119231,1071497215,1073192959,1071644671,1069023231,1073741823,1073741823,1073741823:j9
1073741823,1073741823,1073741823,1073741823,1069547519,1071644671,804941823,1056342015,1071497215,1073192959,1071644671,1069023231,1073741823,1073741823,1073741823:j9
1073741823,1073741823,1073479679,1073741823,1069547519,1071644671,804941823,1073119231,1071497215,1073192959,1071644671,1069023231,1073741823,1073741823,1073741823:j9
1073741823,1073741823,1073741823,1072693247,1069547519,1071644671,804941823,1073119231,1071497215,1073192959,1071644671,1069023231,1073741823,1073741823,1073741823:j9
1073741823,1073741823,1069547519,1073741823,1069547519,1071644671,804941823,1073119231,1071497215,1073192959,1071644671,1069023231,1073741823,1073741823,1073741823:j9
1073741823,1073741823,1073741823,1069547519,1069547519,1071644671,804941823,1073119231,1071497215,1073192959,1071644671,1069023231,1073741823,1073741823,1073741823:j9
1073741823,1073741823,1006632959,1073741823,1069547519,1071644671,804941823,1073119231,1071497215,1073192959,1071644671,1069023231,1073741823,1073741823,1073741823:j9
1073741823,1073741823,1073741823,1056964607,1069547519,1071644671,804941823,1073119231,1071497215,1073192959,1071644671,1069023231,1073741823,1073741823,1073741823:j9
1073741823,1073741823,1073741823,1073741823,1002438655,1071644671,804941823,1073119231,1071497215,1073192959,1071644671,1069023231,1073741823,1073741823,1073741823:j9
1073741823,1073741823,1073741823,1073741823,1069547519,1054867455,804941823,1073119231,1071497215,1073192959,1071644671,1069023231,1073741823,1073741823,1073741823:j9
1073741823,1073741823,1073741823,1073741823,1069547519,1071644671,804941823,1073119231,1071497215,1073192959,1071644671,1069023231,1073741823,1073725439,1073741823:j9
1073741823,1073741823,1073741823,1073741823,1069547519,1071644671,804941823,1073119231,1071497215,1073192959,1071644671,1069023231,1073479679,1073741823,1073741823:j9
1073741823,1073741823,1073741823,1073741823,1069547519,1071644671,804941823,1006010367,1071497215,1073192959,1071644671,1069023231,1073741823,1073741823,1073741823:j9
1073741823,1073741823,1073741823,1073741823,1069547519,1071644671,737832959,1073119231,1071497215,1073192959,1071644671,1069023231,1073741823,1073741823,1073741823:j9
1073741823,1073741823,1073741823,1073741823,1052770303,1071644671,804941823,1073119231,1071497215,1073192959,1071644671,1069023231,1073741823,1073741823,1073741823:j9
1073741823,1073741823,1073741823,1073741823,1069547519,1004535807,804941823,1073119231,1071497215,1073192959,1071644671,1069023231,1073741823,1073741823,1073741823:j9
1073741823,1073741823,1073741823,1073741823,801112063,1071644671,804941823,1073119231,1071497215,1073192959,1071644671,1069023231,1073741823,1073741823,1073741823:j9
1073741823,1073741823,1073741823,1073741823,1069547519,803209215,804941823,1073119231,1071497215,1073192959,1071644671,1069023231,1073741823,1073741823,1073741823:j9
1073741823,1073741823,1073741823,1073741823,1069547519,1071644671,804941823,1073119231,803061759,1073192959,1071644671,1069023231,1073741823,1073741823,1073741823:j9
1073741823,1073741823,1073741823,1073741823,1069547519,1071644671,804941823,804683775,1071497215,1073192959,1071644671,1069023231,1073741823,1073741823,1073741823:j9
1073741823,1073741823,1073741823,1073741823,1069547519,1071644671,804941823,1073119231,1071497215,1073192959,1071644671,1069022975,1073741823,1073741823,1073741823:j9
1073741823,1073741823,1073741823,1073741823,1069547519,1071644671,804941823,1073119231,1071497215,1073192703,1071644671,1069023231,1073741823,1073741823,1073741823:j9
1073741823,1073741823,1073741823,1073741823,1069547519,1071644671,804941823,1073118975,1071497215,1073192959,1071644671,1069023231,1073741823,1073741823,1073741823:j9
1073741823,1073741823,1073741823,1073741823,1069547519,1071644671,804941823,1073119231,1071497215,1073192959,1071644671,1068957695,1073741823,1073741823,1073741823:j9
1073741823,1073741823,1073741823,1073741823,1069547519,1071644671,804941823,1073119231,1071497215,1073192959,1071644671,1069019135,1073741823,1073741823,1073741823:j9
1073741823,1073741823,1073741823,1073741823,1069547519,1071644671,804941823,1073119231,1071497215,1073192959,1071644671,1069023231,1073741823,1073479679,1073741823:j9
1073741823,1073741823,1073741823,1073741823,1069547519,1071644671,804941823,1073119231,1071497215,1006084095,1071644671,1069023231,1073741823,1073741823,1073741823:j9
1073741823,1073741823,1073741823,1073741823,1069547519,1071644671,804941823,1073119231,1071497215,1073192959,1071644671,1001914367,1073741823,1073741823,1073741823:j9
1073741823,1073741823,1073741823,1073741823,1069547519,1071644671,804941823,1073119231,1071497215,1073192959,1071644671,1052246015,1073741823,1073741823,1073741823:j9
1073741823,1073741823,1073741823,1073741823,1069547519,1071644671,804941823,1073119231,1071497215,1073192959,1071644671,1069023231,1073741823,1006632959,1073741823:j9
1073741823,1073741823,1073741823,1073741823,1069547519,1071644671,804941823,1073119231,1071497215,1073192959,1071644671,1069023231,1073741823,1069547519,1073741823:j9
1073741823,1073741823,1073741823,1073741823,1069547519,1071644671,804941823,1073119231,1071497215,1073192959,1071644671,1069023231,1069547519,1073741823,1073741823:j9
1073741823,1073741823,1073741823,1073741823,1069547519,1071644671,804941823,1073119231,1071497215,1073192959,1071644671,1069023231,1073676287,1073741823,1073741823:j9
1073741823,1073741823,1073741823,1073741823,1069547519,1071644671,804941823,1073119231,1071497215,1073192959,1067450367,1069023231,1073741823,1073741823,1073741823:j9
1073741823,1073741823,1073741823,1073741823,1069547519,1071644671,804941823,1073119231,1071497215,1073192959,1071644671,1069023231,1056964607,1073741823,1073741823:j9
1073741823,1073741823,1073741823,1073741823,1069547519,1071644671,804941823,1073119231,1071497215,1073192959,1071644671,1069023231,1072693247,1073741823,1073741823:j9
1073741823,1073741823,1073741823,1073741823,1069547519,1071644671,804941823,1073119231,1071497215,1073192959,1071644671,1067974655,1073741823,1073741823,1073741823:j9
1073741823,1073741823,1073741823,1073741823,1069547519,1071644671,804941823,1073119231,1071497215,1073192959,1071643647,1069023231,1073741823,1073741823,1073741823:j9
1073741823,1073741823,1073741823,1073741823,1069547519,1071644671,804941823,1073119231,1071496191,1073192959,1071644671,1069023231,1073741823,1073741823,1073741823:j9
1073741823,1073741823,1073741823,1073741823,1069546495,1071644671,804941823,1073119231,1071497215,1073192959,1071644671,1069023231,1073741823,1073741823,1073741823:j9
1073741823,1073741823,1073741823,1073741823,1069531135,1071644671,804941823,1073119231,1071497215,1073192959,1071644671,1069023231,1073741823,1073741823,1073741823:j9
1073741823,1073741823,1073741823,1073741823,1069285375,1071644671,804941823,1073119231,1071497215,1073192959,1071644671,1069023231,1073741823,1073741823,1073741823:j9
1073741823,1073741823,1073741823,1073741823,1069547519,1071644671,800747519,1073119231,1071497215,1073192959,1071644671,1069023231,1073741823,1073741823,1073741823:j9
1073741823,1073741823,1073741823,1073741823,1069547519,1071644671,788164607,1073119231,1071497215,1073192959,1071644671,1069023231,1073741823,1073741823,1073741823:j9
1073741823,1073741823,1073741823,1073741823,1069547519,1071644671,804941823,1073119231,1054719999,1073192959,1071644671,1069023231,1073741823,1073741823,1073741823:j11
1073741823,1073741823,1073741823,1073741823,1069547519,1071644671,804941823,1073119231,1067302911,1073192959,1071644671,1069023231,1073741823,1073741823,1073741823:j11
1073741823,1073741823,1073741823,1073741823,1069547519,1071644671,804941823,1073119231,1071497215,1073192959,1054867455,1069023231,1073741823,1073741823,1073741823:j9
1073741823,1073741823,1073741823,1073741823,1069547519,1071644671,804941823,1073119231,1071496959,1073192959,1071644671,1069023231,1073741823,1073741823,1073741823:j9
1073741823,1073741823,1073741823,1073741823,1069547519,1071644671,804941567,1073119231,1071497215,1073192959,1071644671,1069023231,1073741823,1073741823,1073741823:j9
1073741823,1073741823,1073741823,1073741823,1069547519,1071644671,804940799,1073119231,1071497215,1073192959,1071644671,1069023231,1073741823,1073741823,1073741823:j9
1073741823,1073741823,1073741823,1073741823,1069547263,1071644671,804941823,1073119231,1071497215,1073192959,1071644671,1069023231,1073741823,1073741823,1073741823:j9
1073741823,1073741823,1073741823,1073741823,1069547519,1071644671,804941823,1073119231,1071497215,1073192959,1071382527,1069023231,1073741823,1073741823,1073741823:l10
1073741823,1073741823,1073741823,1073741823,1069547519,1071644671,804941823,1073119231,1071497215,1073192959,1071644671,1069022207,1073741823,1073741823,1073741823:j9
1073741823,1073741823,1073741823,1073741823,1069547519,1071644671,804941823,1073119231,1071497215,1073192959,1071644671,1069006847,1073741823,1073741823,1073741823:j9
1073741823,1073741823,1073741823,1073741823,1069547519,1071644671,804941823,1073119231,1071497215,1073192959,1071628287,1069023231,1073741823,1073741823,1073741823:j9
1073741823,1073741823,1073741823,1073741823,1069547519,1071644671,804941823,1073119231,1071497215,1073192959,1071640575,1069023231,1073741823,1073741823,1073741823:j9
1073741823,1073741823,1073741823,1073741823,1069547519,1071644671,804941823,1073119231,1071497215,1073192959,1071579135,1069023231,1073741823,1073741823,1073741823:j9
1073741823,1073741823,1073741823,1073741823,1069547519,1071640575,804941823,1073119231,1071497215,1073192959,1071644671,1069023231,1073741823,1073741823,1073741823:j9
1073741823,1073741823,1073741823,1073741823,1069547519,1071644671,804941823,1073119231,1071497215,1072144383,1071644671,1069023231,1073741823,1073741823,1073741823:j9
1073741823,1073741823,1073741823,1073741823,1069547519,1071644671,804941823,1073119231,1071497215,1073127423,1071644671,1069023231,1073741823,1073741823,1073741823:j9
1073741823,1073741823,1073741823,1073741823,1069547519,1067450367,804941823,1073119231,1071497215,1073192959,1071644671,1069023231,1073741823,1073741823,1073741823:j9
1073741823,1073741823,1073741823,1073741823,1069547519,1071644671,804941823,1068924927,1071497215,1073192959,1071644671,1069023231,1073741823,1073741823,1073741823:j9
1073741823,1073741823,1073741823,1073741823,1069547519,1071644671,804941823,1072070655,1071497215,1073192959,1071644671,1069023231,1073741823,1073741823,1073741823:j9
1073741823,1073741823,1073741823,1073741823,1069547519,1071644671,804941823,1073119231,1071497215,1068998655,1071644671,1069023231,1073741823,1073741823,1073741823:j11
1073741823,1073741823,1073741823,1073741823,1069547519,1071644671,804941823,1073119231,1071235071,1073192959,1071644671,1069023231,1073741823,1073741823,1073741823:k10
1073741823,1073741823,1073741823,1073741823,1069543423,1071644671,804941823,1073119231,1071497215,1073192959,1071644671,1069023231,1073741823,1073741823,1073741823:j9
1073741823,1073741823,1073741823,1073741823,1069481983,1071644671,804941823,1073119231,1071497215,1073192959,1071644671,1069023231,1073741823,1073741823,1073741823:j9
1073741823,1073741823,1073741823,1073741823,1069547519,1071579135,804941823,1073119231,1071497215,1073192959,1071644671,1069023231,1073741823,1073741823,1073741823:j9
1073741823,1073741823,1073741823,1073741823,1068498943,1071644671,804941823,1073119231,1071497215,1073192959,1071644671,1069023231,1073741823,1073741823,1073741823:j9
1073741823,1073741823,1073741823,1073741823,1069547519,1071644671,803893247,1073119231,1071497215,1073192959,1071644671,1069023231,1073741823,1073741823,1073741823:j9
1073741823,1073741823,1073741823,1073741823,1069547519,1071644671,804941823,1073119231,1071497215,1073191935,1071644671,1069023231,1073741823,1073741823,1073741823:j9
1073741823,1073741823,1073741823,1073741823,1069547519,1071644671,804941823,1073119231,1071493119,1073192959,1071644671,1069023231,1073741823,1073741823,1073741823:j9
1073741823,1073741823,1073741823,1073741823,1069547519,1071644671,804941823,1073118207,1071497215,1073192959,1071644671,1069023231,1073741823,1073741823,1073741823:j9
1073741823,1073741823,1073741823,1073741823,1069547519,1071644671,804941823,1073115135,1071497215,1073192959,1071644671,1069023231,1073741823,1073741823,1073741823:j9
1073741823,1073741823,1073741823,1073741823,1069547519,1071643647,804941823,1073119231,1071497215,1073192959,1071644671,1069023231,1073741823,1073741823,1073741823:j9
1073741823,1073741823,1073741823,1073741823,1069547519,1071628287,804941823,1073119231,1071497215,1073192959,1071644671,1069023231,1073741823,1073741823,1073741823:j9
1073741823,1073741823,1073741823,1073741823,1069547519,1071382527,804941823,1073119231,1071497215,1073192959,1071644671,1069023231,1073741823,1073741823,1073741823:j9
1073741823,1073741823,1073741823,1073741823,1073741823,1073741823,800747519,1073119231,1071497215,1073192959,1071644671,1069023231,1073741823,1073741823,1073741823:j9
1073741823,1073741823,1073741823,1073741823,1073741823,1073741823,788164607,1073119231,1071497215,1073192959,1071644671,1069023231,1073741823,1073741823,1073741823:j9
1073741823,1073741823,1073741823,1073741823,1073741823,1073741823,804941823,1073119231,1054719999,1073192959,1071644671,1069023231,1073741823,1073741823,1073741823:j11
1073741823,1073741823,1073741823,1073741823,1073741823,1073741823,804941823,1073119231,1067302911,1073192959,1071644671,1069023231,1073741823,1073741823,1073741823:j11
1073741823,1073741823,1073741823,1073741823,1073741823,1073741823,804941823,1073119231,1071497215,1073192959,1054867455,1069023231,1073741823,1073741823,1073741823:j9
1073741823,1073741823,1073741823,1073741823,1073741823,1073741823,804941823,1073119231,1071496959,1073192959,1071644671,1069023231,1073741823,1073741823,1073741823:j9
1073741823,1073741823,1073741823,1073741823,1073741823,1073741823,804941567,1073119231,1071497215,1073192959,1071644671,1069023231,1073741823,1073741823,1073741823:j9
1073741823,1073741823,1073741823,1073741823,1073741823,1073741823,804940799,1073119231,1071497215,1073192959,1071644671,1069023231,1073741823,1073741823,1073741823:j9
1073741823,1073741823,1073741823,1073741823,1073741567,1073741823,804941823,1073119231,1071497215,1073192959,1071644671,1069023231,1073741823,1073741823,1073741823:j9
1073741823,1073741823,1073741823,1073741823,1073741823,1073741823,804941823,1073119231,1071497215,1073192959,1071382527,1069023231,1073741823,1073741823,1073741823:l10
1073741823,1073741823,1073741823,1073741823,1073741823,1073741823,804941823,1073119231,1071497215,1073192959,1071644671,1069022207,1073741823,1073741823,1073741823:j9
1073741823,1073741823,1073741823,1073741823,1073741823,1073741823,804941823,1073119231,1071497215,1073192959,1071644671,1069006847,1073741823,1073741823,1073741823:j9
1073741823,1073741823,1073741823,1073741823,1073741823,1073741823,804941823,1073119231,1071497215,1073192959,1071628287,1069023231,1073741823,1073741823,1073741823:j9
1073741823,1073741823,1073741823,1073741823,1073741823,1073741823,804941823,1073119231,1071497215,1073192959,1071640575,1069023231,1073741823,1073741823,1073741823:j9
1073741823,1073741823,1073741823,1073741823,1073741823,1073741823,804941823,1073119231,1071497215,1073192959,1071579135,1069023231,1073741823,1073741823,1073741823:j9
1073741823,1073741823,1073741823,1073741823,1073741823,1073737727,804941823,1073119231,1071497215,1073192959,1071644671,1069023231,1073741823,1073741823,1073741823:j9
1073741823,1073741823,1073741823,1073741823,1073741823,1072693247,804941823,1073119231,1071497215,1073192959,1071644671,1069023231,1073741823,1073741823,1073741823:l5
1073741823,1073741823,1073479679,1073741823,1065353215,1072693247,804941823,1073119231,1071497215,1073192959,1071644671,1069023231,1073741823,1073741823,1073741823:j9
1073741823,1073741823,1069547519,1073741823,1065353215,1072693247,804941823,1073119231,1071497215,1073192959,1071644671,1069023231,1073741823,1073741823,1073741823:j9
1073741823,1073741823,1073741823,1069547519,1065353215,1072693247,804941823,1073119231,1071497215,1073192959,1071644671,1069023231,1073741823,1073741823,1073741823:j9
1073741823,1073741823,1006632959,1073741823,1065353215,1072693247,804941823,1073119231,1071497215,1073192959,1071644671,1069023231,1073741823,1073741823,1073741823:j9
1073741823,1073741823,1073741823,1073741823,998244351,1072693247,804941823,1073119231,1071497215,1073192959,1071644671,1069023231,1073741823,1073741823,1073741823:j9
1073741823,1073741823,1073741823,1073676287,1065353215,1072693247,804941823,1073119231,1071497215,1073192959,1071644671,1069023231,1073741823,1073741823,1073741823:j9
1073741823,1073741823,1073741823,1072693247,1065353215,1072693247,804941823,1073119231,1071497215,1073192959,1071644671,1069023231,1073741823,1073741823,1073741823:j9
1073741823,1073741823,1073741823,1056964607,1065353215,1072693247,804941823,1073119231,1071497215,1073192959,1071644671,1069023231,1073741823,1073741823,1073741823:j9
1073741823,1073741823,1073741823,1073741823,1065353215,1055916031,804941823,1073119231,1071497215,1073192959,1071644671,1069023231,1073741823,1073741823,1073741823:j9
1073741823,1073741823,1073741823,1073741823,1065353215,1072693247,804941823,1056342015,1071497215,1073192959,1071644671,1069023231,1073741823,1073741823,1073741823:j9
1073741823,1073741823,1073741823,1073741823,1065353215,1072693247,804941823,1073119231,1071497215,1073192959,1071644671,1069023231,1073741823,1073725439,1073741823:j9
1073741823,1073741823,1073741823,1073741823,1065353215,1072693247,804941823,1073119231,1071497215,1073192959,1071644671,1069023231,1073479679,1073741823,1073741823:j9
1073741823,1073741823,1073741823,1073741823,1065353215,1072693247,804941823,1006010367,1071497215,1073192959,1071644671,1069023231,1073741823,1073741823,1073741823:j9
1073741823,1073741823,1073741823,1073741823,1065353215,1072693247,737832959,1073119231,1071497215,1073192959,1071644671,1069023231,1073741823,1073741823,1073741823:j9
1073741823,1073741823,1073741823,1073741823,1048575999,1072693247,804941823,1073119231,1071497215,1073192959,1071644671,1069023231,1073741823,1073741823,1073741823:j9
1073741823,1073741823,1073741823,1073741823,1065353215,1005584383,804941823,1073119231,1071497215,1073192959,1071644671,1069023231,1073741823,1073741823,1073741823:j9
1073741823,1073741823,1073741823,1073741823,796917759,1072693247,804941823,1073119231,1071497215,1073192959,1071644671,1069023231,1073741823,1073741823,1073741823:j9
1073741823,1073741823,1073741823,1073741823,1065353215,804257791,804941823,1073119231,1071497215,1073192959,1071644671,1069023231,1073741823,1073741823,1073741823:j9
1073741823,1073741823,1073741823,1073741823,1065353215,1072693247,804941823,1073119231,803061759,1073192959,1071644671,1069023231,1073741823,1073741823,1073741823:j9
1073741823,1073741823,1073741823,1073741823,1065353215,1072693247,804941823,804683775,1071497215,1073192959,1071644671,1069023231,1073741823,1073741823,1073741823:j9
1073741823,1073741823,1073741823,1073741823,1065353215,1072693247,804941823,1073119231,1071497215,1073192959,1071644671,1069022975,1073741823,1073741823,1073741823:j9
1073741823,1073741823,1073741823,1073741823,1065353215,1072693247,804941823,1073119231,1071497215,1073192703,1071644671,1069023231,1073741823,1073741823,1073741823:j9
1073741823,1073741823,1073741823,1073741823,1065353215,1072693247,804941823,1073118975,1071497215,1073192959,1071644671,1069023231,1073741823,1073741823,1073741823:j9
1073741823,1073741823,1073741823,1073741823,1065353215,1072693247,804941823,1073119231,1071497215,1073192959,1071644671,1068957695,1073741823,1073741823,1073741823:j9
1073741823,1073741823,1073741823,1073741823,1065353215,1072693247,804941823,1073119231,1071497215,1073192959,1071644671,1069019135,1073741823,1073741823,1073741823:j9
1073741823,1073741823,1073741823,1073741823,1065353215,1072693247,804941823,1073119231,1071497215,1073192959,1071644671,1069023231,1073741823,1073479679,1073741823:j9
1073741823,1073741823,1073741823,1073741823,1065353215,1072693247,804941823,1073119231,1071497215,1006084095,1071644671,1069023231,1073741823,1073741823,1073741823:j9
1073741823,1073741823,1073741823,1073741823,1065353215,1072693247,804941823,1073119231,1071497215,1073192959,1071644671,1001914367,1073741823,1073741823,1073741823:j9
1073741823,1073741823,1073741823,1073741823,1065353215,1072693247,804941823,1073119231,1071497215,1073192959,1071644671,1052246015,1073741823,1073741823,1073741823:j9
1073741823,1073741823,1073741823,1073741823,1065353215,1072693247,804941823,1073119231,1071497215,1073192959,1071644671,1069023231,1073741823,1006632959,1073741823:j9
1073741823,1073741823,1073741823,1073741823,1065353215,1072693247,804941823,1073119231,1071497215,1073192959,1071644671,1069023231,1073741823,1069547519,1073741823:j9
1073741823,1073741823,1073741823,1073741823,1065353215,1072693247,804941823,1073119231,1071497215,1073192959,1071644671,1069023231,1069547519,1073741823,1073741823:j9
1073741823,1073741823,1073741823,1073741823,1065353215,1072693247,804941823,1073119231,1071497215,1073192959,1071644671,1069023231,1073676287,1073741823,1073741823:j9
1073741823,1073741823,1073741823,1073741823,1065353215,1072693247,804941823,1073119231,1071497215,1073192959,1067450367,1069023231,1073741823,1073741823,1073741823:j9
1073741823,1073741823,1073741823,1073741823,1065353215,1072693247,804941823,1073119231,1071497215,1073192959,1071644671,1069023231,1056964607,1073741823,1073741823:j9
1073741823,1073741823,1073741823,1073741823,1065353215,1072693247,804941823,1073119231,1071497215,1073192959,1071644671,1069023231,1072693247,1073741823,1073741823:j9
1073741823,1073741823,1073741823,1073741823,1065353215,1072693247,804941823,1073119231,1071497215,1073192959,1071644671,1067974655,1073741823,1073741823,1073741823:j9
1073741823,1073741823,1073741823,1073741823,1065353215,1072693247,804941823,1073119231,1071497215,1073192959,1071643647,1069023231,1073741823,1073741823,1073741823:j9
1073741823,1073741823,1073741823,1073741823,1065353215,1072693247,804941823,1073119231,1071496191,1073192959,1071644671,1069023231,1073741823,1073741823,1073741823:j9
1073741823,1073741823,1073741823,1073741823,1065352191,1072693247,804941823,1073119231,1071497215,1073192959,1071644671,1069023231,1073741823,1073741823,1073741823:j9
1073741823,1073741823,1073741823,1073741823,1065336831,1072693247,804941823,1073119231,1071497215,1073192959,1071644671,1069023231,1073741823,1073741823,1073741823:j9
1073741823,1073741823,1073741823,1073741823,1065091071,1072693247,804941823,1073119231,1071497215,1073192959,1071644671,1069023231,1073741823,1073741823,1073741823:j9
1073741823,1073741823,1073741823,1073741823,1065353215,1072693247,800747519,1073119231,1071497215,1073192959,1071644671,1069023231,1073741823,1073741823,1073741823:j9
1073741823,1073741823,1073741823,1073741823,1065353215,1072693247,788164607,1073119231,1071497215,1073192959,1071644671,1069023231,1073741823,1073741823,1073741823:j9
1073741823,1073741823,1073741823,1073741823,1065353215,1072693247,804941823,1073119231,1054719999,1073192959,1071644671,1069023231,1073741823,1073741823,1073741823:j11
1073741823,1073741823,1073741823,1073741823,1065353215,1072693247,804941823,1073119231,1067302911,1073192959,1071644671,1069023231,1073741823,1073741823,1073741823:j11
1073741823,1073741823,1073741823,1073741823,1065353215,1072693247,804941823,1073119231,1071497215,1073192959,1054867455,1069023231,1073741823,1073741823,1073741823:j9
1073741823,1073741823,1073741823,1073741823,1065353215,1072693247,804941823,1073119231,1071496959,1073192959,1071644671,1069023231,1073741823,1073741823,1073741823:j9
1073741823,1073741823,1073741823,1073741823,1065353215,1072693247,804941567,1073119231,1071497215,1073192959,1071644671,1069023231,1073741823,1073741823,1073741823:j9
1073741823,1073741823,1073741823,1073741823,1065353215,1072693247,804940799,1073119231,1071497215,1073192959,1071644671,1069023231,1073741823,1073741823,1073741823:j9
1073741823,1073741823,1073741823,1073741823,1065352959,1072693247,804941823,1073119231,1071497215,1073192959,1071644671,1069023231,1073741823,1073741823,1073741823:j9
1073741823,1073741823,1073741823,1073741823,1065353215,1072693247,804941823,1073119231,1071497215,1073192959,1071382527,1069023231,1073741823,1073741823,1073741823:l10
1073741823,1073741823,1073741823,1073741823,1065353215,1072693247,804941823,1073119231,1071497215,1073192959,1071644671,1069022207,1073741823,1073741823,1073741823:j9
1073741823,1073741823,1073741823,1073741823,1065353215,1072693247,804941823,1073119231,1071497215,1073192959,1071644671,1069006847,1073741823,1073741823,1073741823:j9
1073741823,1073741823,1073741823,1073741823,1065353215,1072693247,804941823,1073119231,1071497215,1073192959,1071628287,1069023231,1073741823,1073741823,1073741823:j9
1073741823,1073741823,1073741823,1073741823,1065353215,1072693247,804941823,1073119231,1071497215,1073192959,1071640575,1069023231,1073741823,1073741823,1073741823:j9
1073741823,1073741823,1073741823,1073741823,1065353215,1072693247,804941823,1073119231,1071497215,1073192959,1071579135,1069023231,1073741823,1073741823,1073741823:j9
1073741823,1073741823,1073741823,1073741823,1065353215,1072689151,804941823,1073119231,1071497215,1073192959,1071644671,1069023231,1073741823,1073741823,1073741823:j9
1073741823,1073741823,1073741823,1073741823,1065353215,1072693247,804941823,1073119231,1071497215,1072144383,1071644671,1069023231,1073741823,1073741823,1073741823:j9
1073741823,1073741823,1073741823,1073741823,1065353215,1072693247,804941823,1073119231,1071497215,1073127423,1071644671,1069023231,1073741823,1073741823,1073741823:j9
1073741823,1073741823,1073741823,1073741823,1065353215,1068498943,804941823,1073119231,1071497215,1073192959,1071644671,1069023231,1073741823,1073741823,1073741823:j9
1073741823,1073741823,1073741823,1073741823,1065353215,1072693247,804941823,1068924927,1071497215,1073192959,1071644671,1069023231,1073741823,1073741823,1073741823:j9
1073741823,1073741823,1073741823,1073741823,1065353215,1072693247,804941823,1072070655,1071497215,1073192959,1071644671,1069023231,1073741823,1073741823,1073741823:j9
1073741823,1073741823,1073741823,1073741823,1065353215,1072693247,804941823,1073119231,1071497215,1068998655,1071644671,1069023231,1073741823,1073741823,1073741823:j11
1073741823,1073741823,1073741823,1073741823,1065353215,1072693247,804941823,1073119231,1071235071,1073192959,1071644671,1069023231,1073741823,1073741823,1073741823:k10
1073741823,1073741823,1073741823,1073741823,1065349119,1072693247,804941823,1073119231,1071497215,1073192959,1071644671,1069023231,1073741823,1073741823,1073741823:j9
1073741823,1073741823,1073741823,1073741823,1065287679,1072693247,804941823,1073119231,1071497215,1073192959,1071644671,1069023231,1073741823,1073741823,1073741823:j9
1073741823,1073741823,1073741823,1073741823,1065353215,1072627711,804941823,1073119231,1071497215,1073192959,1071644671,1069023231,1073741823,1073741823,1073741823:j9
1073741823,1073741823,1073741823,1073741823,1064304639,1072693247,804941823,1073119231,1071497215,1073192959,1071644671,1069023231,1073741823,1073741823,1073741823:j9
1073741823,1073741823,1073741823,1073741823,1065353215,1072693247,803893247,1073119231,1071497215,1073192959,1071644671,1069023231,1073741823,1073741823,1073741823:j9
1073741823,1073741823,1073741823,1073741823,1065353215,1072693247,804941823,1073119231,1071497215,1073191935,1071644671,1069023231,1073741823,1073741823,1073741823:j9
1073741823,1073741823,1073741823,1073741823,1065353215,1072693247,804941823,1073119231,1071493119,1073192959,1071644671,1069023231,1073741823,1073741823,1073741823:j9
1073741823,1073741823,1073741823,1073741823,1065353215,1072693247,804941823,1073118207,1071497215,1073192959,1071644671,1069023231,1073741823,1073741823,1073741823:j9
1073741823,1073741823,1073741823,1073741823,1065353215,1072693247,804941823,1073115135,1071497215,1073192959,1071644671,1069023231,1073741823,1073741823,1073741823:j9
1073741823,1073741823,1073741823,1073741823,1065353215,1072692223,804941823,1073119231,1071497215,1073192959,1071644671,1069023231,1073741823,1073741823,1073741823:j9
1073741823,1073741823,1073741823,1073741823,1065353215,1072676863,804941823,1073119231,1071497215,1073192959,1071644671,1069023231,1073741823,1073741823,1073741823:j9
1073741823,1073741823,1073741823,1073741823,1065353215,1072431103,804941823,1073119231,1071497215,1073192959,1071644671,1069023231,1073741823,1073741823,1073741823:j9
1073741823,1073741823,1073741823,1073741823,1073741823,1073741823,804941823,1073119231,1071497215,1072144383,1071644671,1069023231,1073741823,1073741823,1073741823:j9
1073741823,1073741823,1073741823,1073741823,1073741823,1073741823,804941823,1073119231,1071497215,1073127423,1071644671,1069023231,1073741823,1073741823,1073741823:j9
1073741823,1073741823,1073741823,1073741823,1073741823,1069547519,804941823,1073119231,1071497215,1073192959,1071644671,1069023231,1073741823,1073741823,1073741823:j9
1073741823,1073741823,1073741823,1073741823,1073741823,1073741823,804941823,1068924927,1071497215,1073192959,1071644671,1069023231,1073741823,1073741823,1073741823:j9
1073741823,1073741823,1073741823,1073741823,1073741823,1073741823,804941823,1072070655,1071497215,1073192959,1071644671,1069023231,1073741823,1073741823,1073741823:j9
1073741823,1073741823,1073741823,1073741823,1073741823,1073741823,804941823,1073119231,1071497215,1068998655,1071644671,1069023231,1073741823,1073741823,1073741823:j11
1073741823,1073741823,1073741823,1073741823,1073741823,1073741823,804941823,1073119231,1071235071,1073192959,1071644671,1069023231,1073741823,1073741823,1073741823:k10
1073741823,1073741823,1073741823,1073741823,1073737727,1073741823,804941823,1073119231,1071497215,1073192959,1071644671,1069023231,1073741823,1073741823,1073741823:j9
1073741823,1073741823,1073741823,1073741823,1073676287,1073741823,804941823,1073119231,1071497215,1073192959,1071644671,1069023231,1073741823,1073741823,1073741823:j9
1073741823,1073741823,1073741823,1073741823,1073741823,1073676287,804941823,1073119231,1071497215,1073192959,1071644671,1069023231,1073741823,1073741823,1073741823:j9
1073741823,1073741823,1073741823,1073741823,1072693247,1073741823,804941823,1073119231,1071497215,1073192959,1071644671,1069023231,1073741823,1073741823,1073741823:j9
1073741823,1073741823,1073741823,1073741823,1073741823,1073741823,803893247,1073119231,1071497215,1073192959,1071644671,1069023231,1073741823,1073741823,1073741823:j9
1073741823,1073741823,1073741823,1073741823,1073741823,1073741823,804941823,1073119231,1071497215,1073191935,1071644671,1069023231,1073741823,1073741823,1073741823:j9
1073741823,1073741823,1073741823,1073741823,1073741823,1073741823,804941823,1073119231,1071493119,1073192959,1071644671,1069023231,1073741823,1073741823,1073741823:j9
1073741823,1073741823,1073741823,1073741823,1073741823,1073741823,804941823,1073118207,1071497215,1073192959,1071644671,1069023231,1073741823,1073741823,1073741823:j9
1073741823,1073741823,1073741823,1073741823,1073741823,1073741823,804941823,1073115135,1071497215,1073192959,1071644671,1069023231,1073741823,1073741823,1073741823:j9
1073741823,1073741823,1073741823,1073741823,1073741823,1073740799,804941823,1073119231,1071497215,1073192959,1071644671,1069023231,1073741823,1073741823,1073741823:j9
1073741823,1073741823,1073741823,1073741823,1073741823,1073725439,804941823,1073119231,1071497215,1073192959,1071644671,1069023231,1073741823,1073741823,1073741823:j9
1073741823,1073741823,1073741823,1073741823,1073741823,1073479679,804941823,1073119231,1071497215,1073192959,1071644671,1069023231,1073741823,1073741823,1073741823:j9
