1073741823,1073741823,1073741823,1073741823,1073741823,1073733631,1072603135,1073117183,1073348607,1067155455,1073737727,1073741823,1073741823,1073741823,1073741823:g9
1073741823,1073741823,1073741823,1073741823,1056964607,1073733631,1072603135,1073117183,1073340415,1067155455,1073737727,1073741823,1073741823,1073741823,1073741823:g8
1073741823,1073741823,1073741823,1073741823,1073741823,1073733631,1055825919,1073117183,1073340415,1067155455,1073737727,1073741823,1073741823,1073741823,1073741823:g8
1073741823,1073741823,1073741823,1073741823,1073741823,1073733631,1072603135,1073117183,1073340415,1067155455,1073737727,1073676287,1073741823,1073741823,1073741823:g8
1073741823,1073741823,1073741823,1073741823,1073741823,1073733631,1072603135,1056339967,1073340415,1067155455,1073737727,1073741823,1073741823,1073741823,1073741823:g8
1073741823,1073741823,1073741823,1073741823,1073741823,1073733631,1072603135,1073117183,1073340415,1067155455,1073737727,1056964607,1073741823,1073741823,1073741823:g8
1073741823,1073741823,1073741823,1073741823,1073741823,1073733631,1072603135,1073117183,1073340415,1067155455,1073737727,1072693247,1073741823,1073741823,1073741823:g8
1073741823,1073741823,1073741823,1073741823,1073741823,1073733631,1072603135,1006008319,1073340415,1067155455,1073737727,1073741823,1073741823,1073741823,1073741823:g8
1073741823,1073741823,1073741823,1073741823,1073741823,1073733631,1072603135,1073117183,1056563199,1067155455,1073737727,1073741823,1073741823,1073741823,1073741823:g8
1073741823,1073741823,1073741823,1073741823,1073741823,1073733631,1072603135,1073117183,1073340415,1000046591,1073737727,1073741823,1073741823,1073741823,1073741823:g8
1073741823,1073741823,1073741823,1073741823,1073741823,1073733631,1072603135,1073117183,1073340415,1050378239,1073737727,1073741823,1073741823,1073741823,1073741823:g8
1073741823,1073741823,1073741823,1073741823,1073741823,1073733631,1072603135,1073117183,1073340415,1067155455,1073737727,1006632959,1073741823,1073741823,1073741823:g8
1073741823,1073741823,1073741823,1073741823,1073741823,1073733631,1072603135,1073117183,1073340415,1067155455,1056960511,1073741823,1073741823,1073741823,1073741823:g8
1073741823,1073741823,1073741823,1073741823,1073741823,1073733375,1072603135,1073117183,1073340415,1067155455,1073737727,1073741823,1073741823,1073741823,1073741823:g8
1073741823,1073741823,1073741823,1073741567,1073741823,1073733631,1072603135,1073117183,1073340415,1067155455,1073737727,1073741823,1073741823,1073741823,1073741823:g8
1073741823,1073741823,1073741823,1073737727,1073741823,1073733631,1072603135,1073117183,1073340415,1067155455,1073737727,1073741823,1073741823,1073741823,1073741823:g8
1073741823,1073741823,1073741823,1073676287,1073741823,1073733631,1072603135,1073117183,1073340415,1067155455,1073737727,1073741823,1073741823,1073741823,1073741823:g8
1073741823,1073741823,1073741823,1073741823,1073740799,1073733631,1072603135,1073117183,1073340415,1067155455,1073737727,1073741823,1073741823,1073741823,1073741823:g8
1073741823,1073741823,1073741823,1073741823,1073725439,1073733631,1072603135,1073117183,1073340415,1067155455,1073737727,1073741823,1073741823,1073741823,1073741823:g8
1073741823,1073741823,1073741823,1073741823,1073479679,1073733631,1072603135,1073117183,1073340415,1067155455,1073737727,1073741823,1073741823,1073741823,1073741823:g8
1073741823,1073741823,1073741823,1073741823,1073741823,1073733631,1072603135,1073117183,1073340415,1067155391,1073737727,1073741823,1073741823,1073741823,1073741823:g8
1073741823,1073741823,1073741823,1073741823,1073741823,1073733631,1072603135,1073117119,1073340415,1067155455,1073737727,1073741823,1073741823,1073741823,1073741823:g8
1073741823,1073741823,1073741823,1073741823,1073741823,1073733631,1072603135,1073116927,1073340415,1067155455,1073737727,1073741823,1073741823,1073741823,1073741823:g8
1073741823,1073741823,1073741823,1073741823,1073741823,1073733567,1072603135,1073117183,1073340415,1067155455,1073737727,1073741823,1073741823,1073741823,1073741823:g8
1073741823,1073741823,1073741823,1073741823,1073741823,1073733631,1072603135,1073117183,1073339391,1067155455,1073737727,1073741823,1073741823,1073741823,1073741823:g8
1073741823,1073741823,1073741823,1073741823,1073741823,1073733631,1072603135,1073117183,1073340415,1067155455,1073737727,1073741823,1073741567,1073741823,1073741823:g8
1073741823,1073741823,1073741823,1073741823,1073741823,1073733631,1072603135,1073117183,1073340415,1067155455,1073737471,1073741823,1073741823,1073741823,1073741823:g8
1073741823,1073741823,1073741823,1073741823,1073741823,1073733631,1072603135,1073117183,1073340415,1067155455,1073736703,1073741823,1073741823,1073741823,1073741823:g8
1073741823,1073741823,1073741823,1073741823,1073741823,1073733631,1072603135,1073117183,1073340415,1067155455,1073737727,1073741823,1073676287,1073741823,1073741823:g8
1073741823,1073741823,1073741823,1073741823,1073741823,1073733631,1072603135,1073117183,1073340415,1067155455,1073737727,1073741823,1073737727,1073741823,1073741823:g8
1073741823,1073741823,1073741823,1073741823,1073741823,1073733631,1072603135,1073117183,1073340415,1067155455,1073737727,1073737727,1073741823,1073741823,1073741823:g8
1073741823,1073741823,1073741823,1073741823,1073741823,1073733631,1072603135,1073117183,1073340415,1067155455,1073737727,1073740799,1073741823,1073741823,1073741823:g8
1073741823,1073741823,1073741823,1073741823,1073741823,1073733631,1072603135,1073117183,1073340415,1067155455,1073737727,1073725439,1073741823,1073741823,1073741823:g8
1073741823,1073741823,1073741823,1073741823,1073741823,1073733631,1072603135,1073117183,1073340415,1067155455,1073737727,1069547519,1073741823,1073741823,1073741823:g8
1073741823,1073741823,1073741823,1073741823,1073741823,1073733631,1072603135,1073117183,1073340415,1067155455,1073737727,1073479679,1073741823,1073741823,1073741823:g8
1073741823,1073741823,1073741823,1073741823,1073741823,1073733631,1072603135,1073117183,1073340159,1067155455,1073737727,1073741823,1073741823,1073741823,1073741823:g8
1073741823,1073741823,1073741823,1073741823,1073741823,1073733631,1072602879,1073117183,1073340415,1067155455,1073737727,1073741823,1073741823,1073741823,1073741823:g8
1073741823,1073741823,1073741823,1073741823,1073741823,1073733631,1072602111,1073117183,1073340415,1067155455,1073737727,1073741823,1073741823,1073741823,1073741823:g8
1073741823,1073741823,1073741823,1073741823,1073741567,1073733631,1072603135,1073117183,1073340415,1067155455,1073737727,1073741823,1073741823,1073741823,1073741823:g8
1073741823,1073741823,1073741823,1073741823,1073741823,1073733631,1072603135,1073117183,1073340415,1067151359,1073737727,1073741823,1073741823,1073741823,1073741823:f6
1073741823,1073741823,1073741823,1073741823,1073741823,1072685055,1072603135,1073117183,1073340415,1067155455,1073737727,1073741823,1073741823,1073741823,1073741823:g8
1073741823,1073741823,1073741823,1073741823,1073741823,1073733631,1072603135,1073117183,1073340415,1067155455,1072689151,1073741823,1073741823,1073741823,1073741823:g8
1073741823,1073741823,1073741823,1073741823,1073741823,1073733631,1072603135,1073117183,1073340415,1067155455,1073672191,1073741823,1073741823,1073741823,1073741823:g8
1073741823,1073741823,1073741823,1073741823,1073741823,1073733631,1072603135,1073117183,1073340415,1067155455,1073721343,1073741823,1073741823,1073741823,1073741823:g8
1073741823,1073741823,1073741823,1073741823,1073741823,1073733631,1072603135,1073117183,1073340415,1067089919,1073737727,1073741823,1073741823,1073741823,1073741823:g8
1073741823,1073741823,1073741823,1073741823,1073741823,1073733631,1068408831,1073117183,1073340415,1067155455,1073737727,1073741823,1073741823,1073741823,1073741823:j7
1073741823,1073741823,1073741823,1073741823,1069547519,1073733631,1067884543,1073117183,1073340415,1067155455,1073737727,1073741823,1073741823,1073741823,1073741823:g8
1073741823,1073741823,1073741823,1073741823,1006632959,1073733631,1067884543,1073117183,1073340415,1067155455,1073737727,1073741823,1073741823,1073741823,1073741823:g8
1073741823,1073741823,1073741823,1073741823,1073741823,1056956415,1067884543,1073117183,1073340415,1067155455,1073737727,1073741823,1073741823,1073741823,1073741823:g8
1073741823,1073741823,1073741823,1073741823,1073741823,1073733631,1000775679,1073117183,1073340415,1067155455,1073737727,1073741823,1073741823,1073741823,1073741823:g8
1073741823,1073741823,1073741823,1073741823,1073741823,1073733631,1067884543,1073117183,1006231551,1067155455,1073737727,1073741823,1073741823,1073741823,1073741823:g8
1073741823,1073741823,1073741823,1073741823,1056964607,1073733631,1067884543,1073117183,1073340415,1067155455,1073737727,1073741823,1073741823,1073741823,1073741823:g8
1073741823,1073741823,1073741823,1073741823,1073741823,1073733631,1051107327,1073117183,1073340415,1067155455,1073737727,1073741823,1073741823,1073741823,1073741823:g8
1073741823,1073741823,1073741823,1073741823,1073741823,1073733631,1067884543,1073117183,1073340415,1067155455,1073737727,1073676287,1073741823,1073741823,1073741823:g8
1073741823,1073741823,1073741823,1073741823,1073741823,1073733631,1067884543,1056339967,1073340415,1067155455,1073737727,1073741823,1073741823,1073741823,1073741823:g8
1073741823,1073741823,1073741823,1073741823,1073741823,1073733631,1067884543,1073117183,1073340415,1067155455,1073737727,1056964607,1073741823,1073741823,1073741823:g8
1073741823,1073741823,1073741823,1073741823,1073741823,1073733631,1067884543,1073117183,1073340415,1067155455,1073737727,1072693247,1073741823,1073741823,1073741823:g8
1073741823,1073741823,1073741823,1073741823,1073741823,1073733631,1067884543,1006008319,1073340415,1067155455,1073737727,1073741823,1073741823,1073741823,1073741823:g8
1073741823,1073741823,1073741823,1073741823,1073741823,1073733631,1067884543,1073117183,1056563199,1067155455,1073737727,1073741823,1073741823,1073741823,1073741823:g8
1073741823,1073741823,1073741823,1073741823,1073741823,1073733631,1067884543,1073117183,1073340415,1000046591,1073737727,1073741823,1073741823,1073741823,1073741823:g8
1073741823,1073741823,1073741823,1073741823,1073741823,1073733631,1067884543,1073117183,1073340415,1050378239,1073737727,1073741823,1073741823,1073741823,1073741823:g8
1073741823,1073741823,1073741823,1073741823,1073741823,1073733631,1067884543,1073117183,1073340415,1067155455,1073737727,1006632959,1073741823,1073741823,1073741823:g8
1073741823,1073741823,1073741823,1073741823,1073741823,1073733631,1067884543,1073117183,1073340415,1067155455,1056960511,1073741823,1073741823,1073741823,1073741823:g8
1073741823,1073741823,1073741823,1073741823,1073741823,1073733375,1067884543,1073117183,1073340415,1067155455,1073737727,1073741823,1073741823,1073741823,1073741823:g8
1073741823,1073741823,1073741823,1073741567,1073741823,1073733631,1067884543,1073117183,1073340415,1067155455,1073737727,1073741823,1073741823,1073741823,1073741823:g8
1073741823,1073741823,1073741823,1073737727,1073741823,1073733631,1067884543,1073117183,1073340415,1067155455,1073737727,1073741823,1073741823,1073741823,1073741823:g8
1073741823,1073741823,1073741823,1073676287,1073741823,1073733631,1067884543,1073117183,1073340415,1067155455,1073737727,1073741823,1073741823,1073741823,1073741823:g8
1073741823,1073741823,1073741823,1073741823,1073740799,1073733631,1067884543,1073117183,1073340415,1067155455,1073737727,1073741823,1073741823,1073741823,1073741823:g8
1073741823,1073741823,1073741823,1073741823,1073725439,1073733631,1067884543,1073117183,1073340415,1067155455,1073737727,1073741823,1073741823,1073741823,1073741823:g8
1073741823,1073741823,1073741823,1073741823,1073479679,1073733631,1067884543,1073117183,1073340415,1067155455,1073737727,1073741823,1073741823,1073741823,1073741823:g8
1073741823,1073741823,1073741823,1073741823,1073741823,1073733631,1067884543,1073117183,1073340415,1067155391,1073737727,1073741823,1073741823,1073741823,1073741823:g8
1073741823,1073741823,1073741823,1073741823,1073741823,1073733631,1067884543,1073117119,1073340415,1067155455,1073737727,1073741823,1073741823,1073741823,1073741823:g8
1073741823,1073741823,1073741823,1073741823,1073741823,1073733631,1067884543,1073116927,1073340415,1067155455,1073737727,1073741823,1073741823,1073741823,1073741823:g8
1073741823,1073741823,1073741823,1073741823,1073741823,1073733567,1067884543,1073117183,1073340415,1067155455,1073737727,1073741823,1073741823,1073741823,1073741823:g8
1073741823,1073741823,1073741823,1073741823,1073741823,1073733631,1067884543,1073117183,1073339391,1067155455,1073737727,1073741823,1073741823,1073741823,1073741823:g8
1073741823,1073741823,1073741823,1073741823,1073741823,1073733631,1067884543,1073117183,1073340415,1067155455,1073737727,1073741823,1073741567,1073741823,1073741823:g8
1073741823,1073741823,1073741823,1073741823,1073741823,1073733631,1067884543,1073117183,1073340415,1067155455,1073737471,1073741823,1073741823,1073741823,1073741823:g8
1073741823,1073741823,1073741823,1073741823,1073741823,1073733631,1067884543,1073117183,1073340415,1067155455,1073736703,1073741823,1073741823,1073741823,1073741823:g8
1073741823,1073741823,1073741823,1073741823,1073741823,1073733631,1067884543,1073117183,1073340415,1067155455,1073737727,1073741823,1073676287,1073741823,1073741823:g8
1073741823,1073741823,1073741823,1073741823,1073741823,1073733631,1067884543,1073117183,1073340415,1067155455,1073737727,1073741823,1073737727,1073741823,1073741823:g8
1073741823,1073741823,1073741823,1073741823,1073741823,1073733631,1067884543,1073117183,1073340415,1067155455,1073737727,1073737727,1073741823,1073741823,1073741823:g8
1073741823,1073741823,1073741823,1073741823,1073741823,1073733631,1067884543,1073117183,1073340415,1067155455,1073737727,1073740799,1073741823,1073741823,1073741823:g8
1073741823,1073741823,1073741823,1073741823,1073741823,1073733631,1067884543,1073117183,1073340415,1067155455,1073737727,1073725439,1073741823,1073741823,1073741823:g8
1073741823,1073741823,1073741823,1073741823,1073741823,1073733631,1067884543,1073117183,1073340415,1067155455,1073737727,1069547519,1073741823,1073741823,1073741823:g8
1073741823,1073741823,1073741823,1073741823,1073741823,1073733631,1067884543,1073117183,1073340415,1067155455,1073737727,1073479679,1073741823,1073741823,1073741823:g8
1073741823,1073741823,1073741823,1073741823,1073741823,1073733631,1067884543,1073117183,1073340159,1067155455,1073737727,1073741823,1073741823,1073741823,1073741823:g8
1073741823,1073741823,1073741823,1073741823,1073741823,1073733631,1067884287,1073117183,1073340415,1067155455,1073737727,1073741823,1073741823,1073741823,1073741823:g8
1073741823,1073741823,1073741823,1073741823,1073741823,1073733631,1067883519,1073117183,1073340415,1067155455,1073737727,1073741823,1073741823,1073741823,1073741823:g8
1073741823,1073741823,1073741823,1073741823,1073741567,1073733631,1067884543,1073117183,1073340415,1067155455,1073737727,1073741823,1073741823,1073741823,1073741823:g8
1073741823,1073741823,1073741823,1073741823,1073741823,1073733631,1067884543,1073117183,1073340415,1067151359,1073737727,1073741823,1073741823,1073741823,1073741823:g4
1073741823,1073741823,1073741823,1073741823,1073741823,1072685055,1067884543,1073117183,1073340415,1067155455,1073737727,1073741823,1073741823,1073741823,1073741823:g8
1073741823,1073741823,1073741823,1073741823,1073741823,1073733631,1067884543,1073117183,1073340415,1067155455,1072689151,1073741823,1073741823,1073741823,1073741823:g8
1073741823,1073741823,1073741823,1073741823,1073741823,1073733631,1067884543,1073117183,1073340415,1067155455,1073672191,1073741823,1073741823,1073741823,1073741823:g8
1073741823,1073741823,1073741823,1073741823,1073741823,1073733631,1067884543,1073117183,1073340415,1067155455,1073721343,1073741823,1073741823,1073741823,1073741823:g8
1073741823,1073741823,1073741823,1073741823,1073741823,1073733631,1067884543,1073117183,1073340415,1067089919,1073737727,1073741823,1073741823,1073741823,1073741823:g8
1073741823,1073741823,1073741823,1073741823,1073741823,1073733631,1067884543,1073117183,1069146111,1067155455,1073737727,1073741823,1073741823,1073741823,1073741823:g8
1073741823,1073741823,1073741823,1073741823,1073741823,1073733631,1067884543,1073117183,1073340415,1067155455,1069543423,1073741823,1073741823,1073741823,1073741823:g8
1073741823,1073741823,1073741823,1073741823,1073741823,1073733631,1067884543,1073117183,1073340415,1067155455,1073475583,1073741823,1073741823,1073741823,1073741823:g8
1073741823,1073741823,1073741823,1073741823,1073741823,1069539327,1067884543,1073117183,1073340415,1067155455,1073737727,1073741823,1073741823,1073741823,1073741823:g8
1073741823,1073741823,1073741823,1073741823,1073741823,1073733631,1067884543,1068922879,1073340415,1067155455,1073737727,1073741823,1073741823,1073741823,1073741823:g8
1073741823,1073741823,1073741823,1073741823,1073741823,1073733631,1067884543,1072068607,1073340415,1067155455,1073737727,1073741823,1073741823,1073741823,1073741823:g8
1073741823,1073741823,1073741823,1073741823,1073737727,1073733631,1067884543,1073117183,1073340415,1067155455,1073737727,1073741823,1073741823,1073741823,1073741823:g8
1073741823,1073741823,1073741823,1073741823,1073676287,1073733631,1067884543,1073117183,1073340415,1067155455,1073737727,1073741823,1073741823,1073741823,1073741823:g8
1073741823,1073741823,1073741823,1073741823,1073741823,1073668095,1067884543,1073117183,1073340415,1067155455,1073737727,1073741823,1073741823,1073741823,1073741823:g8
1073741823,1073741823,1073741823,1073741823,1072693247,1073733631,1067884543,1073117183,1073340415,1067155455,1073737727,1073741823,1073741823,1073741823,1073741823:g8
1073741823,1073741823,1073741823,1073741823,1073741823,1073733631,1067884543,1073117183,1072291839,1067155455,1073737727,1073741823,1073741823,1073741823,1073741823:g8
1073741823,1073741823,1073741823,1073741823,1073741823,1073733631,1067884543,1073117183,1073340415,1067154431,1073737727,1073741823,1073741823,1073741823,1073741823:g8
1073741823,1073741823,1073741823,1073741823,1073741823,1073733631,1067884543,1073113087,1073340415,1067155455,1073737727,1073741823,1073741823,1073741823,1073741823:f6
1073741823,1073741823,1073741823,1073741823,1073741823,1073732607,1067884543,1073117183,1073340415,1067155455,1073737727,1073741823,1073741823,1073741823,1073741823:g8
1073741823,1073741823,1073741823,1073741823,1073741823,1073717247,1067884543,1073117183,1073340415,1067155455,1073737727,1073741823,1073741823,1073741823,1073741823:g8
1073741823,1073741823,1073741823,1073741823,1073741823,1073471487,1067884543,1073117183,1073340415,1067155455,1073737727,1073741823,1073741823,1073741823,1073741823:g8
1073741823,1073741823,1073741823,1073741823,1073741823,1073733631,1067884543,1073117183,1073324031,1067155455,1073737727,1073741823,1073741823,1073741823,1073741823:g8
1073741823,1073741823,1073741823,1073741823,1073741823,1073733631,1072603135,1073117183,1069146111,1067155455,1073737727,1073741823,1073741823,1073741823,1073741823:g8
1073741823,1073741823,1073741823,1073741823,1073741823,1073733631,1072603135,1073117183,1073340415,1067155455,1069543423,1073741823,1073741823,1073741823,1073741823:g8
1073741823,1073741823,1073741823,1073741823,1073741823,1073733631,1072603135,1073117183,1073340415,1067155455,1073475583,1073741823,1073741823,1073741823,1073741823:g8
1073741823,1073741823,1073741823,1073741823,1073741823,1069539327,1072603135,1073117183,1073340415,1067155455,1073737727,1073741823,1073741823,1073741823,1073741823:g8
1073741823,1073741823,1073741823,1073741823,1073741823,1073733631,1072603135,1068922879,1073340415,1067155455,1073737727,1073741823,1073741823,1073741823,1073741823:g8
1073741823,1073741823,1073741823,1073741823,1073741823,1073733631,1072603135,1072068607,1073340415,1067155455,1073737727,1073741823,1073741823,1073741823,1073741823:g8
1073741823,1073741823,1073741823,1073741823,1073737727,1073733631,1072603135,1073117183,1073340415,1067155455,1073737727,1073741823,1073741823,1073741823,1073741823:f6
1073741823,1073741823,1073741823,1073741823,1073676287,1073733631,1072603135,1073117183,1073340415,1067155455,1073737727,1073741823,1073741823,1073741823,1073741823:g8
1073741823,1073741823,1073741823,1073741823,1073741823,1073668095,1072603135,1073117183,1073340415,1067155455,1073737727,1073741823,1073741823,1073741823,1073741823:g8
1073741823,1073741823,1073741823,1073741823,1072693247,1073733631,1072603135,1073117183,1073340415,1067155455,1073737727,1073741823,1073741823,1073741823,1073741823:g8
1073741823,1073741823,1073741823,1073741823,1073741823,1073733631,1072340991,1073117183,1073340415,1067155455,1073737727,1073741823,1073741823,1073741823,1073741823:l7
1073741823,1073741823,1073741823,1073741823,1006632959,1073733631,1063952383,1073117183,1073340415,1067155455,1073737727,1073741823,1073741823,1073741823,1073741823:g8
1073741823,1073741823,1073741823,1073741823,1073741823,1056956415,1063952383,1073117183,1073340415,1067155455,1073737727,1073741823,1073741823,1073741823,1073741823:g8
1073741823,1073741823,1073741823,1073741823,1073741823,1073733631,996843519,1073117183,1073340415,1067155455,1073737727,1073741823,1073741823,1073741823,1073741823:g8
1073741823,1073741823,1073741823,1073741823,1073741823,1073733631,1063952383,1073117183,1006231551,1067155455,1073737727,1073741823,1073741823,1073741823,1073741823:g8
1073741823,1073741823,1073741823,1073741823,1069547519,1073733631,1063952383,1073117183,1073340415,1067155455,1073737727,1073741823,1073741823,1073741823,1073741823:g8
1073741823,1073741823,1073741823,1073741823,1056964607,1073733631,1063952383,1073117183,1073340415,1067155455,1073737727,1073741823,1073741823,1073741823,1073741823:g8
1073741823,1073741823,1073741823,1073741823,1073741823,1073733631,1047175167,1073117183,1073340415,1067155455,1073737727,1073741823,1073741823,1073741823,1073741823:g8
1073741823,1073741823,1073741823,1073741823,1073741823,1073733631,1063952383,1073117183,1073340415,1067155455,1073737727,1073676287,1073741823,1073741823,1073741823:g8
1073741823,1073741823,1073741823,1073741823,1073741823,1073733631,1063952383,1056339967,1073340415,1067155455,1073737727,1073741823,1073741823,1073741823,1073741823:g8
1073741823,1073741823,1073741823,1073741823,1073741823,1073733631,1063952383,1073117183,1073340415,1067155455,1073737727,1056964607,1073741823,1073741823,1073741823:g8
1073741823,1073741823,1073741823,1073741823,1073741823,1073733631,1063952383,1073117183,1073340415,1067155455,1073737727,1072693247,1073741823,1073741823,1073741823:g8
1073741823,1073741823,1073741823,1073741823,1073741823,1073733631,1063952383,1006008319,1073340415,1067155455,1073737727,1073741823,1073741823,1073741823,1073741823:g8
1073741823,1073741823,1073741823,1073741823,1073741823,1073733631,1063952383,1073117183,1056563199,1067155455,1073737727,1073741823,1073741823,1073741823,1073741823:g8
1073741823,1073741823,1073741823,1073741823,1073741823,1073733631,1063952383,1073117183,1073340415,1000046591,1073737727,1073741823,1073741823,1073741823,1073741823:g8
1073741823,1073741823,1073741823,1073741823,1073741823,1073733631,1063952383,1073117183,1073340415,1050378239,1073737727,1073741823,1073741823,1073741823,1073741823:g8
1073741823,1073741823,1073741823,1073741823,1073741823,1073733631,1063952383,1073117183,1073340415,1067155455,1073737727,1006632959,1073741823,1073741823,1073741823:g8
1073741823,1073741823,1073741823,1073741823,1073741823,1073733631,1063952383,1073117183,1073340415,1067155455,1056960511,1073741823,1073741823,1073741823,1073741823:g8
1073741823,1073741823,1073741823,1073741823,1073741823,1073733375,1063952383,1073117183,1073340415,1067155455,1073737727,1073741823,1073741823,1073741823,1073741823:g8
1073741823,1073741823,1073741823,1073741567,1073741823,1073733631,1063952383,1073117183,1073340415,1067155455,1073737727,1073741823,1073741823,1073741823,1073741823:g8
1073741823,1073741823,1073741823,1073737727,1073741823,1073733631,1063952383,1073117183,1073340415,1067155455,1073737727,1073741823,1073741823,1073741823,1073741823:g8
1073741823,1073741823,1073741823,1073676287,1073741823,1073733631,1063952383,1073117183,1073340415,1067155455,1073737727,1073741823,1073741823,1073741823,1073741823:g8
1073741823,1073741823,1073741823,1073741823,1073740799,1073733631,1063952383,1073117183,1073340415,1067155455,1073737727,1073741823,1073741823,1073741823,1073741823:g8
1073741823,1073741823,1073741823,1073741823,1073725439,1073733631,1063952383,1073117183,1073340415,1067155455,1073737727,1073741823,1073741823,1073741823,1073741823:g8
1073741823,1073741823,1073741823,1073741823,1073479679,1073733631,1063952383,1073117183,1073340415,1067155455,1073737727,1073741823,1073741823,1073741823,1073741823:g8
1073741823,1073741823,1073741823,1073741823,1073741823,1073733631,1063952383,1073117183,1073340415,1067155391,1073737727,1073741823,1073741823,1073741823,1073741823:g8
1073741823,1073741823,1073741823,1073741823,1073741823,1073733631,1063952383,1073117119,1073340415,1067155455,1073737727,1073741823,1073741823,1073741823,1073741823:g8
1073741823,1073741823,1073741823,1073741823,1073741823,1073733631,1063952383,1073116927,1073340415,1067155455,1073737727,1073741823,1073741823,1073741823,1073741823:g8
1073741823,1073741823,1073741823,1073741823,1073741823,1073733567,1063952383,1073117183,1073340415,1067155455,1073737727,1073741823,1073741823,1073741823,1073741823:g8
1073741823,1073741823,1073741823,1073741823,1073741823,1073733631,1063952383,1073117183,1073339391,1067155455,1073737727,1073741823,1073741823,1073741823,1073741823:g8
1073741823,1073741823,1073741823,1073741823,1073741823,1073733631,1063952383,1073117183,1073340415,1067155455,1073737727,1073741823,1073741567,1073741823,1073741823:g8
1073741823,1073741823,1073741823,1073741823,1073741823,1073733631,1063952383,1073117183,1073340415,1067155455,1073737471,1073741823,1073741823,1073741823,1073741823:g8
1073741823,1073741823,1073741823,1073741823,1073741823,1073733631,1063952383,1073117183,1073340415,1067155455,1073736703,1073741823,1073741823,1073741823,1073741823:g8
1073741823,1073741823,1073741823,1073741823,1073741823,1073733631,1063952383,1073117183,1073340415,1067155455,1073737727,1073741823,1073676287,1073741823,1073741823:g8
1073741823,1073741823,1073741823,1073741823,1073741823,1073733631,1063952383,1073117183,1073340415,1067155455,1073737727,1073741823,1073737727,1073741823,1073741823:g8
1073741823,1073741823,1073741823,1073741823,1073741823,1073733631,1063952383,1073117183,1073340415,1067155455,1073737727,1073737727,1073741823,1073741823,1073741823:g8
1073741823,1073741823,1073741823,1073741823,1073741823,1073733631,1063952383,1073117183,1073340415,1067155455,1073737727,1073740799,1073741823,1073741823,1073741823:g8
1073741823,1073741823,1073741823,1073741823,1073741823,1073733631,1063952383,1073117183,1073340415,1067155455,1073737727,1073725439,1073741823,1073741823,1073741823:g8
1073741823,1073741823,1073741823,1073741823,1073741823,1073733631,1063952383,1073117183,1073340415,1067155455,1073737727,1069547519,1073741823,1073741823,1073741823:g8
1073741823,1073741823,1073741823,1073741823,1073741823,1073733631,1063952383,1073117183,1073340415,1067155455,1073737727,1073479679,1073741823,1073741823,1073741823:g8
1073741823,1073741823,1073741823,1073741823,1073741823,1073733631,1063952383,1073117183,1073340159,1067155455,1073737727,1073741823,1073741823,1073741823,1073741823:g8
1073741823,1073741823,1073741823,1073741823,1073741823,1073733631,1063952127,1073117183,1073340415,1067155455,1073737727,1073741823,1073741823,1073741823,1073741823:g8
1073741823,1073741823,1073741823,1073741823,1073741823,1073733631,1063951359,1073117183,1073340415,1067155455,1073737727,1073741823,1073741823,1073741823,1073741823:g8
1073741823,1073741823,1073741823,1073741823,1073741567,1073733631,1063952383,1073117183,1073340415,1067155455,1073737727,1073741823,1073741823,1073741823,1073741823:g8
1073741823,1073741823,1073741823,1073741823,1073741823,1073733631,1063952383,1073117183,1073340415,1067151359,1073737727,1073741823,1073741823,1073741823,1073741823:f6
1073741823,1073741823,1073741823,1073741823,1073741823,1072685055,1063952383,1073117183,1073340415,1067155455,1073737727,1073741823,1073741823,1073741823,1073741823:g8
1073741823,1073741823,1073741823,1073741823,1073741823,1073733631,1063952383,1073117183,1073340415,1067155455,1072689151,1073741823,1073741823,1073741823,1073741823:g8
1073741823,1073741823,1073741823,1073741823,1073741823,1073733631,1063952383,1073117183,1073340415,1067155455,1073672191,1073741823,1073741823,1073741823,1073741823:g8
1073741823,1073741823,1073741823,1073741823,1073741823,1073733631,1063952383,1073117183,1073340415,1067155455,1073721343,1073741823,1073741823,1073741823,1073741823:g8
1073741823,1073741823,1073741823,1073741823,1073741823,1073733631,1063952383,1073117183,1073340415,1067089919,1073737727,1073741823,1073741823,1073741823,1073741823:g8
1073741823,1073741823,1073741823,1073741823,1073741823,1073733631,1063952383,1073117183,1069146111,1067155455,1073737727,1073741823,1073741823,1073741823,1073741823:g8
1073741823,1073741823,1073741823,1073741823,1073741823,1073733631,1063952383,1073117183,1073340415,1067155455,1069543423,1073741823,1073741823,1073741823,1073741823:g8
1073741823,1073741823,1073741823,1073741823,1073741823,1073733631,1063952383,1073117183,1073340415,1067155455,1073475583,1073741823,1073741823,1073741823,1073741823:g8
1073741823,1073741823,1073741823,1073741823,1073741823,1069539327,1063952383,1073117183,1073340415,1067155455,1073737727,1073741823,1073741823,1073741823,1073741823:g8
1073741823,1073741823,1073741823,1073741823,1073741823,1073733631,1063952383,1068922879,1073340415,1067155455,1073737727,1073741823,1073741823,1073741823,1073741823:g8
1073741823,1073741823,1073741823,1073741823,1073741823,1073733631,1063952383,1072068607,1073340415,1067155455,1073737727,1073741823,1073741823,1073741823,1073741823:g8
1073741823,1073741823,1073741823,1073741823,1073737727,1073733631,1063952383,1073117183,1073340415,1067155455,1073737727,1073741823,1073741823,1073741823,1073741823:g10
1073741823,1073741823,1073741823,1073741823,1073676287,1073733631,1063952383,1073117183,1073340415,1067155455,1073737727,1073741823,1073741823,1073741823,1073741823:g8
1073741823,1073741823,1073741823,1073741823,1073741823,1073668095,1063952383,1073117183,1073340415,1067155455,1073737727,1073741823,1073741823,1073741823,1073741823:g8
1073741823,1073741823,1073741823,1073741823,1072693247,1073733631,1063952383,1073117183,1073340415,1067155455,1073737727,1073741823,1073741823,1073741823,1073741823:g8
1073741823,1073741823,1073741823,1073741823,1073741823,1073733631,1063952383,1073117183,1072291839,1067155455,1073737727,1073741823,1073741823,1073741823,1073741823:g8
1073741823,1073741823,1073741823,1073741823,1073741823,1073733631,1063952383,1073117183,1073340415,1067154431,1073737727,1073741823,1073741823,1073741823,1073741823:g8
1073741823,1073741823,1073741823,1073741823,1073741823,1073733631,1063952383,1073113087,1073340415,1067155455,1073737727,1073741823,1073741823,1073741823,1073741823:f6
1073741823,1073741823,1073741823,1073741823,1073741823,1073732607,1063952383,1073117183,1073340415,1067155455,1073737727,1073741823,1073741823,1073741823,1073741823:g8
1073741823,1073741823,1073741823,1073741823,1073741823,1073717247,1063952383,1073117183,1073340415,1067155455,1073737727,1073741823,1073741823,1073741823,1073741823:g8
1073741823,1073741823,1073741823,1073741823,1073741823,1073471487,1063952383,1073117183,1073340415,1067155455,1073737727,1073741823,1073741823,1073741823,1073741823:g8
1073741823,1073741823,1073741823,1073741823,1073741823,1073733631,1063952383,1073117183,1073324031,1067155455,1073737727,1073741823,1073741823,1073741823,1073741823:g8
1073741823,1073741823,1073741823,1073741823,1073741823,1073733631,1072603135,1073117183,1072291839,1067155455,1073737727,1073741823,1073741823,1073741823,1073741823:g8
1073741823,1073741823,1073741823,1073741823,1073741823,1073733631,1072603135,1073117183,1073340415,1067154431,1073737727,1073741823,1073741823,1073741823,1073741823:g8
1073741823,1073741823,1073741823,1073741823,1073741823,1073733631,1072603135,1073113087,1073340415,1067155455,1073737727,1073741823,1073741823,1073741823,1073741823:f6
1073741823,1073741823,1073741823,1073741823,1073741823,1073732607,1072603135,1073117183,1073340415,1067155455,1073737727,1073741823,1073741823,1073741823,1073741823:g8
1073741823,1073741823,1073741823,1073741823,1073741823,1073717247,1072603135,1073117183,1073340415,1067155455,1073737727,1073741823,1073741823,1073741823,1073741823:g8
1073741823,1073741823,1073741823,1073741823,1073741823,1073471487,1072603135,1073117183,1073340415,1067155455,1073737727,1073741823,1073741823,1073741823,1073741823:g8
1073741823,1073741823,1073741823,1073741823,1073741823,1073733631,1072603135,1073117183,1073324031,1067155455,1073737727,1073741823,1073741823,1073741823,1073741823:g8
