1073741823,1073741823,1073741823,1073741823,1073725439,1073324031,1071038463,1062633471,1069547519,1073479679,1073741823,1073741823,1073741823,1073741823,1073741823:k5
1073741823,1073741823,1073676287,1073741823,1071628287,1073324031,1071038463,1062633471,1069547519,1073479679,1073741823,1073741823,1073741823,1073741823,1073741823:k6
1073741823,1073741823,1072693247,1073741823,1071628287,1073324031,1071038463,1062633471,1069547519,1073479679,1073741823,1073741823,1073741823,1073741823,1073741823:k6
1073741823,1073741823,1056964607,1073741823,1071628287,1073324031,1071038463,1062633471,1069547519,1073479679,1073741823,1073741823,1073741823,1073741823,1073741823:k6
1073741823,1073741823,1073741823,1069547519,1071628287,1073324031,1071038463,1062633471,1069547519,1073479679,1073741823,1073741823,1073741823,1073741823,1073741823:k6
1073741823,1073741823,1073741823,1073741823,1054851071,1073324031,1071038463,1062633471,1069547519,1073479679,1073741823,1073741823,1073741823,1073741823,1073741823:k6
1073741823,1073741823,1073741823,1073741823,1071628287,1073324031,1003929599,1062633471,1069547519,1073479679,1073741823,1073741823,1073741823,1073741823,1073741823:k6
1073741823,1073741823,1073741823,1073741823,1071628287,1073324031,1071038463,1062633471,1002438655,1073479679,1073741823,1073741823,1073741823,1073741823,1073741823:k6
1073741823,1073741823,1073741823,1073741823,1071628287,1073324031,1071038463,1062633471,1069547519,1073479679,1006632959,1073741823,1073741823,1073741823,1073741823:k6
1073741823,1073741823,1073741823,1073741823,1071628287,1073324031,1071038463,1062633471,1069547519,1073479679,1069547519,1073741823,1073741823,1073741823,1073741823:k6
1073741823,1073741823,1073741823,1073741823,1071628287,1006215167,1071038463,1062633471,1069547519,1073479679,1073741823,1073741823,1073741823,1073741823,1073741823:k6
1073741823,1073741823,1073741823,1073741823,1071628287,1073324031,1054261247,1062633471,1069547519,1073479679,1073741823,1073741823,1073741823,1073741823,1073741823:k6
1073741823,1073741823,1073741823,1073741823,1071628287,1073324031,1071038463,995524607,1069547519,1073479679,1073741823,1073741823,1073741823,1073741823,1073741823:k6
1073741823,1073741823,1073741823,1073741823,1071628287,1073324031,1071038463,1062633471,1069547519,1006370815,1073741823,1073741823,1073741823,1073741823,1073741823:k6
1073741823,1073741823,1073741823,1073741823,1071628287,1073324031,1071038463,1062633471,1052770303,1073479679,1073741823,1073741823,1073741823,1073741823,1073741823:k6
1073741823,1073741823,1073740799,1073741823,1071628287,1073324031,1071038463,1062633471,1069547519,1073479679,1073741823,1073741823,1073741823,1073741823,1073741823:k6
1073741823,1073741823,1073725439,1073741823,1071628287,1073324031,1071038463,1062633471,1069547519,1073479679,1073741823,1073741823,1073741823,1073741823,1073741823:h4
1073741823,1073740799,1073725439,1073709055,1071628287,1073324031,1071038463,1062633471,1069547519,1073479679,1073741823,1073741823,1073741823,1073741823,1073741823:k6
1073741823,1073479679,1073725439,1073709055,1071628287,1073324031,1071038463,1062633471,1069547519,1073479679,1073741823,1073741823,1073741823,1073741823,1073741823:k6
1073741823,1073741823,1073721343,1073709055,1071628287,1073324031,1071038463,1062633471,1069547519,1073479679,1073741823,1073741823,1073741823,1073741823,1073741823:k6
1073740799,1073741823,1073725439,1073709055,1071628287,1073324031,1071038463,1062633471,1069547519,1073479679,1073741823,1073741823,1073741823,1073741823,1073741823:k6
1073741823,1073737727,1073725439,1073709055,1071628287,1073324031,1071038463,1062633471,1069547519,1073479679,1073741823,1073741823,1073741823,1073741823,1073741823:k6
1073725439,1073741823,1073725439,1073709055,1071628287,1073324031,1071038463,1062633471,1069547519,1073479679,1073741823,1073741823,1073741823,1073741823,1073741823:k6
1073741823,1073725439,1073725439,1073709055,1071628287,1073324031,1071038463,1062633471,1069547519,1073479679,1073741823,1073741823,1073741823,1073741823,1073741823:k6
1073479679,1073741823,1073725439,1073709055,1071628287,1073324031,1071038463,1062633471,1069547519,1073479679,1073741823,1073741823,1073741823,1073741823,1073741823:k6
1073741823,1073676287,1073725439,1073709055,1071628287,1073324031,1071038463,1062633471,1069547519,1073479679,1073741823,1073741823,1073741823,1073741823,1073741823:k6
1073741823,1073741823,1073659903,1073709055,1071628287,1073324031,1071038463,1062633471,1069547519,1073479679,1073741823,1073741823,1073741823,1073741823,1073741823:k6
1073741823,1073741823,1072676863,1073709055,1071628287,1073324031,1071038463,1062633471,1069547519,1073479679,1073741823,1073741823,1073741823,1073741823,1073741823:k6
1073741823,1073741823,1056948223,1073709055,1071628287,1073324031,1071038463,1062633471,1069547519,1073479679,1073741823,1073741823,1073741823,1073741823,1073741823:k6
1073741823,1073741823,1073725439,1069514751,1071628287,1073324031,1071038463,1062633471,1069547519,1073479679,1073741823,1073741823,1073741823,1073741823,1073741823:k6
1073741823,1073741823,1073725439,1073709055,1054851071,1073324031,1071038463,1062633471,1069547519,1073479679,1073741823,1073741823,1073741823,1073741823,1073741823:k6
1073741823,1073741823,1073725439,1073709055,1071628287,1073324031,1003929599,1062633471,1069547519,1073479679,1073741823,1073741823,1073741823,1073741823,1073741823:k6
1073741823,1073741823,1073725439,1073709055,1071628287,1073324031,1071038463,1062633471,1002438655,1073479679,1073741823,1073741823,1073741823,1073741823,1073741823:k6
1073741823,1073741823,1073725439,1073709055,1071628287,1073324031,1071038463,1062633471,1069547519,1073479679,1006632959,1073741823,1073741823,1073741823,1073741823:k6
1073741823,1073741823,1073725439,1073709055,1071628287,1073324031,1071038463,1062633471,1069547519,1073479679,1069547519,1073741823,1073741823,1073741823,1073741823:k6
1073741823,1073741823,1073725439,1073709055,1071628287,1006215167,1071038463,1062633471,1069547519,1073479679,1073741823,1073741823,1073741823,1073741823,1073741823:k6
1073741823,1073741823,1073725439,1073709055,1071628287,1073324031,1054261247,1062633471,1069547519,1073479679,1073741823,1073741823,1073741823,1073741823,1073741823:k6
1073741823,1073741823,1073725439,1073709055,1071628287,1073324031,1071038463,995524607,1069547519,1073479679,1073741823,1073741823,1073741823,1073741823,1073741823:k6
1073741823,1073741823,1073725439,1073709055,1071628287,1073324031,1071038463,1062633471,1069547519,1006370815,1073741823,1073741823,1073741823,1073741823,1073741823:k6
1073741823,1073741823,1073725439,1073709055,1071628287,1073324031,1071038463,1062633471,1052770303,1073479679,1073741823,1073741823,1073741823,1073741823,1073741823:k6
1073741823,1073741823,1073724415,1073709055,1071628287,1073324031,1071038463,1062633471,1069547519,1073479679,1073741823,1073741823,1073741823,1073741823,1073741823:k6
1073741823,1073741823,1073463295,1073709055,1071628287,1073324031,1071038463,1062633471,1069547519,1073479679,1073741823,1073741823,1073741823,1073741823,1073741823:k6
1073741823,1073741823,1073725439,1073709055,1067433983,1073324031,1071038463,1062633471,1069547519,1073479679,1073741823,1073741823,1073741823,1073741823,1073741823:k6
1073741823,1073741823,1073725439,1073709055,1071628287,1073324031,1071038463,1062633471,1069547519,1073475583,1073741823,1073741823,1073741823,1073741823,1073741823:k6
1073741823,1073741823,1073725439,1073709055,1071628287,1056546815,1071038463,1062633471,1069547519,1073479679,1073741823,1073741823,1073741823,1073741823,1073741823:k6
1073741823,1073741823,1073725439,1073709055,1071628287,1073324031,1066844159,1062633471,1069547519,1073479679,1073741823,1073741823,1073741823,1073741823,1073741823:k6
1073741823,1073741823,1073725439,1073709055,1071628287,1073324031,1071038463,1045856255,1069547519,1073479679,1073741823,1073741823,1073741823,1073741823,1073741823:k6
1073741823,1073741823,1073725439,1073709055,1071628287,1073324031,1071038463,1062633471,1069547519,1056702463,1073741823,1073741823,1073741823,1073741823,1073741823:k6
1073741823,1073741823,1073725439,1073708031,1071628287,1073324031,1071038463,1062633471,1069547519,1073479679,1073741823,1073741823,1073741823,1073741823,1073741823:k6
1073741823,1073741823,1073725439,1073446911,1071628287,1073324031,1071038463,1062633471,1069547519,1073479679,1073741823,1073741823,1073741823,1073741823,1073741823:k6
1073741823,1073741823,1073725439,1073709055,1071628287,1073324031,1071038463,1062633215,1069547519,1073479679,1073741823,1073741823,1073741823,1073741823,1073741823:k6
1073741823,1073741823,1073725439,1073709055,1071628287,1073323775,1071038463,1062633471,1069547519,1073479679,1073741823,1073741823,1073741823,1073741823,1073741823:k6
1073741823,1073741823,1073725439,1073708799,1071628287,1073324031,1071038463,1062633471,1069547519,1073479679,1073741823,1073741823,1073741823,1073741823,1073741823:k6
1073741823,1073741823,1073725439,1073709055,1071628287,1073324031,1071038463,1062633471,1069546495,1073479679,1073741823,1073741823,1073741823,1073741823,1073741823:k6
1073741823,1073741823,1073725439,1073709055,1071628287,1073324031,1071037439,1062633471,1069547519,1073479679,1073741823,1073741823,1073741823,1073741823,1073741823:k6
1073741823,1073741823,1073725439,1073709055,1071627263,1073324031,1071038463,1062633471,1069547519,1073479679,1073741823,1073741823,1073741823,1073741823,1073741823:k6
1073741823,1073741823,1073725439,1073704959,1071628287,1073324031,1071038463,1062633471,1069547519,1073479679,1073741823,1073741823,1073741823,1073741823,1073741823:k6
1073741823,1073741823,1073725439,1073643519,1071628287,1073324031,1071038463,1062633471,1069547519,1073479679,1073741823,1073741823,1073741823,1073741823,1073741823:k6
1073741823,1073741823,1073725439,1072660479,1071628287,1073324031,1071038463,1062633471,1069547519,1073479679,1073741823,1073741823,1073741823,1073741823,1073741823:l6
1073741823,1073741823,1073725439,1073709055,1071366143,1073324031,1071038463,1062633471,1069547519,1073479679,1073741823,1073741823,1073741823,1073741823,1073741823:k6
1073741823,1073741823,1073725439,1073709055,1071628287,1072275455,1071038463,1062633471,1069547519,1073479679,1073741823,1073741823,1073741823,1073741823,1073741823:l6
1073741823,1073741823,1073725439,1073709055,1071628287,1073324031,1071038463,1062633471,1069547519,1073479679,1073741823,1073725439,1073741823,1073741823,1073741823:k6
1073741823,1073741823,1073725439,1073709055,1071628287,1073324031,1071038463,1062633471,1069547519,1073479679,1073676287,1073741823,1073741823,1073741823,1073741823:k6
1073741823,1073741823,1073725439,1073709055,1071628287,1073324031,1071038463,1062633471,1069547519,1073414143,1073741823,1073741823,1073741823,1073741823,1073741823:k6
1073741823,1073741823,1073725439,1073709055,1071628287,1073324031,1071038463,1062633471,1069547519,1072431103,1073741823,1073741823,1073741823,1073741823,1073741823:k6
1073741823,1073741823,1073725439,1073709055,1071628287,1073324031,1071038463,1062633471,1069547519,1073479679,1073741823,1069547519,1073741823,1073741823,1073741823:k6
1073741823,1073741823,1073725439,1073709055,1071628287,1073324031,1071038463,1062633471,1069547519,1073479679,1072693247,1073741823,1073741823,1073741823,1073741823:k6
1073741823,1073741823,1073725439,1073709055,1071628287,1073324031,1071038463,1062633471,1069547519,1073479679,1073741823,1073479679,1073741823,1073741823,1073741823:k6
1073741823,1073741823,1073725439,1073709055,1071628287,1073324031,1071038463,1062633471,1069547519,1073479679,1073479679,1073741823,1073741823,1073741823,1073741823:k6
1073741823,1073741823,1073725439,1073709055,1071628287,1069129727,1071038463,1062633471,1069547519,1073479679,1073741823,1073741823,1073741823,1073741823,1073741823:k6
1073741823,1073741823,1073725439,1073709055,1071628287,1073324031,1071038463,1062633471,1069547519,1069285375,1073741823,1073741823,1073741823,1073741823,1073741823:k6
1073741823,1073741823,1073725439,1073709055,1071628287,1073324031,1071038463,1062633471,1069285375,1073479679,1073741823,1073741823,1073741823,1073741823,1073741823:k6
1073741823,1073741823,1073725439,1073709055,1071624191,1073324031,1071038463,1062633471,1069547519,1073479679,1073741823,1073741823,1073741823,1073741823,1073741823:k6
1073741823,1073741823,1073725439,1073709055,1071562751,1073324031,1071038463,1062633471,1069547519,1073479679,1073741823,1073741823,1073741823,1073741823,1073741823:k6
1073741823,1073741823,1073725439,1073709055,1071628287,1073324031,1071038463,1062633471,1068498943,1073479679,1073741823,1073741823,1073741823,1073741823,1073741823:l6
1073741823,1073741823,1073725439,1073709055,1071628287,1073324031,1071038463,1062633471,1069547519,1073478655,1073741823,1073741823,1073741823,1073741823,1073741823:k6
1073741823,1073741823,1073725439,1073709055,1071628287,1073324031,1071038463,1062633471,1069543423,1073479679,1073741823,1073741823,1073741823,1073741823,1073741823:k6
1073741823,1073741823,1073725439,1073709055,1071628287,1073324031,1071038463,1062632447,1069547519,1073479679,1073741823,1073741823,1073741823,1073741823,1073741823:k6
1073741823,1073741823,1073725439,1073709055,1071628287,1073324031,1071038463,1062629375,1069547519,1073479679,1073741823,1073741823,1073741823,1073741823,1073741823:k6
1073741823,1073741823,1073725439,1073709055,1071628287,1073323007,1071038463,1062633471,1069547519,1073479679,1073741823,1073741823,1073741823,1073741823,1073741823:k6
1073741823,1073741823,1073725439,1073709055,1071628287,1073324031,1071034367,1062633471,1069547519,1073479679,1073741823,1073741823,1073741823,1073741823,1073741823:k6
1073741823,1073741823,1073725439,1073709055,1071628287,1073324031,1071038463,1062633471,1069481983,1073479679,1073741823,1073741823,1073741823,1073741823,1073741823:k6
1073741823,1073741823,1073725439,1073709055,1071628287,1073324031,1071038463,1062633471,1069547519,1073463295,1073741823,1073741823,1073741823,1073741823,1073741823:k6
1073741823,1073741823,1073725439,1073709055,1071628287,1073324031,1071038463,1062633471,1069531135,1073479679,1073741823,1073741823,1073741823,1073741823,1073741823:k6
1073741823,1073741823,1073479679,1073741823,1071628287,1073324031,1071038463,1062633471,1069547519,1073479679,1073741823,1073741823,1073741823,1073741823,1073741823:k6
1073741823,1073741823,1073741823,1073741823,1067433983,1073324031,1071038463,1062633471,1069547519,1073479679,1073741823,1073741823,1073741823,1073741823,1073741823:k6
1073741823,1073741823,1073741823,1073741823,1071628287,1073324031,1071038463,1062633471,1069547519,1073475583,1073741823,1073741823,1073741823,1073741823,1073741823:k6
1073741823,1073741823,1073741823,1073741823,1071628287,1056546815,1071038463,1062633471,1069547519,1073479679,1073741823,1073741823,1073741823,1073741823,1073741823:k6
1073741823,1073741823,1073741823,1073741823,1071628287,1073324031,1066844159,1062633471,1069547519,1073479679,1073741823,1073741823,1073741823,1073741823,1073741823:k6
1073741823,1073741823,1073741823,1073741823,1071628287,1073324031,1071038463,1045856255,1069547519,1073479679,1073741823,1073741823,1073741823,1073741823,1073741823:k6
1073741823,1073741823,1073741823,1073741823,1071628287,1073324031,1071038463,1062633471,1069547519,1056702463,1073741823,1073741823,1073741823,1073741823,1073741823:k6
1073741823,1073741823,1073741823,1073740799,1071628287,1073324031,1071038463,1062633471,1069547519,1073479679,1073741823,1073741823,1073741823,1073741823,1073741823:k6
1073741823,1073741823,1073741823,1073725439,1071628287,1073324031,1071038463,1062633471,1069547519,1073479679,1073741823,1073741823,1073741823,1073741823,1073741823:h3
1073740799,1073741823,1073709055,1073725439,1071628287,1073324031,1071038463,1062633471,1069547519,1073479679,1073741823,1073741823,1073741823,1073741823,1073741823:k6
1073741823,1073737727,1073709055,1073725439,1071628287,1073324031,1071038463,1062633471,1069547519,1073479679,1073741823,1073741823,1073741823,1073741823,1073741823:k6
1073725439,1073741823,1073709055,1073725439,1071628287,1073324031,1071038463,1062633471,1069547519,1073479679,1073741823,1073741823,1073741823,1073741823,1073741823:k6
1073479679,1073741823,1073709055,1073725439,1071628287,1073324031,1071038463,1062633471,1069547519,1073479679,1073741823,1073741823,1073741823,1073741823,1073741823:k6
1073741823,1073676287,1073709055,1073725439,1071628287,1073324031,1071038463,1062633471,1069547519,1073479679,1073741823,1073741823,1073741823,1073741823,1073741823:k6
1073741823,1073740799,1073709055,1073725439,1071628287,1073324031,1071038463,1062633471,1069547519,1073479679,1073741823,1073741823,1073741823,1073741823,1073741823:k6
1073741823,1073741823,1073704959,1073725439,1071628287,1073324031,1071038463,1062633471,1069547519,1073479679,1073741823,1073741823,1073741823,1073741823,1073741823:k6
1073741823,1073725439,1073709055,1073725439,1071628287,1073324031,1071038463,1062633471,1069547519,1073479679,1073741823,1073741823,1073741823,1073741823,1073741823:k6
1073741823,1073479679,1073709055,1073725439,1071628287,1073324031,1071038463,1062633471,1069547519,1073479679,1073741823,1073741823,1073741823,1073741823,1073741823:k6
1073741823,1073741823,1073643519,1073725439,1071628287,1073324031,1071038463,1062633471,1069547519,1073479679,1073741823,1073741823,1073741823,1073741823,1073741823:k6
1073741823,1073741823,1072660479,1073725439,1071628287,1073324031,1071038463,1062633471,1069547519,1073479679,1073741823,1073741823,1073741823,1073741823,1073741823:k6
1073741823,1073741823,1056931839,1073725439,1071628287,1073324031,1071038463,1062633471,1069547519,1073479679,1073741823,1073741823,1073741823,1073741823,1073741823:k6
1073741823,1073741823,1073709055,1069531135,1071628287,1073324031,1071038463,1062633471,1069547519,1073479679,1073741823,1073741823,1073741823,1073741823,1073741823:k6
1073741823,1073741823,1073709055,1073725439,1054851071,1073324031,1071038463,1062633471,1069547519,1073479679,1073741823,1073741823,1073741823,1073741823,1073741823:k6
1073741823,1073741823,1073709055,1073725439,1071628287,1073324031,1003929599,1062633471,1069547519,1073479679,1073741823,1073741823,1073741823,1073741823,1073741823:k6
1073741823,1073741823,1073709055,1073725439,1071628287,1073324031,1071038463,1062633471,1002438655,1073479679,1073741823,1073741823,1073741823,1073741823,1073741823:k6
1073741823,1073741823,1073709055,1073725439,1071628287,1073324031,1071038463,1062633471,1069547519,1073479679,1006632959,1073741823,1073741823,1073741823,1073741823:k6
1073741823,1073741823,1073709055,1073725439,1071628287,1073324031,1071038463,1062633471,1069547519,1073479679,1069547519,1073741823,1073741823,1073741823,1073741823:k6
1073741823,1073741823,1073709055,1073725439,1071628287,1006215167,1071038463,1062633471,1069547519,1073479679,1073741823,1073741823,1073741823,1073741823,1073741823:k6
1073741823,1073741823,1073709055,1073725439,1071628287,1073324031,1054261247,1062633471,1069547519,1073479679,1073741823,1073741823,1073741823,1073741823,1073741823:k6
1073741823,1073741823,1073709055,1073725439,1071628287,1073324031,1071038463,995524607,1069547519,1073479679,1073741823,1073741823,1073741823,1073741823,1073741823:k6
1073741823,1073741823,1073709055,1073725439,1071628287,1073324031,1071038463,1062633471,1069547519,1006370815,1073741823,1073741823,1073741823,1073741823,1073741823:k6
1073741823,1073741823,1073709055,1073725439,1071628287,1073324031,1071038463,1062633471,1052770303,1073479679,1073741823,1073741823,1073741823,1073741823,1073741823:k6
1073741823,1073741823,1073708031,1073725439,1071628287,1073324031,1071038463,1062633471,1069547519,1073479679,1073741823,1073741823,1073741823,1073741823,1073741823:k6
1073741823,1073741823,1073446911,1073725439,1071628287,1073324031,1071038463,1062633471,1069547519,1073479679,1073741823,1073741823,1073741823,1073741823,1073741823:k6
1073741823,1073741823,1073709055,1073725439,1067433983,1073324031,1071038463,1062633471,1069547519,1073479679,1073741823,1073741823,1073741823,1073741823,1073741823:k6
1073741823,1073741823,1073709055,1073725439,1071628287,1073324031,1071038463,1062633471,1069547519,1073475583,1073741823,1073741823,1073741823,1073741823,1073741823:k6
1073741823,1073741823,1073709055,1073725439,1071628287,1056546815,1071038463,1062633471,1069547519,1073479679,1073741823,1073741823,1073741823,1073741823,1073741823:k6
1073741823,1073741823,1073709055,1073725439,1071628287,1073324031,1066844159,1062633471,1069547519,1073479679,1073741823,1073741823,1073741823,1073741823,1073741823:k6
1073741823,1073741823,1073709055,1073725439,1071628287,1073324031,1071038463,1045856255,1069547519,1073479679,1073741823,1073741823,1073741823,1073741823,1073741823:k6
1073741823,1073741823,1073709055,1073725439,1071628287,1073324031,1071038463,1062633471,1069547519,1056702463,1073741823,1073741823,1073741823,1073741823,1073741823:k6
1073741823,1073741823,1073709055,1073724415,1071628287,1073324031,1071038463,1062633471,1069547519,1073479679,1073741823,1073741823,1073741823,1073741823,1073741823:k6
1073741823,1073741823,1073709055,1073463295,1071628287,1073324031,1071038463,1062633471,1069547519,1073479679,1073741823,1073741823,1073741823,1073741823,1073741823:k6
1073741823,1073741823,1073709055,1073725439,1071628287,1073324031,1071038463,1062633215,1069547519,1073479679,1073741823,1073741823,1073741823,1073741823,1073741823:k6
1073741823,1073741823,1073709055,1073725439,1071628287,1073323775,1071038463,1062633471,1069547519,1073479679,1073741823,1073741823,1073741823,1073741823,1073741823:k6
1073741823,1073741823,1073709055,1073725183,1071628287,1073324031,1071038463,1062633471,1069547519,1073479679,1073741823,1073741823,1073741823,1073741823,1073741823:k6
1073741823,1073741823,1073709055,1073725439,1071628287,1073324031,1071038463,1062633471,1069546495,1073479679,1073741823,1073741823,1073741823,1073741823,1073741823:k6
1073741823,1073741823,1073709055,1073725439,1071628287,1073324031,1071037439,1062633471,1069547519,1073479679,1073741823,1073741823,1073741823,1073741823,1073741823:k6
1073741823,1073741823,1073709055,1073725439,1071627263,1073324031,1071038463,1062633471,1069547519,1073479679,1073741823,1073741823,1073741823,1073741823,1073741823:k6
1073741823,1073741823,1073709055,1073721343,1071628287,1073324031,1071038463,1062633471,1069547519,1073479679,1073741823,1073741823,1073741823,1073741823,1073741823:k6
1073741823,1073741823,1073709055,1073659903,1071628287,1073324031,1071038463,1062633471,1069547519,1073479679,1073741823,1073741823,1073741823,1073741823,1073741823:k6
1073741823,1073741823,1073709055,1072676863,1071628287,1073324031,1071038463,1062633471,1069547519,1073479679,1073741823,1073741823,1073741823,1073741823,1073741823:l6
1073741823,1073741823,1073709055,1073725439,1071366143,1073324031,1071038463,1062633471,1069547519,1073479679,1073741823,1073741823,1073741823,1073741823,1073741823:k6
1073741823,1073741823,1073709055,1073725439,1071628287,1072275455,1071038463,1062633471,1069547519,1073479679,1073741823,1073741823,1073741823,1073741823,1073741823:l6
1073741823,1073741823,1073709055,1073725439,1071628287,1073324031,1071038463,1062633471,1069547519,1073479679,1073741823,1073725439,1073741823,1073741823,1073741823:k6
1073741823,1073741823,1073709055,1073725439,1071628287,1073324031,1071038463,1062633471,1069547519,1073479679,1073676287,1073741823,1073741823,1073741823,1073741823:k6
1073741823,1073741823,1073709055,1073725439,1071628287,1073324031,1071038463,1062633471,1069547519,1073414143,1073741823,1073741823,1073741823,1073741823,1073741823:k6
1073741823,1073741823,1073709055,1073725439,1071628287,1073324031,1071038463,1062633471,1069547519,1072431103,1073741823,1073741823,1073741823,1073741823,1073741823:k6
1073741823,1073741823,1073709055,1073725439,1071628287,1073324031,1071038463,1062633471,1069547519,1073479679,1073741823,1069547519,1073741823,1073741823,1073741823:k6
1073741823,1073741823,1073709055,1073725439,1071628287,1073324031,1071038463,1062633471,1069547519,1073479679,1072693247,1073741823,1073741823,1073741823,1073741823:k6
1073741823,1073741823,1073709055,1073725439,1071628287,1073324031,1071038463,1062633471,1069547519,1073479679,1073741823,1073479679,1073741823,1073741823,1073741823:k6
1073741823,1073741823,1073709055,1073725439,1071628287,1073324031,1071038463,1062633471,1069547519,1073479679,1073479679,1073741823,1073741823,1073741823,1073741823:k6
1073741823,1073741823,1073709055,1073725439,1071628287,1069129727,1071038463,1062633471,1069547519,1073479679,1073741823,1073741823,1073741823,1073741823,1073741823:k6
1073741823,1073741823,1073709055,1073725439,1071628287,1073324031,1071038463,1062633471,1069547519,1069285375,1073741823,1073741823,1073741823,1073741823,1073741823:k6
1073741823,1073741823,1073709055,1073725439,1071628287,1073324031,1071038463,1062633471,1069285375,1073479679,1073741823,1073741823,1073741823,1073741823,1073741823:k6
1073741823,1073741823,1073709055,1073725439,1071624191,1073324031,1071038463,1062633471,1069547519,1073479679,1073741823,1073741823,1073741823,1073741823,1073741823:k6
1073741823,1073741823,1073709055,1073725439,1071562751,1073324031,1071038463,1062633471,1069547519,1073479679,1073741823,1073741823,1073741823,1073741823,1073741823:k6
1073741823,1073741823,1073709055,1073725439,1071628287,1073324031,1071038463,1062633471,1068498943,1073479679,1073741823,1073741823,1073741823,1073741823,1073741823:l6
1073741823,1073741823,1073709055,1073725439,1071628287,1073324031,1071038463,1062633471,1069547519,1073478655,1073741823,1073741823,1073741823,1073741823,1073741823:k6
1073741823,1073741823,1073709055,1073725439,1071628287,1073324031,1071038463,1062633471,1069543423,1073479679,1073741823,1073741823,1073741823,1073741823,1073741823:k6
1073741823,1073741823,1073709055,1073725439,1071628287,1073324031,1071038463,1062632447,1069547519,1073479679,1073741823,1073741823,1073741823,1073741823,1073741823:k6
1073741823,1073741823,1073709055,1073725439,1071628287,1073324031,1071038463,1062629375,1069547519,1073479679,1073741823,1073741823,1073741823,1073741823,1073741823:k6
1073741823,1073741823,1073709055,1073725439,1071628287,1073323007,1071038463,1062633471,1069547519,1073479679,1073741823,1073741823,1073741823,1073741823,1073741823:k6
1073741823,1073741823,1073709055,1073725439,1071628287,1073324031,1071034367,1062633471,1069547519,1073479679,1073741823,1073741823,1073741823,1073741823,1073741823:k6
1073741823,1073741823,1073709055,1073725439,1071628287,1073324031,1071038463,1062633471,1069481983,1073479679,1073741823,1073741823,1073741823,1073741823,1073741823:k6
1073741823,1073741823,1073709055,1073725439,1071628287,1073324031,1071038463,1062633471,1069547519,1073463295,1073741823,1073741823,1073741823,1073741823,1073741823:k6
1073741823,1073741823,1073709055,1073725439,1071628287,1073324031,1071038463,1062633471,1069531135,1073479679,1073741823,1073741823,1073741823,1073741823,1073741823:k6
1073741823,1073741823,1073741823,1073479679,1071628287,1073324031,1071038463,1062633471,1069547519,1073479679,1073741823,1073741823,1073741823,1073741823,1073741823:k6
1073741823,1073741823,1073741823,1073741823,1071628287,1073324031,1071038463,1062633215,1069547519,1073479679,1073741823,1073741823,1073741823,1073741823,1073741823:k6
1073741823,1073741823,1073741823,1073741823,1071628287,1073323775,1071038463,1062633471,1069547519,1073479679,1073741823,1073741823,1073741823,1073741823,1073741823:k6
1073741823,1073741823,1073741823,1073741567,1071628287,1073324031,1071038463,1062633471,1069547519,1073479679,1073741823,1073741823,1073741823,1073741823,1073741823:k6
1073741823,1073741823,1073741823,1073741823,1071628287,1073324031,1071038463,1062633471,1069546495,1073479679,1073741823,1073741823,1073741823,1073741823,1073741823:k6
1073741823,1073741823,1073741823,1073741823,1071628287,1073324031,1071037439,1062633471,1069547519,1073479679,1073741823,1073741823,1073741823,1073741823,1073741823:k6
1073741823,1073741823,1073741823,1073741823,1071627263,1073324031,1071038463,1062633471,1069547519,1073479679,1073741823,1073741823,1073741823,1073741823,1073741823:k6
1073741823,1073741823,1073741823,1073737727,1071628287,1073324031,1071038463,1062633471,1069547519,1073479679,1073741823,1073741823,1073741823,1073741823,1073741823:k6
1073741823,1073741823,1073741823,1073676287,1071628287,1073324031,1071038463,1062633471,1069547519,1073479679,1073741823,1073741823,1073741823,1073741823,1073741823:k6
1073741823,1073741823,1073741823,1072693247,1071628287,1073324031,1071038463,1062633471,1069547519,1073479679,1073741823,1073741823,1073741823,1073741823,1073741823:l6
1073741823,1073741823,1073741823,1005584383,1071628287,1064935423,1071038463,1062633471,1069547519,1073479679,1073741823,1073741823,1073741823,1073741823,1073741823:i9
1073741823,1073676287,1073741823,1072693247,1071628287,1064935423,1071038463,1062633471,1069547519,1073479679,1073741823,1073741823,1073741823,1073741823,1073741823:m5
1073741823,1072693247,1073741823,1072693247,1071628287,1064935423,1071038463,1062633471,1069547519,1073479679,1073741823,1073741823,1073741823,1073741823,1073741823:m5
1073741823,1056964607,1073741823,1072693247,1071628287,1064935423,1071038463,1062633471,1069547519,1073479679,1073741823,1073741823,1073741823,1073741823,1073741823:m5
1073741823,1073741823,1069547519,1072693247,1071628287,1064935423,1071038463,1062633471,1069547519,1073479679,1073741823,1073741823,1073741823,1073741823,1073741823:m5
1073741823,1073741823,1073741823,1055916031,1071628287,1064935423,1071038463,1062633471,1069547519,1073479679,1073741823,1073741823,1073741823,1073741823,1073741823:m5
1073741823,1073741823,1073676287,1072693247,1071628287,1064935423,1071038463,1062633471,1069547519,1073479679,1073741823,1073741823,1073741823,1073741823,1073741823:m5
1073741823,1073741823,1072693247,1072693247,1071628287,1064935423,1071038463,1062633471,1069547519,1073479679,1073741823,1073741823,1073741823,1073741823,1073741823:m5
1073741823,1073741823,1056964607,1072693247,1071628287,1064935423,1071038463,1062633471,1069547519,1073479679,1073741823,1073741823,1073741823,1073741823,1073741823:m5
1073741823,1073741823,1073741823,1068498943,1071628287,1064935423,1071038463,1062633471,1069547519,1073479679,1073741823,1073741823,1073741823,1073741823,1073741823:m5
1073741823,1073741823,1073741823,1072693247,1054851071,1064935423,1071038463,1062633471,1069547519,1073479679,1073741823,1073741823,1073741823,1073741823,1073741823:n8
1073741823,1073741823,1073741823,1072693247,1071628287,1064935423,1003929599,1062633471,1069547519,1073479679,1073741823,1073741823,1073741823,1073741823,1073741823:m5
1073741823,1073741823,1073741823,1072693247,1071628287,1064935423,1071038463,1062633471,1002438655,1073479679,1073741823,1073741823,1073741823,1073741823,1073741823:m5
1073741823,1073741823,1073741823,1072693247,1071628287,1064935423,1071038463,1062633471,1069547519,1073479679,1006632959,1073741823,1073741823,1073741823,1073741823:m5
1073741823,1073741823,1073741823,1072693247,1071628287,1064935423,1071038463,1062633471,1069547519,1073479679,1069547519,1073741823,1073741823,1073741823,1073741823:m5
1073741823,1073741823,1073741823,1072693247,1071628287,997826559,1071038463,1062633471,1069547519,1073479679,1073741823,1073741823,1073741823,1073741823,1073741823:m5
1073741823,1073741823,1073741823,1072693247,1071628287,1064935423,1054261247,1062633471,1069547519,1073479679,1073741823,1073741823,1073741823,1073741823,1073741823:m5
1073741823,1073741823,1073741823,1072693247,1071628287,1064935423,1071038463,995524607,1069547519,1073479679,1073741823,1073741823,1073741823,1073741823,1073741823:m5
1073741823,1073741823,1073741823,1072693247,1071628287,1064935423,1071038463,1062633471,1069547519,1006370815,1073741823,1073741823,1073741823,1073741823,1073741823:m5
1073741823,1073741823,1073741823,1072693247,1071628287,1064935423,1071038463,1062633471,1052770303,1073479679,1073741823,1073741823,1073741823,1073741823,1073741823:m5
1073741823,1073741823,1073740799,1072693247,1071628287,1064935423,1071038463,1062633471,1069547519,1073479679,1073741823,1073741823,1073741823,1073741823,1073741823:m5
1073741823,1073741823,1073725439,1072693247,1071628287,1064935423,1071038463,1062633471,1069547519,1073479679,1073741823,1073741823,1073741823,1073741823,1073741823:h4
1073741823,1073740799,1073725439,1072660479,1071628287,1064935423,1071038463,1062633471,1069547519,1073479679,1073741823,1073741823,1073741823,1073741823,1073741823:m7
1073741823,1073479679,1073725439,1072660479,1071628287,1064935423,1071038463,1062633471,1069547519,1073479679,1073741823,1073741823,1073741823,1073741823,1073741823:m7
1073741823,1073741823,1073721343,1072660479,1071628287,1064935423,1071038463,1062633471,1069547519,1073479679,1073741823,1073741823,1073741823,1073741823,1073741823:m7
1073740799,1073741823,1073725439,1072660479,1071628287,1064935423,1071038463,1062633471,1069547519,1073479679,1073741823,1073741823,1073741823,1073741823,1073741823:m7
1073741823,1073737727,1073725439,1072660479,1071628287,1064935423,1071038463,1062633471,1069547519,1073479679,1073741823,1073741823,1073741823,1073741823,1073741823:m7
1073725439,1073741823,1073725439,1072660479,1071628287,1064935423,1071038463,1062633471,1069547519,1073479679,1073741823,1073741823,1073741823,1073741823,1073741823:m7
1073741823,1073725439,1073725439,1072660479,1071628287,1064935423,1071038463,1062633471,1069547519,1073479679,1073741823,1073741823,1073741823,1073741823,1073741823:m7
1073479679,1073741823,1073725439,1072660479,1071628287,1064935423,1071038463,1062633471,1069547519,1073479679,1073741823,1073741823,1073741823,1073741823,1073741823:m7
1073741823,1073741823,1073725439,1005551615,1071628287,1064935423,1071038463,1062633471,1069547519,1073479679,1073741823,1073741823,1073741823,1073741823,1073741823:m7
1073741823,1073676287,1073725439,1072660479,1071628287,1064935423,1071038463,1062633471,1069547519,1073479679,1073741823,1073741823,1073741823,1073741823,1073741823:m7
1073741823,1072693247,1073725439,1072660479,1071628287,1064935423,1071038463,1062633471,1069547519,1073479679,1073741823,1073741823,1073741823,1073741823,1073741823:m7
1073741823,1056964607,1073725439,1072660479,1071628287,1064935423,1071038463,1062633471,1069547519,1073479679,1073741823,1073741823,1073741823,1073741823,1073741823:m7
1073741823,1073741823,1069531135,1072660479,1071628287,1064935423,1071038463,1062633471,1069547519,1073479679,1073741823,1073741823,1073741823,1073741823,1073741823:m7
1073741823,1073741823,1073725439,1055883263,1071628287,1064935423,1071038463,1062633471,1069547519,1073479679,1073741823,1073741823,1073741823,1073741823,1073741823:n8
1073741823,1073741823,1073659903,1072660479,1071628287,1064935423,1071038463,1062633471,1069547519,1073479679,1073741823,1073741823,1073741823,1073741823,1073741823:m7
1073741823,1073741823,1072676863,1072660479,1071628287,1064935423,1071038463,1062633471,1069547519,1073479679,1073741823,1073741823,1073741823,1073741823,1073741823:m7
1073741823,1073741823,1056948223,1072660479,1071628287,1064935423,1071038463,1062633471,1069547519,1073479679,1073741823,1073741823,1073741823,1073741823,1073741823:m7
1073741823,1073741823,1073725439,1068466175,1071628287,1064935423,1071038463,1062633471,1069547519,1073479679,1073741823,1073741823,1073741823,1073741823,1073741823:n8
1073741823,1073741823,1073725439,1072660479,1054851071,1064935423,1071038463,1062633471,1069547519,1073479679,1073741823,1073741823,1073741823,1073741823,1073741823:n8
1073741823,1073741823,1073725439,1072660479,1071628287,1064935423,1003929599,1062633471,1069547519,1073479679,1073741823,1073741823,1073741823,1073741823,1073741823:n8
1073741823,1073741823,1073725439,1072660479,1071628287,1064935423,1071038463,1062633471,1002438655,1073479679,1073741823,1073741823,1073741823,1073741823,1073741823:m7
1073741823,1073741823,1073725439,1072660479,1071628287,1064935423,1071038463,1062633471,1069547519,1073479679,1006632959,1073741823,1073741823,1073741823,1073741823:m7
1073741823,1073741823,1073725439,1072660479,1071628287,1064935423,1071038463,1062633471,1069547519,1073479679,1069547519,1073741823,1073741823,1073741823,1073741823:m5
1073741823,1073741823,1073725439,1072660479,1071628287,997826559,1071038463,1062633471,1069547519,1073479679,1073741823,1073741823,1073741823,1073741823,1073741823:m7
1073741823,1073741823,1073725439,1072660479,1071628287,1064935423,1054261247,1062633471,1069547519,1073479679,1073741823,1073741823,1073741823,1073741823,1073741823:m5
1073741823,1073741823,1073725439,1072660479,1071628287,1064935423,1071038463,995524607,1069547519,1073479679,1073741823,1073741823,1073741823,1073741823,1073741823:m5
1073741823,1073741823,1073725439,1072660479,1071628287,1064935423,1071038463,1062633471,1069547519,1006370815,1073741823,1073741823,1073741823,1073741823,1073741823:m7
1073741823,1073741823,1073725439,1072660479,1071628287,1064935423,1071038463,1062633471,1052770303,1073479679,1073741823,1073741823,1073741823,1073741823,1073741823:m7
1073741823,1073741823,1073724415,1072660479,1071628287,1064935423,1071038463,1062633471,1069547519,1073479679,1073741823,1073741823,1073741823,1073741823,1073741823:m7
1073741823,1073741823,1073463295,1072660479,1071628287,1064935423,1071038463,1062633471,1069547519,1073479679,1073741823,1073741823,1073741823,1073741823,1073741823:m7
1073741823,1073741823,1073725439,1072660479,1067433983,1064935423,1071038463,1062633471,1069547519,1073479679,1073741823,1073741823,1073741823,1073741823,1073741823:m7
1073741823,1073741823,1073725439,1072660479,1071628287,1064935423,1071038463,1062633471,1069547519,1073475583,1073741823,1073741823,1073741823,1073741823,1073741823:m7
1073741823,1073741823,1073725439,1072660479,1071628287,1048158207,1071038463,1062633471,1069547519,1073479679,1073741823,1073741823,1073741823,1073741823,1073741823:m7
1073741823,1073741823,1073725439,1072660479,1071628287,1064935423,1066844159,1062633471,1069547519,1073479679,1073741823,1073741823,1073741823,1073741823,1073741823:n8
1073741823,1073741823,1073725439,1072660479,1071628287,1064935423,1071038463,1045856255,1069547519,1073479679,1073741823,1073741823,1073741823,1073741823,1073741823:m7
1073741823,1073741823,1073725439,1072660479,1071628287,1064935423,1071038463,1062633471,1069547519,1056702463,1073741823,1073741823,1073741823,1073741823,1073741823:m7
1073741823,1073741823,1073725439,1072659455,1071628287,1064935423,1071038463,1062633471,1069547519,1073479679,1073741823,1073741823,1073741823,1073741823,1073741823:m5
1073741823,1073741823,1073725439,1072398335,1071628287,1064935423,1071038463,1062633471,1069547519,1073479679,1073741823,1073741823,1073741823,1073741823,1073741823:m5
1073741823,1073741823,1073725439,1072660479,1071628287,1064935423,1071038463,1062633215,1069547519,1073479679,1073741823,1073741823,1073741823,1073741823,1073741823:m7
1073741823,1073741823,1073725439,1072660479,1071628287,1064935167,1071038463,1062633471,1069547519,1073479679,1073741823,1073741823,1073741823,1073741823,1073741823:m7
1073741823,1073741823,1073725439,1072660223,1071628287,1064935423,1071038463,1062633471,1069547519,1073479679,1073741823,1073741823,1073741823,1073741823,1073741823:m7
1073741823,1073741823,1073725439,1072660479,1071628287,1064935423,1071038463,1062633471,1069546495,1073479679,1073741823,1073741823,1073741823,1073741823,1073741823:m7
1073741823,1073741823,1073725439,1072660479,1071628287,1064935423,1071037439,1062633471,1069547519,1073479679,1073741823,1073741823,1073741823,1073741823,1073741823:m5
1073741823,1073741823,1073725439,1072660479,1071627263,1064935423,1071038463,1062633471,1069547519,1073479679,1073741823,1073741823,1073741823,1073741823,1073741823:m7
1073741823,1073741823,1073725439,1072656383,1071628287,1064935423,1071038463,1062633471,1069547519,1073479679,1073741823,1073741823,1073741823,1073741823,1073741823:m7
1073741823,1073741823,1073725439,1072594943,1071628287,1064935423,1071038463,1062633471,1069547519,1073479679,1073741823,1073741823,1073741823,1073741823,1073741823:m7
1073741823,1073741823,1073725439,1072660479,1071366143,1064935423,1071038463,1062633471,1069547519,1073479679,1073741823,1073741823,1073741823,1073741823,1073741823:n8
1073741823,1073741823,1073725439,1072660479,1071628287,1063886847,1071038463,1062633471,1069547519,1073479679,1073741823,1073741823,1073741823,1073741823,1073741823:m7
1073741823,1073741823,1073725439,1072660479,1071628287,1064935423,1071038463,1062633471,1069547519,1073479679,1073741823,1073725439,1073741823,1073741823,1073741823:m7
1073741823,1073741823,1073725439,1072660479,1071628287,1064935423,1071038463,1062633471,1069547519,1073479679,1073676287,1073741823,1073741823,1073741823,1073741823:m5
1073741823,1073741823,1073725439,1072660479,1071628287,1064935423,1071038463,1062633471,1069547519,1073414143,1073741823,1073741823,1073741823,1073741823,1073741823:m5
1073741823,1073741823,1073725439,1072660479,1071628287,1064935423,1071038463,1062633471,1069547519,1072431103,1073741823,1073741823,1073741823,1073741823,1073741823:m5
1073741823,1073741823,1073725439,1072660479,1071628287,1064935423,1071038463,1062633471,1069547519,1073479679,1073741823,1069547519,1073741823,1073741823,1073741823:m7
1073741823,1073741823,1073725439,1072660479,1071628287,1064935423,1071038463,1062633471,1069547519,1073479679,1072693247,1073741823,1073741823,1073741823,1073741823:m7
1073741823,1073741823,1073725439,1072660479,1071628287,1064935423,1071038463,1062633471,1069547519,1073479679,1073741823,1073479679,1073741823,1073741823,1073741823:m7
1073741823,1073741823,1073725439,1072660479,1071628287,1064935423,1071038463,1062633471,1069547519,1073479679,1073479679,1073741823,1073741823,1073741823,1073741823:m7
1073741823,1073741823,1073725439,1072660479,1071628287,1064935423,1071038463,1062633471,1069547519,1069285375,1073741823,1073741823,1073741823,1073741823,1073741823:m7
1073741823,1073741823,1073725439,1072660479,1071628287,1064935423,1071038463,1062633471,1069285375,1073479679,1073741823,1073741823,1073741823,1073741823,1073741823:m5
1073741823,1073741823,1073725439,1072660479,1071624191,1064935423,1071038463,1062633471,1069547519,1073479679,1073741823,1073741823,1073741823,1073741823,1073741823:m7
1073741823,1073741823,1073725439,1072660479,1071562751,1064935423,1071038463,1062633471,1069547519,1073479679,1073741823,1073741823,1073741823,1073741823,1073741823:m7
1073741823,1073741823,1073725439,1072660479,1071628287,1064935423,1071038463,1062633471,1068498943,1073479679,1073741823,1073741823,1073741823,1073741823,1073741823:m7
1073741823,1073741823,1073725439,1072660479,1071628287,1064935423,1071038463,1062633471,1069547519,1073478655,1073741823,1073741823,1073741823,1073741823,1073741823:m7
1073741823,1073741823,1073725439,1072660479,1071628287,1064935423,1071038463,1062633471,1069543423,1073479679,1073741823,1073741823,1073741823,1073741823,1073741823:m7
1073741823,1073741823,1073725439,1072660479,1071628287,1064935423,1071038463,1062632447,1069547519,1073479679,1073741823,1073741823,1073741823,1073741823,1073741823:m7
1073741823,1073741823,1073725439,1072660479,1071628287,1064935423,1071038463,1062629375,1069547519,1073479679,1073741823,1073741823,1073741823,1073741823,1073741823:m7
1073741823,1073741823,1073725439,1072660479,1071628287,1064934399,1071038463,1062633471,1069547519,1073479679,1073741823,1073741823,1073741823,1073741823,1073741823:m7
1073741823,1073741823,1073725439,1072660479,1071628287,1064935423,1071034367,1062633471,1069547519,1073479679,1073741823,1073741823,1073741823,1073741823,1073741823:m7
1073741823,1073741823,1073725439,1072660479,1071628287,1064935423,1071038463,1062633471,1069481983,1073479679,1073741823,1073741823,1073741823,1073741823,1073741823:n8
1073741823,1073741823,1073725439,1072660479,1071628287,1064935423,1071038463,1062633471,1069547519,1073463295,1073741823,1073741823,1073741823,1073741823,1073741823:m7
1073741823,1073741823,1073725439,1072660479,1071628287,1064935423,1071038463,1062633471,1069531135,1073479679,1073741823,1073741823,1073741823,1073741823,1073741823:m7
1073741823,1073741823,1073479679,1072693247,1071628287,1064935423,1071038463,1062633471,1069547519,1073479679,1073741823,1073741823,1073741823,1073741823,1073741823:m5
1073741823,1073741823,1073741823,1072693247,1067433983,1064935423,1071038463,1062633471,1069547519,1073479679,1073741823,1073741823,1073741823,1073741823,1073741823:m5
1073741823,1073741823,1073741823,1072693247,1071628287,1064935423,1071038463,1062633471,1069547519,1073475583,1073741823,1073741823,1073741823,1073741823,1073741823:m5
1073741823,1073741823,1073741823,1072693247,1071628287,1048158207,1071038463,1062633471,1069547519,1073479679,1073741823,1073741823,1073741823,1073741823,1073741823:m5
1073741823,1073741823,1073741823,1072693247,1071628287,1064935423,1066844159,1062633471,1069547519,1073479679,1073741823,1073741823,1073741823,1073741823,1073741823:m5
1073741823,1073741823,1073741823,1072693247,1071628287,1064935423,1071038463,1045856255,1069547519,1073479679,1073741823,1073741823,1073741823,1073741823,1073741823:m5
1073741823,1073741823,1073741823,1072693247,1071628287,1064935423,1071038463,1062633471,1069547519,1056702463,1073741823,1073741823,1073741823,1073741823,1073741823:m5
1073741823,1073741823,1073741823,1072692223,1071628287,1064935423,1071038463,1062633471,1069547519,1073479679,1073741823,1073741823,1073741823,1073741823,1073741823:m5
1073741823,1073741823,1073741823,1072676863,1071628287,1064935423,1071038463,1062633471,1069547519,1073479679,1073741823,1073741823,1073741823,1073741823,1073741823:h3
1073740799,1073741823,1073709055,1072676863,1071628287,1064935423,1071038463,1062633471,1069547519,1073479679,1073741823,1073741823,1073741823,1073741823,1073741823:k6
1073741823,1073737727,1073709055,1072676863,1071628287,1064935423,1071038463,1062633471,1069547519,1073479679,1073741823,1073741823,1073741823,1073741823,1073741823:n8
1073725439,1073741823,1073709055,1072676863,1071628287,1064935423,1071038463,1062633471,1069547519,1073479679,1073741823,1073741823,1073741823,1073741823,1073741823:k6
1073479679,1073741823,1073709055,1072676863,1071628287,1064935423,1071038463,1062633471,1069547519,1073479679,1073741823,1073741823,1073741823,1073741823,1073741823:k6
1073741823,1073740799,1073709055,1072676863,1071628287,1064935423,1071038463,1062633471,1069547519,1073479679,1073741823,1073741823,1073741823,1073741823,1073741823:m5
1073741823,1073741823,1073704959,1072676863,1071628287,1064935423,1071038463,1062633471,1069547519,1073479679,1073741823,1073741823,1073741823,1073741823,1073741823:m5
1073741823,1073725439,1073709055,1072676863,1071628287,1064935423,1071038463,1062633471,1069547519,1073479679,1073741823,1073741823,1073741823,1073741823,1073741823:k6
1073741823,1073479679,1073709055,1072676863,1071628287,1064935423,1071038463,1062633471,1069547519,1073479679,1073741823,1073741823,1073741823,1073741823,1073741823:k6
1073741823,1073741823,1073709055,1005567999,1071628287,1064935423,1071038463,1062633471,1069547519,1073479679,1073741823,1073741823,1073741823,1073741823,1073741823:k6
1073741823,1073676287,1073709055,1072676863,1071628287,1064935423,1071038463,1062633471,1069547519,1073479679,1073741823,1073741823,1073741823,1073741823,1073741823:k6
1073741823,1072693247,1073709055,1072676863,1071628287,1064935423,1071038463,1062633471,1069547519,1073479679,1073741823,1073741823,1073741823,1073741823,1073741823:k6
1073741823,1056964607,1073709055,1072676863,1071628287,1064935423,1071038463,1062633471,1069547519,1073479679,1073741823,1073741823,1073741823,1073741823,1073741823:k6
1073741823,1073741823,1069514751,1072676863,1071628287,1064935423,1071038463,1062633471,1069547519,1073479679,1073741823,1073741823,1073741823,1073741823,1073741823:k6
1073741823,1073741823,1073709055,1055899647,1071628287,1064935423,1071038463,1062633471,1069547519,1073479679,1073741823,1073741823,1073741823,1073741823,1073741823:k6
1073741823,1073741823,1073643519,1072676863,1071628287,1064935423,1071038463,1062633471,1069547519,1073479679,1073741823,1073741823,1073741823,1073741823,1073741823:k6
1073741823,1073741823,1072660479,1072676863,1071628287,1064935423,1071038463,1062633471,1069547519,1073479679,1073741823,1073741823,1073741823,1073741823,1073741823:k6
1073741823,1073741823,1056931839,1072676863,1071628287,1064935423,1071038463,1062633471,1069547519,1073479679,1073741823,1073741823,1073741823,1073741823,1073741823:k6
1073741823,1073741823,1073709055,1068482559,1071628287,1064935423,1071038463,1062633471,1069547519,1073479679,1073741823,1073741823,1073741823,1073741823,1073741823:m5
1073741823,1073741823,1073709055,1072676863,1054851071,1064935423,1071038463,1062633471,1069547519,1073479679,1073741823,1073741823,1073741823,1073741823,1073741823:n8
1073741823,1073741823,1073709055,1072676863,1071628287,1064935423,1003929599,1062633471,1069547519,1073479679,1073741823,1073741823,1073741823,1073741823,1073741823:k6
1073741823,1073741823,1073709055,1072676863,1071628287,1064935423,1071038463,1062633471,1002438655,1073479679,1073741823,1073741823,1073741823,1073741823,1073741823:n8
1073741823,1073741823,1073709055,1072676863,1071628287,1064935423,1071038463,1062633471,1069547519,1073479679,1006632959,1073741823,1073741823,1073741823,1073741823:k6
1073741823,1073741823,1073709055,1072676863,1071628287,1064935423,1071038463,1062633471,1069547519,1073479679,1069547519,1073741823,1073741823,1073741823,1073741823:m5
1073741823,1073741823,1073709055,1072676863,1071628287,997826559,1071038463,1062633471,1069547519,1073479679,1073741823,1073741823,1073741823,1073741823,1073741823:k6
1073741823,1073741823,1073709055,1072676863,1071628287,1064935423,1054261247,1062633471,1069547519,1073479679,1073741823,1073741823,1073741823,1073741823,1073741823:k6
1073741823,1073741823,1073709055,1072676863,1071628287,1064935423,1071038463,995524607,1069547519,1073479679,1073741823,1073741823,1073741823,1073741823,1073741823:k6
1073741823,1073741823,1073709055,1072676863,1071628287,1064935423,1071038463,1062633471,1069547519,1006370815,1073741823,1073741823,1073741823,1073741823,1073741823:k6
1073741823,1073741823,1073709055,1072676863,1071628287,1064935423,1071038463,1062633471,1052770303,1073479679,1073741823,1073741823,1073741823,1073741823,1073741823:n8
1073741823,1073741823,1073708031,1072676863,1071628287,1064935423,1071038463,1062633471,1069547519,1073479679,1073741823,1073741823,1073741823,1073741823,1073741823:k6
1073741823,1073741823,1073446911,1072676863,1071628287,1064935423,1071038463,1062633471,1069547519,1073479679,1073741823,1073741823,1073741823,1073741823,1073741823:k6
1073741823,1073741823,1073709055,1072676863,1067433983,1064935423,1071038463,1062633471,1069547519,1073479679,1073741823,1073741823,1073741823,1073741823,1073741823:n8
1073741823,1073741823,1073709055,1072676863,1071628287,1064935423,1071038463,1062633471,1069547519,1073475583,1073741823,1073741823,1073741823,1073741823,1073741823:k6
1073741823,1073741823,1073709055,1072676863,1071628287,1048158207,1071038463,1062633471,1069547519,1073479679,1073741823,1073741823,1073741823,1073741823,1073741823:k6
1073741823,1073741823,1073709055,1072676863,1071628287,1064935423,1066844159,1062633471,1069547519,1073479679,1073741823,1073741823,1073741823,1073741823,1073741823:n8
1073741823,1073741823,1073709055,1072676863,1071628287,1064935423,1071038463,1045856255,1069547519,1073479679,1073741823,1073741823,1073741823,1073741823,1073741823:k6
1073741823,1073741823,1073709055,1072676863,1071628287,1064935423,1071038463,1062633471,1069547519,1056702463,1073741823,1073741823,1073741823,1073741823,1073741823:k6
1073741823,1073741823,1073709055,1072675839,1071628287,1064935423,1071038463,1062633471,1069547519,1073479679,1073741823,1073741823,1073741823,1073741823,1073741823:m5
1073741823,1073741823,1073709055,1072414719,1071628287,1064935423,1071038463,1062633471,1069547519,1073479679,1073741823,1073741823,1073741823,1073741823,1073741823:m5
1073741823,1073741823,1073709055,1072676863,1071628287,1064935423,1071038463,1062633215,1069547519,1073479679,1073741823,1073741823,1073741823,1073741823,1073741823:k6
1073741823,1073741823,1073709055,1072676863,1071628287,1064935167,1071038463,1062633471,1069547519,1073479679,1073741823,1073741823,1073741823,1073741823,1073741823:k6
1073741823,1073741823,1073709055,1072676607,1071628287,1064935423,1071038463,1062633471,1069547519,1073479679,1073741823,1073741823,1073741823,1073741823,1073741823:k6
1073741823,1073741823,1073709055,1072676863,1071628287,1064935423,1071038463,1062633471,1069546495,1073479679,1073741823,1073741823,1073741823,1073741823,1073741823:k6
1073741823,1073741823,1073709055,1072676863,1071628287,1064935423,1071037439,1062633471,1069547519,1073479679,1073741823,1073741823,1073741823,1073741823,1073741823:m5
1073741823,1073741823,1073709055,1072676863,1071627263,1064935423,1071038463,1062633471,1069547519,1073479679,1073741823,1073741823,1073741823,1073741823,1073741823:k6
1073741823,1073741823,1073709055,1072672767,1071628287,1064935423,1071038463,1062633471,1069547519,1073479679,1073741823,1073741823,1073741823,1073741823,1073741823:m5
1073741823,1073741823,1073709055,1072611327,1071628287,1064935423,1071038463,1062633471,1069547519,1073479679,1073741823,1073741823,1073741823,1073741823,1073741823:m5
1073741823,1073741823,1073709055,1072676863,1071366143,1064935423,1071038463,1062633471,1069547519,1073479679,1073741823,1073741823,1073741823,1073741823,1073741823:n8
1073741823,1073741823,1073709055,1072676863,1071628287,1063886847,1071038463,1062633471,1069547519,1073479679,1073741823,1073741823,1073741823,1073741823,1073741823:n8
1073741823,1073741823,1073709055,1072676863,1071628287,1064935423,1071038463,1062633471,1069547519,1073479679,1073741823,1073725439,1073741823,1073741823,1073741823:n8
1073741823,1073741823,1073709055,1072676863,1071628287,1064935423,1071038463,1062633471,1069547519,1073479679,1073676287,1073741823,1073741823,1073741823,1073741823:m5
1073741823,1073741823,1073709055,1072676863,1071628287,1064935423,1071038463,1062633471,1069547519,1073414143,1073741823,1073741823,1073741823,1073741823,1073741823:m5
1073741823,1073741823,1073709055,1072676863,1071628287,1064935423,1071038463,1062633471,1069547519,1072431103,1073741823,1073741823,1073741823,1073741823,1073741823:m5
1073741823,1073741823,1073709055,1072676863,1071628287,1064935423,1071038463,1062633471,1069547519,1073479679,1073741823,1069547519,1073741823,1073741823,1073741823:k6
1073741823,1073741823,1073709055,1072676863,1071628287,1064935423,1071038463,1062633471,1069547519,1073479679,1072693247,1073741823,1073741823,1073741823,1073741823:k6
1073741823,1073741823,1073709055,1072676863,1071628287,1064935423,1071038463,1062633471,1069547519,1073479679,1073741823,1073479679,1073741823,1073741823,1073741823:k6
1073741823,1073741823,1073709055,1072676863,1071628287,1064935423,1071038463,1062633471,1069547519,1073479679,1073479679,1073741823,1073741823,1073741823,1073741823:k6
1073741823,1073741823,1073709055,1072676863,1071628287,1064935423,1071038463,1062633471,1069547519,1069285375,1073741823,1073741823,1073741823,1073741823,1073741823:k6
1073741823,1073741823,1073709055,1072676863,1071628287,1064935423,1071038463,1062633471,1069285375,1073479679,1073741823,1073741823,1073741823,1073741823,1073741823:m5
1073741823,1073741823,1073709055,1072676863,1071624191,1064935423,1071038463,1062633471,1069547519,1073479679,1073741823,1073741823,1073741823,1073741823,1073741823:n8
1073741823,1073741823,1073709055,1072676863,1071562751,1064935423,1071038463,1062633471,1069547519,1073479679,1073741823,1073741823,1073741823,1073741823,1073741823:n8
1073741823,1073741823,1073709055,1072676863,1071628287,1064935423,1071038463,1062633471,1068498943,1073479679,1073741823,1073741823,1073741823,1073741823,1073741823:n8
1073741823,1073741823,1073709055,1072676863,1071628287,1064935423,1071038463,1062633471,1069547519,1073478655,1073741823,1073741823,1073741823,1073741823,1073741823:k6
1073741823,1073741823,1073709055,1072676863,1071628287,1064935423,1071038463,1062633471,1069543423,1073479679,1073741823,1073741823,1073741823,1073741823,1073741823:k6
1073741823,1073741823,1073709055,1072676863,1071628287,1064935423,1071038463,1062632447,1069547519,1073479679,1073741823,1073741823,1073741823,1073741823,1073741823:k6
1073741823,1073741823,1073709055,1072676863,1071628287,1064935423,1071038463,1062629375,1069547519,1073479679,1073741823,1073741823,1073741823,1073741823,1073741823:k6
1073741823,1073741823,1073709055,1072676863,1071628287,1064934399,1071038463,1062633471,1069547519,1073479679,1073741823,1073741823,1073741823,1073741823,1073741823:k6
1073741823,1073741823,1073709055,1072676863,1071628287,1064935423,1071034367,1062633471,1069547519,1073479679,1073741823,1073741823,1073741823,1073741823,1073741823:m5
1073741823,1073741823,1073709055,1072676863,1071628287,1064935423,1071038463,1062633471,1069481983,1073479679,1073741823,1073741823,1073741823,1073741823,1073741823:n8
1073741823,1073741823,1073709055,1072676863,1071628287,1064935423,1071038463,1062633471,1069547519,1073463295,1073741823,1073741823,1073741823,1073741823,1073741823:k6
1073741823,1073741823,1073709055,1072676863,1071628287,1064935423,1071038463,1062633471,1069531135,1073479679,1073741823,1073741823,1073741823,1073741823,1073741823:n8
1073741823,1073741823,1073741823,1072431103,1071628287,1064935423,1071038463,1062633471,1069547519,1073479679,1073741823,1073741823,1073741823,1073741823,1073741823:m5
1073741823,1073741823,1073741823,1072693247,1071628287,1064935423,1071038463,1062633215,1069547519,1073479679,1073741823,1073741823,1073741823,1073741823,1073741823:m5
1073741823,1073741823,1073741823,1072693247,1071628287,1064935167,1071038463,1062633471,1069547519,1073479679,1073741823,1073741823,1073741823,1073741823,1073741823:m5
1073741823,1073741823,1073741823,1072692991,1071628287,1064935423,1071038463,1062633471,1069547519,1073479679,1073741823,1073741823,1073741823,1073741823,1073741823:m5
1073741823,1073741823,1073741823,1072693247,1071628287,1064935423,1071038463,1062633471,1069546495,1073479679,1073741823,1073741823,1073741823,1073741823,1073741823:m5
1073741823,1073741823,1073741823,1072693247,1071628287,1064935423,1071037439,1062633471,1069547519,1073479679,1073741823,1073741823,1073741823,1073741823,1073741823:m5
1073741823,1073741823,1073741823,1072693247,1071627263,1064935423,1071038463,1062633471,1069547519,1073479679,1073741823,1073741823,1073741823,1073741823,1073741823:m5
1073741823,1073741823,1073741823,1072689151,1071628287,1064935423,1071038463,1062633471,1069547519,1073479679,1073741823,1073741823,1073741823,1073741823,1073741823:m5
1073741823,1073741823,1073741823,1072627711,1071628287,1064935423,1071038463,1062633471,1069547519,1073479679,1073741823,1073741823,1073741823,1073741823,1073741823:m5
1073741823,1073741823,1073741823,1072693247,1071366143,1064935423,1071038463,1062633471,1069547519,1073479679,1073741823,1073741823,1073741823,1073741823,1073741823:m5
1073741823,1073741823,1073741823,1072693247,1071628287,1063886847,1071038463,1062633471,1069547519,1073479679,1073741823,1073741823,1073741823,1073741823,1073741823:m5
1073741823,1073741823,1073741823,1072693247,1071628287,1064935423,1071038463,1062633471,1069547519,1073479679,1073741823,1073725439,1073741823,1073741823,1073741823:m5
1073741823,1073741823,1073741823,1072693247,1071628287,1064935423,1071038463,1062633471,1069547519,1073479679,1073676287,1073741823,1073741823,1073741823,1073741823:m5
1073741823,1073741823,1073741823,1072693247,1071628287,1064935423,1071038463,1062633471,1069547519,1073414143,1073741823,1073741823,1073741823,1073741823,1073741823:m5
1073741823,1073741823,1073741823,1072693247,1071628287,1064935423,1071038463,1062633471,1069547519,1072431103,1073741823,1073741823,1073741823,1073741823,1073741823:m5
1073741823,1073741823,1073741823,1072693247,1071628287,1064935423,1071038463,1062633471,1069547519,1073479679,1073741823,1069547519,1073741823,1073741823,1073741823:m5
1073741823,1073741823,1073741823,1072693247,1071628287,1064935423,1071038463,1062633471,1069547519,1073479679,1072693247,1073741823,1073741823,1073741823,1073741823:m5
1073741823,1073741823,1073741823,1072693247,1071628287,1064935423,1071038463,1062633471,1069547519,1073479679,1073741823,1073479679,1073741823,1073741823,1073741823:m5
1073741823,1073741823,1073741823,1072693247,1071628287,1064935423,1071038463,1062633471,1069547519,1073479679,1073479679,1073741823,1073741823,1073741823,1073741823:m5
1073741823,1073741823,1073741823,1072693247,1071628287,1064935423,1071038463,1062633471,1069547519,1069285375,1073741823,1073741823,1073741823,1073741823,1073741823:m5
1073741823,1073741823,1073741823,1072693247,1071628287,1064935423,1071038463,1062633471,1069285375,1073479679,1073741823,1073741823,1073741823,1073741823,1073741823:m5
1073741823,1073741823,1073741823,1072693247,1071624191,1064935423,1071038463,1062633471,1069547519,1073479679,1073741823,1073741823,1073741823,1073741823,1073741823:m5
1073741823,1073741823,1073741823,1072693247,1071562751,1064935423,1071038463,1062633471,1069547519,1073479679,1073741823,1073741823,1073741823,1073741823,1073741823:m5
1073741823,1073741823,1073741823,1072693247,1071628287,1064935423,1071038463,1062633471,1068498943,1073479679,1073741823,1073741823,1073741823,1073741823,1073741823:m5
1073741823,1073741823,1073741823,1072693247,1071628287,1064935423,1071038463,1062633471,1069547519,1073478655,1073741823,1073741823,1073741823,1073741823,1073741823:m5
1073741823,1073741823,1073741823,1072693247,1071628287,1064935423,1071038463,1062633471,1069543423,1073479679,1073741823,1073741823,1073741823,1073741823,1073741823:m5
1073741823,1073741823,1073741823,1072693247,1071628287,1064935423,1071038463,1062632447,1069547519,1073479679,1073741823,1073741823,1073741823,1073741823,1073741823:m5
1073741823,1073741823,1073741823,1072693247,1071628287,1064935423,1071038463,1062629375,1069547519,1073479679,1073741823,1073741823,1073741823,1073741823,1073741823:m5
1073741823,1073741823,1073741823,1072693247,1071628287,1064934399,1071038463,1062633471,1069547519,1073479679,1073741823,1073741823,1073741823,1073741823,1073741823:m5
1073741823,1073741823,1073741823,1072693247,1071628287,1064935423,1071034367,1062633471,1069547519,1073479679,1073741823,1073741823,1073741823,1073741823,1073741823:m5
1073741823,1073741823,1073741823,1072693247,1071628287,1064935423,1071038463,1062633471,1069481983,1073479679,1073741823,1073741823,1073741823,1073741823,1073741823:n8
1073741823,1073741823,1073741823,1072693247,1071628287,1064935423,1071038463,1062633471,1069547519,1073463295,1073741823,1073741823,1073741823,1073741823,1073741823:m5
1073741823,1073741823,1073741823,1072693247,1071628287,1064935423,1071038463,1062633471,1069531135,1073479679,1073741823,1073741823,1073741823,1073741823,1073741823:m5
1073741823,1073741823,1073741823,1073741823,1071366143,1073324031,1071038463,1062633471,1069547519,1073479679,1073741823,1073741823,1073741823,1073741823,1073741823:k6
1073741823,1073741823,1073741823,1073741823,1071628287,1072275455,1071038463,1062633471,1069547519,1073479679,1073741823,1073741823,1073741823,1073741823,1073741823:l6
1073741823,1073741823,1073741823,1073741823,1071628287,1073324031,1071038463,1062633471,1069547519,1073479679,1073741823,1073725439,1073741823,1073741823,1073741823:k6
1073741823,1073741823,1073741823,1073741823,1071628287,1073324031,1071038463,1062633471,1069547519,1073479679,1073676287,1073741823,1073741823,1073741823,1073741823:k6
1073741823,1073741823,1073741823,1073741823,1071628287,1073324031,1071038463,1062633471,1069547519,1073414143,1073741823,1073741823,1073741823,1073741823,1073741823:k6
1073741823,1073741823,1073741823,1073741823,1071628287,1073324031,1071038463,1062633471,1069547519,1072431103,1073741823,1073741823,1073741823,1073741823,1073741823:k6
1073741823,1073741823,1073741823,1073741823,1071628287,1073324031,1071038463,1062633471,1069547519,1073479679,1073741823,1069547519,1073741823,1073741823,1073741823:k6
1073741823,1073741823,1073741823,1073741823,1071628287,1073324031,1071038463,1062633471,1069547519,1073479679,1072693247,1073741823,1073741823,1073741823,1073741823:k6
1073741823,1073741823,1073741823,1073741823,1071628287,1073324031,1071038463,1062633471,1069547519,1073479679,1073741823,1073479679,1073741823,1073741823,1073741823:k6
1073741823,1073741823,1073741823,1073741823,1071628287,1073324031,1071038463,1062633471,1069547519,1073479679,1073479679,1073741823,1073741823,1073741823,1073741823:k6
1073741823,1073741823,1073741823,1073741823,1071628287,1069129727,1071038463,1062633471,1069547519,1073479679,1073741823,1073741823,1073741823,1073741823,1073741823:k6
1073741823,1073741823,1073741823,1073741823,1071628287,1073324031,1071038463,1062633471,1069547519,1069285375,1073741823,1073741823,1073741823,1073741823,1073741823:k6
1073741823,1073741823,1073741823,1073741823,1071628287,1073324031,1071038463,1062633471,1069285375,1073479679,1073741823,1073741823,1073741823,1073741823,1073741823:k6
1073741823,1073741823,1073741823,1073741823,1071624191,1073324031,1071038463,1062633471,1069547519,1073479679,1073741823,1073741823,1073741823,1073741823,1073741823:k6
1073741823,1073741823,1073741823,1073741823,1071562751,1073324031,1071038463,1062633471,1069547519,1073479679,1073741823,1073741823,1073741823,1073741823,1073741823:k6
1073741823,1073741823,1073741823,1073741823,1071628287,1073324031,1071038463,1062633471,1068498943,1073479679,1073741823,1073741823,1073741823,1073741823,1073741823:l6
1073741823,1073741823,1073741823,1073741823,1071628287,1073324031,1071038463,1062633471,1069547519,1073478655,1073741823,1073741823,1073741823,1073741823,1073741823:k6
1073741823,1073741823,1073741823,1073741823,1071628287,1073324031,1071038463,1062633471,1069543423,1073479679,1073741823,1073741823,1073741823,1073741823,1073741823:k6
1073741823,1073741823,1073741823,1073741823,1071628287,1073324031,1071038463,1062632447,1069547519,1073479679,1073741823,1073741823,1073741823,1073741823,1073741823:k6
1073741823,1073741823,1073741823,1073741823,1071628287,1073324031,1071038463,1062629375,1069547519,1073479679,1073741823,1073741823,1073741823,1073741823,1073741823:k6
1073741823,1073741823,1073741823,1073741823,1071628287,1073323007,1071038463,1062633471,1069547519,1073479679,1073741823,1073741823,1073741823,1073741823,1073741823:k6
1073741823,1073741823,1073741823,1073741823,1071628287,1073324031,1071034367,1062633471,1069547519,1073479679,1073741823,1073741823,1073741823,1073741823,1073741823:k6
1073741823,1073741823,1073741823,1073741823,1071628287,1073324031,1071038463,1062633471,1069481983,1073479679,1073741823,1073741823,1073741823,1073741823,1073741823:k6
1073741823,1073741823,1073741823,1073741823,1071628287,1073324031,1071038463,1062633471,1069547519,1073463295,1073741823,1073741823,1073741823,1073741823,1073741823:k6
1073741823,1073741823,1073741823,1073741823,1071628287,1073324031,1071038463,1062633471,1069531135,1073479679,1073741823,1073741823,1073741823,1073741823,1073741823:k6
