1073741823,1073741823,1073741823,1073741823,1069285375,1071251455,1073381375,1073108991,1073741823,1073725439,1073741823,1073741823,1073741823,1073741823,1073741823:e8
1073741823,1073741823,1073741823,1073741823,1069285375,1071251455,1073381375,1073108479,1073741823,1073725423,1073741823,1073741823,1073741823,1073741823,1073741823:d8
1073741823,1073741823,1073741823,1073741823,1069285375,1071251455,1073381375,1073108479,1073741759,1073725439,1073741823,1073741823,1073741823,1073741823,1073741823:d8
1073741823,1073741823,1073741823,1073741823,1069285375,1071251455,1073381375,1073108463,1073741823,1073725439,1073741823,1073741823,1073741823,1073741823,1073741823:d8
1073741823,1073741823,1073741823,1073741823,1069285375,1071251439,1073381375,1073108479,1073741823,1073725439,1073741823,1073741823,1073741823,1073741823,1073741823:d8
1073741823,1073741823,1073741823,1073741823,1069285375,1071251455,1073381311,1073108479,1073741823,1073725439,1073741823,1073741823,1073741823,1073741823,1073741823:d8
1073741823,1073741823,1006632959,1073741823,1069285375,1071251455,1073381375,1073108479,1073741823,1073725439,1073741823,1073741823,1073741823,1073741823,1073741823:d8
1073741823,1073741823,1073741823,1073741823,1002176511,1071251455,1073381375,1073108479,1073741823,1073725439,1073741823,1073741823,1073741823,1073741823,1073741823:d8
1073741823,1073741823,1073741823,1073741823,1052508159,1071251455,1073381375,1073108479,1073741823,1073725439,1073741823,1073741823,1073741823,1073741823,1073741823:d8
1073741823,1073741823,1073741823,1073741823,1069285375,1071251455,1006272511,1073108479,1073741823,1073725439,1073741823,1073741823,1073741823,1073741823,1073741823:d8
1073741823,1073741823,1073741823,1073741823,1069285375,1071251455,1073381375,1073108479,1073741823,1073725375,1073741823,1073741823,1073741823,1073741823,1073741823:d8
1073741823,1073741823,1073741823,1073741823,1069285375,1071251455,1073381375,1073108479,1073741567,1073725439,1073741823,1073741823,1073741823,1073741823,1073741823:d8
1073741823,1073741823,1073741823,1073741823,1069285375,1071251455,1073381375,1073108415,1073741823,1073725439,1073741823,1073741823,1073741823,1073741823,1073741823:e10
1073741823,1073741823,1073741823,1073741823,1069285375,1071251391,1073381375,1073108479,1073741823,1073725439,1073741823,1073741823,1073741823,1073741823,1073741823:d8
1073741823,1073741823,1073741823,1073741823,1069285375,1071251455,1073381119,1073108479,1073741823,1073725439,1073741823,1073741823,1073741823,1073741823,1073741823:d8
1073741823,1073741823,1073725439,1073741823,1069285375,1071251455,1073381375,1073108479,1073741823,1073725439,1073741823,1073741823,1073741823,1073741823,1073741823:d8
1073741823,1073741823,1073479679,1073741823,1069285375,1071251455,1073381375,1073108479,1073741823,1073725439,1073741823,1073741823,1073741823,1073741823,1073741823:d8
1073741823,1073741823,1069547519,1073741823,1069285375,1071251455,1073381375,1073108479,1073741823,1073725439,1073741823,1073741823,1073741823,1073741823,1073741823:d8
1073741823,1073741823,1073741823,1073741823,1069284351,1071251455,1073381375,1073108479,1073741823,1073725439,1073741823,1073741823,1073741823,1073741823,1073741823:d8
1073741823,1073741823,1073741823,1073741823,1069285375,1071251455,1073381375,1073108479,1073741823,1072676863,1073741823,1073741823,1073741823,1073741823,1073741823:d8
1073741823,1073741823,1073741823,1073741823,1069285375,1071251455,1073381375,1073108479,1073741823,1073725183,1073741823,1073741823,1073741823,1073741823,1073741823:d8
1073741823,1073741823,1073741823,1073741823,1069285375,1071251455,1073381375,1073108479,1073740799,1073725439,1073741823,1073741823,1073741823,1073741823,1073741823:d8
1073741823,1073741823,1073741823,1073741823,1069285375,1071251199,1073381375,1073108479,1073741823,1073725439,1073741823,1073741823,1073741823,1073741823,1073741823:d8
1073741823,1073741823,1073741823,1073741823,1069285375,1071251455,1073380351,1073108479,1073741823,1073725439,1073741823,1073741823,1073741823,1073741823,1073741823:d8
1073741823,1073741823,1073741823,1073725439,1069285375,1071251455,1073381375,1073108479,1073741823,1073725439,1073741823,1073741823,1073741823,1073741823,1073741823:d8
1073741823,1073741823,1073741823,1073479679,1069285375,1071251455,1073381375,1073108479,1073741823,1073725439,1073741823,1073741823,1073741823,1073741823,1073741823:d8
1073741823,1073741823,1073741823,1069547519,1069285375,1071251455,1073381375,1073108479,1073741823,1073725439,1073741823,1073741823,1073741823,1073741823,1073741823:d8
1073741823,1073741823,1073741823,1056964607,1069285375,1071251455,1073381375,1073108479,1073741823,1073725439,1073741823,1073741823,1073741823,1073741823,1073741823:d8
1073741823,1073741823,1073741823,1073741823,1069285375,1054474239,1073381375,1073108479,1073741823,1073725439,1073741823,1073741823,1073741823,1073741823,1073741823:d8
1073741823,1073741823,1073741823,1073741823,1069285375,1071251455,1073381375,1056331263,1073741823,1073725439,1073741823,1073741823,1073741823,1073741823,1073741823:d8
1073741823,1073741823,1073741823,1073741823,1069285375,1071251455,1069187071,1073108479,1073741823,1073725439,1073741823,1073741823,1073741823,1073741823,1073741823:d8
1073741823,1073741823,1073741823,1073741823,1069285375,1071251455,1073381375,1073108479,1069547519,1073725439,1073741823,1073741823,1073741823,1073741823,1073741823:d8
1073741823,1073741823,1073741823,1073741823,1069285375,1071247359,1073381375,1073108479,1073741823,1073725439,1073741823,1073741823,1073741823,1073741823,1073741823:d8
1073741823,1073741823,1073741823,1073737727,1069285375,1071251455,1073381375,1073108479,1073741823,1073725439,1073741823,1073741823,1073741823,1073741823,1073741823:d8
1073741823,1073741823,1073741823,1073741823,1069268991,1071251455,1073381375,1073108479,1073741823,1073725439,1073741823,1073741823,1073741823,1073741823,1073741823:d8
1073741823,1073741823,1073741823,1073676287,1069285375,1071251455,1073381375,1073108479,1073741823,1073725439,1073741823,1073741823,1073741823,1073741823,1073741823:d8
1073741823,1073741823,1073741823,1072693247,1069285375,1071251455,1073381375,1073108479,1073741823,1073725439,1073741823,1073741823,1073741823,1073741823,1073741823:d8
1073741823,1073741823,1073741823,1073741823,1069285375,1071251455,1073381375,1073108479,1073741823,1073725439,1073741823,1073740799,1073741823,1073741823,1073741823:d8
1073741823,1073741823,1073741823,1073741823,1069285375,1071251455,1073381375,1073108479,1073741823,1073725439,1073737727,1073741823,1073741823,1073741823,1073741823:d8
1073741823,1073741823,1073741823,1073741823,1069285375,1071251455,1073381375,1073108479,1073741823,1073721343,1073741823,1073741823,1073741823,1073741823,1073741823:d8
1073741823,1073741823,1073741823,1073741823,1069285375,1071251455,1073381375,1073108479,1073741823,1073659903,1073741823,1073741823,1073741823,1073741823,1073741823:d8
1073741823,1073741823,1073741823,1073741823,1069285375,1071251455,1073381375,1073108479,1073741823,1073725439,1073741823,1073479679,1073741823,1073741823,1073741823:d8
1073741823,1073741823,1073741823,1073741823,1069285375,1071251455,1073381375,1073108479,1073741823,1073725439,1073676287,1073741823,1073741823,1073741823,1073741823:d8
1073741823,1073741823,1073741823,1073741823,1069285375,1071251455,1073381375,1073108479,1073741823,1073725439,1073741823,1073725439,1073741823,1073741823,1073741823:d8
1073741823,1073741823,1073741823,1073741823,1069285375,1071251455,1073381375,1073108479,1073741823,1073725439,1073725439,1073741823,1073741823,1073741823,1073741823:d8
1073741823,1073741823,1073741823,1073741823,1069285375,1067057151,1073381375,1073108479,1073741823,1073725439,1073741823,1073741823,1073741823,1073741823,1073741823:d8
1073741823,1073741823,1073741823,1073741823,1069285375,1071251455,1073381375,1068914175,1073741823,1073725439,1073741823,1073741823,1073741823,1073741823,1073741823:d8
1073741823,1073741823,1073741823,1073741823,1069285375,1071251455,1073381375,1072059903,1073741823,1073725439,1073741823,1073741823,1073741823,1073741823,1073741823:d8
1073741823,1073741823,1073741823,1073741823,1069285375,1071251455,1073381375,1073108479,1073741823,1069531135,1073741823,1073741823,1073741823,1073741823,1073741823:d8
1073741823,1073741823,1073741823,1073741823,1069285375,1071251455,1073381375,1073108479,1073479679,1073725439,1073741823,1073741823,1073741823,1073741823,1073741823:d8
1073741823,1073741823,1073741823,1073741823,1069281279,1071251455,1073381375,1073108479,1073741823,1073725439,1073741823,1073741823,1073741823,1073741823,1073741823:d8
1073741823,1073741823,1073741823,1073741823,1069219839,1071251455,1073381375,1073108479,1073741823,1073725439,1073741823,1073741823,1073741823,1073741823,1073741823:d8
1073741823,1073741823,1073741823,1073741823,1068236799,1071251455,1073381375,1073108479,1073741823,1073725439,1073741823,1073741823,1073741823,1073741823,1073741823:d8
1073741823,1073741823,1073741823,1073741823,1069285375,1071251455,1072332799,1073108479,1073741823,1073725439,1073741823,1073741823,1073741823,1073741823,1073741823:d8
1073741823,1073741823,1073741823,1073741823,1069285375,1071251455,1073381375,1073108479,1072693247,1073725439,1073741823,1073741823,1073741823,1073741823,1073741823:d8
1073741823,1073741823,1073741823,1073741823,1069285375,1071251455,1073381375,1073108479,1073741823,1073724415,1073741823,1073741823,1073741823,1073741823,1073741823:d8
1073741823,1073741823,1073741823,1073741823,1069285375,1071251455,1073381375,1073108479,1073737727,1073725439,1073741823,1073741823,1073741823,1073741823,1073741823:d8
1073741823,1073741823,1073741823,1073741823,1069285375,1071250431,1073381375,1073108479,1073741823,1073725439,1073741823,1073741823,1073741823,1073741823,1073741823:d8
1073741823,1073741823,1073741823,1073741823,1069285375,1071251455,1073377279,1073108479,1073741823,1073725439,1073741823,1073741823,1073741823,1073741823,1073741823:d8
1073741823,1073741823,1073741823,1073741823,1069285375,1071235071,1073381375,1073108479,1073741823,1073725439,1073741823,1073741823,1073741823,1073741823,1073741823:d8
1073741823,1073741823,1073741823,1073741823,1069285375,1071251455,1073381375,1073108479,1073741823,1073463295,1073741823,1073741823,1073741823,1073741823,1073741823:d8
1073741823,1073741823,1073741823,1073741823,1069285375,1071251455,1073381375,1073108479,1073676287,1073725439,1073741823,1073741823,1073741823,1073741823,1073741823:d8
1073741823,1073741823,1073741823,1073741823,1069285375,1071251455,1073381375,1073108479,1073725439,1073725439,1073741823,1073741823,1073741823,1073741823,1073741823:d8
