1073741823,1073741823,1073741823,1073741823,1073479679,1071251455,1073381375,1073108975,1073741823,1073725439,1073741823,1073741823,1073741823,1073741823,1073741823:e8
1073741823,1073741823,1073741823,1073741823,1073479679,1071251455,1073381375,1073108463,1073741823,1073725438,1073741823,1073741823,1073741823,1073741823,1073741823:d8
1073741823,1073741823,1073741823,1073741823,1073479679,1071251455,1073381375,1073108463,1073741819,1073725439,1073741823,1073741823,1073741823,1073741823,1073741823:d8
1073741823,1073741823,1073741823,1073741823,1073479679,1071251455,1073381375,1073108462,1073741823,1073725439,1073741823,1073741823,1073741823,1073741823,1073741823:d8
1073741823,1073741823,1073741823,1073741823,1073479679,1071251455,1073381375,1073108459,1073741823,1073725439,1073741823,1073741823,1073741823,1073741823,1073741823:d8
1073741823,1073741823,1073741823,1073741823,1073479679,1071251454,1073381375,1073108463,1073741823,1073725439,1073741823,1073741823,1073741823,1073741823,1073741823:d8
1073741823,1073741823,1073741823,1073741823,1073479679,1071251455,1073381371,1073108463,1073741823,1073725439,1073741823,1073741823,1073741823,1073741823,1073741823:d8
1073741823,1073741823,1073741823,1073741823,1073479679,1071251439,1073381375,1073108463,1073741823,1073725439,1073741823,1073741823,1073741823,1073741823,1073741823:d8
1073741823,1073741823,1073741823,1073741823,1073479679,1071251455,1073381359,1073108463,1073741823,1073725439,1073741823,1073741823,1073741823,1073741823,1073741823:d8
1073741823,1073741823,1073741823,1073741823,1073479679,1071251455,1073381311,1073108463,1073741823,1073725439,1073741823,1073741823,1073741823,1073741823,1073741823:d8
1073741823,1073741823,1073741823,1073741823,1073479679,1071251455,1073381375,1073108463,1073741759,1073725439,1073741823,1073741823,1073741823,1073741823,1073741823:d8
1073741823,1073741823,1073741823,1073741823,1073479679,1071251455,1073381375,1073108463,1073741823,1073725423,1073741823,1073741823,1073741823,1073741823,1073741823:d8
1073741823,1073741823,1073741823,1073741823,1073479679,1071251455,1073381375,1073108463,1073741807,1073725439,1073741823,1073741823,1073741823,1073741823,1073741823:d8
1073741823,1073741823,1073741823,1073741823,1073479679,1071251455,1073381375,1073108463,1073741823,1073725375,1073741823,1073741823,1073741823,1073741823,1073741823:d8
1073741823,1073741823,1073741823,1073741823,1073479679,1071251455,1073381375,1073108463,1073741567,1073725439,1073741823,1073741823,1073741823,1073741823,1073741823:d8
1073741823,1073741823,1073741823,1073741823,1073479679,1071251455,1073381375,1073108399,1073741823,1073725439,1073741823,1073741823,1073741823,1073741823,1073741823:f9
1073741823,1073741823,1073741823,1073741823,1073479679,1071251391,1073381375,1073108463,1073741823,1073725439,1073741823,1073741823,1073741823,1073741823,1073741823:d8
1073741823,1073741823,1073741823,1073741823,1073479679,1071251455,1073381119,1073108463,1073741823,1073725439,1073741823,1073741823,1073741823,1073741823,1073741823:d8
1073741823,1073741823,1073725439,1073741823,1073479679,1071251455,1073381375,1073108463,1073741823,1073725439,1073741823,1073741823,1073741823,1073741823,1073741823:d8
1073741823,1073741823,1073479679,1073741823,1073479679,1071251455,1073381375,1073108463,1073741823,1073725439,1073741823,1073741823,1073741823,1073741823,1073741823:d8
1073741823,1073741823,1069547519,1073741823,1073479679,1071251455,1073381375,1073108463,1073741823,1073725439,1073741823,1073741823,1073741823,1073741823,1073741823:d8
1073741823,1073741823,1073741823,1073741823,1073478655,1071251455,1073381375,1073108463,1073741823,1073725439,1073741823,1073741823,1073741823,1073741823,1073741823:d8
1073741823,1073741823,1073741823,1073741823,1073479679,1071251455,1073381375,1073108463,1073741823,1072676863,1073741823,1073741823,1073741823,1073741823,1073741823:d8
1073741823,1073741823,1073741823,1073741823,1073479679,1071251455,1073381375,1073108463,1073741823,1073725183,1073741823,1073741823,1073741823,1073741823,1073741823:d8
1073741823,1073741823,1073741823,1073741823,1073479679,1071251455,1073381375,1073108463,1073740799,1073725439,1073741823,1073741823,1073741823,1073741823,1073741823:d8
1073741823,1073741823,1073741823,1073741823,1073479679,1071251199,1073381375,1073108463,1073741823,1073725439,1073741823,1073741823,1073741823,1073741823,1073741823:d8
1073741823,1073741823,1073741823,1073741823,1073479679,1071251455,1073380351,1073108463,1073741823,1073725439,1073741823,1073741823,1073741823,1073741823,1073741823:d8
1073741823,1073741823,1073741823,1073725439,1073479679,1071251455,1073381375,1073108463,1073741823,1073725439,1073741823,1073741823,1073741823,1073741823,1073741823:d8
1073741823,1073741823,1073741823,1073479679,1073479679,1071251455,1073381375,1073108463,1073741823,1073725439,1073741823,1073741823,1073741823,1073741823,1073741823:d8
1073741823,1073741823,1073741823,1069547519,1073479679,1071251455,1073381375,1073108463,1073741823,1073725439,1073741823,1073741823,1073741823,1073741823,1073741823:d8
1073741823,1073741823,1073741823,1056964607,1073479679,1071251455,1073381375,1073108463,1073741823,1073725439,1073741823,1073741823,1073741823,1073741823,1073741823:d8
1073741823,1073741823,1073741823,1073741823,1073479679,1054474239,1073381375,1073108463,1073741823,1073725439,1073741823,1073741823,1073741823,1073741823,1073741823:d8
1073741823,1073741823,1073741823,1073741823,1073479679,1071251455,1073381375,1056331247,1073741823,1073725439,1073741823,1073741823,1073741823,1073741823,1073741823:d8
1073741823,1073741823,1073741823,1073741823,1069285375,1071251455,1073381375,1073108463,1073741823,1073725439,1073741823,1073741823,1073741823,1073741823,1073741823:d8
1073741823,1073741823,1073741823,1073741823,1073479679,1071251455,1069187071,1073108463,1073741823,1073725439,1073741823,1073741823,1073741823,1073741823,1073741823:d8
1073741823,1073741823,1073741823,1073741823,1073479679,1071251455,1073381375,1073108463,1069547519,1073725439,1073741823,1073741823,1073741823,1073741823,1073741823:d8
1073741823,1073741823,1073741823,1073741823,1073479679,1071247359,1073381375,1073108463,1073741823,1073725439,1073741823,1073741823,1073741823,1073741823,1073741823:d8
1073741823,1073741823,1073741823,1073737727,1073479679,1071251455,1073381375,1073108463,1073741823,1073725439,1073741823,1073741823,1073741823,1073741823,1073741823:d8
1073741823,1073741823,1073741823,1073741823,1073463295,1071251455,1073381375,1073108463,1073741823,1073725439,1073741823,1073741823,1073741823,1073741823,1073741823:d8
1073741823,1073741823,1073741823,1073676287,1073479679,1071251455,1073381375,1073108463,1073741823,1073725439,1073741823,1073741823,1073741823,1073741823,1073741823:d8
1073741823,1073741823,1073741823,1072693247,1073479679,1071251455,1073381375,1073108463,1073741823,1073725439,1073741823,1073741823,1073741823,1073741823,1073741823:d8
1073741823,1073741823,1073741823,1073741823,1073479679,1071251455,1073381375,1073108463,1073741823,1073725439,1073741823,1073740799,1073741823,1073741823,1073741823:d8
1073741823,1073741823,1073741823,1073741823,1073479679,1071251455,1073381375,1073108463,1073741823,1073725439,1073737727,1073741823,1073741823,1073741823,1073741823:d8
1073741823,1073741823,1073741823,1073741823,1073479679,1071251455,1073381375,1073108463,1073741823,1073721343,1073741823,1073741823,1073741823,1073741823,1073741823:d8
1073741823,1073741823,1073741823,1073741823,1073479679,1071251455,1073381375,1073108463,1073741823,1073659903,1073741823,1073741823,1073741823,1073741823,1073741823:d8
1073741823,1073741823,1073741823,1073741823,1073479679,1071251455,1073381375,1073108463,1073741823,1073725439,1073741823,1073479679,1073741823,1073741823,1073741823:d8
1073741823,1073741823,1073741823,1073741823,1073479679,1071251455,1073381375,1073108463,1073741823,1073725439,1073676287,1073741823,1073741823,1073741823,1073741823:d8
1073741823,1073741823,1073741823,1073741823,1073479679,1071251455,1073381375,1073108463,1073741823,1073725439,1073741823,1073725439,1073741823,1073741823,1073741823:d8
1073741823,1073741823,1073741823,1073741823,1073479679,1071251455,1073381375,1073108463,1073741823,1073725439,1073725439,1073741823,1073741823,1073741823,1073741823:d8
1073741823,1073741823,1073741823,1073741823,1073479679,1067057151,1073381375,1073108463,1073741823,1073725439,1073741823,1073741823,1073741823,1073741823,1073741823:d8
1073741823,1073741823,1073741823,1073741823,1073479679,1071251455,1073381375,1068914159,1073741823,1073725439,1073741823,1073741823,1073741823,1073741823,1073741823:d8
1073741823,1073741823,1073741823,1073741823,1073479679,1071251455,1073381375,1072059887,1073741823,1073725439,1073741823,1073741823,1073741823,1073741823,1073741823:d8
1073741823,1073741823,1073741823,1073741823,1073479679,1071251455,1073381375,1073108463,1073741823,1069531135,1073741823,1073741823,1073741823,1073741823,1073741823:d8
1073741823,1073741823,1073741823,1073741823,1073479679,1071251455,1073381375,1073108463,1073479679,1073725439,1073741823,1073741823,1073741823,1073741823,1073741823:d8
1073741823,1073741823,1073741823,1073741823,1073475583,1071251455,1073381375,1073108463,1073741823,1073725439,1073741823,1073741823,1073741823,1073741823,1073741823:d8
1073741823,1073741823,1073741823,1073741823,1073414143,1071251455,1073381375,1073108463,1073741823,1073725439,1073741823,1073741823,1073741823,1073741823,1073741823:d8
1073741823,1073741823,1073741823,1073741823,1072431103,1071251455,1073381375,1073108463,1073741823,1073725439,1073741823,1073741823,1073741823,1073741823,1073741823:d8
1073741823,1073741823,1073741823,1073741823,1073479679,1071251455,1072332799,1073108463,1073741823,1073725439,1073741823,1073741823,1073741823,1073741823,1073741823:d8
1073741823,1073741823,1073741823,1073741823,1073479679,1071251455,1073381375,1073108463,1072693247,1073725439,1073741823,1073741823,1073741823,1073741823,1073741823:d8
1073741823,1073741823,1073741823,1073741823,1073479679,1071251455,1073381375,1073108463,1073741823,1073724415,1073741823,1073741823,1073741823,1073741823,1073741823:d8
1073741823,1073741823,1073741823,1073741823,1073479679,1071251455,1073381375,1073108463,1073737727,1073725439,1073741823,1073741823,1073741823,1073741823,1073741823:d8
1073741823,1073741823,1073741823,1073741823,1073479679,1071250431,1073381375,1073108463,1073741823,1073725439,1073741823,1073741823,1073741823,1073741823,1073741823:d8
1073741823,1073741823,1073741823,1073741823,1073479679,1071251455,1073377279,1073108463,1073741823,1073725439,1073741823,1073741823,1073741823,1073741823,1073741823:d8
1073741823,1073741823,1073741823,1073741823,1073479679,1071235071,1073381375,1073108463,1073741823,1073725439,1073741823,1073741823,1073741823,1073741823,1073741823:d8
1073741823,1073741823,1073741823,1073741823,1073479679,1071251455,1073381375,1073108463,1073741823,1073463295,1073741823,1073741823,1073741823,1073741823,1073741823:d8
1073741823,1073741823,1073741823,1073741823,1073479679,1071251455,1073381375,1073108463,1073676287,1073725439,1073741823,1073741823,1073741823,1073741823,1073741823:d8
1073741823,1073741823,1073741823,1073741823,1073479679,1071251455,1073381375,1073108463,1073725439,1073725439,1073741823,1073741823,1073741823,1073741823,1073741823:d8
