1073741823,1073741823,1073741823,1073741823,1073479679,1071251455,1073381375,1006000127,1073741823,1073725439,1073741823,1073741823,1073741823,1073741823,1073741823:f9
1073741823,1073741823,1073741823,1073741823,1073479679,1071251455,1073381375,1006000127,1073739775,1073725439,1073741759,1073741823,1073741823,1073741823,1073741823:e10
1073741823,1073741823,1073741823,1073741823,1073479679,1071251455,1073381375,1006000127,1073739711,1073725439,1073741823,1073741823,1073741823,1073741823,1073741823:e10
1073741823,1073741823,1073741823,1073741823,1073479679,1071251455,1073381311,1006000127,1073739775,1073725439,1073741823,1073741823,1073741823,1073741823,1073741823:e10
1073741823,1073741823,1073741823,1073741823,1073479679,1071251455,1073381375,1006000127,1073739775,1073725439,1073740799,1073741823,1073741823,1073741823,1073741823:e10
1073741823,1073741823,1073741823,1073741823,1073479679,1071251455,1073381375,1006000127,1056962559,1073725439,1073741823,1073741823,1073741823,1073741823,1073741823:e10
1073741823,1073741823,1073741823,1073741823,1073479679,1071251455,1056604159,1006000127,1073739775,1073725439,1073741823,1073741823,1073741823,1073741823,1073741823:e10
1073741823,1073741823,1073741823,1073741823,1073479679,1004142591,1073381375,1006000127,1073739775,1073725439,1073741823,1073741823,1073741823,1073741823,1073741823:e10
1073741823,1073741823,1073741823,1073741823,1073479679,1071251455,1006272511,1006000127,1073739775,1073725439,1073741823,1073741823,1073741823,1073741823,1073741823:e10
1073741823,1073741823,1073741823,1073741823,1073479679,1071251455,804945919,1006000127,1073739775,1073725439,1073741823,1073741823,1073741823,1073741823,1073741823:e10
1073741823,1073741823,1073741823,1073741823,1073479679,1071251455,1073381375,737564671,1073739775,1073725439,1073741823,1073741823,1073741823,1073741823,1073741823:e10
1073741823,1073741823,1073741823,1073741823,1073479679,1071251455,1073381375,1006000127,805304319,1073725439,1073741823,1073741823,1073741823,1073741823,1073741823:e10
1073741823,1073741823,1073741823,1073741823,1073479679,1071251455,1073381375,1006000127,1073739775,1006616575,1073741823,1073741823,1073741823,1073741823,1073741823:e10
1073741823,1073741823,1073741823,1073741823,1073479679,1071251455,1073381375,1006000127,1006630911,1073725439,1073741823,1073741823,1073741823,1073741823,1073741823:e10
1073741823,1073741823,1073741823,1073741823,1073479679,1071251455,1073381375,1006000127,1073739775,1073725375,1073741823,1073741823,1073741823,1073741823,1073741823:e10
1073741823,1073741823,1073741823,1073741823,1073479679,1071251455,1073381375,1006000127,1073739519,1073725439,1073741823,1073741823,1073741823,1073741823,1073741823:e10
1073741823,1073741823,1073741823,1073741823,1073479679,1071251455,1073381375,1006000063,1073739775,1073725439,1073741823,1073741823,1073741823,1073741823,1073741823:e10
1073741823,1073741823,1073741823,1073741823,1073479679,1071251391,1073381375,1006000127,1073739775,1073725439,1073741823,1073741823,1073741823,1073741823,1073741823:e10
1073741823,1073741823,1073741823,1073741823,1073479679,1071251455,1073381119,1006000127,1073739775,1073725439,1073741823,1073741823,1073741823,1073741823,1073741823:e10
1073741823,1073741823,1073725439,1073741823,1073479679,1071251455,1073381375,1006000127,1073739775,1073725439,1073741823,1073741823,1073741823,1073741823,1073741823:e10
1073741823,1073741823,1073479679,1073741823,1073479679,1071251455,1073381375,1006000127,1073739775,1073725439,1073741823,1073741823,1073741823,1073741823,1073741823:e10
1073741823,1073741823,1069547519,1073741823,1073479679,1071251455,1073381375,1006000127,1073739775,1073725439,1073741823,1073741823,1073741823,1073741823,1073741823:e10
1073741823,1073741823,1073741823,1073741823,1073478655,1071251455,1073381375,1006000127,1073739775,1073725439,1073741823,1073741823,1073741823,1073741823,1073741823:e10
1073741823,1073741823,1073741823,1073741823,1073479679,1071251455,1073381375,1006000127,1073739775,1072676863,1073741823,1073741823,1073741823,1073741823,1073741823:e10
1073741823,1073741823,1073741823,1073741823,1073479679,1071251455,1073381375,1006000127,1073739775,1073725183,1073741823,1073741823,1073741823,1073741823,1073741823:e8
1073741823,1073741823,1073741823,1073741823,1073479679,1071251455,1073381375,1005999871,1073739775,1073725439,1073741823,1073741823,1073741823,1073741823,1073741823:e10
1073741823,1073741823,1073741823,1073741823,1073479679,1071251199,1073381375,1006000127,1073739775,1073725439,1073741823,1073741823,1073741823,1073741823,1073741823:e10
1073741823,1073741823,1073741823,1073741823,1073479679,1071251455,1073380351,1006000127,1073739775,1073725439,1073741823,1073741823,1073741823,1073741823,1073741823:e10
1073741823,1073741823,1073741823,1073725439,1073479679,1071251455,1073381375,1006000127,1073739775,1073725439,1073741823,1073741823,1073741823,1073741823,1073741823:e10
1073741823,1073741823,1073741823,1073479679,1073479679,1071251455,1073381375,1006000127,1073739775,1073725439,1073741823,1073741823,1073741823,1073741823,1073741823:e10
1073741823,1073741823,1073741823,1069547519,1073479679,1071251455,1073381375,1006000127,1073739775,1073725439,1073741823,1073741823,1073741823,1073741823,1073741823:e10
1073741823,1073741823,1073741823,1056964607,1073479679,1071251455,1073381375,1006000127,1073739775,1073725439,1073741823,1073741823,1073741823,1073741823,1073741823:e10
1073741823,1073741823,1073741823,1073741823,1073479679,1054474239,1073381375,1006000127,1073739775,1073725439,1073741823,1073741823,1073741823,1073741823,1073741823:e10
1073741823,1073741823,1073741823,1073741823,1073479679,1071251455,1073381375,989222911,1073739775,1073725439,1073741823,1073741823,1073741823,1073741823,1073741823:e10
1073741823,1073741823,1073741823,1073741823,1069285375,1071251455,1073381375,1006000127,1073739775,1073725439,1073741823,1073741823,1073741823,1073741823,1073741823:e10
1073741823,1073741823,1073741823,1073741823,1073479679,1071251455,1069187071,1006000127,1073739775,1073725439,1073741823,1073741823,1073741823,1073741823,1073741823:e10
1073741823,1073741823,1073741823,1073741823,1073479679,1071251455,1073381375,1006000127,1069545471,1073725439,1073741823,1073741823,1073741823,1073741823,1073741823:e10
1073741823,1073741823,1073741823,1073741823,1073479679,1071247359,1073381375,1006000127,1073739775,1073725439,1073741823,1073741823,1073741823,1073741823,1073741823:e10
1073741823,1073741823,1073741823,1073737727,1073479679,1071251455,1073381375,1006000127,1073739775,1073725439,1073741823,1073741823,1073741823,1073741823,1073741823:e10
1073741823,1073741823,1073741823,1073741823,1073463295,1071251455,1073381375,1006000127,1073739775,1073725439,1073741823,1073741823,1073741823,1073741823,1073741823:e10
1073741823,1073741823,1073741823,1073676287,1073479679,1071251455,1073381375,1006000127,1073739775,1073725439,1073741823,1073741823,1073741823,1073741823,1073741823:e10
1073741823,1073741823,1073741823,1072693247,1073479679,1071251455,1073381375,1006000127,1073739775,1073725439,1073741823,1073741823,1073741823,1073741823,1073741823:e10
1073741823,1073741823,1073741823,1073741823,1073479679,1071251455,1073381375,1006000127,1073739775,1073725439,1073741823,1073740799,1073741823,1073741823,1073741823:e10
1073741823,1073741823,1073741823,1073741823,1073479679,1071251455,1073381375,1006000127,1073739775,1073725439,1073737727,1073741823,1073741823,1073741823,1073741823:e10
1073741823,1073741823,1073741823,1073741823,1073479679,1071251455,1073381375,1006000127,1073739775,1073721343,1073741823,1073741823,1073741823,1073741823,1073741823:e10
1073741823,1073741823,1073741823,1073741823,1073479679,1071251455,1073381375,1006000127,1073739775,1073659903,1073741823,1073741823,1073741823,1073741823,1073741823:e10
1073741823,1073741823,1073741823,1073741823,1073479679,1071251455,1073381375,1006000127,1073739775,1073725439,1073741823,1073479679,1073741823,1073741823,1073741823:e10
1073741823,1073741823,1073741823,1073741823,1073479679,1071251455,1073381375,1006000127,1073739775,1073725439,1073676287,1073741823,1073741823,1073741823,1073741823:e10
1073741823,1073741823,1073741823,1073741823,1073479679,1071251455,1073381375,1006000127,1073739775,1073725439,1073741823,1073725439,1073741823,1073741823,1073741823:e10
1073741823,1073741823,1073741823,1073741823,1073479679,1071251455,1073381375,1006000127,1073739775,1073725439,1073725439,1073741823,1073741823,1073741823,1073741823:e10
1073741823,1073741823,1073741823,1073741823,1073479679,1067057151,1073381375,1006000127,1073739775,1073725439,1073741823,1073741823,1073741823,1073741823,1073741823:e10
1073741823,1073741823,1073741823,1073741823,1073479679,1071251455,1073381375,1001805823,1073739775,1073725439,1073741823,1073741823,1073741823,1073741823,1073741823:e10
1073741823,1073741823,1073741823,1073741823,1073479679,1071251455,1073381375,1004951551,1073739775,1073725439,1073741823,1073741823,1073741823,1073741823,1073741823:e10
1073741823,1073741823,1073741823,1073741823,1073479679,1071251455,1073381375,1006000127,1073739775,1069531135,1073741823,1073741823,1073741823,1073741823,1073741823:e10
1073741823,1073741823,1073741823,1073741823,1073479679,1071251455,1073381375,1006000127,1073477631,1073725439,1073741823,1073741823,1073741823,1073741823,1073741823:e10
1073741823,1073741823,1073741823,1073741823,1073475583,1071251455,1073381375,1006000127,1073739775,1073725439,1073741823,1073741823,1073741823,1073741823,1073741823:e10
1073741823,1073741823,1073741823,1073741823,1073414143,1071251455,1073381375,1006000127,1073739775,1073725439,1073741823,1073741823,1073741823,1073741823,1073741823:e10
1073741823,1073741823,1073741823,1073741823,1072431103,1071251455,1073381375,1006000127,1073739775,1073725439,1073741823,1073741823,1073741823,1073741823,1073741823:e10
1073741823,1073741823,1073741823,1073741823,1073479679,1071251455,1072332799,1006000127,1073739775,1073725439,1073741823,1073741823,1073741823,1073741823,1073741823:e10
1073741823,1073741823,1073741823,1073741823,1073479679,1071251455,1073381375,1006000127,1072691199,1073725439,1073741823,1073741823,1073741823,1073741823,1073741823:e10
1073741823,1073741823,1073741823,1073741823,1073479679,1071251455,1073381375,1006000127,1073739775,1073724415,1073741823,1073741823,1073741823,1073741823,1073741823:e10
1073741823,1073741823,1073741823,1073741823,1073479679,1071251455,1073381375,1006000127,1073735679,1073725439,1073741823,1073741823,1073741823,1073741823,1073741823:e10
1073741823,1073741823,1073741823,1073741823,1073479679,1071250431,1073381375,1006000127,1073739775,1073725439,1073741823,1073741823,1073741823,1073741823,1073741823:e10
1073741823,1073741823,1073741823,1073741823,1073479679,1071251455,1073377279,1006000127,1073739775,1073725439,1073741823,1073741823,1073741823,1073741823,1073741823:e10
1073741823,1073741823,1073741823,1073741823,1073479679,1071235071,1073381375,1006000127,1073739775,1073725439,1073741823,1073741823,1073741823,1073741823,1073741823:e10
1073741823,1073741823,1073741823,1073741823,1073479679,1071251455,1073381375,1006000127,1073739775,1073463295,1073741823,1073741823,1073741823,1073741823,1073741823:e10
1073741823,1073741823,1073741823,1073741823,1073479679,1071251455,1073381375,1006000127,1073674239,1073725439,1073741823,1073741823,1073741823,1073741823,1073741823:e10
1073741823,1073741823,1073741823,1073741823,1073479679,1071251455,1073381375,1006000127,1073723391,1073725439,1073741823,1073741823,1073741823,1073741823,1073741823:e10
