1073741823,1073741823,1073741823,1073741823,1073479679,1071251455,1073381375,1073108991,1073741823,1073725375,1073741823,1073741823,1073741823,1073741823,1073741823:f9
1073741823,1073741823,1073741823,1073741823,1073479679,1071251455,1073381311,1073108991,1073739775,1073725375,1073741823,1073741823,1073741823,1073741823,1073741823:e10
1073741823,1073741823,1073741823,1073741823,1073479679,1071251455,1073381375,1073108991,1073739775,1073725375,1073740799,1073741823,1073741823,1073741823,1073741823:e10
1073741823,1073741823,1073741823,1073741823,1073479679,1071251455,1073381375,1073108991,1073739775,1073725375,1073741823,1073741819,1073741823,1073741823,1073741823:e10
1073741823,1073741823,1073741823,1073741823,1073479679,1071251455,1073381375,1073108991,1073739775,1073725375,1073741807,1073741823,1073741823,1073741823,1073741823:e10
1073741823,1073741823,1073741823,1073741823,1073479679,1071251455,1073381375,1073108991,1073739775,1073725371,1073741823,1073741823,1073741823,1073741823,1073741823:e10
1073741823,1073741823,1073741823,1073741823,1073479679,1071251455,1073381375,1073108991,1073739775,1073725359,1073741823,1073741823,1073741823,1073741823,1073741823:e10
1073741823,1073741823,1073741823,1073741823,1073479679,1071251455,1073381375,1073108987,1073739775,1073725375,1073741823,1073741823,1073741823,1073741823,1073741823:e10
1073741823,1073741823,1073741823,1073741823,1073479679,1071251455,1073381375,1073108991,1073739759,1073725375,1073741823,1073741823,1073741823,1073741823,1073741823:e10
1073741823,1073741823,1073741823,1073741823,1073479679,1071251455,1073381375,1073108991,1073739711,1073725375,1073741823,1073741823,1073741823,1073741823,1073741823:e10
1073741823,1073741823,1073741823,1073741823,1073479679,1071251455,1073381375,1073108991,1073739775,1073725375,1073741567,1073741823,1073741823,1073741823,1073741823:e10
1073741823,1073741823,1073741823,1073741823,1073479679,1071251455,1073381375,1073108991,1073739775,1073725375,1073741823,1073741759,1073741823,1073741823,1073741823:e10
1073741823,1073741823,1073741823,1073741823,1073479679,1071251455,1073381375,1073108991,1073739775,1073725375,1073741759,1073741823,1073741823,1073741823,1073741823:e10
1073741823,1073741823,1073741823,1073741823,1073479679,1071251455,1073381375,1073108991,1073739519,1073725375,1073741823,1073741823,1073741823,1073741823,1073741823:e10
1073741823,1073741823,1073741823,1073741823,1073479679,1071251455,1073381375,1073108927,1073739775,1073725375,1073741823,1073741823,1073741823,1073741823,1073741823:e10
1073741823,1073741823,1073741823,1073741823,1073479679,1071251391,1073381375,1073108991,1073739775,1073725375,1073741823,1073741823,1073741823,1073741823,1073741823:e10
1073741823,1073741823,1073741823,1073741823,1073479679,1071251455,1073381119,1073108991,1073739775,1073725375,1073741823,1073741823,1073741823,1073741823,1073741823:e10
1073741823,1073741823,1073725439,1073741823,1073479679,1071251455,1073381375,1073108991,1073739775,1073725375,1073741823,1073741823,1073741823,1073741823,1073741823:e10
1073741823,1073741823,1073479679,1073741823,1073479679,1071251455,1073381375,1073108991,1073739775,1073725375,1073741823,1073741823,1073741823,1073741823,1073741823:e10
1073741823,1073741823,1069547519,1073741823,1073479679,1071251455,1073381375,1073108991,1073739775,1073725375,1073741823,1073741823,1073741823,1073741823,1073741823:e10
1073741823,1073741823,1073741823,1073741823,1073478655,1071251455,1073381375,1073108991,1073739775,1073725375,1073741823,1073741823,1073741823,1073741823,1073741823:e10
1073741823,1073741823,1073741823,1073741823,1073479679,1071251455,1073381375,1073108991,1073739775,1072676799,1073741823,1073741823,1073741823,1073741823,1073741823:e10
1073741823,1073741823,1073741823,1073741823,1073479679,1071251455,1073381375,1073108991,1073739775,1073725119,1073741823,1073741823,1073741823,1073741823,1073741823:g10
1073741823,1073741823,1073741823,1073741823,1073479679,1071251455,1073381375,1073108991,1073739775,1073716927,1073741823,1073676287,1073741823,1073741823,1073741823:e8
1073741823,1073741823,1073741823,1073741823,1073479679,1071251455,1073381375,1073108991,1073739775,1073716927,1073741823,1073741807,1073741823,1073741823,1073741823:e8
1073741823,1073741823,1073741823,1073741823,1073479679,1071251455,1073381375,1073108975,1073739775,1073716927,1073741823,1073741823,1073741823,1073741823,1073741823:e8
1073741823,1073741823,1073741823,1073741823,1073479679,1071251455,1073381375,1073108991,1073739775,1073716927,1073741823,1073737727,1073741823,1073741823,1073741823:e8
1073741823,1073741823,1073741823,1073741823,1073479679,1071251455,1073381375,1073108991,1073739775,1073716927,1073741823,1073741567,1073741823,1073741823,1073741823:e8
1073741823,1073741823,1073741823,1073741823,1073479679,1071251455,1073381311,1073108991,1073739775,1073716927,1073741823,1073741823,1073741823,1073741823,1073741823:f7
1073741823,1073741823,1073741823,1073741823,1073479679,1071251455,1073381375,1073108991,1073739775,1073716927,1073740799,1073741823,1073741823,1073741823,1073741823:e8
1073741823,1073741823,1073741823,1073741823,1073479679,1071251455,1073381375,1073108991,1073739775,1073716927,1073741823,1073741819,1073741823,1073741823,1073741823:e8
1073741823,1073741823,1073741823,1073741823,1073479679,1071251455,1073381375,1073108991,1073739775,1073716927,1073741807,1073741823,1073741823,1073741823,1073741823:e8
1073741823,1073741823,1073741823,1073741823,1073479679,1071251455,1073381375,1073108991,1073739775,1073716923,1073741823,1073741823,1073741823,1073741823,1073741823:e8
1073741823,1073741823,1073741823,1073741823,1073479679,1071251455,1073381375,1073108991,1073739775,1073716911,1073741823,1073741823,1073741823,1073741823,1073741823:e8
1073741823,1073741823,1073741823,1073741823,1073479679,1071251455,1073381375,1073108987,1073739775,1073716927,1073741823,1073741823,1073741823,1073741823,1073741823:e8
1073741823,1073741823,1073741823,1073741823,1073479679,1071251455,1073381375,1073108991,1073739759,1073716927,1073741823,1073741823,1073741823,1073741823,1073741823:e8
1073741823,1073741823,1073741823,1073741823,1073479679,1071251455,1073381375,1073108991,1073739711,1073716927,1073741823,1073741823,1073741823,1073741823,1073741823:e8
1073741823,1073741823,1073741823,1073741823,1073479679,1071251455,1073381375,1073108991,1073739775,1073716927,1073741567,1073741823,1073741823,1073741823,1073741823:e8
1073741823,1073741823,1073741823,1073741823,1073479679,1071251455,1073381375,1073108991,1073739775,1073716927,1073741823,1073741759,1073741823,1073741823,1073741823:e8
1073741823,1073741823,1073741823,1073741823,1073479679,1071251455,1073381375,1073108991,1073739775,1073716927,1073741759,1073741823,1073741823,1073741823,1073741823:e8
1073741823,1073741823,1073741823,1073741823,1073479679,1071251455,1073381375,1073108991,1073739519,1073716927,1073741823,1073741823,1073741823,1073741823,1073741823:e8
1073741823,1073741823,1073741823,1073741823,1073479679,1071251455,1073381375,1073108927,1073739775,1073716927,1073741823,1073741823,1073741823,1073741823,1073741823:g7
1073741823,1073741823,1073741823,1073741823,1073479679,1071251391,1073381375,1073108991,1073739775,1073716927,1073741823,1073741823,1073741823,1073741823,1073741823:e8
1073741823,1073741823,1073741823,1073741823,1073479679,1071251455,1073381119,1073108991,1073739775,1073716927,1073741823,1073741823,1073741823,1073741823,1073741823:e8
1073741823,1073741823,1073725439,1073741823,1073479679,1071251455,1073381375,1073108991,1073739775,1073716927,1073741823,1073741823,1073741823,1073741823,1073741823:e8
1073741823,1073741823,1073479679,1073741823,1073479679,1071251455,1073381375,1073108991,1073739775,1073716927,1073741823,1073741823,1073741823,1073741823,1073741823:j4
1073741823,1073725439,1073479679,1073217535,1073479679,1071251455,1073381375,1073108991,1073739775,1073716927,1073741823,1073741823,1073741823,1073741823,1073741823:h6
1073741823,1069547519,1073479679,1073217535,1073479679,1071251455,1073381375,1073108991,1073739775,1073716927,1073741823,1073741823,1073741823,1073741823,1073741823:h6
1073741823,1073741823,1073414143,1073217535,1073479679,1071251455,1073381375,1073108991,1073739775,1073716927,1073741823,1073741823,1073741823,1073741823,1073741823:h6
1073725439,1073741823,1073479679,1073217535,1073479679,1071251455,1073381375,1073108991,1073739775,1073716927,1073741823,1073741823,1073741823,1073741823,1073741823:h6
1073741823,1073676287,1073479679,1073217535,1073479679,1071251455,1073381375,1073108991,1073739775,1073716927,1073741823,1073741823,1073741823,1073741823,1073741823:h6
1073479679,1073741823,1073479679,1073217535,1073479679,1071251455,1073381375,1073108991,1073739775,1073716927,1073741823,1073741823,1073741823,1073741823,1073741823:h6
1073741823,1073479679,1073479679,1073217535,1073479679,1071251455,1073381375,1073108991,1073739775,1073716927,1073741823,1073741823,1073741823,1073741823,1073741823:h6
1069547519,1073741823,1073479679,1073217535,1073479679,1071251455,1073381375,1073108991,1073739775,1073716927,1073741823,1073741823,1073741823,1073741823,1073741823:h6
1073741823,1072693247,1073479679,1073217535,1073479679,1071251455,1073381375,1073108991,1073739775,1073716927,1073741823,1073741823,1073741823,1073741823,1073741823:h6
1073741823,1073741823,1072431103,1073217535,1073479679,1071251455,1073381375,1073108991,1073739775,1073716927,1073741823,1073741823,1073741823,1073741823,1073741823:h6
1073741823,1073741823,1073479679,1073217535,1073479679,1071251455,1073381375,1073108991,1073739775,1073716927,1073741823,1073676287,1073741823,1073741823,1073741823:h6
1073741823,1073741823,1073479679,1073217535,1073479679,1071251455,1073381375,1073108991,1073739775,1073716927,1073741823,1073741807,1073741823,1073741823,1073741823:h6
1073741823,1073741823,1073479679,1073217535,1073479679,1071251455,1073381375,1073108975,1073739775,1073716927,1073741823,1073741823,1073741823,1073741823,1073741823:h6
1073741823,1073741823,1073479679,1073217535,1073479679,1071251455,1073381375,1073108991,1073739775,1073716927,1073741823,1073737727,1073741823,1073741823,1073741823:h6
1073741823,1073741823,1073479679,1073217535,1073479679,1071251455,1073381375,1073108991,1073739775,1073716927,1073741823,1073741567,1073741823,1073741823,1073741823:h6
1073741823,1073741823,1073479679,1073217535,1073479679,1071251455,1073381311,1073108991,1073739775,1073716927,1073741823,1073741823,1073741823,1073741823,1073741823:h6
1073741823,1073741823,1073479679,1073217535,1073479679,1071251455,1073381375,1073108991,1073739775,1073716927,1073740799,1073741823,1073741823,1073741823,1073741823:h6
1073741823,1073741823,1073479679,1073217535,1073479679,1071251455,1073381375,1073108991,1073739775,1073716927,1073741823,1073741819,1073741823,1073741823,1073741823:h6
1073741823,1073741823,1073479679,1073217535,1073479679,1071251455,1073381375,1073108991,1073739775,1073716927,1073741807,1073741823,1073741823,1073741823,1073741823:h6
1073741823,1073741823,1073479679,1073217535,1073479679,1071251455,1073381375,1073108991,1073739775,1073716923,1073741823,1073741823,1073741823,1073741823,1073741823:e8
1073741823,1073741823,1073479679,1073217535,1073479679,1071251455,1073381375,1073108991,1073739775,1073716911,1073741823,1073741823,1073741823,1073741823,1073741823:e8
1073741823,1073741823,1073479679,1073217535,1073479679,1071251455,1073381375,1073108987,1073739775,1073716927,1073741823,1073741823,1073741823,1073741823,1073741823:h6
1073741823,1073741823,1073479679,1073217535,1073479679,1071251455,1073381375,1073108991,1073739759,1073716927,1073741823,1073741823,1073741823,1073741823,1073741823:h6
1073741823,1073741823,1073479679,1073217535,1073479679,1071251455,1073381375,1073108991,1073739711,1073716927,1073741823,1073741823,1073741823,1073741823,1073741823:h6
1073741823,1073741823,1073479679,1073217535,1073479679,1071251455,1073381375,1073108991,1073739775,1073716927,1073741567,1073741823,1073741823,1073741823,1073741823:h6
1073741823,1073741823,1073479679,1073217535,1073479679,1071251455,1073381375,1073108991,1073739775,1073716927,1073741823,1073741759,1073741823,1073741823,1073741823:h6
1073741823,1073741823,1073479679,1073217535,1073479679,1071251455,1073381375,1073108991,1073739775,1073716927,1073741759,1073741823,1073741823,1073741823,1073741823:h6
1073741823,1073741823,1073479679,1073217535,1073479679,1071251455,1073381375,1073108991,1073739519,1073716927,1073741823,1073741823,1073741823,1073741823,1073741823:h6
1073741823,1073741823,1073479679,1073217535,1073479679,1071251455,1073381375,1073108927,1073739775,1073716927,1073741823,1073741823,1073741823,1073741823,1073741823:h6
1073741823,1073741823,1073479679,1073217535,1073479679,1071251391,1073381375,1073108991,1073739775,1073716927,1073741823,1073741823,1073741823,1073741823,1073741823:h6
1073741823,1073741823,1073479679,1073217535,1073479679,1071251455,1073381119,1073108991,1073739775,1073716927,1073741823,1073741823,1073741823,1073741823,1073741823:h6
1073741823,1073741823,1073463295,1073217535,1073479679,1071251455,1073381375,1073108991,1073739775,1073716927,1073741823,1073741823,1073741823,1073741823,1073741823:h6
1073741823,1073741823,1069285375,1073217535,1073479679,1071251455,1073381375,1073108991,1073739775,1073716927,1073741823,1073741823,1073741823,1073741823,1073741823:h6
1073741823,1073741823,1073479679,1073217535,1073478655,1071251455,1073381375,1073108991,1073739775,1073716927,1073741823,1073741823,1073741823,1073741823,1073741823:e8
1073741823,1073741823,1073479679,1073217535,1073479679,1071251455,1073381375,1073108991,1073739775,1072668351,1073741823,1073741823,1073741823,1073741823,1073741823:h6
1073741823,1073741823,1073479679,1073217535,1073479679,1071251455,1073381375,1073108735,1073739775,1073716927,1073741823,1073741823,1073741823,1073741823,1073741823:h6
1073741823,1073741823,1073479679,1073217535,1073479679,1071251199,1073381375,1073108991,1073739775,1073716927,1073741823,1073741823,1073741823,1073741823,1073741823:h6
1073741823,1073741823,1073479679,1073217535,1073479679,1071251455,1073380351,1073108991,1073739775,1073716927,1073741823,1073741823,1073741823,1073741823,1073741823:h6
1073741823,1073741823,1073479679,1073201151,1073479679,1071251455,1073381375,1073108991,1073739775,1073716927,1073741823,1073741823,1073741823,1073741823,1073741823:e8
1073741823,1073741823,1073479679,1069023231,1073479679,1071251455,1073381375,1073108991,1073739775,1073716927,1073741823,1073741823,1073741823,1073741823,1073741823:e8
1073741823,1073741823,1073479679,1056440319,1073479679,1071251455,1073381375,1073108991,1073739775,1073716927,1073741823,1073741823,1073741823,1073741823,1073741823:h6
1073741823,1073741823,1073479679,1073217535,1073479679,1054474239,1073381375,1073108991,1073739775,1073716927,1073741823,1073741823,1073741823,1073741823,1073741823:h6
1073741823,1073741823,1073479679,1073217535,1073479679,1071251455,1073381375,1056331775,1073739775,1073716927,1073741823,1073741823,1073741823,1073741823,1073741823:h6
1073741823,1073741823,1073479679,1073217535,1069285375,1071251455,1073381375,1073108991,1073739775,1073716927,1073741823,1073741823,1073741823,1073741823,1073741823:e8
1073741823,1073741823,1073479679,1073217535,1073479679,1071251455,1069187071,1073108991,1073739775,1073716927,1073741823,1073741823,1073741823,1073741823,1073741823:e8
1073741823,1073741823,1073479679,1073217535,1073479679,1071251455,1073381375,1073108991,1069545471,1073716927,1073741823,1073741823,1073741823,1073741823,1073741823:h6
1073741823,1073741823,1073479679,1073217535,1073479679,1071247359,1073381375,1073108991,1073739775,1073716927,1073741823,1073741823,1073741823,1073741823,1073741823:e8
1073741823,1073741823,1073479679,1073213439,1073479679,1071251455,1073381375,1073108991,1073739775,1073716927,1073741823,1073741823,1073741823,1073741823,1073741823:h6
1073741823,1073741823,1073479679,1073217535,1073463295,1071251455,1073381375,1073108991,1073739775,1073716927,1073741823,1073741823,1073741823,1073741823,1073741823:e8
1073741823,1073741823,1073479679,1073151999,1073479679,1071251455,1073381375,1073108991,1073739775,1073716927,1073741823,1073741823,1073741823,1073741823,1073741823:h6
1073741823,1073741823,1073479679,1072168959,1073479679,1071251455,1073381375,1073108991,1073739775,1073716927,1073741823,1073741823,1073741823,1073741823,1073741823:h6
1073741823,1073741823,1073479679,1073217535,1073479679,1071251455,1073381375,1073108991,1073739775,1073716927,1073741823,1073740799,1073741823,1073741823,1073741823:h6
1073741823,1073741823,1073479679,1073217535,1073479679,1071251455,1073381375,1073108991,1073739775,1073716927,1073737727,1073741823,1073741823,1073741823,1073741823:h6
1073741823,1073741823,1073479679,1073217535,1073479679,1071251455,1073381375,1073108991,1073739775,1073651391,1073741823,1073741823,1073741823,1073741823,1073741823:h6
1073741823,1073741823,1073479679,1073217535,1073479679,1071251455,1073381375,1073108991,1073739775,1073716927,1073741823,1073479679,1073741823,1073741823,1073741823:h6
1073741823,1073741823,1073479679,1073217535,1073479679,1071251455,1073381375,1073108991,1073739775,1073716927,1073676287,1073741823,1073741823,1073741823,1073741823:h6
1073741823,1073741823,1073479679,1073217535,1073479679,1071251455,1073381375,1073108991,1073739775,1073716927,1073741823,1073725439,1073741823,1073741823,1073741823:h6
1073741823,1073741823,1073479679,1073217535,1073479679,1071251455,1073381375,1073108991,1073739775,1073716927,1073725439,1073741823,1073741823,1073741823,1073741823:h6
1073741823,1073741823,1073479679,1073217535,1073479679,1067057151,1073381375,1073108991,1073739775,1073716927,1073741823,1073741823,1073741823,1073741823,1073741823:h6
1073741823,1073741823,1073479679,1073217535,1073479679,1071251455,1073381375,1068914687,1073739775,1073716927,1073741823,1073741823,1073741823,1073741823,1073741823:e8
1073741823,1073741823,1073479679,1073217535,1073479679,1071251455,1073381375,1072060415,1073739775,1073716927,1073741823,1073741823,1073741823,1073741823,1073741823:h6
1073741823,1073741823,1073479679,1073217535,1073479679,1071251455,1073381375,1073108991,1073739775,1069522623,1073741823,1073741823,1073741823,1073741823,1073741823:h6
1073741823,1073741823,1073479679,1073217535,1073479679,1071251455,1073381375,1073108991,1073477631,1073716927,1073741823,1073741823,1073741823,1073741823,1073741823:h6
1073741823,1073741823,1073479679,1073217535,1073475583,1071251455,1073381375,1073108991,1073739775,1073716927,1073741823,1073741823,1073741823,1073741823,1073741823:e8
1073741823,1073741823,1073479679,1073217535,1073414143,1071251455,1073381375,1073108991,1073739775,1073716927,1073741823,1073741823,1073741823,1073741823,1073741823:e8
1073741823,1073741823,1073479679,1073217535,1072431103,1071251455,1073381375,1073108991,1073739775,1073716927,1073741823,1073741823,1073741823,1073741823,1073741823:e8
1073741823,1073741823,1073479679,1073217535,1073479679,1071251455,1072332799,1073108991,1073739775,1073716927,1073741823,1073741823,1073741823,1073741823,1073741823:e8
1073741823,1073741823,1073479679,1073217535,1073479679,1071251455,1073381375,1073108991,1072691199,1073716927,1073741823,1073741823,1073741823,1073741823,1073741823:h6
1073741823,1073741823,1073479679,1073217535,1073479679,1071251455,1073381375,1073108991,1073739775,1073715903,1073741823,1073741823,1073741823,1073741823,1073741823:h6
1073741823,1073741823,1073479679,1073217535,1073479679,1071251455,1073381375,1073108991,1073735679,1073716927,1073741823,1073741823,1073741823,1073741823,1073741823:e8
1073741823,1073741823,1073479679,1073217535,1073479679,1071250431,1073381375,1073108991,1073739775,1073716927,1073741823,1073741823,1073741823,1073741823,1073741823:h6
1073741823,1073741823,1073479679,1073217535,1073479679,1071251455,1073377279,1073108991,1073739775,1073716927,1073741823,1073741823,1073741823,1073741823,1073741823:e8
1073741823,1073741823,1073479679,1073217535,1073479679,1071235071,1073381375,1073108991,1073739775,1073716927,1073741823,1073741823,1073741823,1073741823,1073741823:e8
1073741823,1073741823,1073479679,1073217535,1073479679,1071251455,1073381375,1073108991,1073739775,1073454783,1073741823,1073741823,1073741823,1073741823,1073741823:h6
1073741823,1073741823,1073479679,1073217535,1073479679,1071251455,1073381375,1073108991,1073674239,1073716927,1073741823,1073741823,1073741823,1073741823,1073741823:h6
1073741823,1073741823,1073479679,1073217535,1073479679,1071251455,1073381375,1073108991,1073723391,1073716927,1073741823,1073741823,1073741823,1073741823,1073741823:e8
1073741823,1073741823,1069547519,1073741823,1073479679,1071251455,1073381375,1073108991,1073739775,1073716927,1073741823,1073741823,1073741823,1073741823,1073741823:e8
1073741823,1073741823,1073741823,1073741823,1073478655,1071251455,1073381375,1073108991,1073739775,1073716927,1073741823,1073741823,1073741823,1073741823,1073741823:e8
1073741823,1073741823,1073741823,1073741823,1073479679,1071251455,1073381375,1073108991,1073739775,1072668351,1073741823,1073741823,1073741823,1073741823,1073741823:e8
1073741823,1073741823,1073741823,1073741823,1073479679,1071251455,1073381375,1073108735,1073739775,1073716927,1073741823,1073741823,1073741823,1073741823,1073741823:g7
1073741823,1073741823,1073741823,1073741823,1073479679,1071251199,1073381375,1073108991,1073739775,1073716927,1073741823,1073741823,1073741823,1073741823,1073741823:e8
1073741823,1073741823,1073741823,1073741823,1073479679,1071251455,1073380351,1073108991,1073739775,1073716927,1073741823,1073741823,1073741823,1073741823,1073741823:e8
1073741823,1073741823,1073741823,1073725439,1073479679,1071251455,1073381375,1073108991,1073739775,1073716927,1073741823,1073741823,1073741823,1073741823,1073741823:e8
1073741823,1073741823,1073741823,1073479679,1073479679,1071251455,1073381375,1073108991,1073739775,1073716927,1073741823,1073741823,1073741823,1073741823,1073741823:j3
1073725439,1073741823,1073217535,1073479679,1073479679,1071251455,1073381375,1073108991,1073739775,1073716927,1073741823,1073741823,1073741823,1073741823,1073741823:e8
1073741823,1073676287,1073217535,1073479679,1073479679,1071251455,1073381375,1073108991,1073739775,1073716927,1073741823,1073741823,1073741823,1073741823,1073741823:e8
1073479679,1073741823,1073217535,1073479679,1073479679,1071251455,1073381375,1073108991,1073739775,1073716927,1073741823,1073741823,1073741823,1073741823,1073741823:e8
1069547519,1073741823,1073217535,1073479679,1073479679,1071251455,1073381375,1073108991,1073739775,1073716927,1073741823,1073741823,1073741823,1073741823,1073741823:e8
1073741823,1072693247,1073217535,1073479679,1073479679,1071251455,1073381375,1073108991,1073739775,1073716927,1073741823,1073741823,1073741823,1073741823,1073741823:e8
1073741823,1073725439,1073217535,1073479679,1073479679,1071251455,1073381375,1073108991,1073739775,1073716927,1073741823,1073741823,1073741823,1073741823,1073741823:e8
1073741823,1073741823,1073151999,1073479679,1073479679,1071251455,1073381375,1073108991,1073739775,1073716927,1073741823,1073741823,1073741823,1073741823,1073741823:e8
1073741823,1073479679,1073217535,1073479679,1073479679,1071251455,1073381375,1073108991,1073739775,1073716927,1073741823,1073741823,1073741823,1073741823,1073741823:e8
1073741823,1069547519,1073217535,1073479679,1073479679,1071251455,1073381375,1073108991,1073739775,1073716927,1073741823,1073741823,1073741823,1073741823,1073741823:e8
1073741823,1073741823,1072168959,1073479679,1073479679,1071251455,1073381375,1073108991,1073739775,1073716927,1073741823,1073741823,1073741823,1073741823,1073741823:e8
1073741823,1073741823,1073217535,1073479679,1073479679,1071251455,1073381375,1073108991,1073739775,1073716927,1073741823,1073676287,1073741823,1073741823,1073741823:e8
1073741823,1073741823,1073217535,1073479679,1073479679,1071251455,1073381375,1073108991,1073739775,1073716927,1073741823,1073741807,1073741823,1073741823,1073741823:e8
1073741823,1073741823,1073217535,1073479679,1073479679,1071251455,1073381375,1073108975,1073739775,1073716927,1073741823,1073741823,1073741823,1073741823,1073741823:e8
1073741823,1073741823,1073217535,1073479679,1073479679,1071251455,1073381375,1073108991,1073739775,1073716927,1073741823,1073737727,1073741823,1073741823,1073741823:e8
1073741823,1073741823,1073217535,1073479679,1073479679,1071251455,1073381375,1073108991,1073739775,1073716927,1073741823,1073741567,1073741823,1073741823,1073741823:e8
1073741823,1073741823,1073217535,1073479679,1073479679,1071251455,1073381311,1073108991,1073739775,1073716927,1073741823,1073741823,1073741823,1073741823,1073741823:f7
1073741823,1073741823,1073217535,1073479679,1073479679,1071251455,1073381375,1073108991,1073739775,1073716927,1073740799,1073741823,1073741823,1073741823,1073741823:e8
1073741823,1073741823,1073217535,1073479679,1073479679,1071251455,1073381375,1073108991,1073739775,1073716927,1073741823,1073741819,1073741823,1073741823,1073741823:e8
1073741823,1073741823,1073217535,1073479679,1073479679,1071251455,1073381375,1073108991,1073739775,1073716927,1073741807,1073741823,1073741823,1073741823,1073741823:e8
1073741823,1073741823,1073217535,1073479679,1073479679,1071251455,1073381375,1073108991,1073739775,1073716923,1073741823,1073741823,1073741823,1073741823,1073741823:e8
1073741823,1073741823,1073217535,1073479679,1073479679,1071251455,1073381375,1073108991,1073739775,1073716911,1073741823,1073741823,1073741823,1073741823,1073741823:e8
1073741823,1073741823,1073217535,1073479679,1073479679,1071251455,1073381375,1073108987,1073739775,1073716927,1073741823,1073741823,1073741823,1073741823,1073741823:e8
1073741823,1073741823,1073217535,1073479679,1073479679,1071251455,1073381375,1073108991,1073739759,1073716927,1073741823,1073741823,1073741823,1073741823,1073741823:e8
1073741823,1073741823,1073217535,1073479679,1073479679,1071251455,1073381375,1073108991,1073739711,1073716927,1073741823,1073741823,1073741823,1073741823,1073741823:e8
1073741823,1073741823,1073217535,1073479679,1073479679,1071251455,1073381375,1073108991,1073739775,1073716927,1073741567,1073741823,1073741823,1073741823,1073741823:e8
1073741823,1073741823,1073217535,1073479679,1073479679,1071251455,1073381375,1073108991,1073739775,1073716927,1073741823,1073741759,1073741823,1073741823,1073741823:e8
1073741823,1073741823,1073217535,1073479679,1073479679,1071251455,1073381375,1073108991,1073739775,1073716927,1073741759,1073741823,1073741823,1073741823,1073741823:e8
1073741823,1073741823,1073217535,1073479679,1073479679,1071251455,1073381375,1073108991,1073739519,1073716927,1073741823,1073741823,1073741823,1073741823,1073741823:e8
1073741823,1073741823,1073217535,1073479679,1073479679,1071251455,1073381375,1073108927,1073739775,1073716927,1073741823,1073741823,1073741823,1073741823,1073741823:g7
1073741823,1073741823,1073217535,1073479679,1073479679,1071251391,1073381375,1073108991,1073739775,1073716927,1073741823,1073741823,1073741823,1073741823,1073741823:e8
1073741823,1073741823,1073217535,1073479679,1073479679,1071251455,1073381119,1073108991,1073739775,1073716927,1073741823,1073741823,1073741823,1073741823,1073741823:e8
1073741823,1073741823,1073201151,1073479679,1073479679,1071251455,1073381375,1073108991,1073739775,1073716927,1073741823,1073741823,1073741823,1073741823,1073741823:e8
1073741823,1073741823,1069023231,1073479679,1073479679,1071251455,1073381375,1073108991,1073739775,1073716927,1073741823,1073741823,1073741823,1073741823,1073741823:e8
1073741823,1073741823,1073217535,1073479679,1073478655,1071251455,1073381375,1073108991,1073739775,1073716927,1073741823,1073741823,1073741823,1073741823,1073741823:e8
1073741823,1073741823,1073217535,1073479679,1073479679,1071251455,1073381375,1073108991,1073739775,1072668351,1073741823,1073741823,1073741823,1073741823,1073741823:e8
1073741823,1073741823,1073217535,1073479679,1073479679,1071251455,1073381375,1073108735,1073739775,1073716927,1073741823,1073741823,1073741823,1073741823,1073741823:f7
1073741823,1073741823,1073217535,1073479679,1073479679,1071251199,1073381375,1073108991,1073739775,1073716927,1073741823,1073741823,1073741823,1073741823,1073741823:e8
1073741823,1073741823,1073217535,1073479679,1073479679,1071251455,1073380351,1073108991,1073739775,1073716927,1073741823,1073741823,1073741823,1073741823,1073741823:e8
1073741823,1073741823,1073217535,1073463295,1073479679,1071251455,1073381375,1073108991,1073739775,1073716927,1073741823,1073741823,1073741823,1073741823,1073741823:e8
1073741823,1073741823,1073217535,1069285375,1073479679,1071251455,1073381375,1073108991,1073739775,1073716927,1073741823,1073741823,1073741823,1073741823,1073741823:e8
1073741823,1073741823,1073217535,1056702463,1073479679,1071251455,1073381375,1073108991,1073739775,1073716927,1073741823,1073741823,1073741823,1073741823,1073741823:e8
1073741823,1073741823,1073217535,1073479679,1073479679,1054474239,1073381375,1073108991,1073739775,1073716927,1073741823,1073741823,1073741823,1073741823,1073741823:e8
1073741823,1073741823,1073217535,1073479679,1073479679,1071251455,1073381375,1056331775,1073739775,1073716927,1073741823,1073741823,1073741823,1073741823,1073741823:e8
1073741823,1073741823,1073217535,1073479679,1069285375,1071251455,1073381375,1073108991,1073739775,1073716927,1073741823,1073741823,1073741823,1073741823,1073741823:e8
1073741823,1073741823,1073217535,1073479679,1073479679,1071251455,1069187071,1073108991,1073739775,1073716927,1073741823,1073741823,1073741823,1073741823,1073741823:e8
1073741823,1073741823,1073217535,1073479679,1073479679,1071251455,1073381375,1073108991,1069545471,1073716927,1073741823,1073741823,1073741823,1073741823,1073741823:e8
1073741823,1073741823,1073217535,1073479679,1073479679,1071247359,1073381375,1073108991,1073739775,1073716927,1073741823,1073741823,1073741823,1073741823,1073741823:e8
1073741823,1073741823,1073217535,1073475583,1073479679,1071251455,1073381375,1073108991,1073739775,1073716927,1073741823,1073741823,1073741823,1073741823,1073741823:e8
1073741823,1073741823,1073217535,1073479679,1073463295,1071251455,1073381375,1073108991,1073739775,1073716927,1073741823,1073741823,1073741823,1073741823,1073741823:e8
1073741823,1073741823,1073217535,1073414143,1073479679,1071251455,1073381375,1073108991,1073739775,1073716927,1073741823,1073741823,1073741823,1073741823,1073741823:e8
1073741823,1073741823,1073217535,1072431103,1073479679,1071251455,1073381375,1073108991,1073739775,1073716927,1073741823,1073741823,1073741823,1073741823,1073741823:e8
1073741823,1073741823,1073217535,1073479679,1073479679,1071251455,1073381375,1073108991,1073739775,1073716927,1073741823,1073740799,1073741823,1073741823,1073741823:e8
1073741823,1073741823,1073217535,1073479679,1073479679,1071251455,1073381375,1073108991,1073739775,1073716927,1073737727,1073741823,1073741823,1073741823,1073741823:e8
1073741823,1073741823,1073217535,1073479679,1073479679,1071251455,1073381375,1073108991,1073739775,1073651391,1073741823,1073741823,1073741823,1073741823,1073741823:e8
1073741823,1073741823,1073217535,1073479679,1073479679,1071251455,1073381375,1073108991,1073739775,1073716927,1073741823,1073479679,1073741823,1073741823,1073741823:e8
1073741823,1073741823,1073217535,1073479679,1073479679,1071251455,1073381375,1073108991,1073739775,1073716927,1073676287,1073741823,1073741823,1073741823,1073741823:e8
1073741823,1073741823,1073217535,1073479679,1073479679,1071251455,1073381375,1073108991,1073739775,1073716927,1073741823,1073725439,1073741823,1073741823,1073741823:e8
1073741823,1073741823,1073217535,1073479679,1073479679,1071251455,1073381375,1073108991,1073739775,1073716927,1073725439,1073741823,1073741823,1073741823,1073741823:f7
1073741823,1073741823,1073217535,1073479679,1073479679,1067057151,1073381375,1073108991,1073739775,1073716927,1073741823,1073741823,1073741823,1073741823,1073741823:e8
1073741823,1073741823,1073217535,1073479679,1073479679,1071251455,1073381375,1068914687,1073739775,1073716927,1073741823,1073741823,1073741823,1073741823,1073741823:e8
1073741823,1073741823,1073217535,1073479679,1073479679,1071251455,1073381375,1072060415,1073739775,1073716927,1073741823,1073741823,1073741823,1073741823,1073741823:e8
1073741823,1073741823,1073217535,1073479679,1073479679,1071251455,1073381375,1073108991,1073739775,1069522623,1073741823,1073741823,1073741823,1073741823,1073741823:e8
1073741823,1073741823,1073217535,1073479679,1073479679,1071251455,1073381375,1073108991,1073477631,1073716927,1073741823,1073741823,1073741823,1073741823,1073741823:e8
1073741823,1073741823,1073217535,1073479679,1073475583,1071251455,1073381375,1073108991,1073739775,1073716927,1073741823,1073741823,1073741823,1073741823,1073741823:e8
1073741823,1073741823,1073217535,1073479679,1073414143,1071251455,1073381375,1073108991,1073739775,1073716927,1073741823,1073741823,1073741823,1073741823,1073741823:e8
1073741823,1073741823,1073217535,1073479679,1072431103,1071251455,1073381375,1073108991,1073739775,1073716927,1073741823,1073741823,1073741823,1073741823,1073741823:e8
1073741823,1073741823,1073217535,1073479679,1073479679,1071251455,1072332799,1073108991,1073739775,1073716927,1073741823,1073741823,1073741823,1073741823,1073741823:e8
1073741823,1073741823,1073217535,1073479679,1073479679,1071251455,1073381375,1073108991,1072691199,1073716927,1073741823,1073741823,1073741823,1073741823,1073741823:e8
1073741823,1073741823,1073217535,1073479679,1073479679,1071251455,1073381375,1073108991,1073739775,1073715903,1073741823,1073741823,1073741823,1073741823,1073741823:e8
1073741823,1073741823,1073217535,1073479679,1073479679,1071251455,1073381375,1073108991,1073735679,1073716927,1073741823,1073741823,1073741823,1073741823,1073741823:e8
1073741823,1073741823,1073217535,1073479679,1073479679,1071250431,1073381375,1073108991,1073739775,1073716927,1073741823,1073741823,1073741823,1073741823,1073741823:e8
1073741823,1073741823,1073217535,1073479679,1073479679,1071251455,1073377279,1073108991,1073739775,1073716927,1073741823,1073741823,1073741823,1073741823,1073741823:e8
1073741823,1073741823,1073217535,1073479679,1073479679,1071235071,1073381375,1073108991,1073739775,1073716927,1073741823,1073741823,1073741823,1073741823,1073741823:e8
1073741823,1073741823,1073217535,1073479679,1073479679,1071251455,1073381375,1073108991,1073739775,1073454783,1073741823,1073741823,1073741823,1073741823,1073741823:e8
1073741823,1073741823,1073217535,1073479679,1073479679,1071251455,1073381375,1073108991,1073674239,1073716927,1073741823,1073741823,1073741823,1073741823,1073741823:e8
1073741823,1073741823,1073217535,1073479679,1073479679,1071251455,1073381375,1073108991,1073723391,1073716927,1073741823,1073741823,1073741823,1073741823,1073741823:e8
1073741823,1073741823,1073741823,1069547519,1073479679,1071251455,1073381375,1073108991,1073739775,1073716927,1073741823,1073741823,1073741823,1073741823,1073741823:e8
1073741823,1073741823,1073741823,1056964607,1073479679,1071251455,1073381375,1073108991,1073739775,1073716927,1073741823,1073741823,1073741823,1073741823,1073741823:e8
1073741823,1073741823,1073741823,1073741823,1073479679,1054474239,1073381375,1073108991,1073739775,1073716927,1073741823,1073741823,1073741823,1073741823,1073741823:e8
1073741823,1073741823,1073741823,1073741823,1073479679,1071251455,1073381375,1056331775,1073739775,1073716927,1073741823,1073741823,1073741823,1073741823,1073741823:e8
1073741823,1073741823,1073741823,1073741823,1069285375,1071251455,1073381375,1073108991,1073739775,1073716927,1073741823,1073741823,1073741823,1073741823,1073741823:e8
1073741823,1073741823,1073741823,1073741823,1073479679,1071251455,1069187071,1073108991,1073739775,1073716927,1073741823,1073741823,1073741823,1073741823,1073741823:e8
1073741823,1073741823,1073741823,1073741823,1073479679,1071251455,1073381375,1073108991,1069545471,1073716927,1073741823,1073741823,1073741823,1073741823,1073741823:e8
1073741823,1073741823,1073741823,1073741823,1073479679,1071247359,1073381375,1073108991,1073739775,1073716927,1073741823,1073741823,1073741823,1073741823,1073741823:e8
1073741823,1073741823,1073741823,1073737727,1073479679,1071251455,1073381375,1073108991,1073739775,1073716927,1073741823,1073741823,1073741823,1073741823,1073741823:e8
1073741823,1073741823,1073741823,1073741823,1073463295,1071251455,1073381375,1073108991,1073739775,1073716927,1073741823,1073741823,1073741823,1073741823,1073741823:e8
1073741823,1073741823,1073741823,1073676287,1073479679,1071251455,1073381375,1073108991,1073739775,1073716927,1073741823,1073741823,1073741823,1073741823,1073741823:e8
1073741823,1073741823,1073741823,1072693247,1073479679,1071251455,1073381375,1073108991,1073739775,1073716927,1073741823,1073741823,1073741823,1073741823,1073741823:e8
1073741823,1073741823,1073741823,1073741823,1073479679,1071251455,1073381375,1073108991,1073739775,1073716927,1073741823,1073740799,1073741823,1073741823,1073741823:e8
1073741823,1073741823,1073741823,1073741823,1073479679,1071251455,1073381375,1073108991,1073739775,1073716927,1073737727,1073741823,1073741823,1073741823,1073741823:e8
1073741823,1073741823,1073741823,1073741823,1073479679,1071251455,1073381375,1073108991,1073739775,1073651391,1073741823,1073741823,1073741823,1073741823,1073741823:e8
1073741823,1073741823,1073741823,1073741823,1073479679,1071251455,1073381375,1073108991,1073739775,1073716927,1073741823,1073479679,1073741823,1073741823,1073741823:e8
1073741823,1073741823,1073741823,1073741823,1073479679,1071251455,1073381375,1073108991,1073739775,1073716927,1073676287,1073741823,1073741823,1073741823,1073741823:e8
1073741823,1073741823,1073741823,1073741823,1073479679,1071251455,1073381375,1073108991,1073739775,1073716927,1073741823,1073725439,1073741823,1073741823,1073741823:e8
1073741823,1073741823,1073741823,1073741823,1073479679,1071251455,1073381375,1073108991,1073739775,1073716927,1073725439,1073741823,1073741823,1073741823,1073741823:f7
1073741823,1073741823,1073741823,1073741823,1073479679,1067057151,1073381375,1073108991,1073739775,1073716927,1073741823,1073741823,1073741823,1073741823,1073741823:e8
1073741823,1073741823,1073741823,1073741823,1073479679,1071251455,1073381375,1068914687,1073739775,1073716927,1073741823,1073741823,1073741823,1073741823,1073741823:e8
1073741823,1073741823,1073741823,1073741823,1073479679,1071251455,1073381375,1072060415,1073739775,1073716927,1073741823,1073741823,1073741823,1073741823,1073741823:e8
1073741823,1073741823,1073741823,1073741823,1073479679,1071251455,1073381375,1073108991,1073739775,1069522623,1073741823,1073741823,1073741823,1073741823,1073741823:e8
1073741823,1073741823,1073741823,1073741823,1073479679,1071251455,1073381375,1073108991,1073477631,1073716927,1073741823,1073741823,1073741823,1073741823,1073741823:e8
1073741823,1073741823,1073741823,1073741823,1073475583,1071251455,1073381375,1073108991,1073739775,1073716927,1073741823,1073741823,1073741823,1073741823,1073741823:e8
1073741823,1073741823,1073741823,1073741823,1073414143,1071251455,1073381375,1073108991,1073739775,1073716927,1073741823,1073741823,1073741823,1073741823,1073741823:e8
1073741823,1073741823,1073741823,1073741823,1072431103,1071251455,1073381375,1073108991,1073739775,1073716927,1073741823,1073741823,1073741823,1073741823,1073741823:e8
1073741823,1073741823,1073741823,1073741823,1073479679,1071251455,1072332799,1073108991,1073739775,1073716927,1073741823,1073741823,1073741823,1073741823,1073741823:e8
1073741823,1073741823,1073741823,1073741823,1073479679,1071251455,1073381375,1073108991,1072691199,1073716927,1073741823,1073741823,1073741823,1073741823,1073741823:e8
1073741823,1073741823,1073741823,1073741823,1073479679,1071251455,1073381375,1073108991,1073739775,1073715903,1073741823,1073741823,1073741823,1073741823,1073741823:e8
1073741823,1073741823,1073741823,1073741823,1073479679,1071251455,1073381375,1073108991,1073735679,1073716927,1073741823,1073741823,1073741823,1073741823,1073741823:e8
1073741823,1073741823,1073741823,1073741823,1073479679,1071250431,1073381375,1073108991,1073739775,1073716927,1073741823,1073741823,1073741823,1073741823,1073741823:e8
1073741823,1073741823,1073741823,1073741823,1073479679,1071251455,1073377279,1073108991,1073739775,1073716927,1073741823,1073741823,1073741823,1073741823,1073741823:e8
1073741823,1073741823,1073741823,1073741823,1073479679,1071235071,1073381375,1073108991,1073739775,1073716927,1073741823,1073741823,1073741823,1073741823,1073741823:e8
1073741823,1073741823,1073741823,1073741823,1073479679,1071251455,1073381375,1073108991,1073739775,1073454783,1073741823,1073741823,1073741823,1073741823,1073741823:e8
1073741823,1073741823,1073741823,1073741823,1073479679,1071251455,1073381375,1073108991,1073674239,1073716927,1073741823,1073741823,1073741823,1073741823,1073741823:e8
1073741823,1073741823,1073741823,1073741823,1073479679,1071251455,1073381375,1073108991,1073723391,1073716927,1073741823,1073741823,1073741823,1073741823,1073741823:e8
1073741823,1073741823,1073741823,1073741823,1073479679,1071251455,1073381375,1073108735,1073739775,1073725375,1073741823,1073741823,1073741823,1073741823,1073741823:e10
1073741823,1073741823,1073741823,1073741823,1073479679,1071251199,1073381375,1073108991,1073739775,1073725375,1073741823,1073741823,1073741823,1073741823,1073741823:e10
1073741823,1073741823,1073741823,1073741823,1073479679,1071251455,1073380351,1073108991,1073739775,1073725375,1073741823,1073741823,1073741823,1073741823,1073741823:e10
1073741823,1073741823,1073741823,1073725439,1073479679,1071251455,1073381375,1073108991,1073739775,1073725375,1073741823,1073741823,1073741823,1073741823,1073741823:e10
1073741823,1073741823,1073741823,1073479679,1073479679,1071251455,1073381375,1073108991,1073739775,1073725375,1073741823,1073741823,1073741823,1073741823,1073741823:e10
1073741823,1073741823,1073741823,1069547519,1073479679,1071251455,1073381375,1073108991,1073739775,1073725375,1073741823,1073741823,1073741823,1073741823,1073741823:e10
1073741823,1073741823,1073741823,1056964607,1073479679,1071251455,1073381375,1073108991,1073739775,1073725375,1073741823,1073741823,1073741823,1073741823,1073741823:e10
1073741823,1073741823,1073741823,1073741823,1073479679,1054474239,1073381375,1073108991,1073739775,1073725375,1073741823,1073741823,1073741823,1073741823,1073741823:e10
1073741823,1073741823,1073741823,1073741823,1073479679,1071251455,1073381375,1056331775,1073739775,1073725375,1073741823,1073741823,1073741823,1073741823,1073741823:e10
1073741823,1073741823,1073741823,1073741823,1069285375,1071251455,1073381375,1073108991,1073739775,1073725375,1073741823,1073741823,1073741823,1073741823,1073741823:e10
1073741823,1073741823,1073741823,1073741823,1073479679,1071251455,1069187071,1073108991,1073739775,1073725375,1073741823,1073741823,1073741823,1073741823,1073741823:e10
1073741823,1073741823,1073741823,1073741823,1073479679,1071251455,1073381375,1073108991,1069545471,1073725375,1073741823,1073741823,1073741823,1073741823,1073741823:e10
1073741823,1073741823,1073741823,1073741823,1073479679,1071247359,1073381375,1073108991,1073739775,1073725375,1073741823,1073741823,1073741823,1073741823,1073741823:e10
1073741823,1073741823,1073741823,1073737727,1073479679,1071251455,1073381375,1073108991,1073739775,1073725375,1073741823,1073741823,1073741823,1073741823,1073741823:e10
1073741823,1073741823,1073741823,1073741823,1073463295,1071251455,1073381375,1073108991,1073739775,1073725375,1073741823,1073741823,1073741823,1073741823,1073741823:e10
1073741823,1073741823,1073741823,1073676287,1073479679,1071251455,1073381375,1073108991,1073739775,1073725375,1073741823,1073741823,1073741823,1073741823,1073741823:e10
1073741823,1073741823,1073741823,1072693247,1073479679,1071251455,1073381375,1073108991,1073739775,1073725375,1073741823,1073741823,1073741823,1073741823,1073741823:e10
1073741823,1073741823,1073741823,1073741823,1073479679,1071251455,1073381375,1073108991,1073739775,1073725375,1073741823,1073740799,1073741823,1073741823,1073741823:e10
1073741823,1073741823,1073741823,1073741823,1073479679,1071251455,1073381375,1073108991,1073739775,1073725375,1073737727,1073741823,1073741823,1073741823,1073741823:e10
1073741823,1073741823,1073741823,1073741823,1073479679,1071251455,1073381375,1073108991,1073739775,1073721279,1073741823,1073741823,1073741823,1073741823,1073741823:e10
1073741823,1073741823,1073741823,1073741823,1073479679,1071251455,1073381375,1073108991,1073739775,1073659839,1073741823,1073741823,1073741823,1073741823,1073741823:e10
1073741823,1073741823,1073741823,1073741823,1073479679,1071251455,1073381375,1073108991,1073739775,1073725375,1073741823,1073479679,1073741823,1073741823,1073741823:e10
1073741823,1073741823,1073741823,1073741823,1073479679,1071251455,1073381375,1073108991,1073739775,1073725375,1073676287,1073741823,1073741823,1073741823,1073741823:e10
1073741823,1073741823,1073741823,1073741823,1073479679,1071251455,1073381375,1073108991,1073739775,1073725375,1073741823,1073725439,1073741823,1073741823,1073741823:e10
1073741823,1073741823,1073741823,1073741823,1073479679,1071251455,1073381375,1073108991,1073739775,1073725375,1073725439,1073741823,1073741823,1073741823,1073741823:e10
1073741823,1073741823,1073741823,1073741823,1073479679,1067057151,1073381375,1073108991,1073739775,1073725375,1073741823,1073741823,1073741823,1073741823,1073741823:e10
1073741823,1073741823,1073741823,1073741823,1073479679,1071251455,1073381375,1068914687,1073739775,1073725375,1073741823,1073741823,1073741823,1073741823,1073741823:e10
1073741823,1073741823,1073741823,1073741823,1073479679,1071251455,1073381375,1072060415,1073739775,1073725375,1073741823,1073741823,1073741823,1073741823,1073741823:e10
1073741823,1073741823,1073741823,1073741823,1073479679,1071251455,1073381375,1073108991,1073739775,1069531071,1073741823,1073741823,1073741823,1073741823,1073741823:e10
1073741823,1073741823,1073741823,1073741823,1073479679,1071251455,1073381375,1073108991,1073477631,1073725375,1073741823,1073741823,1073741823,1073741823,1073741823:e10
1073741823,1073741823,1073741823,1073741823,1073475583,1071251455,1073381375,1073108991,1073739775,1073725375,1073741823,1073741823,1073741823,1073741823,1073741823:e10
1073741823,1073741823,1073741823,1073741823,1073414143,1071251455,1073381375,1073108991,1073739775,1073725375,1073741823,1073741823,1073741823,1073741823,1073741823:e10
1073741823,1073741823,1073741823,1073741823,1072431103,1071251455,1073381375,1073108991,1073739775,1073725375,1073741823,1073741823,1073741823,1073741823,1073741823:e10
1073741823,1073741823,1073741823,1073741823,1073479679,1071251455,1072332799,1073108991,1073739775,1073725375,1073741823,1073741823,1073741823,1073741823,1073741823:e10
1073741823,1073741823,1073741823,1073741823,1073479679,1071251455,1073381375,1073108991,1072691199,1073725375,1073741823,1073741823,1073741823,1073741823,1073741823:e10
1073741823,1073741823,1073741823,1073741823,1073479679,1071251455,1073381375,1073108991,1073739775,1073724351,1073741823,1073741823,1073741823,1073741823,1073741823:e10
1073741823,1073741823,1073741823,1073741823,1073479679,1071251455,1073381375,1073108991,1073735679,1073725375,1073741823,1073741823,1073741823,1073741823,1073741823:e10
1073741823,1073741823,1073741823,1073741823,1073479679,1071250431,1073381375,1073108991,1073739775,1073725375,1073741823,1073741823,1073741823,1073741823,1073741823:e10
1073741823,1073741823,1073741823,1073741823,1073479679,1071251455,1073377279,1073108991,1073739775,1073725375,1073741823,1073741823,1073741823,1073741823,1073741823:e10
1073741823,1073741823,1073741823,1073741823,1073479679,1071235071,1073381375,1073108991,1073739775,1073725375,1073741823,1073741823,1073741823,1073741823,1073741823:e10
1073741823,1073741823,1073741823,1073741823,1073479679,1071251455,1073381375,1073108991,1073739775,1073463231,1073741823,1073741823,1073741823,1073741823,1073741823:e10
1073741823,1073741823,1073741823,1073741823,1073479679,1071251455,1073381375,1073108991,1073674239,1073725375,1073741823,1073741823,1073741823,1073741823,1073741823:e10
1073741823,1073741823,1073741823,1073741823,1073479679,1071251455,1073381375,1073108991,1073723391,1073725375,1073741823,1073741823,1073741823,1073741823,1073741823:e10
