1073741823,1073741823,1073741759,1073733119,1073702911,1073732607,1073650175,1073110015,1073343487,1073723391,1073676287,1073217535,1073741823,1073741823,1073741823:e6
1073741823,1073741823,1073741759,1073733119,1073702911,1073732095,1073650175,1073109999,1073343487,1073723391,1073676287,1073217535,1073741823,1073741823,1073741823:e5
1073741823,1073676287,1073741759,1073733119,1073702911,1073732095,1073650175,1073110015,1073343487,1073723391,1073676287,1073217535,1073741823,1073741823,1073741823:e5
1073741823,1073741823,1073741759,1073733119,1073702907,1073732095,1073650175,1073110015,1073343487,1073723391,1073676287,1073217535,1073741823,1073741823,1073741823:e5
1073741823,1073741823,1073741755,1073733119,1073702911,1073732095,1073650175,1073110015,1073343487,1073723391,1073676287,1073217535,1073741823,1073741823,1073741823:e5
1073741823,1073741823,1073741743,1073733119,1073702911,1073732095,1073650175,1073110015,1073343487,1073723391,1073676287,1073217535,1073741823,1073741823,1073741823:e5
1073741819,1073741823,1073741759,1073733119,1073702911,1073732095,1073650175,1073110015,1073343487,1073723391,1073676287,1073217535,1073741823,1073741823,1073741823:e5
1073741759,1073741823,1073741759,1073733119,1073702911,1073732095,1073650175,1073110015,1073343487,1073723391,1073676287,1073217535,1073741823,1073741823,1073741823:e5
1073741823,1073741759,1073741759,1073733119,1073702911,1073732095,1073650175,1073110015,1073343487,1073723391,1073676287,1073217535,1073741823,1073741823,1073741823:e5
1073740799,1073741823,1073741759,1073733119,1073702911,1073732095,1073650175,1073110015,1073343487,1073723391,1073676287,1073217535,1073741823,1073741823,1073741823:e5
1073741823,1073741823,1073741759,1073733119,1073702911,1073732095,1073650175,1073110015,1073343487,1073723391,1073676287,1073217471,1073741823,1073741823,1073741823:e5
1073741823,1073741823,1073741759,1073733119,1073702911,1073732095,1073650175,1073110015,1073343487,1073723391,1073676223,1073217535,1073741823,1073741823,1073741823:e5
1073741823,1073741823,1073741759,1073733119,1073702911,1073732095,1073650175,1073110015,1073343487,1073723391,1073675263,1073217535,1073741823,1073741823,1073741823:e5
1073741823,1073741823,1073741759,1073733119,1073702911,1073732079,1073650175,1073110015,1073343487,1073723391,1073676287,1073217535,1073741823,1073741823,1073741823:e5
1073741823,1073741823,1073741759,1073733103,1073702911,1073732095,1073650175,1073110015,1073343487,1073723391,1073676287,1073217535,1073741823,1073741823,1073741823:e5
1073741823,1073741807,1073741759,1073733119,1073702911,1073732095,1073650175,1073110015,1073343487,1073723391,1073676287,1073217535,1073741823,1073741823,1073741823:e5
1073741823,1073741567,1073741759,1073733119,1073702911,1073732095,1073650175,1073110015,1073343487,1073723391,1073676287,1073217535,1073741823,1073741823,1073741823:e5
1073741823,1073737727,1073741759,1073733119,1073702911,1073732095,1073650175,1073110015,1073343487,1073723391,1073676287,1073217535,1073741823,1073741823,1073741823:e5
1073741823,1073741823,1073741503,1073733119,1073702911,1073732095,1073650175,1073110015,1073343487,1073723391,1073676287,1073217535,1073741823,1073741823,1073741823:h3
1073741823,1073741823,1073737663,1073733119,1073702911,1073732095,1073650175,1073110015,1073343487,1073723391,1073676287,1073217535,1073741823,1073741823,1073741823:e5
1073741823,1073741823,1073676223,1073733119,1073702911,1073732095,1073650175,1073110015,1073343487,1073723391,1073676287,1073217535,1073741823,1073741823,1073741823:e5
1073741823,1073741823,1073741759,1073733119,1073702911,1073732095,1073650175,1073110015,1073343423,1073723391,1073676287,1073217535,1073741823,1073741823,1073741823:e5
1073741823,1073741823,1073741759,1073733119,1073702847,1073732095,1073650175,1073110015,1073343487,1073723391,1073676287,1073217535,1073741823,1073741823,1073741823:e5
1073741823,1073741823,1073741759,1073733119,1073702911,1073732095,1073650175,1073110015,1073343487,1073723391,1073676287,1073217535,1073741823,1073725439,1073741823:e5
1073741823,1073741823,1073741759,1073733119,1073702911,1073732095,1073650175,1073110015,1073343487,1073723391,1073676287,1069023231,1073741823,1073741823,1073741823:e5
1073741823,1073741823,1073741759,1073733119,1073702911,1073732095,1073650175,1073110015,1073343487,1073723391,1073676287,1072168959,1073741823,1073741823,1073741823:e5
1073741823,1073741823,1073741759,1073733119,1073702911,1073732095,1073650175,1073110015,1073343487,1073723391,1073676287,1073217535,1073741823,1069547519,1073741823:e5
1073741823,1073741823,1073741759,1073733119,1073702911,1073732095,1073650175,1073110015,1073343487,1073723391,1073676287,1073217535,1073741823,1073479679,1073741823:e5
1073741823,1073741823,1073741759,1073733119,1073702911,1073732095,1073650175,1073110015,1073343487,1073723391,1073676287,1073217535,1073479679,1073741823,1073741823:e5
1073741823,1073741823,1073741759,1073733119,1073702911,1073732095,1073650175,1073110015,1073343487,1073723391,1073676287,1073217535,1073737727,1073741823,1073741823:e5
1073741823,1073741823,1073741759,1073733119,1073702911,1073732095,1073650175,1073110015,1073343487,1073723391,1073676287,1073217535,1072693247,1073741823,1073741823:e5
1073741823,1073741823,1073741759,1073733119,1073702911,1073732095,1073650175,1073110015,1073343487,1073723391,1073676287,1073217535,1073676287,1073741823,1073741823:e5
1073741823,1073741823,1073741759,1073733119,1073702911,1073732095,1073650175,1073110015,1073343487,1073723391,1073676287,1073151999,1073741823,1073741823,1073741823:e5
1073741823,1073741823,1073741759,1073733119,1073702911,1073732095,1073650175,1073110015,1073343471,1073723391,1073676287,1073217535,1073741823,1073741823,1073741823:e5
1073741823,1073741823,1073741759,1073733119,1073702911,1073732095,1073650159,1073110015,1073343487,1073723391,1073676287,1073217535,1073741823,1073741823,1073741823:e5
1073741823,1073741823,1073741759,1073733119,1073702911,1073732095,1073650111,1073110015,1073343487,1073723391,1073676287,1073217535,1073741823,1073741823,1073741823:e5
1073741823,1073741823,1073741759,1073733119,1073702895,1073732095,1073650175,1073110015,1073343487,1073723391,1073676287,1073217535,1073741823,1073741823,1073741823:e5
1073741823,1073741823,1073741759,1073733119,1073702911,1073732095,1073650175,1073110015,1073343487,1073723327,1073676287,1073217535,1073741823,1073741823,1073741823:e5
1073741823,1073741823,1073740735,1073733119,1073702911,1073732095,1073650175,1073110015,1073343487,1073723391,1073676287,1073217535,1073741823,1073741823,1073741823:e5
1073741823,1073741823,1073725375,1073733119,1073702911,1073732095,1073650175,1073110015,1073343487,1073723391,1073676287,1073217535,1073741823,1073741823,1073741823:e5
1073741823,1073741823,1073479615,1073733119,1073702911,1073732095,1073650175,1073110015,1073343487,1073723391,1073676287,1073217535,1073741823,1073741823,1073741823:e5
1073741823,1073741823,1073741759,1073733119,1073440767,1073732095,1073650175,1073110015,1073343487,1073723391,1073676287,1073217535,1073741823,1073741823,1073741823:e5
1073741823,1073741823,1073741759,1073733119,1073702911,1073732095,1073650175,1073110015,1073343487,1073723391,1073676031,1073217535,1073741823,1073741823,1073741823:e5
1073741823,1073741823,1073741759,1073667583,1073702911,1073732095,1073650175,1073110015,1073343487,1073723391,1073676287,1073217535,1073741823,1073741823,1073741823:e5
1073741823,1073741823,1073741759,1073733119,1073702911,1073732095,1073650175,1073109951,1073343487,1073723391,1073676287,1073217535,1073741823,1073741823,1073741823:e5
1073741823,1073741823,1073741759,1073733119,1073702911,1073732031,1073650175,1073110015,1073343487,1073723391,1073676287,1073217535,1073741823,1073741823,1073741823:e5
1073741823,1073741823,1073741759,1073733055,1073702911,1073732095,1073650175,1073110015,1073343487,1073723391,1073676287,1073217535,1073741823,1073741823,1073741823:e5
1073741823,1073741823,1073741759,1073732095,1073702911,1073732095,1073650175,1073110015,1073343487,1073723391,1073676287,1073217535,1073741823,1073741823,1073741823:e5
1073741823,1073741823,1073741759,1073716735,1073702911,1073732095,1073650175,1073110015,1073343487,1073723391,1073676287,1073217535,1073741823,1073741823,1073741823:e5
1073741823,1073741823,1073741759,1073733119,1073702911,1073732095,1073650175,1073110015,1073343231,1073723391,1073676287,1073217535,1073741823,1073741823,1073741823:e5
1073741823,1073741823,1073741759,1073733119,1073702655,1073732095,1073650175,1073110015,1073343487,1073723391,1073676287,1073217535,1073741823,1073741823,1073741823:h3
1073741823,1073741823,1073741759,1073733119,1073702911,1072683519,1073650175,1073110015,1073343487,1073723391,1073676287,1073217535,1073741823,1073741823,1073741823:e5
1073741823,1073741823,1073741759,1073733119,1073702911,1073732095,1073650175,1073110015,1073343487,1073723135,1073676287,1073217535,1073741823,1073741823,1073741823:e5
1073741823,1073741823,1073741759,1073733119,1073702911,1073732095,1073650175,1073109759,1073343487,1073723391,1073676287,1073217535,1073741823,1073741823,1073741823:h3
1073741823,1073741823,1073741759,1073733119,1073702911,1073732095,1073650175,1073110015,1073343487,1073723391,1073676287,1073216511,1073741823,1073741823,1073741823:e5
1073741823,1073741823,1073741759,1073733119,1073702911,1073732095,1073650175,1073110015,1073343487,1073719295,1073676287,1073217535,1073741823,1073741823,1073741823:e5
1073741823,1073741823,1073741759,1073733119,1073702911,1073732095,1073650175,1073110015,1073343487,1073723391,1073676287,1073201151,1073741823,1073741823,1073741823:e5
1073741823,1073741823,1073741759,1073733119,1073702911,1073732095,1073650175,1073110015,1073343487,1073723391,1073672191,1073217535,1073741823,1073741823,1073741823:e5
1073741823,1073741823,1073741759,1073733119,1073702911,1073732095,1073650175,1073110015,1073343487,1073723391,1072627711,1073217535,1073741823,1073741823,1073741823:e5
1073741823,1073741823,1073741759,1073733119,1073702911,1073732095,1073650175,1073110015,1073343487,1073723391,1073659903,1073217535,1073741823,1073741823,1073741823:e5
1073741823,1073741823,1073741759,1073733119,1073702911,1073732095,1073650175,1073110015,1073343487,1073657855,1073676287,1073217535,1073741823,1073741823,1073741823:e5
1073741823,1073741823,1073741759,1073733119,1073702911,1073732095,1069455871,1073110015,1073343487,1073723391,1073676287,1073217535,1073741823,1073741823,1073741823:e5
1073741823,1073741823,1073741759,1073733119,1073702911,1073732095,1073650175,1073110015,1069149183,1073723391,1073676287,1073217535,1073741823,1073741823,1073741823:e5
1073741823,1073741823,1073741759,1073733119,1073702911,1073732095,1073650175,1073110015,1073343487,1073723391,1069481983,1073217535,1073741823,1073741823,1073741823:k10
1073741823,1073741823,1073741759,1073733119,1073702911,1073732095,1073650175,1056332799,1073343487,1071626239,1069481983,1073217535,1073741823,1073741823,1073741823:h4
1073741823,1073741823,1073741759,1073733119,1073702911,1073732095,1073650175,1073110015,1006234623,1071626239,1069481983,1073217535,1073741823,1073741823,1073741823:h4
1073741823,1073741823,1073741759,1073733119,1073702911,1073732095,1073650175,1073110015,1073343487,1054849023,1069481983,1073217535,1073741823,1073741823,1073741823:h4
1073741823,1073741823,1073741759,1073733119,1073702911,1073732095,1073650175,1073110015,1073343487,1071626239,1002373119,1073217535,1073741823,1073741823,1073741823:h4
1073741823,1073741823,1073741759,1073733119,1073702911,1073732095,1073650175,1073110015,1073343487,1071626239,1052704767,1073217535,1073741823,1073741823,1073741823:h4
1073741823,1073741823,1073741759,1073733119,1073702911,1073732095,1073650175,1073110015,1073343487,1071626239,1069481983,1073217535,1006632959,1073741823,1073741823:h4
1073741823,1073741823,1073741759,1073733119,1073702911,1073732095,1073650175,1073110015,1073343487,1071626239,1069481983,1056440319,1073741823,1073741823,1073741823:h4
1073741823,1073741823,1073741759,1073733119,1073702911,1073732095,1073650175,1073110015,1073343487,1071626239,1069481983,1073217535,1069547519,1073741823,1073741823:h4
1073741823,1073741823,1073741759,1073733119,1073702911,1073732095,1073650175,1073109999,1073343487,1071626239,1069481983,1073217535,1073741823,1073741823,1073741823:h4
1073741823,1073676287,1073741759,1073733119,1073702911,1073732095,1073650175,1073110015,1073343487,1071626239,1069481983,1073217535,1073741823,1073741823,1073741823:h4
1073741823,1073741823,1073741759,1073733119,1073702907,1073732095,1073650175,1073110015,1073343487,1071626239,1069481983,1073217535,1073741823,1073741823,1073741823:h4
1073741823,1073741823,1073741755,1073733119,1073702911,1073732095,1073650175,1073110015,1073343487,1071626239,1069481983,1073217535,1073741823,1073741823,1073741823:h4
1073741823,1073741823,1073741743,1073733119,1073702911,1073732095,1073650175,1073110015,1073343487,1071626239,1069481983,1073217535,1073741823,1073741823,1073741823:h4
1073741819,1073741823,1073741759,1073733119,1073702911,1073732095,1073650175,1073110015,1073343487,1071626239,1069481983,1073217535,1073741823,1073741823,1073741823:h4
1073741759,1073741823,1073741759,1073733119,1073702911,1073732095,1073650175,1073110015,1073343487,1071626239,1069481983,1073217535,1073741823,1073741823,1073741823:h4
1073741823,1073741759,1073741759,1073733119,1073702911,1073732095,1073650175,1073110015,1073343487,1071626239,1069481983,1073217535,1073741823,1073741823,1073741823:h4
1073740799,1073741823,1073741759,1073733119,1073702911,1073732095,1073650175,1073110015,1073343487,1071626239,1069481983,1073217535,1073741823,1073741823,1073741823:h4
1073741823,1073741823,1073741759,1073733119,1073702911,1073732095,1073650175,1073110015,1073343487,1071626239,1069481983,1073217471,1073741823,1073741823,1073741823:h4
1073741823,1073741823,1073741759,1073733119,1073702911,1073732095,1073650175,1073110015,1073343487,1071626239,1069481919,1073217535,1073741823,1073741823,1073741823:h4
1073741823,1073741823,1073741759,1073733119,1073702911,1073732095,1073650175,1073110015,1073343487,1071626239,1069480959,1073217535,1073741823,1073741823,1073741823:h4
1073741823,1073741823,1073741759,1073733119,1073702911,1073732079,1073650175,1073110015,1073343487,1071626239,1069481983,1073217535,1073741823,1073741823,1073741823:h4
1073741823,1073741823,1073741759,1073733103,1073702911,1073732095,1073650175,1073110015,1073343487,1071626239,1069481983,1073217535,1073741823,1073741823,1073741823:h4
1073741823,1073741807,1073741759,1073733119,1073702911,1073732095,1073650175,1073110015,1073343487,1071626239,1069481983,1073217535,1073741823,1073741823,1073741823:h4
1073741823,1073741567,1073741759,1073733119,1073702911,1073732095,1073650175,1073110015,1073343487,1071626239,1069481983,1073217535,1073741823,1073741823,1073741823:h4
1073741823,1073737727,1073741759,1073733119,1073702911,1073732095,1073650175,1073110015,1073343487,1071626239,1069481983,1073217535,1073741823,1073741823,1073741823:h4
1073741823,1073741823,1073741503,1073733119,1073702911,1073732095,1073650175,1073110015,1073343487,1071626239,1069481983,1073217535,1073741823,1073741823,1073741823:h3
1073741823,1073741823,1073737663,1073733119,1073702911,1073732095,1073650175,1073110015,1073343487,1071626239,1069481983,1073217535,1073741823,1073741823,1073741823:h4
1073741823,1073741823,1073676223,1073733119,1073702911,1073732095,1073650175,1073110015,1073343487,1071626239,1069481983,1073217535,1073741823,1073741823,1073741823:h4
1073741823,1073741823,1073741759,1073733119,1073702911,1073732095,1073650175,1073110015,1073343423,1071626239,1069481983,1073217535,1073741823,1073741823,1073741823:e5
1073741823,1073741823,1073741759,1073733119,1073702847,1073732095,1073650175,1073110015,1073343487,1071626239,1069481983,1073217535,1073741823,1073741823,1073741823:h4
1073741823,1073741823,1073741759,1073733119,1073702911,1073732095,1073650175,1073110015,1073343487,1071626239,1069481983,1073217535,1073741823,1073725439,1073741823:h4
1073741823,1073741823,1073741759,1073733119,1073702911,1073732095,1073650175,1073110015,1073343487,1071626239,1069481983,1069023231,1073741823,1073741823,1073741823:h4
1073741823,1073741823,1073741759,1073733119,1073702911,1073732095,1073650175,1073110015,1073343487,1071626239,1069481983,1072168959,1073741823,1073741823,1073741823:h4
1073741823,1073741823,1073741759,1073733119,1073702911,1073732095,1073650175,1073110015,1073343487,1071626239,1069481983,1073217535,1073741823,1069547519,1073741823:h4
1073741823,1073741823,1073741759,1073733119,1073702911,1073732095,1073650175,1073110015,1073343487,1071626239,1069481983,1073217535,1073741823,1073479679,1073741823:h4
1073741823,1073741823,1073741759,1073733119,1073702911,1073732095,1073650175,1073110015,1073343487,1071626239,1069481983,1073217535,1073479679,1073741823,1073741823:h4
1073741823,1073741823,1073741759,1073733119,1073702911,1073732095,1073650175,1073110015,1073343487,1071626239,1069481983,1073217535,1073737727,1073741823,1073741823:h4
1073741823,1073741823,1073741759,1073733119,1073702911,1073732095,1073650175,1073110015,1073343487,1071626239,1069481983,1073217535,1072693247,1073741823,1073741823:h4
1073741823,1073741823,1073741759,1073733119,1073702911,1073732095,1073650175,1073110015,1073343487,1071626239,1069481983,1073217535,1073676287,1073741823,1073741823:h4
1073741823,1073741823,1073741759,1073733119,1073702911,1073732095,1073650175,1073110015,1073343487,1071626239,1069481983,1073151999,1073741823,1073741823,1073741823:h4
1073741823,1073741823,1073741759,1073733119,1073702911,1073732095,1073650175,1073110015,1073343471,1071626239,1069481983,1073217535,1073741823,1073741823,1073741823:h4
1073741823,1073741823,1073741759,1073733119,1073702911,1073732095,1073650159,1073110015,1073343487,1071626239,1069481983,1073217535,1073741823,1073741823,1073741823:h4
1073741823,1073741823,1073741759,1073733119,1073702911,1073732095,1073650111,1073110015,1073343487,1071626239,1069481983,1073217535,1073741823,1073741823,1073741823:h4
1073741823,1073741823,1073741759,1073733119,1073702895,1073732095,1073650175,1073110015,1073343487,1071626239,1069481983,1073217535,1073741823,1073741823,1073741823:h4
1073741823,1073741823,1073741759,1073733119,1073702911,1073732095,1073650175,1073110015,1073343487,1071626175,1069481983,1073217535,1073741823,1073741823,1073741823:h4
1073741823,1073741823,1073740735,1073733119,1073702911,1073732095,1073650175,1073110015,1073343487,1071626239,1069481983,1073217535,1073741823,1073741823,1073741823:h4
1073741823,1073741823,1073725375,1073733119,1073702911,1073732095,1073650175,1073110015,1073343487,1071626239,1069481983,1073217535,1073741823,1073741823,1073741823:e5
1073741823,1073741823,1073479615,1073733119,1073702911,1073732095,1073650175,1073110015,1073343487,1071626239,1069481983,1073217535,1073741823,1073741823,1073741823:h4
1073741823,1073741823,1073741759,1073733119,1073440767,1073732095,1073650175,1073110015,1073343487,1071626239,1069481983,1073217535,1073741823,1073741823,1073741823:h4
1073741823,1073741823,1073741759,1073733119,1073702911,1073732095,1073650175,1073110015,1073343487,1071626239,1069481727,1073217535,1073741823,1073741823,1073741823:h4
1073741823,1073741823,1073741759,1073667583,1073702911,1073732095,1073650175,1073110015,1073343487,1071626239,1069481983,1073217535,1073741823,1073741823,1073741823:e5
1073741823,1073741823,1073741759,1073733119,1073702911,1073732095,1073650175,1073109951,1073343487,1071626239,1069481983,1073217535,1073741823,1073741823,1073741823:h4
1073741823,1073741823,1073741759,1073733119,1073702911,1073732031,1073650175,1073110015,1073343487,1071626239,1069481983,1073217535,1073741823,1073741823,1073741823:h4
1073741823,1073741823,1073741759,1073733055,1073702911,1073732095,1073650175,1073110015,1073343487,1071626239,1069481983,1073217535,1073741823,1073741823,1073741823:e5
1073741823,1073741823,1073741759,1073732095,1073702911,1073732095,1073650175,1073110015,1073343487,1071626239,1069481983,1073217535,1073741823,1073741823,1073741823:e5
1073741823,1073741823,1073741759,1073716735,1073702911,1073732095,1073650175,1073110015,1073343487,1071626239,1069481983,1073217535,1073741823,1073741823,1073741823:e5
1073741823,1073741823,1073741759,1073733119,1073702911,1073732095,1073650175,1073110015,1073343231,1071626239,1069481983,1073217535,1073741823,1073741823,1073741823:e5
1073741823,1073741823,1073741759,1073733119,1073702655,1073732095,1073650175,1073110015,1073343487,1071626239,1069481983,1073217535,1073741823,1073741823,1073741823:h4
1073741823,1073741823,1073741759,1073733119,1073702911,1072683519,1073650175,1073110015,1073343487,1071626239,1069481983,1073217535,1073741823,1073741823,1073741823:h4
1073741823,1073741823,1073741759,1073733119,1073702911,1073732095,1073650175,1073110015,1073343487,1071625983,1069481983,1073217535,1073741823,1073741823,1073741823:h4
1073741823,1073741823,1073741759,1073733119,1073702911,1073732095,1073650175,1073109759,1073343487,1071626239,1069481983,1073217535,1073741823,1073741823,1073741823:h4
1073741823,1073741823,1073741759,1073733119,1073702911,1073732095,1073650175,1073110015,1073343487,1071626239,1069481983,1073216511,1073741823,1073741823,1073741823:h4
1073741823,1073741823,1073741759,1073733119,1073702911,1073732095,1073650175,1073110015,1073343487,1071622143,1069481983,1073217535,1073741823,1073741823,1073741823:h4
1073741823,1073741823,1073741759,1073733119,1073702911,1073732095,1073650175,1073110015,1073343487,1071626239,1069481983,1073201151,1073741823,1073741823,1073741823:h4
1073741823,1073741823,1073741759,1073733119,1073702911,1073732095,1073650175,1073110015,1073343487,1071626239,1069477887,1073217535,1073741823,1073741823,1073741823:h4
1073741823,1073741823,1073741759,1073733119,1073702911,1073732095,1073650175,1073110015,1073343487,1071626239,1068433407,1073217535,1073741823,1073741823,1073741823:e5
1073741823,1073741823,1073741759,1073733119,1073702911,1073732095,1073650175,1073110015,1073343487,1071626239,1069465599,1073217535,1073741823,1073741823,1073741823:e5
1073741823,1073741823,1073741759,1073733119,1073702911,1073732095,1073650175,1073110015,1073343487,1071560703,1069481983,1073217535,1073741823,1073741823,1073741823:h4
1073741823,1073741823,1073741759,1073733119,1073702911,1073732095,1069455871,1073110015,1073343487,1071626239,1069481983,1073217535,1073741823,1073741823,1073741823:e5
1073741823,1073741823,1073741759,1073733119,1073702911,1073732095,1073650175,1073110015,1069149183,1071626239,1069481983,1073217535,1073741823,1073741823,1073741823:h4
1073741823,1073741823,1073741759,1073733119,1073702911,1073732095,1073650175,1073110015,1073343487,1071626239,1069219839,1073217535,1073741823,1073741823,1073741823:e5
1073741823,1073741823,1073741759,1073733119,1073702911,1069537791,1073650175,1073110015,1073343487,1071626239,1069481983,1073217535,1073741823,1073741823,1073741823:h4
1073741823,1073741823,1073741759,1073733119,1073702911,1073732095,1073650175,1068915711,1073343487,1071626239,1069481983,1073217535,1073741823,1073741823,1073741823:h4
1073741823,1073741823,1073741759,1073733119,1073702911,1073732095,1073650175,1072061439,1073343487,1071626239,1069481983,1073217535,1073741823,1073741823,1073741823:h4
1073741823,1073741823,1073741759,1073733119,1073702911,1073732095,1073650175,1073110015,1073343487,1067431935,1069481983,1073217535,1073741823,1073741823,1073741823:h4
1073741823,1073741823,1073741759,1073733119,1073637375,1073732095,1073650175,1073110015,1073343487,1071626239,1069481983,1073217535,1073741823,1073741823,1073741823:e5
1073741823,1073741823,1073741759,1073733119,1073702911,1073666559,1073650175,1073110015,1073343487,1071626239,1069481983,1073217535,1073741823,1073741823,1073741823:e5
1073741823,1073741823,1073741759,1073733119,1072654335,1073732095,1073650175,1073110015,1073343487,1071626239,1069481983,1073217535,1073741823,1073741823,1073741823:h4
1073741823,1073741823,1073741759,1073733119,1073702911,1073732095,1072601599,1073110015,1073343487,1071626239,1069481983,1073217535,1073741823,1073741823,1073741823:e5
1073741823,1073741823,1073741759,1073733119,1073702911,1073732095,1073388031,1073110015,1073343487,1071626239,1069481983,1073217535,1073741823,1073741823,1073741823:e5
1073741823,1073741823,1073741759,1073733119,1073702911,1073732095,1073650175,1073110015,1072294911,1071626239,1069481983,1073217535,1073741823,1073741823,1073741823:h4
1073741823,1073741823,1073741759,1073733119,1073702911,1073715711,1073650175,1073110015,1073343487,1071626239,1069481983,1073217535,1073741823,1073741823,1073741823:e5
1073741823,1073741823,1073741759,1073733119,1073702911,1073469951,1073650175,1073110015,1073343487,1071626239,1069481983,1073217535,1073741823,1073741823,1073741823:h4
1073741823,1073741823,1073741759,1073733119,1073702911,1073732095,1073650175,1073110015,1073343487,1071364095,1069481983,1073217535,1073741823,1073741823,1073741823:h4
1073741823,1073741823,1073741759,1073733119,1073702911,1073732095,1073650175,1073110015,1073327103,1071626239,1069481983,1073217535,1073741823,1073741823,1073741823:h4
1073741823,1073741823,1073741759,1073733119,1073702911,1073732095,1073650175,1073110015,1073343487,1072674815,1073676287,1073217535,1073741823,1073741823,1073741823:l11
1073741823,1073741823,1073741759,1073733119,1073702911,1073732095,1073650175,1073110015,1006234623,1072674815,1065287679,1073217535,1073741823,1073741823,1073741823:h4
1073741823,1073741823,1073741759,1073733119,1073702911,1073732095,1073650175,1073110015,1073343487,1072674815,998178815,1073217535,1073741823,1073741823,1073741823:h4
1073741823,1073741823,1073741759,1073733119,1073702911,1073732095,1073650175,1073110015,1073343487,1072674815,1048510463,1073217535,1073741823,1073741823,1073741823:h4
1073741823,1073741823,1073741759,1073733119,1073702911,1073732095,1073650175,1073110015,1073343487,1072674815,1065287679,1073217535,1006632959,1073741823,1073741823:h4
1073741823,1073741823,1073741759,1073733119,1073702911,1073732095,1073650175,1073110015,1073343487,1072674815,1065287679,1073217535,1069547519,1073741823,1073741823:h4
1073741823,1073741823,1073741759,1073733119,1073702911,1073732095,1073650175,1056332799,1073343487,1072674815,1065287679,1073217535,1073741823,1073741823,1073741823:h4
1073741823,1073741823,1073741759,1073733119,1073702911,1073732095,1073650175,1073110015,1073343487,1055897599,1065287679,1073217535,1073741823,1073741823,1073741823:h4
1073741823,1073741823,1073741759,1073733119,1073702911,1073732095,1073650175,1073110015,1073343487,1072674815,1065287679,1056440319,1073741823,1073741823,1073741823:h4
1073741823,1073741823,1073741759,1073733119,1073702911,1073732095,1073650175,1073109999,1073343487,1072674815,1065287679,1073217535,1073741823,1073741823,1073741823:h4
1073741823,1073676287,1073741759,1073733119,1073702911,1073732095,1073650175,1073110015,1073343487,1072674815,1065287679,1073217535,1073741823,1073741823,1073741823:h4
1073741823,1073741823,1073741759,1073733119,1073702907,1073732095,1073650175,1073110015,1073343487,1072674815,1065287679,1073217535,1073741823,1073741823,1073741823:h4
1073741823,1073741823,1073741755,1073733119,1073702911,1073732095,1073650175,1073110015,1073343487,1072674815,1065287679,1073217535,1073741823,1073741823,1073741823:h4
1073741823,1073741823,1073741743,1073733119,1073702911,1073732095,1073650175,1073110015,1073343487,1072674815,1065287679,1073217535,1073741823,1073741823,1073741823:h4
1073741819,1073741823,1073741759,1073733119,1073702911,1073732095,1073650175,1073110015,1073343487,1072674815,1065287679,1073217535,1073741823,1073741823,1073741823:h4
1073741759,1073741823,1073741759,1073733119,1073702911,1073732095,1073650175,1073110015,1073343487,1072674815,1065287679,1073217535,1073741823,1073741823,1073741823:h4
1073741823,1073741759,1073741759,1073733119,1073702911,1073732095,1073650175,1073110015,1073343487,1072674815,1065287679,1073217535,1073741823,1073741823,1073741823:h4
1073740799,1073741823,1073741759,1073733119,1073702911,1073732095,1073650175,1073110015,1073343487,1072674815,1065287679,1073217535,1073741823,1073741823,1073741823:h4
1073741823,1073741823,1073741759,1073733119,1073702911,1073732095,1073650175,1073110015,1073343487,1072674815,1065287679,1073217471,1073741823,1073741823,1073741823:h4
1073741823,1073741823,1073741759,1073733119,1073702911,1073732095,1073650175,1073110015,1073343487,1072674815,1065287615,1073217535,1073741823,1073741823,1073741823:h4
1073741823,1073741823,1073741759,1073733119,1073702911,1073732095,1073650175,1073110015,1073343487,1072674815,1065286655,1073217535,1073741823,1073741823,1073741823:h4
1073741823,1073741823,1073741759,1073733119,1073702911,1073732079,1073650175,1073110015,1073343487,1072674815,1065287679,1073217535,1073741823,1073741823,1073741823:h4
1073741823,1073741823,1073741759,1073733103,1073702911,1073732095,1073650175,1073110015,1073343487,1072674815,1065287679,1073217535,1073741823,1073741823,1073741823:h4
1073741823,1073741807,1073741759,1073733119,1073702911,1073732095,1073650175,1073110015,1073343487,1072674815,1065287679,1073217535,1073741823,1073741823,1073741823:h4
1073741823,1073741567,1073741759,1073733119,1073702911,1073732095,1073650175,1073110015,1073343487,1072674815,1065287679,1073217535,1073741823,1073741823,1073741823:h4
1073741823,1073737727,1073741759,1073733119,1073702911,1073732095,1073650175,1073110015,1073343487,1072674815,1065287679,1073217535,1073741823,1073741823,1073741823:h4
1073741823,1073741823,1073741503,1073733119,1073702911,1073732095,1073650175,1073110015,1073343487,1072674815,1065287679,1073217535,1073741823,1073741823,1073741823:h3
1073741823,1073741823,1073737663,1073733119,1073702911,1073732095,1073650175,1073110015,1073343487,1072674815,1065287679,1073217535,1073741823,1073741823,1073741823:h4
1073741823,1073741823,1073676223,1073733119,1073702911,1073732095,1073650175,1073110015,1073343487,1072674815,1065287679,1073217535,1073741823,1073741823,1073741823:h4
1073741823,1073741823,1073741759,1073733119,1073702911,1073732095,1073650175,1073110015,1073343423,1072674815,1065287679,1073217535,1073741823,1073741823,1073741823:e5
1073741823,1073741823,1073741759,1073733119,1073702847,1073732095,1073650175,1073110015,1073343487,1072674815,1065287679,1073217535,1073741823,1073741823,1073741823:h4
1073741823,1073741823,1073741759,1073733119,1073702911,1073732095,1073650175,1073110015,1073343487,1072674815,1065287679,1073217535,1073741823,1073725439,1073741823:h4
1073741823,1073741823,1073741759,1073733119,1073702911,1073732095,1073650175,1073110015,1073343487,1072674815,1065287679,1069023231,1073741823,1073741823,1073741823:h4
1073741823,1073741823,1073741759,1073733119,1073702911,1073732095,1073650175,1073110015,1073343487,1072674815,1065287679,1072168959,1073741823,1073741823,1073741823:h4
1073741823,1073741823,1073741759,1073733119,1073702911,1073732095,1073650175,1073110015,1073343487,1072674815,1065287679,1073217535,1073741823,1069547519,1073741823:h4
1073741823,1073741823,1073741759,1073733119,1073702911,1073732095,1073650175,1073110015,1073343487,1072674815,1065287679,1073217535,1073741823,1073479679,1073741823:h4
1073741823,1073741823,1073741759,1073733119,1073702911,1073732095,1073650175,1073110015,1073343487,1072674815,1065287679,1073217535,1073479679,1073741823,1073741823:h4
1073741823,1073741823,1073741759,1073733119,1073702911,1073732095,1073650175,1073110015,1073343487,1072674815,1065287679,1073217535,1073737727,1073741823,1073741823:h4
1073741823,1073741823,1073741759,1073733119,1073702911,1073732095,1073650175,1073110015,1073343487,1072674815,1065287679,1073217535,1072693247,1073741823,1073741823:h4
1073741823,1073741823,1073741759,1073733119,1073702911,1073732095,1073650175,1073110015,1073343487,1072674815,1065287679,1073217535,1073676287,1073741823,1073741823:h4
1073741823,1073741823,1073741759,1073733119,1073702911,1073732095,1073650175,1073110015,1073343487,1072674815,1065287679,1073151999,1073741823,1073741823,1073741823:h4
1073741823,1073741823,1073741759,1073733119,1073702911,1073732095,1073650175,1073110015,1073343471,1072674815,1065287679,1073217535,1073741823,1073741823,1073741823:h4
1073741823,1073741823,1073741759,1073733119,1073702911,1073732095,1073650159,1073110015,1073343487,1072674815,1065287679,1073217535,1073741823,1073741823,1073741823:h4
1073741823,1073741823,1073741759,1073733119,1073702911,1073732095,1073650111,1073110015,1073343487,1072674815,1065287679,1073217535,1073741823,1073741823,1073741823:h4
1073741823,1073741823,1073741759,1073733119,1073702895,1073732095,1073650175,1073110015,1073343487,1072674815,1065287679,1073217535,1073741823,1073741823,1073741823:h4
1073741823,1073741823,1073741759,1073733119,1073702911,1073732095,1073650175,1073110015,1073343487,1072674751,1065287679,1073217535,1073741823,1073741823,1073741823:h4
1073741823,1073741823,1073740735,1073733119,1073702911,1073732095,1073650175,1073110015,1073343487,1072674815,1065287679,1073217535,1073741823,1073741823,1073741823:h4
1073741823,1073741823,1073725375,1073733119,1073702911,1073732095,1073650175,1073110015,1073343487,1072674815,1065287679,1073217535,1073741823,1073741823,1073741823:e5
1073741823,1073741823,1073479615,1073733119,1073702911,1073732095,1073650175,1073110015,1073343487,1072674815,1065287679,1073217535,1073741823,1073741823,1073741823:h4
1073741823,1073741823,1073741759,1073733119,1073440767,1073732095,1073650175,1073110015,1073343487,1072674815,1065287679,1073217535,1073741823,1073741823,1073741823:h4
1073741823,1073741823,1073741759,1073733119,1073702911,1073732095,1073650175,1073110015,1073343487,1072674815,1065287423,1073217535,1073741823,1073741823,1073741823:h4
1073741823,1073741823,1073741759,1073667583,1073702911,1073732095,1073650175,1073110015,1073343487,1072674815,1065287679,1073217535,1073741823,1073741823,1073741823:e5
1073741823,1073741823,1073741759,1073733119,1073702911,1073732095,1073650175,1073109951,1073343487,1072674815,1065287679,1073217535,1073741823,1073741823,1073741823:h4
1073741823,1073741823,1073741759,1073733119,1073702911,1073732031,1073650175,1073110015,1073343487,1072674815,1065287679,1073217535,1073741823,1073741823,1073741823:h4
1073741823,1073741823,1073741759,1073733055,1073702911,1073732095,1073650175,1073110015,1073343487,1072674815,1065287679,1073217535,1073741823,1073741823,1073741823:e5
1073741823,1073741823,1073741759,1073732095,1073702911,1073732095,1073650175,1073110015,1073343487,1072674815,1065287679,1073217535,1073741823,1073741823,1073741823:e5
1073741823,1073741823,1073741759,1073716735,1073702911,1073732095,1073650175,1073110015,1073343487,1072674815,1065287679,1073217535,1073741823,1073741823,1073741823:e5
1073741823,1073741823,1073741759,1073733119,1073702911,1073732095,1073650175,1073110015,1073343231,1072674815,1065287679,1073217535,1073741823,1073741823,1073741823:e5
1073741823,1073741823,1073741759,1073733119,1073702655,1073732095,1073650175,1073110015,1073343487,1072674815,1065287679,1073217535,1073741823,1073741823,1073741823:h4
1073741823,1073741823,1073741759,1073733119,1073702911,1072683519,1073650175,1073110015,1073343487,1072674815,1065287679,1073217535,1073741823,1073741823,1073741823:h4
1073741823,1073741823,1073741759,1073733119,1073702911,1073732095,1073650175,1073110015,1073343487,1072674559,1065287679,1073217535,1073741823,1073741823,1073741823:h4
1073741823,1073741823,1073741759,1073733119,1073702911,1073732095,1073650175,1073109759,1073343487,1072674815,1065287679,1073217535,1073741823,1073741823,1073741823:h4
1073741823,1073741823,1073741759,1073733119,1073702911,1073732095,1073650175,1073110015,1073343487,1072674815,1065287679,1073216511,1073741823,1073741823,1073741823:h4
1073741823,1073741823,1073741759,1073733119,1073702911,1073732095,1073650175,1073110015,1073343487,1072670719,1065287679,1073217535,1073741823,1073741823,1073741823:e5
1073741823,1073741823,1073741759,1073733119,1073702911,1073732095,1073650175,1073110015,1073343487,1072674815,1065287679,1073201151,1073741823,1073741823,1073741823:h4
1073741823,1073741823,1073741759,1073733119,1073702911,1073732095,1073650175,1073110015,1073343487,1072674815,1065283583,1073217535,1073741823,1073741823,1073741823:h4
1073741823,1073741823,1073741759,1073733119,1073702911,1073732095,1073650175,1073110015,1073343487,1072674815,1064239103,1073217535,1073741823,1073741823,1073741823:h4
1073741823,1073741823,1073741759,1073733119,1073702911,1073732095,1073650175,1073110015,1073343487,1072674815,1065271295,1073217535,1073741823,1073741823,1073741823:h4
1073741823,1073741823,1073741759,1073733119,1073702911,1073732095,1073650175,1073110015,1073343487,1072609279,1065287679,1073217535,1073741823,1073741823,1073741823:e5
1073741823,1073741823,1073741759,1073733119,1073702911,1073732095,1069455871,1073110015,1073343487,1072674815,1065287679,1073217535,1073741823,1073741823,1073741823:e5
1073741823,1073741823,1073741759,1073733119,1073702911,1073732095,1073650175,1073110015,1069149183,1072674815,1065287679,1073217535,1073741823,1073741823,1073741823:h4
1073741823,1073741823,1073741759,1073733119,1073702911,1073732095,1073650175,1073110015,1073343487,1072674815,1065025535,1073217535,1073741823,1073741823,1073741823:h4
1073741823,1073741823,1073741759,1073733119,1073702911,1069537791,1073650175,1073110015,1073343487,1072674815,1065287679,1073217535,1073741823,1073741823,1073741823:h4
1073741823,1073741823,1073741759,1073733119,1073702911,1073732095,1073650175,1068915711,1073343487,1072674815,1065287679,1073217535,1073741823,1073741823,1073741823:h4
1073741823,1073741823,1073741759,1073733119,1073702911,1073732095,1073650175,1072061439,1073343487,1072674815,1065287679,1073217535,1073741823,1073741823,1073741823:h4
1073741823,1073741823,1073741759,1073733119,1073702911,1073732095,1073650175,1073110015,1073343487,1068480511,1065287679,1073217535,1073741823,1073741823,1073741823:e5
1073741823,1073741823,1073741759,1073733119,1073637375,1073732095,1073650175,1073110015,1073343487,1072674815,1065287679,1073217535,1073741823,1073741823,1073741823:e5
1073741823,1073741823,1073741759,1073733119,1073702911,1073666559,1073650175,1073110015,1073343487,1072674815,1065287679,1073217535,1073741823,1073741823,1073741823:e5
1073741823,1073741823,1073741759,1073733119,1072654335,1073732095,1073650175,1073110015,1073343487,1072674815,1065287679,1073217535,1073741823,1073741823,1073741823:h4
1073741823,1073741823,1073741759,1073733119,1073702911,1073732095,1072601599,1073110015,1073343487,1072674815,1065287679,1073217535,1073741823,1073741823,1073741823:e5
1073741823,1073741823,1073741759,1073733119,1073702911,1073732095,1073388031,1073110015,1073343487,1072674815,1065287679,1073217535,1073741823,1073741823,1073741823:e5
1073741823,1073741823,1073741759,1073733119,1073702911,1073732095,1073650175,1073110015,1072294911,1072674815,1065287679,1073217535,1073741823,1073741823,1073741823:h4
1073741823,1073741823,1073741759,1073733119,1073702911,1073715711,1073650175,1073110015,1073343487,1072674815,1065287679,1073217535,1073741823,1073741823,1073741823:e5
1073741823,1073741823,1073741759,1073733119,1073702911,1073469951,1073650175,1073110015,1073343487,1072674815,1065287679,1073217535,1073741823,1073741823,1073741823:h4
1073741823,1073741823,1073741759,1073733119,1073702911,1073732095,1073650175,1073110015,1073343487,1072412671,1065287679,1073217535,1073741823,1073741823,1073741823:e5
1073741823,1073741823,1073741759,1073733119,1073702911,1073732095,1073650175,1073110015,1073327103,1072674815,1065287679,1073217535,1073741823,1073741823,1073741823:h4
1073741823,1073741823,1073741759,1073733119,1073702911,1073732095,1073650175,1073110015,1073343487,1073723391,1073414143,1073217535,1073741823,1073741823,1073741823:e5
1073741823,1073741823,1073741759,1073733119,1073702911,1069537791,1073650175,1073110015,1073343487,1073723391,1073676287,1073217535,1073741823,1073741823,1073741823:e5
1073741823,1073741823,1073741759,1073733119,1073702911,1073732095,1073650175,1068915711,1073343487,1073723391,1073676287,1073217535,1073741823,1073741823,1073741823:e5
1073741823,1073741823,1073741759,1073733119,1073702911,1073732095,1073650175,1072061439,1073343487,1073723391,1073676287,1073217535,1073741823,1073741823,1073741823:e5
1073741823,1073741823,1073741759,1073733119,1073702911,1073732095,1073650175,1073110015,1073343487,1069529087,1073676287,1073217535,1073741823,1073741823,1073741823:e5
1073741823,1073741823,1073741759,1073733119,1073637375,1073732095,1073650175,1073110015,1073343487,1073723391,1073676287,1073217535,1073741823,1073741823,1073741823:e5
1073741823,1073741823,1073741759,1073733119,1073702911,1073666559,1073650175,1073110015,1073343487,1073723391,1073676287,1073217535,1073741823,1073741823,1073741823:e5
1073741823,1073741823,1073741759,1073733119,1072654335,1073732095,1073650175,1073110015,1073343487,1073723391,1073676287,1073217535,1073741823,1073741823,1073741823:e5
1073741823,1073741823,1073741759,1073733119,1073702911,1073732095,1072601599,1073110015,1073343487,1073723391,1073676287,1073217535,1073741823,1073741823,1073741823:e5
1073741823,1073741823,1073741759,1073733119,1073702911,1073732095,1073388031,1073110015,1073343487,1073723391,1073676287,1073217535,1073741823,1073741823,1073741823:e5
1073741823,1073741823,1073741759,1073733119,1073702911,1073732095,1073650175,1073110015,1072294911,1073723391,1073676287,1073217535,1073741823,1073741823,1073741823:e5
1073741823,1073741823,1073741759,1073733119,1073702911,1073715711,1073650175,1073110015,1073343487,1073723391,1073676287,1073217535,1073741823,1073741823,1073741823:e5
1073741823,1073741823,1073741759,1073733119,1073702911,1073469951,1073650175,1073110015,1073343487,1073723391,1073676287,1073217535,1073741823,1073741823,1073741823:e5
1073741823,1073741823,1073741759,1073733119,1073702911,1073732095,1073650175,1073110015,1073343487,1073461247,1073676287,1073217535,1073741823,1073741823,1073741823:e5
1073741823,1073741823,1073741759,1073733119,1073702911,1073732095,1073650175,1073110015,1073327103,1073723391,1073676287,1073217535,1073741823,1073741823,1073741823:e5
