1073741823,1073741823,1073741759,1073732095,1073702911,1073732607,1073666559,1073110015,1073343487,1073723391,1073676287,1073217535,1073741823,1073741823,1073741823:e6
1073741823,1073741823,1073741759,1073732095,1073702911,1073732095,1073666559,1073109999,1073343487,1073723391,1073676287,1073217535,1073741823,1073741823,1073741823:e5
1073741823,1073740799,1073741759,1073732095,1073702911,1073732095,1073666559,1073110015,1073343487,1073723391,1073676287,1073217535,1073741823,1073741823,1073741823:e5
1073741823,1073725439,1073741759,1073732095,1073702911,1073732095,1073666559,1073110015,1073343487,1073723391,1073676287,1073217535,1073741823,1073741823,1073741823:e5
1073741823,1073676287,1073741759,1073732095,1073702911,1073732095,1073666559,1073110015,1073343487,1073723391,1073676287,1073217535,1073741823,1073741823,1073741823:e5
1073741823,1073741823,1073741759,1073732095,1073702907,1073732095,1073666559,1073110015,1073343487,1073723391,1073676287,1073217535,1073741823,1073741823,1073741823:e5
1073741823,1073741823,1073741755,1073732095,1073702911,1073732095,1073666559,1073110015,1073343487,1073723391,1073676287,1073217535,1073741823,1073741823,1073741823:e5
1073741823,1073741823,1073741743,1073732095,1073702911,1073732095,1073666559,1073110015,1073343487,1073723391,1073676287,1073217535,1073741823,1073741823,1073741823:e5
1073741819,1073741823,1073741759,1073732095,1073702911,1073732095,1073666559,1073110015,1073343487,1073723391,1073676287,1073217535,1073741823,1073741823,1073741823:e5
1073741759,1073741823,1073741759,1073732095,1073702911,1073732095,1073666559,1073110015,1073343487,1073723391,1073676287,1073217535,1073741823,1073741823,1073741823:e5
1073741823,1073741759,1073741759,1073732095,1073702911,1073732095,1073666559,1073110015,1073343487,1073723391,1073676287,1073217535,1073741823,1073741823,1073741823:e5
1073740799,1073741823,1073741759,1073732095,1073702911,1073732095,1073666559,1073110015,1073343487,1073723391,1073676287,1073217535,1073741823,1073741823,1073741823:e5
1073741823,1073741823,1073741759,1073732095,1073702911,1073732095,1073666559,1073110015,1073343487,1073723391,1073676287,1073217471,1073741823,1073741823,1073741823:e5
1073741823,1073741823,1073741759,1073732095,1073702911,1073732095,1073666559,1073110015,1073343487,1073723391,1073676223,1073217535,1073741823,1073741823,1073741823:e5
1073741823,1073741823,1073741759,1073732095,1073702911,1073732095,1073666559,1073110015,1073343487,1073723391,1073675263,1073217535,1073741823,1073741823,1073741823:e5
1073741823,1073741823,1073741759,1073732095,1073702911,1073732079,1073666559,1073110015,1073343487,1073723391,1073676287,1073217535,1073741823,1073741823,1073741823:e5
1073741823,1073741823,1073741759,1073732079,1073702911,1073732095,1073666559,1073110015,1073343487,1073723391,1073676287,1073217535,1073741823,1073741823,1073741823:e5
1073741823,1073741807,1073741759,1073732095,1073702911,1073732095,1073666559,1073110015,1073343487,1073723391,1073676287,1073217535,1073741823,1073741823,1073741823:e5
1073741823,1073741567,1073741759,1073732095,1073702911,1073732095,1073666559,1073110015,1073343487,1073723391,1073676287,1073217535,1073741823,1073741823,1073741823:e5
1073741823,1073737727,1073741759,1073732095,1073702911,1073732095,1073666559,1073110015,1073343487,1073723391,1073676287,1073217535,1073741823,1073741823,1073741823:e5
1073741823,1073741823,1073741503,1073732095,1073702911,1073732095,1073666559,1073110015,1073343487,1073723391,1073676287,1073217535,1073741823,1073741823,1073741823:h6
1073741823,1073741823,1073741503,1073469951,1073702911,1073699327,1073666559,1073110015,1073343487,1073723391,1073676287,1073217535,1073741823,1073741823,1073741823:h3
1073741807,1073741823,1073741503,1073732095,1073702911,1073699327,1073666559,1073110015,1073343487,1073723391,1073676287,1073217535,1073741823,1073741823,1073741823:d2
1073741807,1073741695,1073741503,1073732091,1073702911,1073699327,1073666559,1073110015,1073343487,1073723391,1073676287,1073217535,1073741823,1073741823,1073741823:h3
1073741807,1073741695,1073741502,1073732095,1073702911,1073699327,1073666559,1073110015,1073343487,1073723391,1073676287,1073217535,1073741823,1073741823,1073741823:h3
1073741807,1073741691,1073741503,1073732095,1073702911,1073699327,1073666559,1073110015,1073343487,1073723391,1073676287,1073217535,1073741823,1073741823,1073741823:h3
1073741806,1073741695,1073741503,1073732095,1073702911,1073699327,1073666559,1073110015,1073343487,1073723391,1073676287,1073217535,1073741823,1073741823,1073741823:h3
1073741807,1073741695,1073741503,1073469951,1073702911,1073699327,1073666559,1073110015,1073343487,1073723391,1073676287,1073217535,1073741823,1073741823,1073741823:h3
1073741551,1073741695,1073741503,1073732095,1073702911,1073699327,1073666559,1073110015,1073343487,1073723391,1073676287,1073217535,1073741823,1073741823,1073741823:h3
1073737711,1073741695,1073741503,1073732095,1073702911,1073699327,1073666559,1073110015,1073343487,1073723391,1073676287,1073217535,1073741823,1073741823,1073741823:h3
1073741807,1073741695,1073741503,1073732095,1073702911,1073699327,1073666559,1073109999,1073343487,1073723391,1073676287,1073217535,1073741823,1073741823,1073741823:h3
1073741807,1073740671,1073741503,1073732095,1073702911,1073699327,1073666559,1073110015,1073343487,1073723391,1073676287,1073217535,1073741823,1073741823,1073741823:h3
1073741807,1073725311,1073741503,1073732095,1073702911,1073699327,1073666559,1073110015,1073343487,1073723391,1073676287,1073217535,1073741823,1073741823,1073741823:h3
1073741807,1073676159,1073741503,1073732095,1073702911,1073699327,1073666559,1073110015,1073343487,1073723391,1073676287,1073217535,1073741823,1073741823,1073741823:h3
1073741807,1073741695,1073741503,1073732095,1073702907,1073699327,1073666559,1073110015,1073343487,1073723391,1073676287,1073217535,1073741823,1073741823,1073741823:h3
1073741807,1073741695,1073741499,1073732095,1073702911,1073699327,1073666559,1073110015,1073343487,1073723391,1073676287,1073217535,1073741823,1073741823,1073741823:h3
1073741807,1073741695,1073741487,1073732095,1073702911,1073699327,1073666559,1073110015,1073343487,1073723391,1073676287,1073217535,1073741823,1073741823,1073741823:h3
1073741803,1073741695,1073741503,1073732095,1073702911,1073699327,1073666559,1073110015,1073343487,1073723391,1073676287,1073217535,1073741823,1073741823,1073741823:h3
1073741743,1073741695,1073741503,1073732095,1073702911,1073699327,1073666559,1073110015,1073343487,1073723391,1073676287,1073217535,1073741823,1073741823,1073741823:h3
1073740783,1073741695,1073741503,1073732095,1073702911,1073699327,1073666559,1073110015,1073343487,1073723391,1073676287,1073217535,1073741823,1073741823,1073741823:h3
1073741807,1073741695,1073741503,1073732095,1073702911,1073699327,1073666559,1073110015,1073343487,1073723391,1073676287,1073217471,1073741823,1073741823,1073741823:h3
1073741807,1073741695,1073741503,1073732095,1073702911,1073699327,1073666559,1073110015,1073343487,1073723391,1073676223,1073217535,1073741823,1073741823,1073741823:h3
1073741807,1073741695,1073741503,1073732095,1073702911,1073699327,1073666559,1073110015,1073343487,1073723391,1073675263,1073217535,1073741823,1073741823,1073741823:h3
1073741807,1073741695,1073741503,1073732095,1073702911,1073699311,1073666559,1073110015,1073343487,1073723391,1073676287,1073217535,1073741823,1073741823,1073741823:h3
1073741807,1073741695,1073741503,1073732079,1073702911,1073699327,1073666559,1073110015,1073343487,1073723391,1073676287,1073217535,1073741823,1073741823,1073741823:h3
1073741807,1073741679,1073741503,1073732095,1073702911,1073699327,1073666559,1073110015,1073343487,1073723391,1073676287,1073217535,1073741823,1073741823,1073741823:h3
1073741807,1073741439,1073741503,1073732095,1073702911,1073699327,1073666559,1073110015,1073343487,1073723391,1073676287,1073217535,1073741823,1073741823,1073741823:h3
1073741807,1073737599,1073741503,1073732095,1073702911,1073699327,1073666559,1073110015,1073343487,1073723391,1073676287,1073217535,1073741823,1073741823,1073741823:h3
1073741807,1073741695,1073737407,1073732095,1073702911,1073699327,1073666559,1073110015,1073343487,1073723391,1073676287,1073217535,1073741823,1073741823,1073741823:h3
1073741807,1073741695,1073675967,1073732095,1073702911,1073699327,1073666559,1073110015,1073343487,1073723391,1073676287,1073217535,1073741823,1073741823,1073741823:h3
1073741807,1073741695,1073741503,1073732095,1073702911,1073699327,1073666559,1073110015,1073343423,1073723391,1073676287,1073217535,1073741823,1073741823,1073741823:h3
1073741807,1073741695,1073741503,1073732095,1073702847,1073699327,1073666559,1073110015,1073343487,1073723391,1073676287,1073217535,1073741823,1073741823,1073741823:h3
1073741807,1073741695,1073741503,1073732095,1073702911,1073699327,1073666559,1073110015,1073343487,1073723391,1073676287,1073217535,1073741823,1073725439,1073741823:h3
1073741807,1073741695,1073741503,1073732095,1073702911,1073699327,1073666559,1073110015,1073343487,1073723391,1073676287,1069023231,1073741823,1073741823,1073741823:h3
1073741807,1073741695,1073741503,1073732095,1073702911,1073699327,1073666559,1073110015,1073343487,1073723391,1073676287,1072168959,1073741823,1073741823,1073741823:h3
1073741807,1073741695,1073741503,1073732095,1073702911,1073699327,1073666559,1073110015,1073343487,1073723391,1073676287,1073217535,1073741823,1069547519,1073741823:h3
1073741807,1073741695,1073741503,1073732095,1073702911,1073699327,1073666559,1073110015,1073343487,1073723391,1073676287,1073217535,1073741823,1073479679,1073741823:h3
1073741807,1073741695,1073741503,1073732095,1073702911,1073699327,1073666559,1073110015,1073343487,1073723391,1073676287,1073217535,1073479679,1073741823,1073741823:h3
1073741807,1073741695,1073741503,1073732095,1073702911,1073699327,1073666559,1073110015,1073343487,1073723391,1073676287,1073217535,1073737727,1073741823,1073741823:h3
1073741807,1073741695,1073741503,1073732095,1073702911,1073699327,1073666559,1073110015,1073343487,1073723391,1073676287,1073217535,1072693247,1073741823,1073741823:h3
1073741807,1073741695,1073741503,1073732095,1073702911,1073699327,1073666559,1073110015,1073343487,1073723391,1073676287,1073217535,1073676287,1073741823,1073741823:h3
1073741807,1073741695,1073741503,1073732095,1073702911,1073699327,1073666559,1073110015,1073343487,1073723391,1073676287,1073151999,1073741823,1073741823,1073741823:h3
1073741807,1073741695,1073741503,1073732095,1073702911,1073699327,1073666559,1073110015,1073343471,1073723391,1073676287,1073217535,1073741823,1073741823,1073741823:h3
1073741807,1073741695,1073741503,1073732095,1073702911,1073699327,1073666543,1073110015,1073343487,1073723391,1073676287,1073217535,1073741823,1073741823,1073741823:h3
1073741807,1073741695,1073741503,1073732095,1073702911,1073699327,1073666495,1073110015,1073343487,1073723391,1073676287,1073217535,1073741823,1073741823,1073741823:h3
1073741807,1073741695,1073741503,1073732095,1073702895,1073699327,1073666559,1073110015,1073343487,1073723391,1073676287,1073217535,1073741823,1073741823,1073741823:h3
1073741807,1073741695,1073741503,1073732095,1073702911,1073699327,1073666559,1073110015,1073343487,1073723327,1073676287,1073217535,1073741823,1073741823,1073741823:h3
1073741807,1073741695,1073740479,1073732095,1073702911,1073699327,1073666559,1073110015,1073343487,1073723391,1073676287,1073217535,1073741823,1073741823,1073741823:h3
1073741807,1073741695,1073725119,1073732095,1073702911,1073699327,1073666559,1073110015,1073343487,1073723391,1073676287,1073217535,1073741823,1073741823,1073741823:h7
1073741807,1073741695,1073479359,1073732095,1073702911,1073699327,1073666559,1073110015,1073343487,1073723391,1073676287,1073217535,1073741823,1073741823,1073741823:h3
1073741807,1073741695,1073741503,1073732095,1073440767,1073699327,1073666559,1073110015,1073343487,1073723391,1073676287,1073217535,1073741823,1073741823,1073741823:h3
1073741807,1073741695,1073741503,1073732095,1073702911,1073699327,1073666559,1073110015,1073343487,1073723391,1073676031,1073217535,1073741823,1073741823,1073741823:h3
1073741807,1073741695,1073741503,1073666559,1073702911,1073699327,1073666559,1073110015,1073343487,1073723391,1073676287,1073217535,1073741823,1073741823,1073741823:h3
1073741807,1073741695,1073741503,1073732095,1073702911,1073699327,1073666559,1073109951,1073343487,1073723391,1073676287,1073217535,1073741823,1073741823,1073741823:h3
1073741807,1073741695,1073741503,1073732095,1073702911,1073699263,1073666559,1073110015,1073343487,1073723391,1073676287,1073217535,1073741823,1073741823,1073741823:h3
1073741807,1073741695,1073741503,1073732031,1073702911,1073699327,1073666559,1073110015,1073343487,1073723391,1073676287,1073217535,1073741823,1073741823,1073741823:h3
1073741807,1073741695,1073741503,1073715711,1073702911,1073699327,1073666559,1073110015,1073343487,1073723391,1073676287,1073217535,1073741823,1073741823,1073741823:h3
1073741807,1073741695,1073741503,1073732095,1073702911,1073699327,1073666559,1073110015,1073343231,1073723391,1073676287,1073217535,1073741823,1073741823,1073741823:h3
1073741807,1073741695,1073741503,1073732095,1073702655,1073699327,1073666559,1073110015,1073343487,1073723391,1073676287,1073217535,1073741823,1073741823,1073741823:h3
1073741807,1073741695,1073741503,1073732095,1073702911,1072650751,1073666559,1073110015,1073343487,1073723391,1073676287,1073217535,1073741823,1073741823,1073741823:h3
1073741807,1073741695,1073741503,1073732095,1073702911,1073699327,1073666559,1073110015,1073343487,1073723135,1073676287,1073217535,1073741823,1073741823,1073741823:h3
1073741807,1073741695,1073741503,1073732095,1073702911,1073699327,1073666559,1073109759,1073343487,1073723391,1073676287,1073217535,1073741823,1073741823,1073741823:h3
1073741807,1073741695,1073741503,1073732095,1073702911,1073699327,1073666559,1073110015,1073343487,1073723391,1073676287,1073216511,1073741823,1073741823,1073741823:h3
1073741807,1073741695,1073741503,1073732095,1073702911,1073699327,1073666559,1073110015,1073343487,1073719295,1073676287,1073217535,1073741823,1073741823,1073741823:h3
1073741807,1073741695,1073741503,1073732095,1073702911,1073699327,1073666559,1073110015,1073343487,1073723391,1073676287,1073201151,1073741823,1073741823,1073741823:h3
1073741807,1073741695,1073741503,1073732095,1073702911,1073699327,1073666559,1073110015,1073343487,1073723391,1073672191,1073217535,1073741823,1073741823,1073741823:h3
1073741807,1073741695,1073741503,1073732095,1073702911,1073699327,1073666559,1073110015,1073343487,1073723391,1072627711,1073217535,1073741823,1073741823,1073741823:h3
1073741807,1073741695,1073741503,1073732095,1073702911,1073699327,1073666559,1073110015,1073343487,1073723391,1073659903,1073217535,1073741823,1073741823,1073741823:h3
1073741807,1073741695,1073741503,1073732095,1073702911,1073699327,1073666559,1073110015,1073343487,1073657855,1073676287,1073217535,1073741823,1073741823,1073741823:h3
1073741807,1073741695,1073741503,1073732095,1073702911,1073699327,1069472255,1073110015,1073343487,1073723391,1073676287,1073217535,1073741823,1073741823,1073741823:h3
1073741807,1073741695,1073741503,1073732095,1073702911,1073699327,1073666559,1073110015,1069149183,1073723391,1073676287,1073217535,1073741823,1073741823,1073741823:h3
1073741807,1073741695,1073741503,1073732095,1073702911,1073699327,1073666559,1073110015,1073343487,1073723391,1069481983,1073217535,1073741823,1073741823,1073741823:h3
1073741807,1073741695,1073741503,1073732095,1073702911,1073699327,1073666559,1073110015,1073343487,1072674815,1073676287,1073217535,1073741823,1073741823,1073741823:h3
1073741807,1073741695,1073741503,1073732095,1073702911,1073699327,1073666559,1073110015,1073343487,1073723391,1073414143,1073217535,1073741823,1073741823,1073741823:h3
1073741807,1073741695,1073741503,1073732095,1073702911,1069505023,1073666559,1073110015,1073343487,1073723391,1073676287,1073217535,1073741823,1073741823,1073741823:h3
1073741807,1073741695,1073741503,1073732095,1073702911,1073699327,1073666559,1068915711,1073343487,1073723391,1073676287,1073217535,1073741823,1073741823,1073741823:h3
1073741807,1073741695,1073741503,1073732095,1073702911,1073699327,1073666559,1072061439,1073343487,1073723391,1073676287,1073217535,1073741823,1073741823,1073741823:h3
1073741807,1073741695,1073741503,1073732095,1073702911,1073699327,1073666559,1073110015,1073343487,1069529087,1073676287,1073217535,1073741823,1073741823,1073741823:h3
1073741807,1073741695,1073741503,1073732095,1073637375,1073699327,1073666559,1073110015,1073343487,1073723391,1073676287,1073217535,1073741823,1073741823,1073741823:h3
1073741807,1073741695,1073741503,1073732095,1073702911,1073633791,1073666559,1073110015,1073343487,1073723391,1073676287,1073217535,1073741823,1073741823,1073741823:h3
1073741807,1073741695,1073741503,1073732095,1072654335,1073699327,1073666559,1073110015,1073343487,1073723391,1073676287,1073217535,1073741823,1073741823,1073741823:h3
1073741807,1073741695,1073741503,1073732095,1073702911,1073699327,1072617983,1073110015,1073343487,1073723391,1073676287,1073217535,1073741823,1073741823,1073741823:h3
1073741807,1073741695,1073741503,1073732095,1073702911,1073699327,1073404415,1073110015,1073343487,1073723391,1073676287,1073217535,1073741823,1073741823,1073741823:h3
1073741807,1073741695,1073741503,1073732095,1073702911,1073699327,1073666559,1073110015,1072294911,1073723391,1073676287,1073217535,1073741823,1073741823,1073741823:h3
1073741807,1073741695,1073741503,1073732095,1073702911,1073699327,1073650175,1073110015,1073343487,1073723391,1073676287,1073217535,1073741823,1073741823,1073741823:h3
1073741807,1073741695,1073741503,1073732095,1073702911,1073437183,1073666559,1073110015,1073343487,1073723391,1073676287,1073217535,1073741823,1073741823,1073741823:h3
1073741807,1073741695,1073741503,1073732095,1073702911,1073699327,1073666559,1073110015,1073343487,1073461247,1073676287,1073217535,1073741823,1073741823,1073741823:h3
1073741807,1073741695,1073741503,1073732095,1073702911,1073699327,1073666559,1073110015,1073327103,1073723391,1073676287,1073217535,1073741823,1073741823,1073741823:h3
1073741567,1073741823,1073741503,1073732095,1073702911,1073699327,1073666559,1073110015,1073343487,1073723391,1073676287,1073217535,1073741823,1073741823,1073741823:h3
1073737727,1073741823,1073741503,1073732095,1073702911,1073699327,1073666559,1073110015,1073343487,1073723391,1073676287,1073217535,1073741823,1073741823,1073741823:h3
1073741823,1073741823,1073741503,1073732095,1073702911,1073699327,1073666559,1073109999,1073343487,1073723391,1073676287,1073217535,1073741823,1073741823,1073741823:h3
1073741823,1073740799,1073741503,1073732095,1073702911,1073699327,1073666559,1073110015,1073343487,1073723391,1073676287,1073217535,1073741823,1073741823,1073741823:h3
1073741823,1073725439,1073741503,1073732095,1073702911,1073699327,1073666559,1073110015,1073343487,1073723391,1073676287,1073217535,1073741823,1073741823,1073741823:h3
1073741823,1073676287,1073741503,1073732095,1073702911,1073699327,1073666559,1073110015,1073343487,1073723391,1073676287,1073217535,1073741823,1073741823,1073741823:h3
1073741823,1073741823,1073741503,1073732095,1073702907,1073699327,1073666559,1073110015,1073343487,1073723391,1073676287,1073217535,1073741823,1073741823,1073741823:h3
1073741823,1073741823,1073741499,1073732095,1073702911,1073699327,1073666559,1073110015,1073343487,1073723391,1073676287,1073217535,1073741823,1073741823,1073741823:h3
1073741823,1073741823,1073741487,1073732095,1073702911,1073699327,1073666559,1073110015,1073343487,1073723391,1073676287,1073217535,1073741823,1073741823,1073741823:h3
1073741819,1073741823,1073741503,1073732095,1073702911,1073699327,1073666559,1073110015,1073343487,1073723391,1073676287,1073217535,1073741823,1073741823,1073741823:h3
1073741759,1073741823,1073741503,1073732095,1073702911,1073699327,1073666559,1073110015,1073343487,1073723391,1073676287,1073217535,1073741823,1073741823,1073741823:h3
1073741823,1073741759,1073741503,1073732095,1073702911,1073699327,1073666559,1073110015,1073343487,1073723391,1073676287,1073217535,1073741823,1073741823,1073741823:c1
1073741791,1073741759,1073741502,1073732095,1073702911,1073699327,1073666559,1073110015,1073343487,1073723391,1073676287,1073217535,1073741823,1073741823,1073741823:h3
1073741790,1073741759,1073741503,1073732095,1073702911,1073699327,1073666559,1073110015,1073343487,1073723391,1073676287,1073217535,1073741823,1073741823,1073741823:h3
1073741791,1073741759,1073741503,1073732091,1073702911,1073699327,1073666559,1073110015,1073343487,1073723391,1073676287,1073217535,1073741823,1073741823,1073741823:h3
1073741791,1073741755,1073741503,1073732095,1073702911,1073699327,1073666559,1073110015,1073343487,1073723391,1073676287,1073217535,1073741823,1073741823,1073741823:h3
1073741791,1073741759,1073741503,1073469951,1073702911,1073699327,1073666559,1073110015,1073343487,1073723391,1073676287,1073217535,1073741823,1073741823,1073741823:h3
1073741535,1073741759,1073741503,1073732095,1073702911,1073699327,1073666559,1073110015,1073343487,1073723391,1073676287,1073217535,1073741823,1073741823,1073741823:h3
1073737695,1073741759,1073741503,1073732095,1073702911,1073699327,1073666559,1073110015,1073343487,1073723391,1073676287,1073217535,1073741823,1073741823,1073741823:h3
1073741791,1073741759,1073741503,1073732095,1073702911,1073699327,1073666559,1073109999,1073343487,1073723391,1073676287,1073217535,1073741823,1073741823,1073741823:h3
1073741791,1073740735,1073741503,1073732095,1073702911,1073699327,1073666559,1073110015,1073343487,1073723391,1073676287,1073217535,1073741823,1073741823,1073741823:h3
1073741791,1073725375,1073741503,1073732095,1073702911,1073699327,1073666559,1073110015,1073343487,1073723391,1073676287,1073217535,1073741823,1073741823,1073741823:h3
1073741791,1073676223,1073741503,1073732095,1073702911,1073699327,1073666559,1073110015,1073343487,1073723391,1073676287,1073217535,1073741823,1073741823,1073741823:h3
1073741791,1073741759,1073741503,1073732095,1073702907,1073699327,1073666559,1073110015,1073343487,1073723391,1073676287,1073217535,1073741823,1073741823,1073741823:h3
1073741791,1073741759,1073741499,1073732095,1073702911,1073699327,1073666559,1073110015,1073343487,1073723391,1073676287,1073217535,1073741823,1073741823,1073741823:h3
1073741791,1073741759,1073741487,1073732095,1073702911,1073699327,1073666559,1073110015,1073343487,1073723391,1073676287,1073217535,1073741823,1073741823,1073741823:h3
1073741787,1073741759,1073741503,1073732095,1073702911,1073699327,1073666559,1073110015,1073343487,1073723391,1073676287,1073217535,1073741823,1073741823,1073741823:h3
1073741727,1073741759,1073741503,1073732095,1073702911,1073699327,1073666559,1073110015,1073343487,1073723391,1073676287,1073217535,1073741823,1073741823,1073741823:h3
1073740767,1073741759,1073741503,1073732095,1073702911,1073699327,1073666559,1073110015,1073343487,1073723391,1073676287,1073217535,1073741823,1073741823,1073741823:h3
1073741791,1073741759,1073741503,1073732095,1073702911,1073699327,1073666559,1073110015,1073343487,1073723391,1073676287,1073217471,1073741823,1073741823,1073741823:h3
1073741791,1073741759,1073741503,1073732095,1073702911,1073699327,1073666559,1073110015,1073343487,1073723391,1073676223,1073217535,1073741823,1073741823,1073741823:h3
1073741791,1073741759,1073741503,1073732095,1073702911,1073699327,1073666559,1073110015,1073343487,1073723391,1073675263,1073217535,1073741823,1073741823,1073741823:h3
1073741791,1073741759,1073741503,1073732095,1073702911,1073699311,1073666559,1073110015,1073343487,1073723391,1073676287,1073217535,1073741823,1073741823,1073741823:h3
1073741791,1073741759,1073741503,1073732079,1073702911,1073699327,1073666559,1073110015,1073343487,1073723391,1073676287,1073217535,1073741823,1073741823,1073741823:h3
1073741791,1073741743,1073741503,1073732095,1073702911,1073699327,1073666559,1073110015,1073343487,1073723391,1073676287,1073217535,1073741823,1073741823,1073741823:h3
1073741791,1073741503,1073741503,1073732095,1073702911,1073699327,1073666559,1073110015,1073343487,1073723391,1073676287,1073217535,1073741823,1073741823,1073741823:h3
1073741791,1073737663,1073741503,1073732095,1073702911,1073699327,1073666559,1073110015,1073343487,1073723391,1073676287,1073217535,1073741823,1073741823,1073741823:h3
1073741791,1073741759,1073737407,1073732095,1073702911,1073699327,1073666559,1073110015,1073343487,1073723391,1073676287,1073217535,1073741823,1073741823,1073741823:h3
1073741791,1073741759,1073675967,1073732095,1073702911,1073699327,1073666559,1073110015,1073343487,1073723391,1073676287,1073217535,1073741823,1073741823,1073741823:h3
1073741791,1073741759,1073741503,1073732095,1073702911,1073699327,1073666559,1073110015,1073343423,1073723391,1073676287,1073217535,1073741823,1073741823,1073741823:h3
1073741791,1073741759,1073741503,1073732095,1073702847,1073699327,1073666559,1073110015,1073343487,1073723391,1073676287,1073217535,1073741823,1073741823,1073741823:h3
1073741791,1073741759,1073741503,1073732095,1073702911,1073699327,1073666559,1073110015,1073343487,1073723391,1073676287,1073217535,1073741823,1073725439,1073741823:h3
1073741791,1073741759,1073741503,1073732095,1073702911,1073699327,1073666559,1073110015,1073343487,1073723391,1073676287,1069023231,1073741823,1073741823,1073741823:h3
1073741791,1073741759,1073741503,1073732095,1073702911,1073699327,1073666559,1073110015,1073343487,1073723391,1073676287,1072168959,1073741823,1073741823,1073741823:h3
1073741791,1073741759,1073741503,1073732095,1073702911,1073699327,1073666559,1073110015,1073343487,1073723391,1073676287,1073217535,1073741823,1069547519,1073741823:h3
1073741791,1073741759,1073741503,1073732095,1073702911,1073699327,1073666559,1073110015,1073343487,1073723391,1073676287,1073217535,1073741823,1073479679,1073741823:h3
1073741791,1073741759,1073741503,1073732095,1073702911,1073699327,1073666559,1073110015,1073343487,1073723391,1073676287,1073217535,1073479679,1073741823,1073741823:h3
1073741791,1073741759,1073741503,1073732095,1073702911,1073699327,1073666559,1073110015,1073343487,1073723391,1073676287,1073217535,1073737727,1073741823,1073741823:h3
1073741791,1073741759,1073741503,1073732095,1073702911,1073699327,1073666559,1073110015,1073343487,1073723391,1073676287,1073217535,1072693247,1073741823,1073741823:h3
1073741791,1073741759,1073741503,1073732095,1073702911,1073699327,1073666559,1073110015,1073343487,1073723391,1073676287,1073217535,1073676287,1073741823,1073741823:h3
1073741791,1073741759,1073741503,1073732095,1073702911,1073699327,1073666559,1073110015,1073343487,1073723391,1073676287,1073151999,1073741823,1073741823,1073741823:h3
1073741791,1073741759,1073741503,1073732095,1073702911,1073699327,1073666559,1073110015,1073343471,1073723391,1073676287,1073217535,1073741823,1073741823,1073741823:h3
1073741791,1073741759,1073741503,1073732095,1073702911,1073699327,1073666543,1073110015,1073343487,1073723391,1073676287,1073217535,1073741823,1073741823,1073741823:h3
1073741791,1073741759,1073741503,1073732095,1073702911,1073699327,1073666495,1073110015,1073343487,1073723391,1073676287,1073217535,1073741823,1073741823,1073741823:h3
1073741791,1073741759,1073741503,1073732095,1073702895,1073699327,1073666559,1073110015,1073343487,1073723391,1073676287,1073217535,1073741823,1073741823,1073741823:h3
1073741791,1073741759,1073741503,1073732095,1073702911,1073699327,1073666559,1073110015,1073343487,1073723327,1073676287,1073217535,1073741823,1073741823,1073741823:h3
1073741791,1073741759,1073740479,1073732095,1073702911,1073699327,1073666559,1073110015,1073343487,1073723391,1073676287,1073217535,1073741823,1073741823,1073741823:h3
1073741791,1073741759,1073725119,1073732095,1073702911,1073699327,1073666559,1073110015,1073343487,1073723391,1073676287,1073217535,1073741823,1073741823,1073741823:h7
1073741791,1073741759,1073479359,1073732095,1073702911,1073699327,1073666559,1073110015,1073343487,1073723391,1073676287,1073217535,1073741823,1073741823,1073741823:h3
1073741791,1073741759,1073741503,1073732095,1073440767,1073699327,1073666559,1073110015,1073343487,1073723391,1073676287,1073217535,1073741823,1073741823,1073741823:h3
1073741791,1073741759,1073741503,1073732095,1073702911,1073699327,1073666559,1073110015,1073343487,1073723391,1073676031,1073217535,1073741823,1073741823,1073741823:h3
1073741791,1073741759,1073741503,1073666559,1073702911,1073699327,1073666559,1073110015,1073343487,1073723391,1073676287,1073217535,1073741823,1073741823,1073741823:h3
1073741791,1073741759,1073741503,1073732095,1073702911,1073699327,1073666559,1073109951,1073343487,1073723391,1073676287,1073217535,1073741823,1073741823,1073741823:h3
1073741791,1073741759,1073741503,1073732095,1073702911,1073699263,1073666559,1073110015,1073343487,1073723391,1073676287,1073217535,1073741823,1073741823,1073741823:h3
1073741791,1073741759,1073741503,1073732031,1073702911,1073699327,1073666559,1073110015,1073343487,1073723391,1073676287,1073217535,1073741823,1073741823,1073741823:h3
1073741791,1073741759,1073741503,1073715711,1073702911,1073699327,1073666559,1073110015,1073343487,1073723391,1073676287,1073217535,1073741823,1073741823,1073741823:h3
1073741791,1073741759,1073741503,1073732095,1073702911,1073699327,1073666559,1073110015,1073343231,1073723391,1073676287,1073217535,1073741823,1073741823,1073741823:h3
1073741791,1073741759,1073741503,1073732095,1073702655,1073699327,1073666559,1073110015,1073343487,1073723391,1073676287,1073217535,1073741823,1073741823,1073741823:h3
1073741791,1073741759,1073741503,1073732095,1073702911,1072650751,1073666559,1073110015,1073343487,1073723391,1073676287,1073217535,1073741823,1073741823,1073741823:h3
1073741791,1073741759,1073741503,1073732095,1073702911,1073699327,1073666559,1073110015,1073343487,1073723135,1073676287,1073217535,1073741823,1073741823,1073741823:h3
1073741791,1073741759,1073741503,1073732095,1073702911,1073699327,1073666559,1073109759,1073343487,1073723391,1073676287,1073217535,1073741823,1073741823,1073741823:h3
1073741791,1073741759,1073741503,1073732095,1073702911,1073699327,1073666559,1073110015,1073343487,1073723391,1073676287,1073216511,1073741823,1073741823,1073741823:h3
1073741791,1073741759,1073741503,1073732095,1073702911,1073699327,1073666559,1073110015,1073343487,1073719295,1073676287,1073217535,1073741823,1073741823,1073741823:h3
1073741791,1073741759,1073741503,1073732095,1073702911,1073699327,1073666559,1073110015,1073343487,1073723391,1073676287,1073201151,1073741823,1073741823,1073741823:h3
1073741791,1073741759,1073741503,1073732095,1073702911,1073699327,1073666559,1073110015,1073343487,1073723391,1073672191,1073217535,1073741823,1073741823,1073741823:h3
1073741791,1073741759,1073741503,1073732095,1073702911,1073699327,1073666559,1073110015,1073343487,1073723391,1072627711,1073217535,1073741823,1073741823,1073741823:h3
1073741791,1073741759,1073741503,1073732095,1073702911,1073699327,1073666559,1073110015,1073343487,1073723391,1073659903,1073217535,1073741823,1073741823,1073741823:h3
1073741791,1073741759,1073741503,1073732095,1073702911,1073699327,1073666559,1073110015,1073343487,1073657855,1073676287,1073217535,1073741823,1073741823,1073741823:h3
1073741791,1073741759,1073741503,1073732095,1073702911,1073699327,1069472255,1073110015,1073343487,1073723391,1073676287,1073217535,1073741823,1073741823,1073741823:h3
1073741791,1073741759,1073741503,1073732095,1073702911,1073699327,1073666559,1073110015,1069149183,1073723391,1073676287,1073217535,1073741823,1073741823,1073741823:h3
1073741791,1073741759,1073741503,1073732095,1073702911,1073699327,1073666559,1073110015,1073343487,1073723391,1069481983,1073217535,1073741823,1073741823,1073741823:h3
1073741791,1073741759,1073741503,1073732095,1073702911,1073699327,1073666559,1073110015,1073343487,1072674815,1073676287,1073217535,1073741823,1073741823,1073741823:h3
1073741791,1073741759,1073741503,1073732095,1073702911,1073699327,1073666559,1073110015,1073343487,1073723391,1073414143,1073217535,1073741823,1073741823,1073741823:h3
1073741791,1073741759,1073741503,1073732095,1073702911,1069505023,1073666559,1073110015,1073343487,1073723391,1073676287,1073217535,1073741823,1073741823,1073741823:h3
1073741791,1073741759,1073741503,1073732095,1073702911,1073699327,1073666559,1068915711,1073343487,1073723391,1073676287,1073217535,1073741823,1073741823,1073741823:h3
1073741791,1073741759,1073741503,1073732095,1073702911,1073699327,1073666559,1072061439,1073343487,1073723391,1073676287,1073217535,1073741823,1073741823,1073741823:h3
1073741791,1073741759,1073741503,1073732095,1073702911,1073699327,1073666559,1073110015,1073343487,1069529087,1073676287,1073217535,1073741823,1073741823,1073741823:h3
1073741791,1073741759,1073741503,1073732095,1073637375,1073699327,1073666559,1073110015,1073343487,1073723391,1073676287,1073217535,1073741823,1073741823,1073741823:h3
1073741791,1073741759,1073741503,1073732095,1073702911,1073633791,1073666559,1073110015,1073343487,1073723391,1073676287,1073217535,1073741823,1073741823,1073741823:h3
1073741791,1073741759,1073741503,1073732095,1072654335,1073699327,1073666559,1073110015,1073343487,1073723391,1073676287,1073217535,1073741823,1073741823,1073741823:h3
1073741791,1073741759,1073741503,1073732095,1073702911,1073699327,1072617983,1073110015,1073343487,1073723391,1073676287,1073217535,1073741823,1073741823,1073741823:h3
1073741791,1073741759,1073741503,1073732095,1073702911,1073699327,1073404415,1073110015,1073343487,1073723391,1073676287,1073217535,1073741823,1073741823,1073741823:h3
1073741791,1073741759,1073741503,1073732095,1073702911,1073699327,1073666559,1073110015,1072294911,1073723391,1073676287,1073217535,1073741823,1073741823,1073741823:h3
1073741791,1073741759,1073741503,1073732095,1073702911,1073699327,1073650175,1073110015,1073343487,1073723391,1073676287,1073217535,1073741823,1073741823,1073741823:h3
1073741791,1073741759,1073741503,1073732095,1073702911,1073437183,1073666559,1073110015,1073343487,1073723391,1073676287,1073217535,1073741823,1073741823,1073741823:h3
1073741791,1073741759,1073741503,1073732095,1073702911,1073699327,1073666559,1073110015,1073343487,1073461247,1073676287,1073217535,1073741823,1073741823,1073741823:h3
1073741791,1073741759,1073741503,1073732095,1073702911,1073699327,1073666559,1073110015,1073327103,1073723391,1073676287,1073217535,1073741823,1073741823,1073741823:h3
1073740799,1073741823,1073741503,1073732095,1073702911,1073699327,1073666559,1073110015,1073343487,1073723391,1073676287,1073217535,1073741823,1073741823,1073741823:h3
1073741823,1073741823,1073741503,1073732095,1073702911,1073699327,1073666559,1073110015,1073343487,1073723391,1073676287,1073217471,1073741823,1073741823,1073741823:h3
1073741823,1073741823,1073741503,1073732095,1073702911,1073699327,1073666559,1073110015,1073343487,1073723391,1073676223,1073217535,1073741823,1073741823,1073741823:h3
1073741823,1073741823,1073741503,1073732095,1073702911,1073699327,1073666559,1073110015,1073343487,1073723391,1073675263,1073217535,1073741823,1073741823,1073741823:h3
1073741823,1073741823,1073741503,1073732095,1073702911,1073699311,1073666559,1073110015,1073343487,1073723391,1073676287,1073217535,1073741823,1073741823,1073741823:h3
1073741823,1073741823,1073741503,1073732079,1073702911,1073699327,1073666559,1073110015,1073343487,1073723391,1073676287,1073217535,1073741823,1073741823,1073741823:h3
1073741823,1073741807,1073741503,1073732095,1073702911,1073699327,1073666559,1073110015,1073343487,1073723391,1073676287,1073217535,1073741823,1073741823,1073741823:h3
1073741823,1073741567,1073741503,1073732095,1073702911,1073699327,1073666559,1073110015,1073343487,1073723391,1073676287,1073217535,1073741823,1073741823,1073741823:h3
1073741823,1073737727,1073741503,1073732095,1073702911,1073699327,1073666559,1073110015,1073343487,1073723391,1073676287,1073217535,1073741823,1073741823,1073741823:h3
1073741823,1073741823,1073737407,1073732095,1073702911,1073699327,1073666559,1073110015,1073343487,1073723391,1073676287,1073217535,1073741823,1073741823,1073741823:h3
1073741823,1073741823,1073675967,1073732095,1073702911,1073699327,1073666559,1073110015,1073343487,1073723391,1073676287,1073217535,1073741823,1073741823,1073741823:h3
1073741823,1073741823,1073741503,1073732095,1073702911,1073699327,1073666559,1073110015,1073343423,1073723391,1073676287,1073217535,1073741823,1073741823,1073741823:h3
1073741823,1073741823,1073741503,1073732095,1073702847,1073699327,1073666559,1073110015,1073343487,1073723391,1073676287,1073217535,1073741823,1073741823,1073741823:h3
1073741823,1073741823,1073741503,1073732095,1073702911,1073699327,1073666559,1073110015,1073343487,1073723391,1073676287,1073217535,1073741823,1073725439,1073741823:h3
1073741823,1073741823,1073741503,1073732095,1073702911,1073699327,1073666559,1073110015,1073343487,1073723391,1073676287,1069023231,1073741823,1073741823,1073741823:h3
1073741823,1073741823,1073741503,1073732095,1073702911,1073699327,1073666559,1073110015,1073343487,1073723391,1073676287,1072168959,1073741823,1073741823,1073741823:h3
1073741823,1073741823,1073741503,1073732095,1073702911,1073699327,1073666559,1073110015,1073343487,1073723391,1073676287,1073217535,1073741823,1069547519,1073741823:h3
1073741823,1073741823,1073741503,1073732095,1073702911,1073699327,1073666559,1073110015,1073343487,1073723391,1073676287,1073217535,1073741823,1073479679,1073741823:h3
1073741823,1073741823,1073741503,1073732095,1073702911,1073699327,1073666559,1073110015,1073343487,1073723391,1073676287,1073217535,1073479679,1073741823,1073741823:h3
1073741823,1073741823,1073741503,1073732095,1073702911,1073699327,1073666559,1073110015,1073343487,1073723391,1073676287,1073217535,1073737727,1073741823,1073741823:h3
1073741823,1073741823,1073741503,1073732095,1073702911,1073699327,1073666559,1073110015,1073343487,1073723391,1073676287,1073217535,1072693247,1073741823,1073741823:h3
1073741823,1073741823,1073741503,1073732095,1073702911,1073699327,1073666559,1073110015,1073343487,1073723391,1073676287,1073217535,1073676287,1073741823,1073741823:h3
1073741823,1073741823,1073741503,1073732095,1073702911,1073699327,1073666559,1073110015,1073343487,1073723391,1073676287,1073151999,1073741823,1073741823,1073741823:h3
1073741823,1073741823,1073741503,1073732095,1073702911,1073699327,1073666559,1073110015,1073343471,1073723391,1073676287,1073217535,1073741823,1073741823,1073741823:h3
1073741823,1073741823,1073741503,1073732095,1073702911,1073699327,1073666543,1073110015,1073343487,1073723391,1073676287,1073217535,1073741823,1073741823,1073741823:h3
1073741823,1073741823,1073741503,1073732095,1073702911,1073699327,1073666495,1073110015,1073343487,1073723391,1073676287,1073217535,1073741823,1073741823,1073741823:h3
1073741823,1073741823,1073741503,1073732095,1073702895,1073699327,1073666559,1073110015,1073343487,1073723391,1073676287,1073217535,1073741823,1073741823,1073741823:h3
1073741823,1073741823,1073741503,1073732095,1073702911,1073699327,1073666559,1073110015,1073343487,1073723327,1073676287,1073217535,1073741823,1073741823,1073741823:h3
1073741823,1073741823,1073740479,1073732095,1073702911,1073699327,1073666559,1073110015,1073343487,1073723391,1073676287,1073217535,1073741823,1073741823,1073741823:h3
1073741823,1073741823,1073725119,1073732095,1073702911,1073699327,1073666559,1073110015,1073343487,1073723391,1073676287,1073217535,1073741823,1073741823,1073741823:h7
1073741823,1073741823,1073479359,1073732095,1073702911,1073699327,1073666559,1073110015,1073343487,1073723391,1073676287,1073217535,1073741823,1073741823,1073741823:h3
1073741823,1073741823,1073741503,1073732095,1073440767,1073699327,1073666559,1073110015,1073343487,1073723391,1073676287,1073217535,1073741823,1073741823,1073741823:h3
1073741823,1073741823,1073741503,1073732095,1073702911,1073699327,1073666559,1073110015,1073343487,1073723391,1073676031,1073217535,1073741823,1073741823,1073741823:h3
1073741823,1073741823,1073741503,1073666559,1073702911,1073699327,1073666559,1073110015,1073343487,1073723391,1073676287,1073217535,1073741823,1073741823,1073741823:h3
1073741823,1073741823,1073741503,1073732095,1073702911,1073699327,1073666559,1073109951,1073343487,1073723391,1073676287,1073217535,1073741823,1073741823,1073741823:h3
1073741823,1073741823,1073741503,1073732095,1073702911,1073699263,1073666559,1073110015,1073343487,1073723391,1073676287,1073217535,1073741823,1073741823,1073741823:h3
1073741823,1073741823,1073741503,1073732031,1073702911,1073699327,1073666559,1073110015,1073343487,1073723391,1073676287,1073217535,1073741823,1073741823,1073741823:h3
1073741823,1073741823,1073741503,1073715711,1073702911,1073699327,1073666559,1073110015,1073343487,1073723391,1073676287,1073217535,1073741823,1073741823,1073741823:h3
1073741823,1073741823,1073741503,1073732095,1073702911,1073699327,1073666559,1073110015,1073343231,1073723391,1073676287,1073217535,1073741823,1073741823,1073741823:h3
1073741823,1073741823,1073741503,1073732095,1073702655,1073699327,1073666559,1073110015,1073343487,1073723391,1073676287,1073217535,1073741823,1073741823,1073741823:h3
1073741823,1073741823,1073741503,1073732095,1073702911,1072650751,1073666559,1073110015,1073343487,1073723391,1073676287,1073217535,1073741823,1073741823,1073741823:h3
1073741823,1073741823,1073741503,1073732095,1073702911,1073699327,1073666559,1073110015,1073343487,1073723135,1073676287,1073217535,1073741823,1073741823,1073741823:h3
1073741823,1073741823,1073741503,1073732095,1073702911,1073699327,1073666559,1073109759,1073343487,1073723391,1073676287,1073217535,1073741823,1073741823,1073741823:h3
1073741823,1073741823,1073741503,1073732095,1073702911,1073699327,1073666559,1073110015,1073343487,1073723391,1073676287,1073216511,1073741823,1073741823,1073741823:h3
1073741823,1073741823,1073741503,1073732095,1073702911,1073699327,1073666559,1073110015,1073343487,1073719295,1073676287,1073217535,1073741823,1073741823,1073741823:h3
1073741823,1073741823,1073741503,1073732095,1073702911,1073699327,1073666559,1073110015,1073343487,1073723391,1073676287,1073201151,1073741823,1073741823,1073741823:h3
1073741823,1073741823,1073741503,1073732095,1073702911,1073699327,1073666559,1073110015,1073343487,1073723391,1073672191,1073217535,1073741823,1073741823,1073741823:h3
1073741823,1073741823,1073741503,1073732095,1073702911,1073699327,1073666559,1073110015,1073343487,1073723391,1072627711,1073217535,1073741823,1073741823,1073741823:h3
1073741823,1073741823,1073741503,1073732095,1073702911,1073699327,1073666559,1073110015,1073343487,1073723391,1073659903,1073217535,1073741823,1073741823,1073741823:h3
1073741823,1073741823,1073741503,1073732095,1073702911,1073699327,1073666559,1073110015,1073343487,1073657855,1073676287,1073217535,1073741823,1073741823,1073741823:h3
1073741823,1073741823,1073741503,1073732095,1073702911,1073699327,1069472255,1073110015,1073343487,1073723391,1073676287,1073217535,1073741823,1073741823,1073741823:h3
1073741823,1073741823,1073741503,1073732095,1073702911,1073699327,1073666559,1073110015,1069149183,1073723391,1073676287,1073217535,1073741823,1073741823,1073741823:h3
1073741823,1073741823,1073741503,1073732095,1073702911,1073699327,1073666559,1073110015,1073343487,1073723391,1069481983,1073217535,1073741823,1073741823,1073741823:h3
1073741823,1073741823,1073741503,1073732095,1073702911,1073699327,1073666559,1073110015,1073343487,1072674815,1073676287,1073217535,1073741823,1073741823,1073741823:h3
1073741823,1073741823,1073741503,1073732095,1073702911,1073699327,1073666559,1073110015,1073343487,1073723391,1073414143,1073217535,1073741823,1073741823,1073741823:h3
1073741823,1073741823,1073741503,1073732095,1073702911,1069505023,1073666559,1073110015,1073343487,1073723391,1073676287,1073217535,1073741823,1073741823,1073741823:h3
1073741823,1073741823,1073741503,1073732095,1073702911,1073699327,1073666559,1068915711,1073343487,1073723391,1073676287,1073217535,1073741823,1073741823,1073741823:h3
1073741823,1073741823,1073741503,1073732095,1073702911,1073699327,1073666559,1072061439,1073343487,1073723391,1073676287,1073217535,1073741823,1073741823,1073741823:h3
1073741823,1073741823,1073741503,1073732095,1073702911,1073699327,1073666559,1073110015,1073343487,1069529087,1073676287,1073217535,1073741823,1073741823,1073741823:h3
1073741823,1073741823,1073741503,1073732095,1073637375,1073699327,1073666559,1073110015,1073343487,1073723391,1073676287,1073217535,1073741823,1073741823,1073741823:h3
1073741823,1073741823,1073741503,1073732095,1073702911,1073633791,1073666559,1073110015,1073343487,1073723391,1073676287,1073217535,1073741823,1073741823,1073741823:h3
1073741823,1073741823,1073741503,1073732095,1072654335,1073699327,1073666559,1073110015,1073343487,1073723391,1073676287,1073217535,1073741823,1073741823,1073741823:h3
1073741823,1073741823,1073741503,1073732095,1073702911,1073699327,1072617983,1073110015,1073343487,1073723391,1073676287,1073217535,1073741823,1073741823,1073741823:h3
1073741823,1073741823,1073741503,1073732095,1073702911,1073699327,1073404415,1073110015,1073343487,1073723391,1073676287,1073217535,1073741823,1073741823,1073741823:h3
1073741823,1073741823,1073741503,1073732095,1073702911,1073699327,1073666559,1073110015,1072294911,1073723391,1073676287,1073217535,1073741823,1073741823,1073741823:h3
1073741823,1073741823,1073741503,1073732095,1073702911,1073699327,1073650175,1073110015,1073343487,1073723391,1073676287,1073217535,1073741823,1073741823,1073741823:h3
1073741823,1073741823,1073741503,1073732095,1073702911,1073437183,1073666559,1073110015,1073343487,1073723391,1073676287,1073217535,1073741823,1073741823,1073741823:h3
1073741823,1073741823,1073741503,1073732095,1073702911,1073699327,1073666559,1073110015,1073343487,1073461247,1073676287,1073217535,1073741823,1073741823,1073741823:h3
1073741823,1073741823,1073741503,1073732095,1073702911,1073699327,1073666559,1073110015,1073327103,1073723391,1073676287,1073217535,1073741823,1073741823,1073741823:h3
1073741823,1073741823,1073737663,1073732095,1073702911,1073732095,1073666559,1073110015,1073343487,1073723391,1073676287,1073217535,1073741823,1073741823,1073741823:e5
1073741823,1073741823,1073676223,1073732095,1073702911,1073732095,1073666559,1073110015,1073343487,1073723391,1073676287,1073217535,1073741823,1073741823,1073741823:e5
1073741823,1073741823,1073741759,1073732095,1073702911,1073732095,1073666559,1073110015,1073343423,1073723391,1073676287,1073217535,1073741823,1073741823,1073741823:e5
1073741823,1073741823,1073741759,1073732095,1073702847,1073732095,1073666559,1073110015,1073343487,1073723391,1073676287,1073217535,1073741823,1073741823,1073741823:e5
1073741823,1073741823,1073741759,1073732095,1073702911,1073732095,1073666559,1073110015,1073343487,1073723391,1073676287,1073217535,1073741823,1073725439,1073741823:e5
1073741823,1073741823,1073741759,1073732095,1073702911,1073732095,1073666559,1073110015,1073343487,1073723391,1073676287,1069023231,1073741823,1073741823,1073741823:e5
1073741823,1073741823,1073741759,1073732095,1073702911,1073732095,1073666559,1073110015,1073343487,1073723391,1073676287,1072168959,1073741823,1073741823,1073741823:e5
1073741823,1073741823,1073741759,1073732095,1073702911,1073732095,1073666559,1073110015,1073343487,1073723391,1073676287,1073217535,1073741823,1069547519,1073741823:e5
1073741823,1073741823,1073741759,1073732095,1073702911,1073732095,1073666559,1073110015,1073343487,1073723391,1073676287,1073217535,1073741823,1073479679,1073741823:e5
1073741823,1073741823,1073741759,1073732095,1073702911,1073732095,1073666559,1073110015,1073343487,1073723391,1073676287,1073217535,1073479679,1073741823,1073741823:e5
1073741823,1073741823,1073741759,1073732095,1073702911,1073732095,1073666559,1073110015,1073343487,1073723391,1073676287,1073217535,1073737727,1073741823,1073741823:e5
1073741823,1073741823,1073741759,1073732095,1073702911,1073732095,1073666559,1073110015,1073343487,1073723391,1073676287,1073217535,1072693247,1073741823,1073741823:e5
1073741823,1073741823,1073741759,1073732095,1073702911,1073732095,1073666559,1073110015,1073343487,1073723391,1073676287,1073217535,1073676287,1073741823,1073741823:e5
1073741823,1073741823,1073741759,1073732095,1073702911,1073732095,1073666559,1073110015,1073343487,1073723391,1073676287,1073151999,1073741823,1073741823,1073741823:e5
1073741823,1073741823,1073741759,1073732095,1073702911,1073732095,1073666559,1073110015,1073343471,1073723391,1073676287,1073217535,1073741823,1073741823,1073741823:e5
1073741823,1073741823,1073741759,1073732095,1073702911,1073732095,1073666543,1073110015,1073343487,1073723391,1073676287,1073217535,1073741823,1073741823,1073741823:e5
1073741823,1073741823,1073741759,1073732095,1073702911,1073732095,1073666495,1073110015,1073343487,1073723391,1073676287,1073217535,1073741823,1073741823,1073741823:e5
1073741823,1073741823,1073741759,1073732095,1073702895,1073732095,1073666559,1073110015,1073343487,1073723391,1073676287,1073217535,1073741823,1073741823,1073741823:e5
1073741823,1073741823,1073741759,1073732095,1073702911,1073732095,1073666559,1073110015,1073343487,1073723327,1073676287,1073217535,1073741823,1073741823,1073741823:e5
1073741823,1073741823,1073740735,1073732095,1073702911,1073732095,1073666559,1073110015,1073343487,1073723391,1073676287,1073217535,1073741823,1073741823,1073741823:e5
1073741823,1073741823,1073725375,1073732095,1073702911,1073732095,1073666559,1073110015,1073343487,1073723391,1073676287,1073217535,1073741823,1073741823,1073741823:e5
1073741823,1073741823,1073479615,1073732095,1073702911,1073732095,1073666559,1073110015,1073343487,1073723391,1073676287,1073217535,1073741823,1073741823,1073741823:e5
1073741823,1073741823,1073741759,1073732095,1073440767,1073732095,1073666559,1073110015,1073343487,1073723391,1073676287,1073217535,1073741823,1073741823,1073741823:e5
1073741823,1073741823,1073741759,1073732095,1073702911,1073732095,1073666559,1073110015,1073343487,1073723391,1073676031,1073217535,1073741823,1073741823,1073741823:e5
1073741823,1073741823,1073741759,1073666559,1073702911,1073732095,1073666559,1073110015,1073343487,1073723391,1073676287,1073217535,1073741823,1073741823,1073741823:e5
1073741823,1073741823,1073741759,1073732095,1073702911,1073732095,1073666559,1073109951,1073343487,1073723391,1073676287,1073217535,1073741823,1073741823,1073741823:e5
1073741823,1073741823,1073741759,1073732095,1073702911,1073732031,1073666559,1073110015,1073343487,1073723391,1073676287,1073217535,1073741823,1073741823,1073741823:e5
1073741823,1073741823,1073741759,1073732031,1073702911,1073732095,1073666559,1073110015,1073343487,1073723391,1073676287,1073217535,1073741823,1073741823,1073741823:e5
1073741823,1073741823,1073741759,1073715711,1073702911,1073732095,1073666559,1073110015,1073343487,1073723391,1073676287,1073217535,1073741823,1073741823,1073741823:e5
1073741823,1073741823,1073741759,1073732095,1073702911,1073732095,1073666559,1073110015,1073343231,1073723391,1073676287,1073217535,1073741823,1073741823,1073741823:e5
1073741823,1073741823,1073741759,1073732095,1073702655,1073732095,1073666559,1073110015,1073343487,1073723391,1073676287,1073217535,1073741823,1073741823,1073741823:h3
1073741823,1073741823,1073741759,1073732095,1073702911,1072683519,1073666559,1073110015,1073343487,1073723391,1073676287,1073217535,1073741823,1073741823,1073741823:e5
1073741823,1073741823,1073741759,1073732095,1073702911,1073732095,1073666559,1073110015,1073343487,1073723135,1073676287,1073217535,1073741823,1073741823,1073741823:e5
1073741823,1073741823,1073741759,1073732095,1073702911,1073732095,1073666559,1073109759,1073343487,1073723391,1073676287,1073217535,1073741823,1073741823,1073741823:h3
1073741823,1073741823,1073741759,1073732095,1073702911,1073732095,1073666559,1073110015,1073343487,1073723391,1073676287,1073216511,1073741823,1073741823,1073741823:e5
1073741823,1073741823,1073741759,1073732095,1073702911,1073732095,1073666559,1073110015,1073343487,1073719295,1073676287,1073217535,1073741823,1073741823,1073741823:e5
1073741823,1073741823,1073741759,1073732095,1073702911,1073732095,1073666559,1073110015,1073343487,1073723391,1073676287,1073201151,1073741823,1073741823,1073741823:e5
1073741823,1073741823,1073741759,1073732095,1073702911,1073732095,1073666559,1073110015,1073343487,1073723391,1073672191,1073217535,1073741823,1073741823,1073741823:e5
1073741823,1073741823,1073741759,1073732095,1073702911,1073732095,1073666559,1073110015,1073343487,1073723391,1072627711,1073217535,1073741823,1073741823,1073741823:e5
1073741823,1073741823,1073741759,1073732095,1073702911,1073732095,1073666559,1073110015,1073343487,1073723391,1073659903,1073217535,1073741823,1073741823,1073741823:e5
1073741823,1073741823,1073741759,1073732095,1073702911,1073732095,1073666559,1073110015,1073343487,1073657855,1073676287,1073217535,1073741823,1073741823,1073741823:e5
1073741823,1073741823,1073741759,1073732095,1073702911,1073732095,1069472255,1073110015,1073343487,1073723391,1073676287,1073217535,1073741823,1073741823,1073741823:e5
1073741823,1073741823,1073741759,1073732095,1073702911,1073732095,1073666559,1073110015,1069149183,1073723391,1073676287,1073217535,1073741823,1073741823,1073741823:e5
1073741823,1073741823,1073741759,1073732095,1073702911,1073732095,1073666559,1073110015,1073343487,1073723391,1069481983,1073217535,1073741823,1073741823,1073741823:e5
1073741823,1073741823,1073741759,1073732095,1073702911,1073732095,1073666559,1073110015,1073343487,1072674815,1073676287,1073217535,1073741823,1073741823,1073741823:e5
1073741823,1073741823,1073741759,1073732095,1073702911,1073732095,1073666559,1073110015,1073343487,1073723391,1073414143,1073217535,1073741823,1073741823,1073741823:e5
1073741823,1073741823,1073741759,1073732095,1073702911,1069537791,1073666559,1073110015,1073343487,1073723391,1073676287,1073217535,1073741823,1073741823,1073741823:e5
1073741823,1073741823,1073741759,1073732095,1073702911,1073732095,1073666559,1068915711,1073343487,1073723391,1073676287,1073217535,1073741823,1073741823,1073741823:e5
1073741823,1073741823,1073741759,1073732095,1073702911,1073732095,1073666559,1072061439,1073343487,1073723391,1073676287,1073217535,1073741823,1073741823,1073741823:e5
1073741823,1073741823,1073741759,1073732095,1073702911,1073732095,1073666559,1073110015,1073343487,1069529087,1073676287,1073217535,1073741823,1073741823,1073741823:e5
1073741823,1073741823,1073741759,1073732095,1073637375,1073732095,1073666559,1073110015,1073343487,1073723391,1073676287,1073217535,1073741823,1073741823,1073741823:e5
1073741823,1073741823,1073741759,1073732095,1073702911,1073666559,1073666559,1073110015,1073343487,1073723391,1073676287,1073217535,1073741823,1073741823,1073741823:e5
1073741823,1073741823,1073741759,1073732095,1072654335,1073732095,1073666559,1073110015,1073343487,1073723391,1073676287,1073217535,1073741823,1073741823,1073741823:e5
1073741823,1073741823,1073741759,1073732095,1073702911,1073732095,1072617983,1073110015,1073343487,1073723391,1073676287,1073217535,1073741823,1073741823,1073741823:e5
1073741823,1073741823,1073741759,1073732095,1073702911,1073732095,1073404415,1073110015,1073343487,1073723391,1073676287,1073217535,1073741823,1073741823,1073741823:e5
1073741823,1073741823,1073741759,1073732095,1073702911,1073732095,1073666559,1073110015,1072294911,1073723391,1073676287,1073217535,1073741823,1073741823,1073741823:e5
1073741823,1073741823,1073741759,1073732095,1073702911,1073715711,1073666559,1073110015,1073343487,1073723391,1073676287,1073217535,1073741823,1073741823,1073741823:e3
1073741807,1073741823,1073741247,1073732095,1073702911,1073715711,1073666559,1073110015,1073343487,1073723391,1073676287,1073217535,1073741823,1073741823,1073741823:e5
1073741567,1073741823,1073741247,1073732095,1073702911,1073715711,1073666559,1073110015,1073343487,1073723391,1073676287,1073217535,1073741823,1073741823,1073741823:e5
1073737727,1073741823,1073741247,1073732095,1073702911,1073715711,1073666559,1073110015,1073343487,1073723391,1073676287,1073217535,1073741823,1073741823,1073741823:e5
1073741823,1073741823,1073741247,1073469951,1073702911,1073715711,1073666559,1073110015,1073343487,1073723391,1073676287,1073217535,1073741823,1073741823,1073741823:e5
1073741823,1073741823,1073741247,1073732095,1073702911,1073715711,1073666559,1073109999,1073343487,1073723391,1073676287,1073217535,1073741823,1073741823,1073741823:e5
1073741823,1073740799,1073741247,1073732095,1073702911,1073715711,1073666559,1073110015,1073343487,1073723391,1073676287,1073217535,1073741823,1073741823,1073741823:e5
1073741823,1073725439,1073741247,1073732095,1073702911,1073715711,1073666559,1073110015,1073343487,1073723391,1073676287,1073217535,1073741823,1073741823,1073741823:e5
1073741823,1073676287,1073741247,1073732095,1073702911,1073715711,1073666559,1073110015,1073343487,1073723391,1073676287,1073217535,1073741823,1073741823,1073741823:e5
1073741823,1073741823,1073741247,1073732095,1073702907,1073715711,1073666559,1073110015,1073343487,1073723391,1073676287,1073217535,1073741823,1073741823,1073741823:e5
1073741823,1073741823,1073741243,1073732095,1073702911,1073715711,1073666559,1073110015,1073343487,1073723391,1073676287,1073217535,1073741823,1073741823,1073741823:e5
1073741823,1073741823,1073741231,1073732095,1073702911,1073715711,1073666559,1073110015,1073343487,1073723391,1073676287,1073217535,1073741823,1073741823,1073741823:e5
1073741819,1073741823,1073741247,1073732095,1073702911,1073715711,1073666559,1073110015,1073343487,1073723391,1073676287,1073217535,1073741823,1073741823,1073741823:e5
1073741759,1073741823,1073741247,1073732095,1073702911,1073715711,1073666559,1073110015,1073343487,1073723391,1073676287,1073217535,1073741823,1073741823,1073741823:e5
1073741823,1073741759,1073741247,1073732095,1073702911,1073715711,1073666559,1073110015,1073343487,1073723391,1073676287,1073217535,1073741823,1073741823,1073741823:e5
1073740799,1073741823,1073741247,1073732095,1073702911,1073715711,1073666559,1073110015,1073343487,1073723391,1073676287,1073217535,1073741823,1073741823,1073741823:e5
1073741823,1073741823,1073741247,1073732095,1073702911,1073715711,1073666559,1073110015,1073343487,1073723391,1073676287,1073217471,1073741823,1073741823,1073741823:e5
1073741823,1073741823,1073741247,1073732095,1073702911,1073715711,1073666559,1073110015,1073343487,1073723391,1073676223,1073217535,1073741823,1073741823,1073741823:e5
1073741823,1073741823,1073741247,1073732095,1073702911,1073715711,1073666559,1073110015,1073343487,1073723391,1073675263,1073217535,1073741823,1073741823,1073741823:e5
1073741823,1073741823,1073741247,1073732095,1073702911,1073715695,1073666559,1073110015,1073343487,1073723391,1073676287,1073217535,1073741823,1073741823,1073741823:e5
1073741823,1073741823,1073741247,1073732079,1073702911,1073715711,1073666559,1073110015,1073343487,1073723391,1073676287,1073217535,1073741823,1073741823,1073741823:e5
1073741823,1073741807,1073741247,1073732095,1073702911,1073715711,1073666559,1073110015,1073343487,1073723391,1073676287,1073217535,1073741823,1073741823,1073741823:e5
1073741823,1073741567,1073741247,1073732095,1073702911,1073715711,1073666559,1073110015,1073343487,1073723391,1073676287,1073217535,1073741823,1073741823,1073741823:e5
1073741823,1073737727,1073741247,1073732095,1073702911,1073715711,1073666559,1073110015,1073343487,1073723391,1073676287,1073217535,1073741823,1073741823,1073741823:e5
1073741823,1073741823,1073737151,1073732095,1073702911,1073715711,1073666559,1073110015,1073343487,1073723391,1073676287,1073217535,1073741823,1073741823,1073741823:e5
1073741823,1073741823,1073675711,1073732095,1073702911,1073715711,1073666559,1073110015,1073343487,1073723391,1073676287,1073217535,1073741823,1073741823,1073741823:e5
1073741823,1073741823,1073741247,1073732095,1073702911,1073715711,1073666559,1073110015,1073343423,1073723391,1073676287,1073217535,1073741823,1073741823,1073741823:e5
1073741823,1073741823,1073741247,1073732095,1073702847,1073715711,1073666559,1073110015,1073343487,1073723391,1073676287,1073217535,1073741823,1073741823,1073741823:e5
1073741823,1073741823,1073741247,1073732095,1073702911,1073715711,1073666559,1073110015,1073343487,1073723391,1073676287,1073217535,1073741823,1073725439,1073741823:e5
1073741823,1073741823,1073741247,1073732095,1073702911,1073715711,1073666559,1073110015,1073343487,1073723391,1073676287,1069023231,1073741823,1073741823,1073741823:e5
1073741823,1073741823,1073741247,1073732095,1073702911,1073715711,1073666559,1073110015,1073343487,1073723391,1073676287,1072168959,1073741823,1073741823,1073741823:e5
1073741823,1073741823,1073741247,1073732095,1073702911,1073715711,1073666559,1073110015,1073343487,1073723391,1073676287,1073217535,1073741823,1069547519,1073741823:e5
1073741823,1073741823,1073741247,1073732095,1073702911,1073715711,1073666559,1073110015,1073343487,1073723391,1073676287,1073217535,1073741823,1073479679,1073741823:e5
1073741823,1073741823,1073741247,1073732095,1073702911,1073715711,1073666559,1073110015,1073343487,1073723391,1073676287,1073217535,1073479679,1073741823,1073741823:e5
1073741823,1073741823,1073741247,1073732095,1073702911,1073715711,1073666559,1073110015,1073343487,1073723391,1073676287,1073217535,1073737727,1073741823,1073741823:e5
1073741823,1073741823,1073741247,1073732095,1073702911,1073715711,1073666559,1073110015,1073343487,1073723391,1073676287,1073217535,1072693247,1073741823,1073741823:e5
1073741823,1073741823,1073741247,1073732095,1073702911,1073715711,1073666559,1073110015,1073343487,1073723391,1073676287,1073217535,1073676287,1073741823,1073741823:e5
1073741823,1073741823,1073741247,1073732095,1073702911,1073715711,1073666559,1073110015,1073343487,1073723391,1073676287,1073151999,1073741823,1073741823,1073741823:e5
1073741823,1073741823,1073741247,1073732095,1073702911,1073715711,1073666559,1073110015,1073343471,1073723391,1073676287,1073217535,1073741823,1073741823,1073741823:e5
1073741823,1073741823,1073741247,1073732095,1073702911,1073715711,1073666543,1073110015,1073343487,1073723391,1073676287,1073217535,1073741823,1073741823,1073741823:e5
1073741823,1073741823,1073741247,1073732095,1073702911,1073715711,1073666495,1073110015,1073343487,1073723391,1073676287,1073217535,1073741823,1073741823,1073741823:e5
1073741823,1073741823,1073741247,1073732095,1073702895,1073715711,1073666559,1073110015,1073343487,1073723391,1073676287,1073217535,1073741823,1073741823,1073741823:e5
1073741823,1073741823,1073741247,1073732095,1073702911,1073715711,1073666559,1073110015,1073343487,1073723327,1073676287,1073217535,1073741823,1073741823,1073741823:e5
1073741823,1073741823,1073740223,1073732095,1073702911,1073715711,1073666559,1073110015,1073343487,1073723391,1073676287,1073217535,1073741823,1073741823,1073741823:e5
1073741823,1073741823,1073724863,1073732095,1073702911,1073715711,1073666559,1073110015,1073343487,1073723391,1073676287,1073217535,1073741823,1073741823,1073741823:e5
1073741823,1073741823,1073479103,1073732095,1073702911,1073715711,1073666559,1073110015,1073343487,1073723391,1073676287,1073217535,1073741823,1073741823,1073741823:e5
1073741823,1073741823,1073741247,1073732095,1073440767,1073715711,1073666559,1073110015,1073343487,1073723391,1073676287,1073217535,1073741823,1073741823,1073741823:e5
1073741823,1073741823,1073741247,1073732095,1073702911,1073715711,1073666559,1073110015,1073343487,1073723391,1073676031,1073217535,1073741823,1073741823,1073741823:e5
1073741823,1073741823,1073741247,1073666559,1073702911,1073715711,1073666559,1073110015,1073343487,1073723391,1073676287,1073217535,1073741823,1073741823,1073741823:e5
1073741823,1073741823,1073741247,1073732095,1073702911,1073715711,1073666559,1073109951,1073343487,1073723391,1073676287,1073217535,1073741823,1073741823,1073741823:e5
1073741823,1073741823,1073741247,1073732095,1073702911,1073715647,1073666559,1073110015,1073343487,1073723391,1073676287,1073217535,1073741823,1073741823,1073741823:e5
1073741823,1073741823,1073741247,1073732031,1073702911,1073715711,1073666559,1073110015,1073343487,1073723391,1073676287,1073217535,1073741823,1073741823,1073741823:e5
1073741823,1073741823,1073741247,1073715711,1073702911,1073715711,1073666559,1073110015,1073343487,1073723391,1073676287,1073217535,1073741823,1073741823,1073741823:e5
1073741823,1073741823,1073741247,1073732095,1073702911,1073715711,1073666559,1073110015,1073343231,1073723391,1073676287,1073217535,1073741823,1073741823,1073741823:e5
1073741823,1073741823,1073741247,1073732095,1073702655,1073715711,1073666559,1073110015,1073343487,1073723391,1073676287,1073217535,1073741823,1073741823,1073741823:h3
1073741823,1073741823,1073741247,1073732095,1073702911,1072667135,1073666559,1073110015,1073343487,1073723391,1073676287,1073217535,1073741823,1073741823,1073741823:e5
1073741823,1073741823,1073741247,1073732095,1073702911,1073715711,1073666559,1073110015,1073343487,1073723135,1073676287,1073217535,1073741823,1073741823,1073741823:e5
1073741823,1073741823,1073741247,1073732095,1073702911,1073715711,1073666559,1073109759,1073343487,1073723391,1073676287,1073217535,1073741823,1073741823,1073741823:e5
1073741823,1073741823,1073741247,1073732095,1073702911,1073715711,1073666559,1073110015,1073343487,1073723391,1073676287,1073216511,1073741823,1073741823,1073741823:e5
1073741823,1073741823,1073741247,1073732095,1073702911,1073715711,1073666559,1073110015,1073343487,1073719295,1073676287,1073217535,1073741823,1073741823,1073741823:e5
1073741823,1073741823,1073741247,1073732095,1073702911,1073715711,1073666559,1073110015,1073343487,1073723391,1073676287,1073201151,1073741823,1073741823,1073741823:e5
1073741823,1073741823,1073741247,1073732095,1073702911,1073715711,1073666559,1073110015,1073343487,1073723391,1073672191,1073217535,1073741823,1073741823,1073741823:e5
1073741823,1073741823,1073741247,1073732095,1073702911,1073715711,1073666559,1073110015,1073343487,1073723391,1072627711,1073217535,1073741823,1073741823,1073741823:e5
1073741823,1073741823,1073741247,1073732095,1073702911,1073715711,1073666559,1073110015,1073343487,1073723391,1073659903,1073217535,1073741823,1073741823,1073741823:e5
1073741823,1073741823,1073741247,1073732095,1073702911,1073715711,1073666559,1073110015,1073343487,1073657855,1073676287,1073217535,1073741823,1073741823,1073741823:e5
1073741823,1073741823,1073741247,1073732095,1073702911,1073715711,1069472255,1073110015,1073343487,1073723391,1073676287,1073217535,1073741823,1073741823,1073741823:e5
1073741823,1073741823,1073741247,1073732095,1073702911,1073715711,1073666559,1073110015,1069149183,1073723391,1073676287,1073217535,1073741823,1073741823,1073741823:e5
1073741823,1073741823,1073741247,1073732095,1073702911,1073715711,1073666559,1073110015,1073343487,1073723391,1069481983,1073217535,1073741823,1073741823,1073741823:e5
1073741823,1073741823,1073741247,1073732095,1073702911,1073715711,1073666559,1073110015,1073343487,1072674815,1073676287,1073217535,1073741823,1073741823,1073741823:e5
1073741823,1073741823,1073741247,1073732095,1073702911,1073715711,1073666559,1073110015,1073343487,1073723391,1073414143,1073217535,1073741823,1073741823,1073741823:e5
1073741823,1073741823,1073741247,1073732095,1073702911,1069521407,1073666559,1073110015,1073343487,1073723391,1073676287,1073217535,1073741823,1073741823,1073741823:e5
1073741823,1073741823,1073741247,1073732095,1073702911,1073715711,1073666559,1068915711,1073343487,1073723391,1073676287,1073217535,1073741823,1073741823,1073741823:e5
1073741823,1073741823,1073741247,1073732095,1073702911,1073715711,1073666559,1072061439,1073343487,1073723391,1073676287,1073217535,1073741823,1073741823,1073741823:e5
1073741823,1073741823,1073741247,1073732095,1073702911,1073715711,1073666559,1073110015,1073343487,1069529087,1073676287,1073217535,1073741823,1073741823,1073741823:e5
1073741823,1073741823,1073741247,1073732095,1073637375,1073715711,1073666559,1073110015,1073343487,1073723391,1073676287,1073217535,1073741823,1073741823,1073741823:e5
1073741823,1073741823,1073741247,1073732095,1073702911,1073650175,1073666559,1073110015,1073343487,1073723391,1073676287,1073217535,1073741823,1073741823,1073741823:e5
1073741823,1073741823,1073741247,1073732095,1072654335,1073715711,1073666559,1073110015,1073343487,1073723391,1073676287,1073217535,1073741823,1073741823,1073741823:e5
1073741823,1073741823,1073741247,1073732095,1073702911,1073715711,1072617983,1073110015,1073343487,1073723391,1073676287,1073217535,1073741823,1073741823,1073741823:e5
1073741823,1073741823,1073741247,1073732095,1073702911,1073715711,1073404415,1073110015,1073343487,1073723391,1073676287,1073217535,1073741823,1073741823,1073741823:e5
1073741823,1073741823,1073741247,1073732095,1073702911,1073715711,1073666559,1073110015,1072294911,1073723391,1073676287,1073217535,1073741823,1073741823,1073741823:e5
1073741823,1073741823,1073741247,1073732095,1073702911,1073715711,1073650175,1073110015,1073343487,1073723391,1073676287,1073217535,1073741823,1073741823,1073741823:e5
1073741823,1073741823,1073741247,1073732095,1073702911,1073453567,1073666559,1073110015,1073343487,1073723391,1073676287,1073217535,1073741823,1073741823,1073741823:e5
1073741823,1073741823,1073741247,1073732095,1073702911,1073715711,1073666559,1073110015,1073343487,1073461247,1073676287,1073217535,1073741823,1073741823,1073741823:e5
1073741823,1073741823,1073741247,1073732095,1073702911,1073715711,1073666559,1073110015,1073327103,1073723391,1073676287,1073217535,1073741823,1073741823,1073741823:e5
1073741823,1073741823,1073741759,1073732095,1073702911,1073732095,1073650175,1073110015,1073343487,1073723391,1073676287,1073217535,1073741823,1073741823,1073741823:e5
1073741823,1073741823,1073741759,1073732095,1073702911,1073469951,1073666559,1073110015,1073343487,1073723391,1073676287,1073217535,1073741823,1073741823,1073741823:e5
1073741823,1073741823,1073741759,1073732095,1073702911,1073732095,1073666559,1073110015,1073343487,1073461247,1073676287,1073217535,1073741823,1073741823,1073741823:e5
1073741823,1073741823,1073741759,1073732095,1073702911,1073732095,1073666559,1073110015,1073327103,1073723391,1073676287,1073217535,1073741823,1073741823,1073741823:e5
