1073741823,1073741823,1073741823,1073737727,1073709055,1073332223,1073119231,1072070655,1065073407,1073594367,1071120383,1071644671,1073741823,1073741823,1073741823:l13
1073741823,1073741823,1073741823,1073737727,1073709055,1073332223,1073119231,1072070655,1065073407,1073594367,1071120383,1071644671,1065353215,1073741823,1073479679:m14
1073741823,1073741823,1073741823,1073737727,1073709055,1073332223,1073119231,1072070655,1065073407,1073594367,1071120383,1071644671,998244351,1073741823,1073741823:m14
1073741823,1073741823,1073741823,1073737727,1073709055,1073332223,1073119231,1072070655,1065073407,1073594367,1071120383,1071644671,1065353215,1073741823,1006632959:m14
1073741823,1073741823,1073741823,1073737727,1073709055,1073332223,1073119231,1072070655,1065073407,1073594367,1071120383,1071644671,1065353215,1073741823,1069547519:m14
1073741823,1073741823,1073741823,1073737727,1073709055,1073332223,1073119231,1072070655,1065073407,1073594367,1071120383,1071644671,1065353215,1069547519,1073741823:m14
1073741823,1073741823,1073741823,1073737727,1073709055,1056555007,1073119231,1072070655,1065073407,1073594367,1071120383,1071644671,1065353215,1073741823,1073741823:m14
1073741823,1073741823,1073741823,1073737727,1073709055,1073332223,1006010367,1072070655,1065073407,1073594367,1071120383,1071644671,1065353215,1073741823,1073741823:m14
1073741823,1073741823,1073741823,1073737727,1073709055,1073332223,1073119231,1055293439,1065073407,1073594367,1071120383,1071644671,1065353215,1073741823,1073741823:m14
1073741823,1073741823,1073741823,1073737727,1073709055,1073332223,1073119231,1072070655,997964543,1073594367,1071120383,1071644671,1065353215,1073741823,1073741823:m14
1073741823,1073741823,1073741823,1073737727,1073709055,1073332223,1073119231,1072070655,1065073407,1073594367,1004011519,1071644671,1065353215,1073741823,1073741823:m14
1073741823,1073741823,1073741823,1073737727,1073709055,1073332223,1073119231,1072070655,1065073407,1073594367,1071120367,1071644671,1065353215,1073741823,1073741823:m14
1073741823,1073741823,1073741823,1073737727,1073709055,1073332223,1073119231,1072070655,1065073407,1073594303,1071120383,1071644671,1065353215,1073741823,1073741823:m14
1073741823,1073741823,1073741823,1073737727,1073709055,1073332223,1073119231,1072070655,1065073391,1073594367,1071120383,1071644671,1065353215,1073741823,1073741823:m14
1073741823,1073741823,1073741823,1073737727,1073709055,1073332223,1073119215,1072070655,1065073407,1073594367,1071120383,1071644671,1065353215,1073741823,1073741823:m14
1073741823,1073741823,1073741823,1073737727,1073709055,1073332223,1073119231,1072070591,1065073407,1073594367,1071120383,1071644671,1065353215,1073741823,1073741823:m14
1073741823,1073741823,1073741823,1073737727,1073709055,1073332223,1073118975,1072070655,1065073407,1073594367,1071120383,1071644671,1065353215,1073741823,1073741823:m14
1073741823,1073741823,1073741823,1073737727,1073709055,1073332223,1073119231,1072070655,1065073407,1073594367,1071120127,1071644671,1065353215,1073741823,1073741823:m14
1073741823,1073741823,1073741823,1073737727,1073709055,1073332223,1073119231,1072070655,1065073407,1073594367,1071120383,1071644671,1065287679,1073741823,1073741823:m14
1073741823,1073741823,1073741823,1073737727,1073709055,1073332223,1073119231,1072070655,1048296191,1073594367,1071120383,1071644671,1065353215,1073741823,1073741823:m14
1073741823,1073741823,1073741823,1073737727,1073709055,1073332223,1073119231,1072070655,1065073407,1073594367,1054343167,1071644671,1065353215,1073741823,1073741823:m14
1073741823,1073741823,1073741823,1073737727,1073709055,1073332223,1073119231,1072070655,1065073407,1073594367,1071120383,1071644671,1048575999,1073741823,1073741823:m14
1073741823,1073741823,1073741823,1073737727,1073709055,1073332223,1073119231,1072070655,1065073407,1073594367,1071120383,1071644671,1065353215,1073676287,1073741823:m14
1073741823,1073741823,1073741823,1073737727,1073709055,1073332223,1073119231,1072070655,1065073407,1056817151,1071120383,1071644671,1065353215,1073741823,1073741823:m14
1073741823,1073741823,1073741823,1073737727,1073709055,1073332223,1073119231,1072070655,1065073407,1073594367,1071120383,1054867455,1065353215,1073741823,1073741823:m14
1073741823,1073741823,1073741823,1073737727,1073709055,1073332223,1073119231,1072070655,1065073407,1073594367,1071120383,1067450367,1065353215,1073741823,1073741823:m14
1073741823,1073741823,1073741823,1073737727,1073709055,1073332223,1073119231,1072070655,1065073407,1073594367,1071120383,1071644671,1065353215,1056964607,1073741823:i9
1073741823,1073741823,1073741823,1073737727,1073709055,1073332223,1073119231,1072070655,1064942335,1073594367,1071120383,803209215,1065353215,1056964607,1073741823:j10
1073741823,1073741823,1073741823,1073737727,1073709055,1073332223,1073119231,1072070655,1064942335,1073594367,1071120383,1071644671,1065353215,788529151,1073741823:j10
1073741823,1073741823,1073741823,1073737727,1073709055,1073332223,1073119231,1072070655,1064942335,1073594367,1071120383,1071644671,1065353215,989855743,1073741823:j10
1073741823,1073741823,1073741823,1073737727,1073709055,1073332223,1073119231,1072070655,1064942335,1073594367,1071120383,1071644671,1065353215,1056964607,1056964607:j10
1073741823,1073741823,1073741823,1073737727,1073709055,1073332223,1073119231,1072070655,1064942335,1073594367,1071120383,1071644671,1065353215,1056964607,1073479679:j10
1073741823,1073741823,1073741823,1073737727,1073709055,1073332223,1073119231,1072070655,1064942335,1073594367,1071120383,1071644671,998244351,1056964607,1073741823:j10
1073741823,1073741823,1073741823,1073737727,1073709055,1073332223,1073119231,1072070655,1064942335,1073594367,1071120383,1071644671,1065353215,1056964607,1006632959:j10
1073741823,1073741823,1073741823,1073737727,1073709055,1073332223,1073119231,1072070655,1064942335,1073594367,1071120383,1071644671,1065353215,1056964607,1069547519:j10
1073741823,1073741823,1073741823,1073737727,1073709055,1073332223,1073119231,1072070655,1064942335,1073594367,1071120383,1071644671,1065353215,1052770303,1073741823:j10
1073741823,1073741823,1073741823,1073737727,1073709055,1056555007,1073119231,1072070655,1064942335,1073594367,1071120383,1071644671,1065353215,1056964607,1073741823:j10
1073741823,1073741823,1073741823,1073737727,1073709055,1073332223,1006010367,1072070655,1064942335,1073594367,1071120383,1071644671,1065353215,1056964607,1073741823:j10
1073741823,1073741823,1073741823,1073737727,1073709055,1073332223,1073119231,1055293439,1064942335,1073594367,1071120383,1071644671,1065353215,1056964607,1073741823:j10
1073741823,1073741823,1073741823,1073737727,1073709055,1073332223,1073119231,1072070655,997833471,1073594367,1071120383,1071644671,1065353215,1056964607,1073741823:j10
1073741823,1073741823,1073741823,1073737727,1073709055,1073332223,1073119231,1072070655,1064942335,1073594367,1004011519,1071644671,1065353215,1056964607,1073741823:j10
1073741823,1073741823,1073741823,1073737727,1073709055,1073332223,1073119231,1072070655,1064942335,1073594367,1071120367,1071644671,1065353215,1056964607,1073741823:j10
1073741823,1073741823,1073741823,1073737727,1073709055,1073332223,1073119231,1072070655,1064942335,1073594303,1071120383,1071644671,1065353215,1056964607,1073741823:j10
1073741823,1073741823,1073741823,1073737727,1073709055,1073332223,1073119231,1072070655,1064942319,1073594367,1071120383,1071644671,1065353215,1056964607,1073741823:j10
1073741823,1073741823,1073741823,1073737727,1073709055,1073332223,1073119215,1072070655,1064942335,1073594367,1071120383,1071644671,1065353215,1056964607,1073741823:j10
1073741823,1073741823,1073741823,1073737727,1073709055,1073332223,1073119231,1072070591,1064942335,1073594367,1071120383,1071644671,1065353215,1056964607,1073741823:j10
1073741823,1073741823,1073741823,1073737727,1073709055,1073332223,1073118975,1072070655,1064942335,1073594367,1071120383,1071644671,1065353215,1056964607,1073741823:j10
1073741823,1073741823,1073741823,1073737727,1073709055,1073332223,1073119231,1072070655,1064942335,1073594367,1071120127,1071644671,1065353215,1056964607,1073741823:j10
1073741823,1073741823,1073741823,1073737727,1073709055,1073332223,1073119231,1072070655,1064942335,1073594367,1071120383,1071644671,1065287679,1056964607,1073741823:j10
1073741823,1073741823,1073741823,1073737727,1073709055,1073332223,1073119231,1072070655,1048165119,1073594367,1071120383,1071644671,1065353215,1056964607,1073741823:j10
1073741823,1073741823,1073741823,1073737727,1073709055,1073332223,1073119231,1072070655,1064942335,1073594367,1054343167,1071644671,1065353215,1056964607,1073741823:j10
1073741823,1073741823,1073741823,1073737727,1073709055,1073332223,1073119231,1072070655,1064942335,1073594367,1071120383,1071644671,1048575999,1056964607,1073741823:j10
1073741823,1073741823,1073741823,1073737727,1073709055,1073332223,1073119231,1072070655,1064942335,1073594367,1071120383,1071644671,1065353215,1056899071,1073741823:j10
1073741823,1073741823,1073741823,1073737727,1073709055,1073332223,1073119231,1072070655,1064942335,1056817151,1071120383,1071644671,1065353215,1056964607,1073741823:j10
1073741823,1073741823,1073741823,1073737727,1073709055,1073332223,1073119231,1072070655,1064942335,1073594367,1071120383,1054867455,1065353215,1056964607,1073741823:j10
1073741823,1073741823,1073741823,1073737727,1073709055,1073332223,1073119231,1072070655,1064942335,1073594367,1071120383,1067450367,1065353215,1056964607,1073741823:i11
1073741823,1073741823,1073741823,1073737727,1073709055,1073332223,1073119231,1072070655,1064942335,1073594367,1071120383,1071644671,1065353215,1055916031,1073741823:j10
1073741823,1073741823,1073741823,1073737727,1073709055,1073332223,1073119231,1072070655,1064942335,1073594367,1071120383,1071644671,1064304639,1056964607,1073741823:j10
1073741823,1073741823,1073741823,1073737727,1073709055,1073332223,1073119231,1072070655,1064942335,1073594367,1071120319,1071644671,1065353215,1056964607,1073741823:j10
1073741823,1073741823,1073741823,1073737727,1073709055,1073332223,1073119231,1072070655,1064942335,1073594111,1071120383,1071644671,1065353215,1056964607,1073741823:j10
1073741823,1073741823,1073741823,1073737727,1073709055,1073332223,1073119231,1072070655,1064942271,1073594367,1071120383,1071644671,1065353215,1056964607,1073741823:g9
1073741823,1073741823,1073741823,1073737727,1073709055,1073332223,1073119231,1072070655,1064934079,1073594367,1071120379,1071644671,1065353215,1056964607,1073741823:j10
1073741823,1073741823,1073741823,1073737727,1073709055,1073332223,1073119231,1072070655,1064934079,1073594351,1071120383,1071644671,1065353215,1056964607,1073741823:j10
1073741823,1073741823,1073741823,1073737727,1073709055,1073332223,1073119231,1072070655,1064934075,1073594367,1071120383,1071644671,1065353215,1056964607,1073741823:c9
1073741823,1073741823,1073741823,1073737727,1073709055,1073332223,1073119231,1072070655,1064934043,1073594367,1071120382,1071644671,1065353215,1056964607,1073741823:j10
1073741823,1073741823,1073741823,1073737727,1073709055,1073332223,1073119230,1072070655,1064934043,1073594367,1071120383,1071644671,1065353215,1056964607,1073741823:j10
1073741823,1073741823,1073741823,1073737727,1073709055,1073332223,1073119231,1072070655,1064934043,1073594366,1071120383,1071644671,1065353215,1056964607,1073741823:j10
1073741823,1073741823,1073741823,1073737727,1073709055,1073332223,1073119231,1072070655,1064934042,1073594367,1071120383,1071644671,1065353215,1056964607,1073741823:j10
1073741823,1073741823,1073741823,1073737727,1073709055,1073332223,1073119231,1072070654,1064934043,1073594367,1071120383,1071644671,1065353215,1056964607,1073741823:j10
1073741823,1073741823,1073741823,1073737727,1073709055,1073332223,1073119231,1072070651,1064934043,1073594367,1071120383,1071644671,1065353215,1056964607,1073741823:j10
1073741823,1073741823,1073741823,1073737727,1073709055,1073332223,1073119231,1072070655,1064934043,1073594363,1071120383,1071644671,1065353215,1056964607,1073741823:j10
1073741823,1073741823,1073741823,1073737727,1073709055,1073332223,1073119231,1072070655,1064934043,1073594367,1071120379,1071644671,1065353215,1056964607,1073741823:j10
1073741823,1073741823,1073741823,1073737727,1073709055,1073332223,1073119231,1072070655,1064934043,1073594351,1071120383,1071644671,1065353215,1056964607,1073741823:j10
1073741823,1073741823,1073741823,1073737727,1073709055,1073332223,1073119227,1072070655,1064934043,1073594367,1071120383,1071644671,1065353215,1056964607,1073741823:j10
1073741823,1073741823,1073741823,1073737727,1073709055,1073332223,1073119231,1072070639,1064934043,1073594367,1071120383,1071644671,1065353215,1056964607,1073741823:j10
1073741823,1073741823,1073741823,1073737727,1073709055,1073332223,1073119231,1072070655,1064934043,1073594367,1071120383,803209215,1065353215,1056964607,1073741823:j10
1073741823,1073741823,1073741823,1073737727,1073709055,1073332223,1073119231,1072070655,1064934043,1073594367,1071120383,1071644671,1065353215,788529151,1073741823:j10
1073741823,1073741823,1073741823,1073737727,1073709055,1073332223,1073119231,1072070655,1064934043,1073594367,1071120383,1071644671,1065353215,989855743,1073741823:j10
1073741823,1073741823,1073741823,1073737727,1073709055,1073332223,1073119231,1072070655,1064934043,1073594367,1071120383,1071644671,1065353215,1056964607,1056964607:j10
1073741823,1073741823,1073741823,1073737727,1073709055,1073332223,1073119231,1072070655,1064934043,1073594367,1071120383,1071644671,1065353215,1056964607,1073479679:j10
1073741823,1073741823,1073741823,1073737727,1073709055,1073332223,1073119231,1072070655,1064934043,1073594367,1071120383,1071644671,998244351,1056964607,1073741823:j10
1073741823,1073741823,1073741823,1073737727,1073709055,1073332223,1073119231,1072070655,1064934043,1073594367,1071120383,1071644671,1065353215,1056964607,1006632959:j10
1073741823,1073741823,1073741823,1073737727,1073709055,1073332223,1073119231,1072070655,1064934043,1073594367,1071120383,1071644671,1065353215,1056964607,1069547519:j10
1073741823,1073741823,1073741823,1073737727,1073709055,1073332223,1073119231,1072070655,1064934043,1073594367,1071120383,1071644671,1065353215,1052770303,1073741823:j10
1073741823,1073741823,1073741823,1073737727,1073709055,1056555007,1073119231,1072070655,1064934043,1073594367,1071120383,1071644671,1065353215,1056964607,1073741823:j10
1073741823,1073741823,1073741823,1073737727,1073709055,1073332223,1006010367,1072070655,1064934043,1073594367,1071120383,1071644671,1065353215,1056964607,1073741823:j10
1073741823,1073741823,1073741823,1073737727,1073709055,1073332223,1073119231,1055293439,1064934043,1073594367,1071120383,1071644671,1065353215,1056964607,1073741823:j10
1073741823,1073741823,1073741823,1073737727,1073709055,1073332223,1073119231,1072070655,997825179,1073594367,1071120383,1071644671,1065353215,1056964607,1073741823:j10
1073741823,1073741823,1073741823,1073737727,1073709055,1073332223,1073119231,1072070655,1064934043,1073594367,1004011519,1071644671,1065353215,1056964607,1073741823:j10
1073741823,1073741823,1073741823,1073737727,1073709055,1073332223,1073119231,1072070655,1064934043,1073594367,1071120367,1071644671,1065353215,1056964607,1073741823:j10
1073741823,1073741823,1073741823,1073737727,1073709055,1073332223,1073119231,1072070655,1064934043,1073594303,1071120383,1071644671,1065353215,1056964607,1073741823:j10
1073741823,1073741823,1073741823,1073737727,1073709055,1073332223,1073119215,1072070655,1064934043,1073594367,1071120383,1071644671,1065353215,1056964607,1073741823:j10
1073741823,1073741823,1073741823,1073737727,1073709055,1073332223,1073119231,1072070591,1064934043,1073594367,1071120383,1071644671,1065353215,1056964607,1073741823:j10
1073741823,1073741823,1073741823,1073737727,1073709055,1073332223,1073118975,1072070655,1064934043,1073594367,1071120383,1071644671,1065353215,1056964607,1073741823:j10
1073741823,1073741823,1073741823,1073737727,1073709055,1073332223,1073119231,1072070655,1064934043,1073594367,1071120127,1071644671,1065353215,1056964607,1073741823:j10
1073741823,1073741823,1073741823,1073737727,1073709055,1073332223,1073119231,1072070655,1064934043,1073594367,1071120383,1071644671,1065287679,1056964607,1073741823:j10
1073741823,1073741823,1073741823,1073737727,1073709055,1073332223,1073119231,1072070655,1048156827,1073594367,1071120383,1071644671,1065353215,1056964607,1073741823:j10
1073741823,1073741823,1073741823,1073737727,1073709055,1073332223,1073119231,1072070655,1064934043,1073594367,1054343167,1071644671,1065353215,1056964607,1073741823:j10
1073741823,1073741823,1073741823,1073737727,1073709055,1073332223,1073119231,1072070655,1064934043,1073594367,1071120383,1071644671,1048575999,1056964607,1073741823:j10
1073741823,1073741823,1073741823,1073737727,1073709055,1073332223,1073119231,1072070655,1064934043,1073594367,1071120383,1071644671,1065353215,1056899071,1073741823:j10
1073741823,1073741823,1073741823,1073737727,1073709055,1073332223,1073119231,1072070655,1064934043,1056817151,1071120383,1071644671,1065353215,1056964607,1073741823:j10
1073741823,1073741823,1073741823,1073737727,1073709055,1073332223,1073119231,1072070655,1064934043,1073594367,1071120383,1054867455,1065353215,1056964607,1073741823:j10
1073741823,1073741823,1073741823,1073737727,1073709055,1073332223,1073119231,1072070655,1064934043,1073594367,1071120383,1067450367,1065353215,1056964607,1073741823:g7
1073741823,1073741823,1073741823,1073737727,1073709055,1073332223,1073119231,1072070655,1064934043,1073594367,1071120383,1071644671,1065353215,1055916031,1073741823:j10
1073741823,1073741823,1073741823,1073737727,1073709055,1073332223,1073119231,1072070655,1064934043,1073594367,1071120383,1071644671,1064304639,1056964607,1073741823:j10
1073741823,1073741823,1073741823,1073737727,1073709055,1073332223,1073119231,1072070655,1064934043,1073594367,1071120319,1071644671,1065353215,1056964607,1073741823:j10
1073741823,1073741823,1073741823,1073737727,1073709055,1073332223,1073119231,1072070655,1064934043,1073594111,1071120383,1071644671,1065353215,1056964607,1073741823:j10
1073741823,1073741823,1073741823,1073737727,1073709055,1073332223,1073119167,1072070655,1064934043,1073594367,1071120383,1071644671,1065353215,1056964607,1073741823:j10
1073741823,1073741823,1073741823,1073737727,1073709055,1073332223,1073119231,1072070399,1064934043,1073594367,1071120383,1071644671,1065353215,1056964607,1073741823:j10
1073741823,1073741823,1073741823,1073737727,1073709055,1073332223,1073119231,1072070655,1064934043,1073594367,1071119359,1071644671,1065353215,1056964607,1073741823:j10
1073741823,1073741823,1073741823,1073737727,1073709055,1073332223,1073119231,1072070655,1064934043,1073594367,1071120383,1071640575,1065353215,1056964607,1073741823:j10
1073741823,1073741823,1073741823,1073737727,1073709055,1073332223,1073119231,1072070655,1064934043,1073594367,1071120383,1071644671,1065336831,1056964607,1073741823:j10
1073741823,1073741823,1073741823,1073737727,1073709055,1073332223,1073119231,1072070655,1064934043,1073594367,1071120383,1071579135,1065353215,1056964607,1073741823:j10
1073741823,1073741823,1073741823,1073737727,1073709055,1073332223,1073119231,1072070655,1064934043,1073594367,1066926079,1071644671,1065353215,1056964607,1073741823:j10
1073741823,1073741823,1073741823,1073737727,1073709055,1073332223,1073119231,1072070655,1064934043,1073594367,1071120383,1071644671,1065091071,1056964607,1073741823:j10
1073741823,1073741823,1073741823,1073737727,1073709055,1073331967,1073119231,1072070655,1064934043,1073594367,1071120383,1071644671,1065353215,1056964607,1073741823:j10
1073741823,1073741823,1073741823,1073737471,1073709055,1073332223,1073119231,1072070655,1064934043,1073594367,1071120383,1071644671,1065353215,1056964607,1073741823:j10
1073741823,1073741823,1073741823,1073736703,1073709055,1073332223,1073119231,1072070655,1064934043,1073594367,1071120383,1071644671,1065353215,1056964607,1073741823:j10
1073741823,1073741567,1073741823,1073737727,1073709055,1073332223,1073119231,1072070655,1064934043,1073594367,1071120383,1071644671,1065353215,1056964607,1073741823:j10
1073741823,1073737727,1073741823,1073737727,1073709055,1073332223,1073119231,1072070655,1064934043,1073594367,1071120383,1071644671,1065353215,1056964607,1073741823:j10
1073741823,1073741823,1073737727,1073737727,1073709055,1073332223,1073119231,1072070655,1064934043,1073594367,1071120383,1071644671,1065353215,1056964607,1073741823:j10
1073741823,1073676287,1073741823,1073737727,1073709055,1073332223,1073119231,1072070655,1064934043,1073594367,1071120383,1071644671,1065353215,1056964607,1073741823:j10
1073741823,1073741823,1073741823,1073737727,1073709055,1073332223,1073118207,1072070655,1064934043,1073594367,1071120383,1071644671,1065353215,1056964607,1073741823:j10
1073741823,1073741823,1073741823,1073737727,1073708031,1073332223,1073119231,1072070655,1064934043,1073594367,1071120383,1071644671,1065353215,1056964607,1073741823:j10
1073741823,1073741823,1073740799,1073737727,1073709055,1073332223,1073119231,1072070655,1064934043,1073594367,1071120383,1071644671,1065353215,1056964607,1073741823:j10
1073741823,1073741823,1073725439,1073737727,1073709055,1073332223,1073119231,1072070655,1064934043,1073594367,1071120383,1071644671,1065353215,1056964607,1073741823:j10
1073741823,1073741823,1073479679,1073737727,1073709055,1073332223,1073119231,1072070655,1064934043,1073594367,1071120383,1071644671,1065353215,1056964607,1073741823:j10
1073741823,1073741823,1073741823,1073721343,1073709055,1073332223,1073119231,1072070655,1064934043,1073594367,1071120383,1071644671,1065353215,1056964607,1073741823:j10
1073741823,1073741823,1073741823,1073475583,1073709055,1073332223,1073119231,1072070655,1064934043,1073594367,1071120383,1071644671,1065353215,1056964607,1073741823:j10
1073741823,1073741823,1073741823,1069543423,1073709055,1073332223,1073119231,1072070655,1064934043,1073594367,1071120383,1071644671,1065353215,1056964607,1073741823:j10
1073741823,1073741823,1073741823,1073737727,1069514751,1073332223,1073119231,1072070655,1064934043,1073594367,1071120383,1071644671,1065353215,1056964607,1073741823:j10
1073741823,1073741823,1073741823,1073737727,1073709055,1073332223,1068924927,1072070655,1064934043,1073594367,1071120383,1071644671,1065353215,1056964607,1073741823:j10
1073741823,1073741823,1073741823,1073737727,1073709055,1073332223,1073119231,1072070655,1064934043,1072545791,1071120383,1071644671,1065353215,1056964607,1073741823:j10
1073741823,1073741823,1073741823,1073737727,1073709055,1073328127,1073119231,1072070655,1064934043,1073594367,1071120383,1071644671,1065353215,1056964607,1073741823:j10
1073741823,1073741823,1073741823,1073672191,1073709055,1073332223,1073119231,1072070655,1064934043,1073594367,1071120383,1071644671,1065353215,1056964607,1073741823:j10
1073741823,1073741823,1073741823,1072689151,1073709055,1073332223,1073119231,1072070655,1064934043,1073594367,1071120383,1071644671,1065353215,1056964607,1073741823:j10
1073741823,1073741823,1073741823,1073737727,1073446911,1073332223,1073119231,1072070655,1064934043,1073594367,1071120383,1071644671,1065353215,1056964607,1073741823:j10
1073741823,1073741823,1073741823,1073737727,1073709055,1072283647,1073119231,1072070655,1064934043,1073594367,1071120383,1071644671,1065353215,1056964607,1073741823:j10
1073741823,1073741823,1073741823,1073737727,1073709055,1073332223,1073119231,1072070655,1064934043,1073594367,1071120383,1071643647,1065353215,1056964607,1073741823:j10
1073741823,1073741823,1073741823,1073737727,1073709055,1073332223,1073119231,1072070655,1064934043,1073594367,1071116287,1071644671,1065353215,1056964607,1073741823:j10
1073741823,1073741823,1073741823,1073737727,1073709055,1073332223,1073119231,1072070655,1064934043,1073590271,1071120383,1071644671,1065353215,1056964607,1073741823:j10
1073741823,1073741823,1073741823,1073737727,1073709055,1073332223,1073119231,1072070655,1064934043,1073594367,1071120383,1071382527,1065353215,1056964607,1073741823:j10
1073741823,1073741823,1073741823,1073737727,1073709055,1073332223,1073119231,1072070655,1064934043,1073594367,1071054847,1071644671,1065353215,1056964607,1073741823:j10
1073741823,1073741823,1073741823,1073737727,1073709055,1073332223,1073119231,1072070655,1064934043,1073594367,1071120383,1071628287,1065353215,1056964607,1073741823:j10
1073741823,1073741823,1073741823,1073737727,1073709055,1073332223,1073119231,1072070655,1064934043,1073594367,1071103999,1071644671,1065353215,1056964607,1073741823:j10
1073741823,1073741823,1073741823,1073737727,1073709055,1069137919,1073119231,1072070655,1064934043,1073594367,1071120383,1071644671,1065353215,1056964607,1073741823:j10
1073741823,1073741823,1073741823,1073737727,1073709055,1073332223,1073119231,1067876351,1064934043,1073594367,1071120383,1071644671,1065353215,1056964607,1073741823:j10
1073741823,1073741823,1073741823,1073737727,1073709055,1073332223,1073119231,1072070655,1064934043,1069400063,1071120383,1071644671,1065353215,1056964607,1073741823:j10
1073741823,1073741823,1073741823,1073737727,1073704959,1073332223,1073119231,1072070655,1064934043,1073594367,1071120383,1071644671,1065353215,1056964607,1073741823:j10
1073741823,1073741823,1073741823,1073737727,1073643519,1073332223,1073119231,1072070655,1064934043,1073594367,1071120383,1071644671,1065353215,1056964607,1073741823:j10
1073741823,1073741823,1073741823,1073737727,1072660479,1073332223,1073119231,1072070655,1064934043,1073594367,1071120383,1071644671,1065353215,1056964607,1073741823:j10
1073741823,1073741823,1073741823,1073737727,1073709055,1073332223,1072070655,1072070655,1064934043,1073594367,1071120383,1071644671,1065353215,1056964607,1073741823:j10
1073741823,1073741823,1073741823,1073737727,1073709055,1073332223,1073119231,1072070655,1063885467,1073594367,1071120383,1071644671,1065353215,1056964607,1073741823:j10
1073741823,1073741823,1073741823,1073737727,1073709055,1073332223,1073119231,1072070655,1064934043,1073593343,1071120383,1071644671,1065353215,1056964607,1073741823:j10
1073741823,1073741823,1073741823,1073737727,1073709055,1073332223,1073119231,1072069631,1064934043,1073594367,1071120383,1071644671,1065353215,1056964607,1073741823:j10
1073741823,1073741823,1073741823,1073737727,1073709055,1073332223,1073119231,1072066559,1064934043,1073594367,1071120383,1071644671,1065353215,1056964607,1073741823:j10
1073741823,1073741823,1073741823,1073737727,1073709055,1073331199,1073119231,1072070655,1064934043,1073594367,1071120383,1071644671,1065353215,1056964607,1073741823:j10
1073741823,1073741823,1073741823,1073737727,1073709055,1073332223,1073115135,1072070655,1064934043,1073594367,1071120383,1071644671,1065353215,1056964607,1073741823:l12
1073741823,1073741823,1073741823,1073737727,1073709055,1073332223,1073119231,1072070655,1064934043,1073332223,1071120383,1071644671,1065353215,1056964607,1073741823:k10
1073741823,1073741823,1073741823,1073737727,1073709055,1073332223,1073119227,1072070655,1064934079,1073594367,1071120383,1071644671,1065353215,1056964607,1073741823:j10
1073741823,1073741823,1073741823,1073737727,1073709055,1073332223,1073119231,1072070639,1064934079,1073594367,1071120383,1071644671,1065353215,1056964607,1073741823:j10
1073741823,1073741823,1073741823,1073737727,1073709055,1073332223,1073119231,1072070655,1064934079,1073594367,1071120383,803209215,1065353215,1056964607,1073741823:j10
1073741823,1073741823,1073741823,1073737727,1073709055,1073332223,1073119231,1072070655,1064934079,1073594367,1071120383,1071644671,1065353215,788529151,1073741823:j10
1073741823,1073741823,1073741823,1073737727,1073709055,1073332223,1073119231,1072070655,1064934079,1073594367,1071120383,1071644671,1065353215,989855743,1073741823:j10
1073741823,1073741823,1073741823,1073737727,1073709055,1073332223,1073119231,1072070655,1064934079,1073594367,1071120383,1071644671,1065353215,1056964607,1056964607:j10
1073741823,1073741823,1073741823,1073737727,1073709055,1073332223,1073119231,1072070655,1064934079,1073594367,1071120383,1071644671,1065353215,1056964607,1073479679:j10
1073741823,1073741823,1073741823,1073737727,1073709055,1073332223,1073119231,1072070655,1064934079,1073594367,1071120383,1071644671,998244351,1056964607,1073741823:j10
1073741823,1073741823,1073741823,1073737727,1073709055,1073332223,1073119231,1072070655,1064934079,1073594367,1071120383,1071644671,1065353215,1056964607,1006632959:j10
1073741823,1073741823,1073741823,1073737727,1073709055,1073332223,1073119231,1072070655,1064934079,1073594367,1071120383,1071644671,1065353215,1056964607,1069547519:j10
1073741823,1073741823,1073741823,1073737727,1073709055,1073332223,1073119231,1072070655,1064934079,1073594367,1071120383,1071644671,1065353215,1052770303,1073741823:j10
1073741823,1073741823,1073741823,1073737727,1073709055,1056555007,1073119231,1072070655,1064934079,1073594367,1071120383,1071644671,1065353215,1056964607,1073741823:j10
1073741823,1073741823,1073741823,1073737727,1073709055,1073332223,1006010367,1072070655,1064934079,1073594367,1071120383,1071644671,1065353215,1056964607,1073741823:j10
1073741823,1073741823,1073741823,1073737727,1073709055,1073332223,1073119231,1055293439,1064934079,1073594367,1071120383,1071644671,1065353215,1056964607,1073741823:j10
1073741823,1073741823,1073741823,1073737727,1073709055,1073332223,1073119231,1072070655,997825215,1073594367,1071120383,1071644671,1065353215,1056964607,1073741823:j10
1073741823,1073741823,1073741823,1073737727,1073709055,1073332223,1073119231,1072070655,1064934079,1073594367,1004011519,1071644671,1065353215,1056964607,1073741823:j10
1073741823,1073741823,1073741823,1073737727,1073709055,1073332223,1073119231,1072070655,1064934079,1073594367,1071120367,1071644671,1065353215,1056964607,1073741823:j10
1073741823,1073741823,1073741823,1073737727,1073709055,1073332223,1073119231,1072070655,1064934079,1073594303,1071120383,1071644671,1065353215,1056964607,1073741823:j10
1073741823,1073741823,1073741823,1073737727,1073709055,1073332223,1073119231,1072070655,1064934063,1073594367,1071120383,1071644671,1065353215,1056964607,1073741823:b9
1073741823,1073741823,1073741823,1073737727,1073709055,1073332223,1073119231,1072070655,1064934055,1073594366,1071120383,1071644671,1065353215,1056964607,1073741823:j10
1073741823,1073741823,1073741823,1073737727,1073709055,1073332223,1073119231,1072070654,1064934055,1073594367,1071120383,1071644671,1065353215,1056964607,1073741823:j10
1073741823,1073741823,1073741823,1073737727,1073709055,1073332223,1073119231,1072070655,1064934055,1073594367,1071120382,1071644671,1065353215,1056964607,1073741823:j10
1073741823,1073741823,1073741823,1073737727,1073709055,1073332223,1073119231,1072070655,1064934055,1073594363,1071120383,1071644671,1065353215,1056964607,1073741823:j10
1073741823,1073741823,1073741823,1073737727,1073709055,1073332223,1073119231,1072070655,1064934054,1073594367,1071120383,1071644671,1065353215,1056964607,1073741823:j10
1073741823,1073741823,1073741823,1073737727,1073709055,1073332223,1073119230,1072070655,1064934055,1073594367,1071120383,1071644671,1065353215,1056964607,1073741823:j10
1073741823,1073741823,1073741823,1073737727,1073709055,1073332223,1073119231,1072070651,1064934055,1073594367,1071120383,1071644671,1065353215,1056964607,1073741823:j10
1073741823,1073741823,1073741823,1073737727,1073709055,1073332223,1073119231,1072070655,1064934055,1073594367,1071120379,1071644671,1065353215,1056964607,1073741823:j10
1073741823,1073741823,1073741823,1073737727,1073709055,1073332223,1073119231,1072070655,1064934055,1073594351,1071120383,1071644671,1065353215,1056964607,1073741823:j10
1073741823,1073741823,1073741823,1073737727,1073709055,1073332223,1073119227,1072070655,1064934055,1073594367,1071120383,1071644671,1065353215,1056964607,1073741823:j10
1073741823,1073741823,1073741823,1073737727,1073709055,1073332223,1073119231,1072070639,1064934055,1073594367,1071120383,1071644671,1065353215,1056964607,1073741823:j10
1073741823,1073741823,1073741823,1073737727,1073709055,1073332223,1073119231,1072070655,1064934055,1073594367,1071120383,803209215,1065353215,1056964607,1073741823:j10
1073741823,1073741823,1073741823,1073737727,1073709055,1073332223,1073119231,1072070655,1064934055,1073594367,1071120383,1071644671,1065353215,788529151,1073741823:j10
1073741823,1073741823,1073741823,1073737727,1073709055,1073332223,1073119231,1072070655,1064934055,1073594367,1071120383,1071644671,1065353215,989855743,1073741823:j10
1073741823,1073741823,1073741823,1073737727,1073709055,1073332223,1073119231,1072070655,1064934055,1073594367,1071120383,1071644671,1065353215,1056964607,1056964607:j10
1073741823,1073741823,1073741823,1073737727,1073709055,1073332223,1073119231,1072070655,1064934055,1073594367,1071120383,1071644671,1065353215,1056964607,1073479679:j10
1073741823,1073741823,1073741823,1073737727,1073709055,1073332223,1073119231,1072070655,1064934055,1073594367,1071120383,1071644671,998244351,1056964607,1073741823:j10
1073741823,1073741823,1073741823,1073737727,1073709055,1073332223,1073119231,1072070655,1064934055,1073594367,1071120383,1071644671,1065353215,1056964607,1006632959:j10
1073741823,1073741823,1073741823,1073737727,1073709055,1073332223,1073119231,1072070655,1064934055,1073594367,1071120383,1071644671,1065353215,1056964607,1069547519:j10
1073741823,1073741823,1073741823,1073737727,1073709055,1073332223,1073119231,1072070655,1064934055,1073594367,1071120383,1071644671,1065353215,1052770303,1073741823:j10
1073741823,1073741823,1073741823,1073737727,1073709055,1056555007,1073119231,1072070655,1064934055,1073594367,1071120383,1071644671,1065353215,1056964607,1073741823:j10
1073741823,1073741823,1073741823,1073737727,1073709055,1073332223,1006010367,1072070655,1064934055,1073594367,1071120383,1071644671,1065353215,1056964607,1073741823:j10
1073741823,1073741823,1073741823,1073737727,1073709055,1073332223,1073119231,1055293439,1064934055,1073594367,1071120383,1071644671,1065353215,1056964607,1073741823:j10
1073741823,1073741823,1073741823,1073737727,1073709055,1073332223,1073119231,1072070655,997825191,1073594367,1071120383,1071644671,1065353215,1056964607,1073741823:j10
1073741823,1073741823,1073741823,1073737727,1073709055,1073332223,1073119231,1072070655,1064934055,1073594367,1004011519,1071644671,1065353215,1056964607,1073741823:j10
1073741823,1073741823,1073741823,1073737727,1073709055,1073332223,1073119231,1072070655,1064934055,1073594367,1071120367,1071644671,1065353215,1056964607,1073741823:j10
1073741823,1073741823,1073741823,1073737727,1073709055,1073332223,1073119231,1072070655,1064934055,1073594303,1071120383,1071644671,1065353215,1056964607,1073741823:j10
1073741823,1073741823,1073741823,1073737727,1073709055,1073332223,1073119215,1072070655,1064934055,1073594367,1071120383,1071644671,1065353215,1056964607,1073741823:j10
1073741823,1073741823,1073741823,1073737727,1073709055,1073332223,1073119231,1072070591,1064934055,1073594367,1071120383,1071644671,1065353215,1056964607,1073741823:j10
1073741823,1073741823,1073741823,1073737727,1073709055,1073332223,1073118975,1072070655,1064934055,1073594367,1071120383,1071644671,1065353215,1056964607,1073741823:j10
1073741823,1073741823,1073741823,1073737727,1073709055,1073332223,1073119231,1072070655,1064934055,1073594367,1071120127,1071644671,1065353215,1056964607,1073741823:j10
1073741823,1073741823,1073741823,1073737727,1073709055,1073332223,1073119231,1072070655,1064934055,1073594367,1071120383,1071644671,1065287679,1056964607,1073741823:j10
1073741823,1073741823,1073741823,1073737727,1073709055,1073332223,1073119231,1072070655,1048156839,1073594367,1071120383,1071644671,1065353215,1056964607,1073741823:j10
1073741823,1073741823,1073741823,1073737727,1073709055,1073332223,1073119231,1072070655,1064934055,1073594367,1054343167,1071644671,1065353215,1056964607,1073741823:j10
1073741823,1073741823,1073741823,1073737727,1073709055,1073332223,1073119231,1072070655,1064934055,1073594367,1071120383,1071644671,1048575999,1056964607,1073741823:j10
1073741823,1073741823,1073741823,1073737727,1073709055,1073332223,1073119231,1072070655,1064934055,1073594367,1071120383,1071644671,1065353215,1056899071,1073741823:j10
1073741823,1073741823,1073741823,1073737727,1073709055,1073332223,1073119231,1072070655,1064934055,1056817151,1071120383,1071644671,1065353215,1056964607,1073741823:j10
1073741823,1073741823,1073741823,1073737727,1073709055,1073332223,1073119231,1072070655,1064934055,1073594367,1071120383,1054867455,1065353215,1056964607,1073741823:j10
1073741823,1073741823,1073741823,1073737727,1073709055,1073332223,1073119231,1072070655,1064934055,1073594367,1071120383,1067450367,1065353215,1056964607,1073741823:g7
1073741823,1073741823,1073741823,1073737727,1073709055,1073332223,1073119231,1072070655,1064934055,1073594367,1071120383,1071644671,1065353215,1055916031,1073741823:j10
1073741823,1073741823,1073741823,1073737727,1073709055,1073332223,1073119231,1072070655,1064934055,1073594367,1071120383,1071644671,1064304639,1056964607,1073741823:j10
1073741823,1073741823,1073741823,1073737727,1073709055,1073332223,1073119231,1072070655,1064934055,1073594367,1071120319,1071644671,1065353215,1056964607,1073741823:j10
1073741823,1073741823,1073741823,1073737727,1073709055,1073332223,1073119231,1072070655,1064934055,1073594111,1071120383,1071644671,1065353215,1056964607,1073741823:j10
1073741823,1073741823,1073741823,1073737727,1073709055,1073332223,1073119167,1072070655,1064934055,1073594367,1071120383,1071644671,1065353215,1056964607,1073741823:j10
1073741823,1073741823,1073741823,1073737727,1073709055,1073332223,1073119231,1072070399,1064934055,1073594367,1071120383,1071644671,1065353215,1056964607,1073741823:j10
1073741823,1073741823,1073741823,1073737727,1073709055,1073332223,1073119231,1072070655,1064934055,1073594367,1071119359,1071644671,1065353215,1056964607,1073741823:j10
1073741823,1073741823,1073741823,1073737727,1073709055,1073332223,1073119231,1072070655,1064934055,1073594367,1071120383,1071640575,1065353215,1056964607,1073741823:j10
1073741823,1073741823,1073741823,1073737727,1073709055,1073332223,1073119231,1072070655,1064934055,1073594367,1071120383,1071644671,1065336831,1056964607,1073741823:j10
1073741823,1073741823,1073741823,1073737727,1073709055,1073332223,1073119231,1072070655,1064934055,1073594367,1071120383,1071579135,1065353215,1056964607,1073741823:j10
1073741823,1073741823,1073741823,1073737727,1073709055,1073332223,1073119231,1072070655,1064934055,1073594367,1066926079,1071644671,1065353215,1056964607,1073741823:j10
1073741823,1073741823,1073741823,1073737727,1073709055,1073332223,1073119231,1072070655,1064934055,1073594367,1071120383,1071644671,1065091071,1056964607,1073741823:j10
1073741823,1073741823,1073741823,1073737727,1073709055,1073331967,1073119231,1072070655,1064934055,1073594367,1071120383,1071644671,1065353215,1056964607,1073741823:j10
1073741823,1073741823,1073741823,1073737471,1073709055,1073332223,1073119231,1072070655,1064934055,1073594367,1071120383,1071644671,1065353215,1056964607,1073741823:j10
1073741823,1073741823,1073741823,1073736703,1073709055,1073332223,1073119231,1072070655,1064934055,1073594367,1071120383,1071644671,1065353215,1056964607,1073741823:j10
1073741823,1073741567,1073741823,1073737727,1073709055,1073332223,1073119231,1072070655,1064934055,1073594367,1071120383,1071644671,1065353215,1056964607,1073741823:j10
1073741823,1073737727,1073741823,1073737727,1073709055,1073332223,1073119231,1072070655,1064934055,1073594367,1071120383,1071644671,1065353215,1056964607,1073741823:j10
1073741823,1073741823,1073737727,1073737727,1073709055,1073332223,1073119231,1072070655,1064934055,1073594367,1071120383,1071644671,1065353215,1056964607,1073741823:j10
1073741823,1073676287,1073741823,1073737727,1073709055,1073332223,1073119231,1072070655,1064934055,1073594367,1071120383,1071644671,1065353215,1056964607,1073741823:j10
1073741823,1073741823,1073741823,1073737727,1073709055,1073332223,1073118207,1072070655,1064934055,1073594367,1071120383,1071644671,1065353215,1056964607,1073741823:j10
1073741823,1073741823,1073741823,1073737727,1073708031,1073332223,1073119231,1072070655,1064934055,1073594367,1071120383,1071644671,1065353215,1056964607,1073741823:j10
1073741823,1073741823,1073740799,1073737727,1073709055,1073332223,1073119231,1072070655,1064934055,1073594367,1071120383,1071644671,1065353215,1056964607,1073741823:j10
1073741823,1073741823,1073725439,1073737727,1073709055,1073332223,1073119231,1072070655,1064934055,1073594367,1071120383,1071644671,1065353215,1056964607,1073741823:j10
1073741823,1073741823,1073479679,1073737727,1073709055,1073332223,1073119231,1072070655,1064934055,1073594367,1071120383,1071644671,1065353215,1056964607,1073741823:j10
1073741823,1073741823,1073741823,1073721343,1073709055,1073332223,1073119231,1072070655,1064934055,1073594367,1071120383,1071644671,1065353215,1056964607,1073741823:j10
1073741823,1073741823,1073741823,1073475583,1073709055,1073332223,1073119231,1072070655,1064934055,1073594367,1071120383,1071644671,1065353215,1056964607,1073741823:j10
1073741823,1073741823,1073741823,1069543423,1073709055,1073332223,1073119231,1072070655,1064934055,1073594367,1071120383,1071644671,1065353215,1056964607,1073741823:j10
1073741823,1073741823,1073741823,1073737727,1069514751,1073332223,1073119231,1072070655,1064934055,1073594367,1071120383,1071644671,1065353215,1056964607,1073741823:j10
1073741823,1073741823,1073741823,1073737727,1073709055,1073332223,1068924927,1072070655,1064934055,1073594367,1071120383,1071644671,1065353215,1056964607,1073741823:j10
1073741823,1073741823,1073741823,1073737727,1073709055,1073332223,1073119231,1072070655,1064934055,1072545791,1071120383,1071644671,1065353215,1056964607,1073741823:j10
1073741823,1073741823,1073741823,1073737727,1073709055,1073328127,1073119231,1072070655,1064934055,1073594367,1071120383,1071644671,1065353215,1056964607,1073741823:j10
1073741823,1073741823,1073741823,1073672191,1073709055,1073332223,1073119231,1072070655,1064934055,1073594367,1071120383,1071644671,1065353215,1056964607,1073741823:j10
1073741823,1073741823,1073741823,1072689151,1073709055,1073332223,1073119231,1072070655,1064934055,1073594367,1071120383,1071644671,1065353215,1056964607,1073741823:j10
1073741823,1073741823,1073741823,1073737727,1073446911,1073332223,1073119231,1072070655,1064934055,1073594367,1071120383,1071644671,1065353215,1056964607,1073741823:j10
1073741823,1073741823,1073741823,1073737727,1073709055,1072283647,1073119231,1072070655,1064934055,1073594367,1071120383,1071644671,1065353215,1056964607,1073741823:j10
1073741823,1073741823,1073741823,1073737727,1073709055,1073332223,1073119231,1072070655,1064934055,1073594367,1071120383,1071643647,1065353215,1056964607,1073741823:j10
1073741823,1073741823,1073741823,1073737727,1073709055,1073332223,1073119231,1072070655,1064934055,1073594367,1071116287,1071644671,1065353215,1056964607,1073741823:j10
1073741823,1073741823,1073741823,1073737727,1073709055,1073332223,1073119231,1072070655,1064934055,1073590271,1071120383,1071644671,1065353215,1056964607,1073741823:j10
1073741823,1073741823,1073741823,1073737727,1073709055,1073332223,1073119231,1072070655,1064934055,1073594367,1071120383,1071382527,1065353215,1056964607,1073741823:j10
1073741823,1073741823,1073741823,1073737727,1073709055,1073332223,1073119231,1072070655,1064934055,1073594367,1071054847,1071644671,1065353215,1056964607,1073741823:j10
1073741823,1073741823,1073741823,1073737727,1073709055,1073332223,1073119231,1072070655,1064934055,1073594367,1071120383,1071628287,1065353215,1056964607,1073741823:j10
1073741823,1073741823,1073741823,1073737727,1073709055,1073332223,1073119231,1072070655,1064934055,1073594367,1071103999,1071644671,1065353215,1056964607,1073741823:j10
1073741823,1073741823,1073741823,1073737727,1073709055,1069137919,1073119231,1072070655,1064934055,1073594367,1071120383,1071644671,1065353215,1056964607,1073741823:j10
1073741823,1073741823,1073741823,1073737727,1073709055,1073332223,1073119231,1067876351,1064934055,1073594367,1071120383,1071644671,1065353215,1056964607,1073741823:j10
1073741823,1073741823,1073741823,1073737727,1073709055,1073332223,1073119231,1072070655,1064934055,1069400063,1071120383,1071644671,1065353215,1056964607,1073741823:j10
1073741823,1073741823,1073741823,1073737727,1073704959,1073332223,1073119231,1072070655,1064934055,1073594367,1071120383,1071644671,1065353215,1056964607,1073741823:j10
1073741823,1073741823,1073741823,1073737727,1073643519,1073332223,1073119231,1072070655,1064934055,1073594367,1071120383,1071644671,1065353215,1056964607,1073741823:j10
1073741823,1073741823,1073741823,1073737727,1072660479,1073332223,1073119231,1072070655,1064934055,1073594367,1071120383,1071644671,1065353215,1056964607,1073741823:j10
1073741823,1073741823,1073741823,1073737727,1073709055,1073332223,1072070655,1072070655,1064934055,1073594367,1071120383,1071644671,1065353215,1056964607,1073741823:j10
1073741823,1073741823,1073741823,1073737727,1073709055,1073332223,1073119231,1072070655,1063885479,1073594367,1071120383,1071644671,1065353215,1056964607,1073741823:j10
1073741823,1073741823,1073741823,1073737727,1073709055,1073332223,1073119231,1072070655,1064934055,1073593343,1071120383,1071644671,1065353215,1056964607,1073741823:j10
1073741823,1073741823,1073741823,1073737727,1073709055,1073332223,1073119231,1072069631,1064934055,1073594367,1071120383,1071644671,1065353215,1056964607,1073741823:j10
1073741823,1073741823,1073741823,1073737727,1073709055,1073332223,1073119231,1072066559,1064934055,1073594367,1071120383,1071644671,1065353215,1056964607,1073741823:j10
1073741823,1073741823,1073741823,1073737727,1073709055,1073331199,1073119231,1072070655,1064934055,1073594367,1071120383,1071644671,1065353215,1056964607,1073741823:j10
1073741823,1073741823,1073741823,1073737727,1073709055,1073332223,1073115135,1072070655,1064934055,1073594367,1071120383,1071644671,1065353215,1056964607,1073741823:l12
1073741823,1073741823,1073741823,1073737727,1073709055,1073332223,1073119231,1072070655,1064934055,1073332223,1071120383,1071644671,1065353215,1056964607,1073741823:k10
1073741823,1073741823,1073741823,1073737727,1073709055,1073332223,1073119215,1072070655,1064934079,1073594367,1071120383,1071644671,1065353215,1056964607,1073741823:j10
1073741823,1073741823,1073741823,1073737727,1073709055,1073332223,1073119231,1072070591,1064934079,1073594367,1071120383,1071644671,1065353215,1056964607,1073741823:j10
1073741823,1073741823,1073741823,1073737727,1073709055,1073332223,1073118975,1072070655,1064934079,1073594367,1071120383,1071644671,1065353215,1056964607,1073741823:j10
1073741823,1073741823,1073741823,1073737727,1073709055,1073332223,1073119231,1072070655,1064934079,1073594367,1071120127,1071644671,1065353215,1056964607,1073741823:j10
1073741823,1073741823,1073741823,1073737727,1073709055,1073332223,1073119231,1072070655,1064934079,1073594367,1071120383,1071644671,1065287679,1056964607,1073741823:j10
1073741823,1073741823,1073741823,1073737727,1073709055,1073332223,1073119231,1072070655,1048156863,1073594367,1071120383,1071644671,1065353215,1056964607,1073741823:j10
1073741823,1073741823,1073741823,1073737727,1073709055,1073332223,1073119231,1072070655,1064934079,1073594367,1054343167,1071644671,1065353215,1056964607,1073741823:j10
1073741823,1073741823,1073741823,1073737727,1073709055,1073332223,1073119231,1072070655,1064934079,1073594367,1071120383,1071644671,1048575999,1056964607,1073741823:j10
1073741823,1073741823,1073741823,1073737727,1073709055,1073332223,1073119231,1072070655,1064934079,1073594367,1071120383,1071644671,1065353215,1056899071,1073741823:j10
1073741823,1073741823,1073741823,1073737727,1073709055,1073332223,1073119231,1072070655,1064934079,1056817151,1071120383,1071644671,1065353215,1056964607,1073741823:j10
1073741823,1073741823,1073741823,1073737727,1073709055,1073332223,1073119231,1072070655,1064934079,1073594367,1071120383,1054867455,1065353215,1056964607,1073741823:j10
1073741823,1073741823,1073741823,1073737727,1073709055,1073332223,1073119231,1072070655,1064934079,1073594367,1071120383,1067450367,1065353215,1056964607,1073741823:g7
1073741823,1073741823,1073741823,1073737727,1073709055,1073332223,1073119231,1072070655,1064934079,1073594367,1071120383,1071644671,1065353215,1055916031,1073741823:j10
1073741823,1073741823,1073741823,1073737727,1073709055,1073332223,1073119231,1072070655,1064934079,1073594367,1071120383,1071644671,1064304639,1056964607,1073741823:j10
1073741823,1073741823,1073741823,1073737727,1073709055,1073332223,1073119231,1072070655,1064934079,1073594367,1071120319,1071644671,1065353215,1056964607,1073741823:j10
1073741823,1073741823,1073741823,1073737727,1073709055,1073332223,1073119231,1072070655,1064934079,1073594111,1071120383,1071644671,1065353215,1056964607,1073741823:j10
1073741823,1073741823,1073741823,1073737727,1073709055,1073332223,1073119167,1072070655,1064934079,1073594367,1071120383,1071644671,1065353215,1056964607,1073741823:j10
1073741823,1073741823,1073741823,1073737727,1073709055,1073332223,1073119231,1072070399,1064934079,1073594367,1071120383,1071644671,1065353215,1056964607,1073741823:j10
1073741823,1073741823,1073741823,1073737727,1073709055,1073332223,1073119231,1072070655,1064934079,1073594367,1071119359,1071644671,1065353215,1056964607,1073741823:j10
1073741823,1073741823,1073741823,1073737727,1073709055,1073332223,1073119231,1072070655,1064934079,1073594367,1071120383,1071640575,1065353215,1056964607,1073741823:j10
1073741823,1073741823,1073741823,1073737727,1073709055,1073332223,1073119231,1072070655,1064934079,1073594367,1071120383,1071644671,1065336831,1056964607,1073741823:j10
1073741823,1073741823,1073741823,1073737727,1073709055,1073332223,1073119231,1072070655,1064934079,1073594367,1071120383,1071579135,1065353215,1056964607,1073741823:j10
1073741823,1073741823,1073741823,1073737727,1073709055,1073332223,1073119231,1072070655,1064934079,1073594367,1066926079,1071644671,1065353215,1056964607,1073741823:j10
1073741823,1073741823,1073741823,1073737727,1073709055,1073332223,1073119231,1072070655,1064934079,1073594367,1071120383,1071644671,1065091071,1056964607,1073741823:j10
1073741823,1073741823,1073741823,1073737727,1073709055,1073331967,1073119231,1072070655,1064934079,1073594367,1071120383,1071644671,1065353215,1056964607,1073741823:j10
1073741823,1073741823,1073741823,1073737471,1073709055,1073332223,1073119231,1072070655,1064934079,1073594367,1071120383,1071644671,1065353215,1056964607,1073741823:j10
1073741823,1073741823,1073741823,1073736703,1073709055,1073332223,1073119231,1072070655,1064934079,1073594367,1071120383,1071644671,1065353215,1056964607,1073741823:j10
1073741823,1073741567,1073741823,1073737727,1073709055,1073332223,1073119231,1072070655,1064934079,1073594367,1071120383,1071644671,1065353215,1056964607,1073741823:j10
1073741823,1073737727,1073741823,1073737727,1073709055,1073332223,1073119231,1072070655,1064934079,1073594367,1071120383,1071644671,1065353215,1056964607,1073741823:j10
1073741823,1073741823,1073737727,1073737727,1073709055,1073332223,1073119231,1072070655,1064934079,1073594367,1071120383,1071644671,1065353215,1056964607,1073741823:j10
1073741823,1073676287,1073741823,1073737727,1073709055,1073332223,1073119231,1072070655,1064934079,1073594367,1071120383,1071644671,1065353215,1056964607,1073741823:j10
1073741823,1073741823,1073741823,1073737727,1073709055,1073332223,1073118207,1072070655,1064934079,1073594367,1071120383,1071644671,1065353215,1056964607,1073741823:j10
1073741823,1073741823,1073741823,1073737727,1073708031,1073332223,1073119231,1072070655,1064934079,1073594367,1071120383,1071644671,1065353215,1056964607,1073741823:j10
1073741823,1073741823,1073740799,1073737727,1073709055,1073332223,1073119231,1072070655,1064934079,1073594367,1071120383,1071644671,1065353215,1056964607,1073741823:j10
1073741823,1073741823,1073725439,1073737727,1073709055,1073332223,1073119231,1072070655,1064934079,1073594367,1071120383,1071644671,1065353215,1056964607,1073741823:j10
1073741823,1073741823,1073479679,1073737727,1073709055,1073332223,1073119231,1072070655,1064934079,1073594367,1071120383,1071644671,1065353215,1056964607,1073741823:j10
1073741823,1073741823,1073741823,1073721343,1073709055,1073332223,1073119231,1072070655,1064934079,1073594367,1071120383,1071644671,1065353215,1056964607,1073741823:j10
1073741823,1073741823,1073741823,1073475583,1073709055,1073332223,1073119231,1072070655,1064934079,1073594367,1071120383,1071644671,1065353215,1056964607,1073741823:j10
1073741823,1073741823,1073741823,1069543423,1073709055,1073332223,1073119231,1072070655,1064934079,1073594367,1071120383,1071644671,1065353215,1056964607,1073741823:j10
1073741823,1073741823,1073741823,1073737727,1069514751,1073332223,1073119231,1072070655,1064934079,1073594367,1071120383,1071644671,1065353215,1056964607,1073741823:j10
1073741823,1073741823,1073741823,1073737727,1073709055,1073332223,1068924927,1072070655,1064934079,1073594367,1071120383,1071644671,1065353215,1056964607,1073741823:j10
1073741823,1073741823,1073741823,1073737727,1073709055,1073332223,1073119231,1072070655,1064934079,1072545791,1071120383,1071644671,1065353215,1056964607,1073741823:j10
1073741823,1073741823,1073741823,1073737727,1073709055,1073328127,1073119231,1072070655,1064934079,1073594367,1071120383,1071644671,1065353215,1056964607,1073741823:j10
1073741823,1073741823,1073741823,1073672191,1073709055,1073332223,1073119231,1072070655,1064934079,1073594367,1071120383,1071644671,1065353215,1056964607,1073741823:j10
1073741823,1073741823,1073741823,1072689151,1073709055,1073332223,1073119231,1072070655,1064934079,1073594367,1071120383,1071644671,1065353215,1056964607,1073741823:j10
1073741823,1073741823,1073741823,1073737727,1073446911,1073332223,1073119231,1072070655,1064934079,1073594367,1071120383,1071644671,1065353215,1056964607,1073741823:j10
1073741823,1073741823,1073741823,1073737727,1073709055,1072283647,1073119231,1072070655,1064934079,1073594367,1071120383,1071644671,1065353215,1056964607,1073741823:j10
1073741823,1073741823,1073741823,1073737727,1073709055,1073332223,1073119231,1072070655,1064934079,1073594367,1071120383,1071643647,1065353215,1056964607,1073741823:j10
1073741823,1073741823,1073741823,1073737727,1073709055,1073332223,1073119231,1072070655,1064934079,1073594367,1071116287,1071644671,1065353215,1056964607,1073741823:j10
1073741823,1073741823,1073741823,1073737727,1073709055,1073332223,1073119231,1072070655,1064934079,1073590271,1071120383,1071644671,1065353215,1056964607,1073741823:j10
1073741823,1073741823,1073741823,1073737727,1073709055,1073332223,1073119231,1072070655,1064934079,1073594367,1071120383,1071382527,1065353215,1056964607,1073741823:j10
1073741823,1073741823,1073741823,1073737727,1073709055,1073332223,1073119231,1072070655,1064934079,1073594367,1071054847,1071644671,1065353215,1056964607,1073741823:j10
1073741823,1073741823,1073741823,1073737727,1073709055,1073332223,1073119231,1072070655,1064934079,1073594367,1071120383,1071628287,1065353215,1056964607,1073741823:j10
1073741823,1073741823,1073741823,1073737727,1073709055,1073332223,1073119231,1072070655,1064934079,1073594367,1071103999,1071644671,1065353215,1056964607,1073741823:j10
1073741823,1073741823,1073741823,1073737727,1073709055,1069137919,1073119231,1072070655,1064934079,1073594367,1071120383,1071644671,1065353215,1056964607,1073741823:j10
1073741823,1073741823,1073741823,1073737727,1073709055,1073332223,1073119231,1067876351,1064934079,1073594367,1071120383,1071644671,1065353215,1056964607,1073741823:j10
1073741823,1073741823,1073741823,1073737727,1073709055,1073332223,1073119231,1072070655,1064934079,1069400063,1071120383,1071644671,1065353215,1056964607,1073741823:j10
1073741823,1073741823,1073741823,1073737727,1073704959,1073332223,1073119231,1072070655,1064934079,1073594367,1071120383,1071644671,1065353215,1056964607,1073741823:j10
1073741823,1073741823,1073741823,1073737727,1073643519,1073332223,1073119231,1072070655,1064934079,1073594367,1071120383,1071644671,1065353215,1056964607,1073741823:j10
1073741823,1073741823,1073741823,1073737727,1072660479,1073332223,1073119231,1072070655,1064934079,1073594367,1071120383,1071644671,1065353215,1056964607,1073741823:j10
1073741823,1073741823,1073741823,1073737727,1073709055,1073332223,1072070655,1072070655,1064934079,1073594367,1071120383,1071644671,1065353215,1056964607,1073741823:j10
1073741823,1073741823,1073741823,1073737727,1073709055,1073332223,1073119231,1072070655,1063885503,1073594367,1071120383,1071644671,1065353215,1056964607,1073741823:j10
1073741823,1073741823,1073741823,1073737727,1073709055,1073332223,1073119231,1072070655,1064934079,1073593343,1071120383,1071644671,1065353215,1056964607,1073741823:j10
1073741823,1073741823,1073741823,1073737727,1073709055,1073332223,1073119231,1072069631,1064934079,1073594367,1071120383,1071644671,1065353215,1056964607,1073741823:j10
1073741823,1073741823,1073741823,1073737727,1073709055,1073332223,1073119231,1072066559,1064934079,1073594367,1071120383,1071644671,1065353215,1056964607,1073741823:j10
1073741823,1073741823,1073741823,1073737727,1073709055,1073331199,1073119231,1072070655,1064934079,1073594367,1071120383,1071644671,1065353215,1056964607,1073741823:j10
1073741823,1073741823,1073741823,1073737727,1073709055,1073332223,1073115135,1072070655,1064934079,1073594367,1071120383,1071644671,1065353215,1056964607,1073741823:l12
1073741823,1073741823,1073741823,1073737727,1073709055,1073332223,1073119231,1072070655,1064934079,1073332223,1071120383,1071644671,1065353215,1056964607,1073741823:k10
1073741823,1073741823,1073741823,1073737727,1073709055,1073332223,1073119167,1072070655,1064942335,1073594367,1071120383,1071644671,1065353215,1056964607,1073741823:j10
1073741823,1073741823,1073741823,1073737727,1073709055,1073332223,1073119231,1072070399,1064942335,1073594367,1071120383,1071644671,1065353215,1056964607,1073741823:j10
1073741823,1073741823,1073741823,1073737727,1073709055,1073332223,1073119231,1072070655,1064942335,1073594367,1071119359,1071644671,1065353215,1056964607,1073741823:j10
1073741823,1073741823,1073741823,1073737727,1073709055,1073332223,1073119231,1072070655,1064942335,1073594367,1071120383,1071640575,1065353215,1056964607,1073741823:j10
1073741823,1073741823,1073741823,1073737727,1073709055,1073332223,1073119231,1072070655,1064942335,1073594367,1071120383,1071644671,1065336831,1056964607,1073741823:j10
1073741823,1073741823,1073741823,1073737727,1073709055,1073332223,1073119231,1072070655,1064942335,1073594367,1071120383,1071579135,1065353215,1056964607,1073741823:j10
1073741823,1073741823,1073741823,1073737727,1073709055,1073332223,1073119231,1072070655,1064942335,1073594367,1066926079,1071644671,1065353215,1056964607,1073741823:j10
1073741823,1073741823,1073741823,1073737727,1073709055,1073332223,1073119231,1072070655,1064942335,1073594367,1071120383,1071644671,1065091071,1056964607,1073741823:j10
1073741823,1073741823,1073741823,1073737727,1073709055,1073331967,1073119231,1072070655,1064942335,1073594367,1071120383,1071644671,1065353215,1056964607,1073741823:j10
1073741823,1073741823,1073741823,1073737471,1073709055,1073332223,1073119231,1072070655,1064942335,1073594367,1071120383,1071644671,1065353215,1056964607,1073741823:j10
1073741823,1073741823,1073741823,1073736703,1073709055,1073332223,1073119231,1072070655,1064942335,1073594367,1071120383,1071644671,1065353215,1056964607,1073741823:j10
1073741823,1073741567,1073741823,1073737727,1073709055,1073332223,1073119231,1072070655,1064942335,1073594367,1071120383,1071644671,1065353215,1056964607,1073741823:j10
1073741823,1073737727,1073741823,1073737727,1073709055,1073332223,1073119231,1072070655,1064942335,1073594367,1071120383,1071644671,1065353215,1056964607,1073741823:j10
1073741823,1073741823,1073737727,1073737727,1073709055,1073332223,1073119231,1072070655,1064942335,1073594367,1071120383,1071644671,1065353215,1056964607,1073741823:j10
1073741823,1073676287,1073741823,1073737727,1073709055,1073332223,1073119231,1072070655,1064942335,1073594367,1071120383,1071644671,1065353215,1056964607,1073741823:j10
1073741823,1073741823,1073741823,1073737727,1073709055,1073332223,1073118207,1072070655,1064942335,1073594367,1071120383,1071644671,1065353215,1056964607,1073741823:j10
1073741823,1073741823,1073741823,1073737727,1073708031,1073332223,1073119231,1072070655,1064942335,1073594367,1071120383,1071644671,1065353215,1056964607,1073741823:j10
1073741823,1073741823,1073740799,1073737727,1073709055,1073332223,1073119231,1072070655,1064942335,1073594367,1071120383,1071644671,1065353215,1056964607,1073741823:j10
1073741823,1073741823,1073725439,1073737727,1073709055,1073332223,1073119231,1072070655,1064942335,1073594367,1071120383,1071644671,1065353215,1056964607,1073741823:j10
1073741823,1073741823,1073479679,1073737727,1073709055,1073332223,1073119231,1072070655,1064942335,1073594367,1071120383,1071644671,1065353215,1056964607,1073741823:j10
1073741823,1073741823,1073741823,1073721343,1073709055,1073332223,1073119231,1072070655,1064942335,1073594367,1071120383,1071644671,1065353215,1056964607,1073741823:j10
1073741823,1073741823,1073741823,1073475583,1073709055,1073332223,1073119231,1072070655,1064942335,1073594367,1071120383,1071644671,1065353215,1056964607,1073741823:j10
1073741823,1073741823,1073741823,1069543423,1073709055,1073332223,1073119231,1072070655,1064942335,1073594367,1071120383,1071644671,1065353215,1056964607,1073741823:j10
1073741823,1073741823,1073741823,1073737727,1069514751,1073332223,1073119231,1072070655,1064942335,1073594367,1071120383,1071644671,1065353215,1056964607,1073741823:j10
1073741823,1073741823,1073741823,1073737727,1073709055,1073332223,1068924927,1072070655,1064942335,1073594367,1071120383,1071644671,1065353215,1056964607,1073741823:j10
1073741823,1073741823,1073741823,1073737727,1073709055,1073332223,1073119231,1072070655,1064942335,1072545791,1071120383,1071644671,1065353215,1056964607,1073741823:j10
1073741823,1073741823,1073741823,1073737727,1073709055,1073328127,1073119231,1072070655,1064942335,1073594367,1071120383,1071644671,1065353215,1056964607,1073741823:j10
1073741823,1073741823,1073741823,1073672191,1073709055,1073332223,1073119231,1072070655,1064942335,1073594367,1071120383,1071644671,1065353215,1056964607,1073741823:j10
1073741823,1073741823,1073741823,1072689151,1073709055,1073332223,1073119231,1072070655,1064942335,1073594367,1071120383,1071644671,1065353215,1056964607,1073741823:j10
1073741823,1073741823,1073741823,1073737727,1073446911,1073332223,1073119231,1072070655,1064942335,1073594367,1071120383,1071644671,1065353215,1056964607,1073741823:j10
1073741823,1073741823,1073741823,1073737727,1073709055,1072283647,1073119231,1072070655,1064942335,1073594367,1071120383,1071644671,1065353215,1056964607,1073741823:j10
1073741823,1073741823,1073741823,1073737727,1073709055,1073332223,1073119231,1072070655,1064942335,1073594367,1071120383,1071643647,1065353215,1056964607,1073741823:j10
1073741823,1073741823,1073741823,1073737727,1073709055,1073332223,1073119231,1072070655,1064942335,1073594367,1071116287,1071644671,1065353215,1056964607,1073741823:j10
1073741823,1073741823,1073741823,1073737727,1073709055,1073332223,1073119231,1072070655,1064942335,1073590271,1071120383,1071644671,1065353215,1056964607,1073741823:j10
1073741823,1073741823,1073741823,1073737727,1073709055,1073332223,1073119231,1072070655,1064942335,1073594367,1071120383,1071382527,1065353215,1056964607,1073741823:j10
1073741823,1073741823,1073741823,1073737727,1073709055,1073332223,1073119231,1072070655,1064942335,1073594367,1071054847,1071644671,1065353215,1056964607,1073741823:j10
1073741823,1073741823,1073741823,1073737727,1073709055,1073332223,1073119231,1072070655,1064942335,1073594367,1071120383,1071628287,1065353215,1056964607,1073741823:j10
1073741823,1073741823,1073741823,1073737727,1073709055,1073332223,1073119231,1072070655,1064942335,1073594367,1071103999,1071644671,1065353215,1056964607,1073741823:j10
1073741823,1073741823,1073741823,1073737727,1073709055,1069137919,1073119231,1072070655,1064942335,1073594367,1071120383,1071644671,1065353215,1056964607,1073741823:j10
1073741823,1073741823,1073741823,1073737727,1073709055,1073332223,1073119231,1067876351,1064942335,1073594367,1071120383,1071644671,1065353215,1056964607,1073741823:j10
1073741823,1073741823,1073741823,1073737727,1073709055,1073332223,1073119231,1072070655,1064942335,1069400063,1071120383,1071644671,1065353215,1056964607,1073741823:j10
1073741823,1073741823,1073741823,1073737727,1073704959,1073332223,1073119231,1072070655,1064942335,1073594367,1071120383,1071644671,1065353215,1056964607,1073741823:j10
1073741823,1073741823,1073741823,1073737727,1073643519,1073332223,1073119231,1072070655,1064942335,1073594367,1071120383,1071644671,1065353215,1056964607,1073741823:j10
1073741823,1073741823,1073741823,1073737727,1072660479,1073332223,1073119231,1072070655,1064942335,1073594367,1071120383,1071644671,1065353215,1056964607,1073741823:j10
1073741823,1073741823,1073741823,1073737727,1073709055,1073332223,1072070655,1072070655,1064942335,1073594367,1071120383,1071644671,1065353215,1056964607,1073741823:j10
1073741823,1073741823,1073741823,1073737727,1073709055,1073332223,1073119231,1072070655,1063893759,1073594367,1071120383,1071644671,1065353215,1056964607,1073741823:j10
1073741823,1073741823,1073741823,1073737727,1073709055,1073332223,1073119231,1072070655,1064942335,1073593343,1071120383,1071644671,1065353215,1056964607,1073741823:j10
1073741823,1073741823,1073741823,1073737727,1073709055,1073332223,1073119231,1072070655,1064938239,1073594367,1071120383,1071644671,1065353215,1056964607,1073741823:d9
1073741823,1073741823,1073741823,1073737727,1073709055,1073332223,1073119231,1072070655,1064938111,1073594367,1071120379,1071644671,1065353215,1056964607,1073741823:j10
1073741823,1073741823,1073741823,1073737727,1073709055,1073332223,1073119231,1072070655,1064938111,1073594351,1071120383,1071644671,1065353215,1056964607,1073741823:j10
1073741823,1073741823,1073741823,1073737727,1073709055,1073332223,1073119231,1072070655,1064938107,1073594367,1071120383,1071644671,1065353215,1056964607,1073741823:j10
1073741823,1073741823,1073741823,1073737727,1073709055,1073332223,1073119227,1072070655,1064938111,1073594367,1071120383,1071644671,1065353215,1056964607,1073741823:j10
1073741823,1073741823,1073741823,1073737727,1073709055,1073332223,1073119231,1072070639,1064938111,1073594367,1071120383,1071644671,1065353215,1056964607,1073741823:j10
1073741823,1073741823,1073741823,1073737727,1073709055,1073332223,1073119231,1072070655,1064938111,1073594367,1071120383,803209215,1065353215,1056964607,1073741823:j10
1073741823,1073741823,1073741823,1073737727,1073709055,1073332223,1073119231,1072070655,1064938111,1073594367,1071120383,1071644671,1065353215,788529151,1073741823:j10
1073741823,1073741823,1073741823,1073737727,1073709055,1073332223,1073119231,1072070655,1064938111,1073594367,1071120383,1071644671,1065353215,989855743,1073741823:j10
1073741823,1073741823,1073741823,1073737727,1073709055,1073332223,1073119231,1072070655,1064938111,1073594367,1071120383,1071644671,1065353215,1056964607,1056964607:j10
1073741823,1073741823,1073741823,1073737727,1073709055,1073332223,1073119231,1072070655,1064938111,1073594367,1071120383,1071644671,1065353215,1056964607,1073479679:j10
1073741823,1073741823,1073741823,1073737727,1073709055,1073332223,1073119231,1072070655,1064938111,1073594367,1071120383,1071644671,998244351,1056964607,1073741823:j10
1073741823,1073741823,1073741823,1073737727,1073709055,1073332223,1073119231,1072070655,1064938111,1073594367,1071120383,1071644671,1065353215,1056964607,1006632959:j10
1073741823,1073741823,1073741823,1073737727,1073709055,1073332223,1073119231,1072070655,1064938111,1073594367,1071120383,1071644671,1065353215,1056964607,1069547519:j10
1073741823,1073741823,1073741823,1073737727,1073709055,1073332223,1073119231,1072070655,1064938111,1073594367,1071120383,1071644671,1065353215,1052770303,1073741823:j10
1073741823,1073741823,1073741823,1073737727,1073709055,1056555007,1073119231,1072070655,1064938111,1073594367,1071120383,1071644671,1065353215,1056964607,1073741823:j10
1073741823,1073741823,1073741823,1073737727,1073709055,1073332223,1006010367,1072070655,1064938111,1073594367,1071120383,1071644671,1065353215,1056964607,1073741823:j10
1073741823,1073741823,1073741823,1073737727,1073709055,1073332223,1073119231,1055293439,1064938111,1073594367,1071120383,1071644671,1065353215,1056964607,1073741823:j10
1073741823,1073741823,1073741823,1073737727,1073709055,1073332223,1073119231,1072070655,997829247,1073594367,1071120383,1071644671,1065353215,1056964607,1073741823:j10
1073741823,1073741823,1073741823,1073737727,1073709055,1073332223,1073119231,1072070655,1064938111,1073594367,1004011519,1071644671,1065353215,1056964607,1073741823:j10
1073741823,1073741823,1073741823,1073737727,1073709055,1073332223,1073119231,1072070655,1064938111,1073594367,1071120367,1071644671,1065353215,1056964607,1073741823:j10
1073741823,1073741823,1073741823,1073737727,1073709055,1073332223,1073119231,1072070655,1064938111,1073594303,1071120383,1071644671,1065353215,1056964607,1073741823:j10
1073741823,1073741823,1073741823,1073737727,1073709055,1073332223,1073119231,1072070655,1064938095,1073594367,1071120383,1071644671,1065353215,1056964607,1073741823:j10
1073741823,1073741823,1073741823,1073737727,1073709055,1073332223,1073119215,1072070655,1064938111,1073594367,1071120383,1071644671,1065353215,1056964607,1073741823:j10
1073741823,1073741823,1073741823,1073737727,1073709055,1073332223,1073119231,1072070591,1064938111,1073594367,1071120383,1071644671,1065353215,1056964607,1073741823:j10
1073741823,1073741823,1073741823,1073737727,1073709055,1073332223,1073118975,1072070655,1064938111,1073594367,1071120383,1071644671,1065353215,1056964607,1073741823:j10
1073741823,1073741823,1073741823,1073737727,1073709055,1073332223,1073119231,1072070655,1064938111,1073594367,1071120127,1071644671,1065353215,1056964607,1073741823:j10
1073741823,1073741823,1073741823,1073737727,1073709055,1073332223,1073119231,1072070655,1064938111,1073594367,1071120383,1071644671,1065287679,1056964607,1073741823:j10
1073741823,1073741823,1073741823,1073737727,1073709055,1073332223,1073119231,1072070655,1048160895,1073594367,1071120383,1071644671,1065353215,1056964607,1073741823:j10
1073741823,1073741823,1073741823,1073737727,1073709055,1073332223,1073119231,1072070655,1064938111,1073594367,1054343167,1071644671,1065353215,1056964607,1073741823:j10
1073741823,1073741823,1073741823,1073737727,1073709055,1073332223,1073119231,1072070655,1064938111,1073594367,1071120383,1071644671,1048575999,1056964607,1073741823:j10
1073741823,1073741823,1073741823,1073737727,1073709055,1073332223,1073119231,1072070655,1064938111,1073594367,1071120383,1071644671,1065353215,1056899071,1073741823:j10
1073741823,1073741823,1073741823,1073737727,1073709055,1073332223,1073119231,1072070655,1064938111,1056817151,1071120383,1071644671,1065353215,1056964607,1073741823:j10
1073741823,1073741823,1073741823,1073737727,1073709055,1073332223,1073119231,1072070655,1064938111,1073594367,1071120383,1054867455,1065353215,1056964607,1073741823:j10
1073741823,1073741823,1073741823,1073737727,1073709055,1073332223,1073119231,1072070655,1064938111,1073594367,1071120383,1067450367,1065353215,1056964607,1073741823:k10
1073741823,1073741823,1073741823,1073737727,1073709055,1073332223,1073119231,1072070655,1064938111,1073594367,1071120383,1071644671,1065353215,1055916031,1073741823:j10
1073741823,1073741823,1073741823,1073737727,1073709055,1073332223,1073119231,1072070655,1064938111,1073594367,1071120383,1071644671,1064304639,1056964607,1073741823:j10
1073741823,1073741823,1073741823,1073737727,1073709055,1073332223,1073119231,1072070655,1064938111,1073594367,1071120319,1071644671,1065353215,1056964607,1073741823:j10
1073741823,1073741823,1073741823,1073737727,1073709055,1073332223,1073119231,1072070655,1064938111,1073594111,1071120383,1071644671,1065353215,1056964607,1073741823:j10
1073741823,1073741823,1073741823,1073737727,1073709055,1073332223,1073119167,1072070655,1064938111,1073594367,1071120383,1071644671,1065353215,1056964607,1073741823:j10
1073741823,1073741823,1073741823,1073737727,1073709055,1073332223,1073119231,1072070399,1064938111,1073594367,1071120383,1071644671,1065353215,1056964607,1073741823:j10
1073741823,1073741823,1073741823,1073737727,1073709055,1073332223,1073119231,1072070655,1064938111,1073594367,1071119359,1071644671,1065353215,1056964607,1073741823:j10
1073741823,1073741823,1073741823,1073737727,1073709055,1073332223,1073119231,1072070655,1064938111,1073594367,1071120383,1071640575,1065353215,1056964607,1073741823:j10
1073741823,1073741823,1073741823,1073737727,1073709055,1073332223,1073119231,1072070655,1064938111,1073594367,1071120383,1071644671,1065336831,1056964607,1073741823:j10
1073741823,1073741823,1073741823,1073737727,1073709055,1073332223,1073119231,1072070655,1064938111,1073594367,1071120383,1071579135,1065353215,1056964607,1073741823:j10
1073741823,1073741823,1073741823,1073737727,1073709055,1073332223,1073119231,1072070655,1064938111,1073594367,1066926079,1071644671,1065353215,1056964607,1073741823:j10
1073741823,1073741823,1073741823,1073737727,1073709055,1073332223,1073119231,1072070655,1064938111,1073594367,1071120383,1071644671,1065091071,1056964607,1073741823:j10
1073741823,1073741823,1073741823,1073737727,1073709055,1073331967,1073119231,1072070655,1064938111,1073594367,1071120383,1071644671,1065353215,1056964607,1073741823:j10
1073741823,1073741823,1073741823,1073737471,1073709055,1073332223,1073119231,1072070655,1064938111,1073594367,1071120383,1071644671,1065353215,1056964607,1073741823:j10
1073741823,1073741823,1073741823,1073736703,1073709055,1073332223,1073119231,1072070655,1064938111,1073594367,1071120383,1071644671,1065353215,1056964607,1073741823:j10
1073741823,1073741567,1073741823,1073737727,1073709055,1073332223,1073119231,1072070655,1064938111,1073594367,1071120383,1071644671,1065353215,1056964607,1073741823:j10
1073741823,1073737727,1073741823,1073737727,1073709055,1073332223,1073119231,1072070655,1064938111,1073594367,1071120383,1071644671,1065353215,1056964607,1073741823:j10
1073741823,1073741823,1073737727,1073737727,1073709055,1073332223,1073119231,1072070655,1064938111,1073594367,1071120383,1071644671,1065353215,1056964607,1073741823:j10
1073741823,1073676287,1073741823,1073737727,1073709055,1073332223,1073119231,1072070655,1064938111,1073594367,1071120383,1071644671,1065353215,1056964607,1073741823:j10
1073741823,1073741823,1073741823,1073737727,1073709055,1073332223,1073118207,1072070655,1064938111,1073594367,1071120383,1071644671,1065353215,1056964607,1073741823:j10
1073741823,1073741823,1073741823,1073737727,1073708031,1073332223,1073119231,1072070655,1064938111,1073594367,1071120383,1071644671,1065353215,1056964607,1073741823:j10
1073741823,1073741823,1073740799,1073737727,1073709055,1073332223,1073119231,1072070655,1064938111,1073594367,1071120383,1071644671,1065353215,1056964607,1073741823:j10
1073741823,1073741823,1073725439,1073737727,1073709055,1073332223,1073119231,1072070655,1064938111,1073594367,1071120383,1071644671,1065353215,1056964607,1073741823:j10
1073741823,1073741823,1073479679,1073737727,1073709055,1073332223,1073119231,1072070655,1064938111,1073594367,1071120383,1071644671,1065353215,1056964607,1073741823:j10
1073741823,1073741823,1073741823,1073721343,1073709055,1073332223,1073119231,1072070655,1064938111,1073594367,1071120383,1071644671,1065353215,1056964607,1073741823:j10
1073741823,1073741823,1073741823,1073475583,1073709055,1073332223,1073119231,1072070655,1064938111,1073594367,1071120383,1071644671,1065353215,1056964607,1073741823:j10
1073741823,1073741823,1073741823,1069543423,1073709055,1073332223,1073119231,1072070655,1064938111,1073594367,1071120383,1071644671,1065353215,1056964607,1073741823:j10
1073741823,1073741823,1073741823,1073737727,1069514751,1073332223,1073119231,1072070655,1064938111,1073594367,1071120383,1071644671,1065353215,1056964607,1073741823:j10
1073741823,1073741823,1073741823,1073737727,1073709055,1073332223,1068924927,1072070655,1064938111,1073594367,1071120383,1071644671,1065353215,1056964607,1073741823:j10
1073741823,1073741823,1073741823,1073737727,1073709055,1073332223,1073119231,1072070655,1064938111,1072545791,1071120383,1071644671,1065353215,1056964607,1073741823:j10
1073741823,1073741823,1073741823,1073737727,1073709055,1073328127,1073119231,1072070655,1064938111,1073594367,1071120383,1071644671,1065353215,1056964607,1073741823:j10
1073741823,1073741823,1073741823,1073672191,1073709055,1073332223,1073119231,1072070655,1064938111,1073594367,1071120383,1071644671,1065353215,1056964607,1073741823:j10
1073741823,1073741823,1073741823,1072689151,1073709055,1073332223,1073119231,1072070655,1064938111,1073594367,1071120383,1071644671,1065353215,1056964607,1073741823:j10
1073741823,1073741823,1073741823,1073737727,1073446911,1073332223,1073119231,1072070655,1064938111,1073594367,1071120383,1071644671,1065353215,1056964607,1073741823:j10
1073741823,1073741823,1073741823,1073737727,1073709055,1072283647,1073119231,1072070655,1064938111,1073594367,1071120383,1071644671,1065353215,1056964607,1073741823:j10
1073741823,1073741823,1073741823,1073737727,1073709055,1073332223,1073119231,1072070655,1064938111,1073594367,1071120383,1071643647,1065353215,1056964607,1073741823:j10
1073741823,1073741823,1073741823,1073737727,1073709055,1073332223,1073119231,1072070655,1064938111,1073594367,1071116287,1071644671,1065353215,1056964607,1073741823:j10
1073741823,1073741823,1073741823,1073737727,1073709055,1073332223,1073119231,1072070655,1064938111,1073590271,1071120383,1071644671,1065353215,1056964607,1073741823:j10
1073741823,1073741823,1073741823,1073737727,1073709055,1073332223,1073119231,1072070655,1064938111,1073594367,1071120383,1071382527,1065353215,1056964607,1073741823:j10
1073741823,1073741823,1073741823,1073737727,1073709055,1073332223,1073119231,1072070655,1064938111,1073594367,1071054847,1071644671,1065353215,1056964607,1073741823:j10
1073741823,1073741823,1073741823,1073737727,1073709055,1073332223,1073119231,1072070655,1064938111,1073594367,1071120383,1071628287,1065353215,1056964607,1073741823:j10
1073741823,1073741823,1073741823,1073737727,1073709055,1073332223,1073119231,1072070655,1064938111,1073594367,1071103999,1071644671,1065353215,1056964607,1073741823:j10
1073741823,1073741823,1073741823,1073737727,1073709055,1069137919,1073119231,1072070655,1064938111,1073594367,1071120383,1071644671,1065353215,1056964607,1073741823:j10
1073741823,1073741823,1073741823,1073737727,1073709055,1073332223,1073119231,1067876351,1064938111,1073594367,1071120383,1071644671,1065353215,1056964607,1073741823:j10
1073741823,1073741823,1073741823,1073737727,1073709055,1073332223,1073119231,1072070655,1064938111,1069400063,1071120383,1071644671,1065353215,1056964607,1073741823:j10
1073741823,1073741823,1073741823,1073737727,1073704959,1073332223,1073119231,1072070655,1064938111,1073594367,1071120383,1071644671,1065353215,1056964607,1073741823:j10
1073741823,1073741823,1073741823,1073737727,1073643519,1073332223,1073119231,1072070655,1064938111,1073594367,1071120383,1071644671,1065353215,1056964607,1073741823:j10
1073741823,1073741823,1073741823,1073737727,1072660479,1073332223,1073119231,1072070655,1064938111,1073594367,1071120383,1071644671,1065353215,1056964607,1073741823:j10
1073741823,1073741823,1073741823,1073737727,1073709055,1073332223,1072070655,1072070655,1064938111,1073594367,1071120383,1071644671,1065353215,1056964607,1073741823:j10
1073741823,1073741823,1073741823,1073737727,1073709055,1073332223,1073119231,1072070655,1063889535,1073594367,1071120383,1071644671,1065353215,1056964607,1073741823:j10
1073741823,1073741823,1073741823,1073737727,1073709055,1073332223,1073119231,1072070655,1064938111,1073593343,1071120383,1071644671,1065353215,1056964607,1073741823:j10
1073741823,1073741823,1073741823,1073737727,1073709055,1073332223,1073119231,1072069631,1064938111,1073594367,1071120383,1071644671,1065353215,1056964607,1073741823:j10
1073741823,1073741823,1073741823,1073737727,1073709055,1073332223,1073119231,1072066559,1064938111,1073594367,1071120383,1071644671,1065353215,1056964607,1073741823:j10
1073741823,1073741823,1073741823,1073737727,1073709055,1073331199,1073119231,1072070655,1064938111,1073594367,1071120383,1071644671,1065353215,1056964607,1073741823:j10
1073741823,1073741823,1073741823,1073737727,1073709055,1073332223,1073115135,1072070655,1064938111,1073594367,1071120383,1071644671,1065353215,1056964607,1073741823:l12
1073741823,1073741823,1073741823,1073737727,1073709055,1073332223,1073119231,1072070655,1064938111,1073332223,1071120383,1071644671,1065353215,1056964607,1073741823:k10
1073741823,1073741823,1073741823,1073737727,1073709055,1073332223,1073119231,1072069631,1064942335,1073594367,1071120383,1071644671,1065353215,1056964607,1073741823:j10
1073741823,1073741823,1073741823,1073737727,1073709055,1073332223,1073119231,1072066559,1064942335,1073594367,1071120383,1071644671,1065353215,1056964607,1073741823:j10
1073741823,1073741823,1073741823,1073737727,1073709055,1073331199,1073119231,1072070655,1064942335,1073594367,1071120383,1071644671,1065353215,1056964607,1073741823:j10
1073741823,1073741823,1073741823,1073737727,1073709055,1073332223,1073115135,1072070655,1064942335,1073594367,1071120383,1071644671,1065353215,1056964607,1073741823:l12
1073741823,1073741823,1073741823,1073737727,1073709055,1073332223,1073119231,1072070655,1064942335,1073332223,1071120383,1071644671,1065353215,1056964607,1073741823:i11
1073741823,1073741823,1073741823,1073737727,1073709055,1073332223,1073119231,1072070655,1065073407,1073594367,1071120383,1071644671,1065353215,1072693247,1073741823:m14
1073741823,1073741823,1073741823,1073737727,1073709055,1073332223,1073119231,1072070655,1065073407,1073594367,1071120383,1071644671,1064304639,1073741823,1073741823:m14
1073741823,1073741823,1073741823,1073737727,1073709055,1073332223,1073119231,1072070655,1065073407,1073594367,1071120319,1071644671,1065353215,1073741823,1073741823:m14
1073741823,1073741823,1073741823,1073737727,1073709055,1073332223,1073119231,1072070655,1065073407,1073594111,1071120383,1071644671,1065353215,1073741823,1073741823:m14
1073741823,1073741823,1073741823,1073737727,1073709055,1073332223,1073119231,1072070655,1065073343,1073594367,1071120383,1071644671,1065353215,1073741823,1073741823:m14
1073741823,1073741823,1073741823,1073737727,1073709055,1073332223,1073119167,1072070655,1065073407,1073594367,1071120383,1071644671,1065353215,1073741823,1073741823:m14
1073741823,1073741823,1073741823,1073737727,1073709055,1073332223,1073119231,1072070399,1065073407,1073594367,1071120383,1071644671,1065353215,1073741823,1073741823:m14
1073741823,1073741823,1073741823,1073737727,1073709055,1073332223,1073119231,1072070655,1065073407,1073594367,1071119359,1071644671,1065353215,1073741823,1073741823:m14
1073741823,1073741823,1073741823,1073737727,1073709055,1073332223,1073119231,1072070655,1065073407,1073594367,1071120383,1071640575,1065353215,1073741823,1073741823:m14
1073741823,1073741823,1073741823,1073737727,1073709055,1073332223,1073119231,1072070655,1065073407,1073594367,1071120383,1071644671,1065336831,1073741823,1073741823:m14
1073741823,1073741823,1073741823,1073737727,1073709055,1073332223,1073119231,1072070655,1065073407,1073594367,1071120383,1071579135,1065353215,1073741823,1073741823:m14
1073741823,1073741823,1073741823,1073737727,1073709055,1073332223,1073119231,1072070655,1065073407,1073594367,1066926079,1071644671,1065353215,1073741823,1073741823:m14
1073741823,1073741823,1073741823,1073737727,1073709055,1073332223,1073119231,1072070655,1065073407,1073594367,1071120383,1071644671,1065091071,1073741823,1073741823:m14
1073741823,1073741823,1073741823,1073737727,1073709055,1073331967,1073119231,1072070655,1065073407,1073594367,1071120383,1071644671,1065353215,1073741823,1073741823:m14
1073741823,1073741823,1073741823,1073737471,1073709055,1073332223,1073119231,1072070655,1065073407,1073594367,1071120383,1071644671,1065353215,1073741823,1073741823:m14
1073741823,1073741823,1073741823,1073736703,1073709055,1073332223,1073119231,1072070655,1065073407,1073594367,1071120383,1071644671,1065353215,1073741823,1073741823:m14
1073741823,1073741567,1073741823,1073737727,1073709055,1073332223,1073119231,1072070655,1065073407,1073594367,1071120383,1071644671,1065353215,1073741823,1073741823:m14
1073741823,1073737727,1073741823,1073737727,1073709055,1073332223,1073119231,1072070655,1065073407,1073594367,1071120383,1071644671,1065353215,1073741823,1073741823:m14
1073741823,1073741823,1073737727,1073737727,1073709055,1073332223,1073119231,1072070655,1065073407,1073594367,1071120383,1071644671,1065353215,1073741823,1073741823:m14
1073741823,1073676287,1073741823,1073737727,1073709055,1073332223,1073119231,1072070655,1065073407,1073594367,1071120383,1071644671,1065353215,1073741823,1073741823:m14
1073741823,1073741823,1073741823,1073737727,1073709055,1073332223,1073118207,1072070655,1065073407,1073594367,1071120383,1071644671,1065353215,1073741823,1073741823:m14
1073741823,1073741823,1073741823,1073737727,1073708031,1073332223,1073119231,1072070655,1065073407,1073594367,1071120383,1071644671,1065353215,1073741823,1073741823:m14
1073741823,1073741823,1073740799,1073737727,1073709055,1073332223,1073119231,1072070655,1065073407,1073594367,1071120383,1071644671,1065353215,1073741823,1073741823:m14
1073741823,1073741823,1073725439,1073737727,1073709055,1073332223,1073119231,1072070655,1065073407,1073594367,1071120383,1071644671,1065353215,1073741823,1073741823:m14
1073741823,1073741823,1073479679,1073737727,1073709055,1073332223,1073119231,1072070655,1065073407,1073594367,1071120383,1071644671,1065353215,1073741823,1073741823:m14
1073741823,1073741823,1073741823,1073721343,1073709055,1073332223,1073119231,1072070655,1065073407,1073594367,1071120383,1071644671,1065353215,1073741823,1073741823:m14
1073741823,1073741823,1073741823,1073475583,1073709055,1073332223,1073119231,1072070655,1065073407,1073594367,1071120383,1071644671,1065353215,1073741823,1073741823:m14
1073741823,1073741823,1073741823,1069543423,1073709055,1073332223,1073119231,1072070655,1065073407,1073594367,1071120383,1071644671,1065353215,1073741823,1073741823:m14
1073741823,1073741823,1073741823,1073737727,1069514751,1073332223,1073119231,1072070655,1065073407,1073594367,1071120383,1071644671,1065353215,1073741823,1073741823:m14
1073741823,1073741823,1073741823,1073737727,1073709055,1073332223,1068924927,1072070655,1065073407,1073594367,1071120383,1071644671,1065353215,1073741823,1073741823:m14
1073741823,1073741823,1073741823,1073737727,1073709055,1073332223,1073119231,1072070655,1065073407,1072545791,1071120383,1071644671,1065353215,1073741823,1073741823:m14
1073741823,1073741823,1073741823,1073737727,1073709055,1073328127,1073119231,1072070655,1065073407,1073594367,1071120383,1071644671,1065353215,1073741823,1073741823:m14
1073741823,1073741823,1073741823,1073672191,1073709055,1073332223,1073119231,1072070655,1065073407,1073594367,1071120383,1071644671,1065353215,1073741823,1073741823:m14
1073741823,1073741823,1073741823,1072689151,1073709055,1073332223,1073119231,1072070655,1065073407,1073594367,1071120383,1071644671,1065353215,1073741823,1073741823:m14
1073741823,1073741823,1073741823,1073737727,1073446911,1073332223,1073119231,1072070655,1065073407,1073594367,1071120383,1071644671,1065353215,1073741823,1073741823:m14
1073741823,1073741823,1073741823,1073737727,1073709055,1072283647,1073119231,1072070655,1065073407,1073594367,1071120383,1071644671,1065353215,1073741823,1073741823:m14
1073741823,1073741823,1073741823,1073737727,1073709055,1073332223,1073119231,1072070655,1065073407,1073594367,1071120383,1071643647,1065353215,1073741823,1073741823:m14
1073741823,1073741823,1073741823,1073737727,1073709055,1073332223,1073119231,1072070655,1065073407,1073594367,1071116287,1071644671,1065353215,1073741823,1073741823:m14
1073741823,1073741823,1073741823,1073737727,1073709055,1073332223,1073119231,1072070655,1065073407,1073590271,1071120383,1071644671,1065353215,1073741823,1073741823:m14
1073741823,1073741823,1073741823,1073737727,1073709055,1073332223,1073119231,1072070655,1065073407,1073594367,1071120383,1071382527,1065353215,1073741823,1073741823:m14
1073741823,1073741823,1073741823,1073737727,1073709055,1073332223,1073119231,1072070655,1065073407,1073594367,1071054847,1071644671,1065353215,1073741823,1073741823:m14
1073741823,1073741823,1073741823,1073737727,1073709055,1073332223,1073119231,1072070655,1065073407,1073594367,1071120383,1071628287,1065353215,1073741823,1073741823:m14
1073741823,1073741823,1073741823,1073737727,1073709055,1073332223,1073119231,1072070655,1065073407,1073594367,1071103999,1071644671,1065353215,1073741823,1073741823:m14
1073741823,1073741823,1073741823,1073737727,1073709055,1069137919,1073119231,1072070655,1065073407,1073594367,1071120383,1071644671,1065353215,1073741823,1073741823:m14
1073741823,1073741823,1073741823,1073737727,1073709055,1073332223,1073119231,1067876351,1065073407,1073594367,1071120383,1071644671,1065353215,1073741823,1073741823:m14
1073741823,1073741823,1073741823,1073737727,1073709055,1073332223,1073119231,1072070655,1065073407,1069400063,1071120383,1071644671,1065353215,1073741823,1073741823:m14
1073741823,1073741823,1073741823,1073737727,1073704959,1073332223,1073119231,1072070655,1065073407,1073594367,1071120383,1071644671,1065353215,1073741823,1073741823:m14
1073741823,1073741823,1073741823,1073737727,1073643519,1073332223,1073119231,1072070655,1065073407,1073594367,1071120383,1071644671,1065353215,1073741823,1073741823:m14
1073741823,1073741823,1073741823,1073737727,1072660479,1073332223,1073119231,1072070655,1065073407,1073594367,1071120383,1071644671,1065353215,1073741823,1073741823:m14
1073741823,1073741823,1073741823,1073737727,1073709055,1073332223,1072070655,1072070655,1065073407,1073594367,1071120383,1071644671,1065353215,1073741823,1073741823:m14
1073741823,1073741823,1073741823,1073737727,1073709055,1073332223,1073119231,1072070655,1064024831,1073594367,1071120383,1071644671,1065353215,1073741823,1073741823:m14
1073741823,1073741823,1073741823,1073737727,1073709055,1073332223,1073119231,1072070655,1065073407,1073593343,1071120383,1071644671,1065353215,1073741823,1073741823:m14
1073741823,1073741823,1073741823,1073737727,1073709055,1073332223,1073119231,1072070655,1065069311,1073594367,1071120383,1071644671,1065353215,1073741823,1073741823:m14
1073741823,1073741823,1073741823,1073737727,1073709055,1073332223,1073119231,1072069631,1065073407,1073594367,1071120383,1071644671,1065353215,1073741823,1073741823:m14
1073741823,1073741823,1073741823,1073737727,1073709055,1073332223,1073119231,1072066559,1065073407,1073594367,1071120383,1071644671,1065353215,1073741823,1073741823:m14
1073741823,1073741823,1073741823,1073737727,1073709055,1073331199,1073119231,1072070655,1065073407,1073594367,1071120383,1071644671,1065353215,1073741823,1073741823:m14
1073741823,1073741823,1073741823,1073737727,1073709055,1073332223,1073115135,1072070655,1065073407,1073594367,1071120383,1071644671,1065353215,1073741823,1073741823:m14
1073741823,1073741823,1073741823,1073737727,1073709055,1073332223,1073119231,1072070655,1065073407,1073332223,1071120383,1071644671,1065353215,1073741823,1073741823:m14
1073741823,1073741823,1073741823,1073737727,1073709055,1073332223,1073119231,1072070655,1065007871,1073594367,1071120383,1071644671,1065353215,1073741823,1073741823:m14
