1073741823,1073741823,1073741823,1073741823,1073741823,1071644671,1071300607,1073119231,1073086463,1073725375,1073741823,1073741823,1073741823,1073741823,1073741823:g7
1073741823,1073741823,1073741823,1073741823,1073741823,1071644671,1071292159,1073119231,1073086463,1073725375,1073741823,1073741823,1073741823,1073741823,1073741823:k8
1073741823,1073741823,1073741823,1073741823,1073741567,1071644671,1071292415,1073119231,1073086463,1073725375,1073741823,1073741823,1073741823,1073741823,1073741823:k8
1073741823,1073741823,1073741823,1073741823,1073741823,1071644671,1071292415,1073119231,1073086463,1073725375,1073741823,1073741819,1073741823,1073741823,1073741823:k8
1073741823,1073741823,1073741823,1073741823,1073741823,1071644671,1071292415,1073119231,1073086463,1073725375,1073741807,1073741823,1073741823,1073741823,1073741823:k8
1073741823,1073741823,1073741823,1073741823,1073741823,1071644671,1071292415,1073119231,1073086463,1073725371,1073741823,1073741823,1073741823,1073741823,1073741823:k8
1073741823,1073741823,1073741823,1073741823,1073741823,1071644671,1071292415,1073119231,1073086463,1073725359,1073741823,1073741823,1073741823,1073741823,1073741823:k8
1073741823,1073741823,1073741823,1073741823,1073741823,1071644671,1071292415,1073119227,1073086463,1073725375,1073741823,1073741823,1073741823,1073741823,1073741823:k8
1073741823,1073741823,1073741823,1073741823,1073741823,1071644671,1071292415,1073119231,1073086447,1073725375,1073741823,1073741823,1073741823,1073741823,1073741823:k8
1073741823,1073741823,1073741823,1073741823,1073741823,1071644671,1071292415,1073119167,1073086463,1073725375,1073741823,1073741823,1073741823,1073741823,1073741823:k8
1073741823,1073741823,1073741823,1073741823,1073741823,1071644671,1071292415,1073119231,1073086399,1073725375,1073741823,1073741823,1073741823,1073741823,1073741823:k8
1073741823,1073741823,1073741823,1073741823,1073741823,1071644671,1071292415,1073119231,1073086207,1073725375,1073741823,1073741823,1073741823,1073741823,1073741823:k8
1073741823,1073741823,1073741823,1073741823,1073741823,1071644671,1071292415,1073119231,1073086463,1073725119,1073741823,1073741823,1073741823,1073741823,1073741823:f6
1073741823,1073741823,1073741823,1073741823,1073741823,1071644671,1071292415,1073119231,1073086463,1073725375,1073741567,1073741823,1073741823,1073741823,1073741823:k8
1073741823,1073741823,1073741823,1073741823,1073741823,1071644671,1071292415,1073119231,1073086463,1073725375,1073741823,1073741759,1073741823,1073741823,1073741823:k8
1073741823,1073741823,1073741823,1073741823,1073741823,1071644671,1071292415,1073119231,1073086463,1073725375,1073741759,1073741823,1073741823,1073741823,1073741823:k8
1073741823,1073741823,1073741823,1073676287,1073741823,1071644671,1071292415,1073119231,1073086463,1073725375,1073741823,1073741823,1073741823,1073741823,1073741823:f6
1073741823,1073741823,1073741823,1072693247,1073741823,1071644671,1071292415,1073119231,1073086463,1073725375,1073741823,1073741823,1073741823,1073741823,1073741823:k8
1073741823,1073741823,1073741823,1056964607,1073741823,1071644671,1071292415,1073119231,1073086463,1073725375,1073741823,1073741823,1073741823,1073741823,1073741823:k8
1073741823,1073741823,1073741823,1073741823,1073741823,1054867455,1071292415,1073119231,1073086463,1073725375,1073741823,1073741823,1073741823,1073741823,1073741823:k9
1073741823,1073741823,1073741823,1073741823,1073741823,1071644671,1071292415,1056342015,1073086463,1073725375,1073741823,1073741823,1073741823,1073741823,1073741823:k8
1073741823,1073741823,1073741823,1073741823,1069547519,1071644671,1071292415,1073119231,1073086463,1073725375,1073741823,1073741823,1073741823,1073741823,1073741823:k9
1073741823,1073741823,1073741823,1073741823,1073741823,1071644671,1071292415,1073119231,1068892159,1073725375,1073741823,1073741823,1073741823,1073741823,1073741823:k8
1073741823,1073741823,1073741823,1073741823,1073741823,1071644671,1071292415,1073119231,1073086463,1073725375,1069547519,1073741823,1073741823,1073741823,1073741823:k8
1073741823,1073741823,1073741823,1073741823,1073741823,1071644671,1071292415,1073119231,1073086463,1073725375,1073479679,1073741823,1073741823,1073741823,1073741823:k8
1073741823,1073741823,1073741823,1073741823,1073741823,1071644671,1071292415,1073119231,1073086463,1073725375,1073741823,1073740799,1073741823,1073741823,1073741823:k8
1073741823,1073741823,1073741823,1073741823,1073741823,1071644671,1071292415,1073119231,1073086463,1073725375,1073741823,1073479679,1073741823,1073741823,1073741823:k8
1073741823,1073741823,1073741823,1073741823,1073741823,1071644671,1071292415,1073119231,1073086463,1073725375,1073741823,1073725439,1073741823,1073741823,1073741823:k8
1073741823,1073741823,1073741823,1073741823,1073741823,1071644671,1071292415,1073119231,1073086463,1073725375,1073725439,1073741823,1073741823,1073741823,1073741823:k8
1073741823,1073741823,1073741823,1073741823,1056964607,1071644671,1071292415,1073119231,1073086463,1073725375,1073741823,1073741823,1073741823,1073741823,1073741823:k9
1073741823,1073741823,1073741823,1073741823,1073741823,1071644671,1054515199,1073119231,1073086463,1073725375,1073741823,1073741823,1073741823,1073741823,1073741823:k8
1073741823,1073741823,1073741823,1073741823,1073741823,1071644671,1067098111,1073119231,1073086463,1073725375,1073741823,1073741823,1073741823,1073741823,1073741823:k9
1073741823,1073741823,1073741823,1073741823,1073741823,1071644671,1071292415,1073119231,1056309247,1073725375,1073741823,1073741823,1073741823,1073741823,1073741823:k8
1073741823,1073741823,1073741823,1073741823,1073741823,1071644671,1071292415,1073119231,1073085439,1073725375,1073741823,1073741823,1073741823,1073741823,1073741823:k8
1073741823,1073741823,1073741823,1073741823,1073741823,1071644671,1071291391,1073119231,1073086463,1073725375,1073741823,1073741823,1073741823,1073741823,1073741823:k8
1073741823,1073741823,1073741823,1073741823,1073740799,1071644671,1071292415,1073119231,1073086463,1073725375,1073741823,1073741823,1073741823,1073741823,1073741823:k8
1073741823,1073741823,1073741823,1073741823,1073725439,1071644671,1071292415,1073119231,1073086463,1073725375,1073741823,1073741823,1073741823,1073741823,1073741823:k8
1073741823,1073741823,1073741823,1073741823,1073479679,1071644671,1071292415,1073119231,1073086463,1073725375,1073741823,1073741823,1073741823,1073741823,1073741823:k9
1073741823,1073741823,1073741823,1073741823,1073741823,1071644671,1071292415,1073119231,1073086463,1073725375,1073737727,1073741823,1073741823,1073741823,1073741823:k8
1073741823,1073741823,1073741823,1073741823,1073741823,1071644671,1071292415,1073119231,1073086463,1073725375,1072693247,1073741823,1073741823,1073741823,1073741823:k8
1073741823,1073741823,1073741823,1073741823,1073741823,1071644671,1071292415,1073119231,1073086463,1073725375,1073676287,1073741823,1073741823,1073741823,1073741823:k8
1073741823,1073741823,1073741823,1073741823,1073741823,1071644671,1071292415,1073119231,1073086463,1073721279,1073741823,1073741823,1073741823,1073741823,1073741823:f6
1073741823,1073741823,1073741823,1073741823,1073741823,1071640575,1071292415,1073119231,1073086463,1073725375,1073741823,1073741823,1073741823,1073741823,1073741823:k8
1073741823,1073741823,1073741823,1073741823,1073741823,1071644671,1071292415,1073119231,1073086463,1072676799,1073741823,1073741823,1073741823,1073741823,1073741823:k8
1073741823,1073741823,1073741823,1073741823,1073741823,1071644671,1071292415,1073119231,1073086463,1073659839,1073741823,1073741823,1073741823,1073741823,1073741823:k9
1073741823,1073741823,1073741823,1073741823,1073741823,1067450367,1071292415,1073119231,1073086463,1073725375,1073741823,1073741823,1073741823,1073741823,1073741823:k9
1073741823,1073741823,1073741823,1073741823,1073741823,1071644671,1071292415,1068924927,1073086463,1073725375,1073741823,1073741823,1073741823,1073741823,1073741823:k8
1073741823,1073741823,1073741823,1073741823,1073741823,1071644671,1071292415,1072070655,1073086463,1073725375,1073741823,1073741823,1073741823,1073741823,1073741823:f6
1073741823,1073741823,1073741823,1073741823,1073741823,1071644671,1071292415,1073119231,1073086463,1069531071,1073741823,1073741823,1073741823,1073741823,1073741823:k8
1073741823,1073741823,1073741823,1073741823,1073737727,1071644671,1071292415,1073119231,1073086463,1073725375,1073741823,1073741823,1073741823,1073741823,1073741823:k8
1073741823,1073741823,1073741823,1073741823,1073676287,1071644671,1071292415,1073119231,1073086463,1073725375,1073741823,1073741823,1073741823,1073741823,1073741823:f6
1073741823,1073741823,1073741823,1073741823,1073741823,1071579135,1071292415,1073119231,1073086463,1073725375,1073741823,1073741823,1073741823,1073741823,1073741823:k9
1073741823,1073741823,1073741823,1073741823,1072693247,1071644671,1071292415,1073119231,1073086463,1073725375,1073741823,1073741823,1073741823,1073741823,1073741823:f6
1073741823,1073741823,1073741823,1073741823,1073741823,1071644671,1071292415,1073119231,1072037887,1073725375,1073741823,1073741823,1073741823,1073741823,1073741823:f6
1073741823,1073741823,1073741823,1073741823,1073741823,1071644671,1071292415,1073119231,1073086463,1073724351,1073741823,1073741823,1073741823,1073741823,1073741823:f6
1073741823,1073741823,1073741823,1073741823,1073741823,1071644671,1071292415,1073119231,1073082367,1073725375,1073741823,1073741823,1073741823,1073741823,1073741823:k8
1073741823,1073741823,1073741823,1073741823,1073741823,1071644671,1071292415,1073118207,1073086463,1073725375,1073741823,1073741823,1073741823,1073741823,1073741823:k8
1073741823,1073741823,1073741823,1073741823,1073741823,1071644671,1071292415,1073115135,1073086463,1073725375,1073741823,1073741823,1073741823,1073741823,1073741823:k8
1073741823,1073741823,1073741823,1073741823,1073741823,1071643647,1071292415,1073119231,1073086463,1073725375,1073741823,1073741823,1073741823,1073741823,1073741823:k8
1073741823,1073741823,1073741823,1073741823,1073741823,1071628287,1071292415,1073119231,1073086463,1073725375,1073741823,1073741823,1073741823,1073741823,1073741823:k8
1073741823,1073741823,1073741823,1073741823,1073741823,1071382527,1071292415,1073119231,1073086463,1073725375,1073741823,1073741823,1073741823,1073741823,1073741823:k9
1073741823,1073741823,1073741823,1073741823,1073741823,1071644671,1071292415,1073119231,1073086463,1073463231,1073741823,1073741823,1073741823,1073741823,1073741823:k8
1073741823,1073741823,1073741823,1073741823,1073741823,1071644671,1071292415,1073119231,1073070079,1073725375,1073741823,1073741823,1073741823,1073741823,1073741823:f6
