1073741823,1073741823,1073741823,1073741823,1073741823,1073740799,1072095231,1073175551,1073332223,1073741823,1073741823,1073741823,1073741823,1073741823,1073741823:i6
1073741823,1073741823,1073741823,1073737727,1073741823,1073609727,1072095231,1073175551,1073332223,1073741823,1073741823,1073741823,1073741823,1073741823,1073741823:k8
1073741823,1073741823,1073741823,1073676287,1073741823,1073609727,1072095231,1073175551,1073332223,1073741823,1073741823,1073741823,1073741823,1073741823,1073741823:k8
1073741823,1073741823,1073741823,1072693247,1073741823,1073609727,1072095231,1073175551,1073332223,1073741823,1073741823,1073741823,1073741823,1073741823,1073741823:k8
1073741823,1073741823,1073741823,1073741823,1073741823,1073609727,1072095231,1073175551,1073332223,1073741759,1073741823,1073741823,1073741823,1073741823,1073741823:k8
1073741823,1073741823,1073741823,1073741823,1073741823,1073609727,1072095231,1073175551,1073332223,1073741567,1073741823,1073741823,1073741823,1073741823,1073741823:k8
1073741823,1073741823,1073741823,1073741823,1073741823,1073609727,1072095231,1073175295,1073332223,1073741823,1073741823,1073741823,1073741823,1073741823,1073741823:k8
1073741823,1073741823,1073741823,1073741823,1073741823,1073609727,1072095231,1073175551,1073332223,1073741823,1069547519,1073741823,1073741823,1073741823,1073741823:k8
1073741823,1073741823,1073741823,1073741823,1073741823,1073609727,1072095231,1073175551,1073332223,1072693247,1073741823,1073741823,1073741823,1073741823,1073741823:k8
1073741823,1073741823,1073741823,1073741823,1073725439,1073609727,1072095231,1073175551,1073332223,1073741823,1073741823,1073741823,1073741823,1073741823,1073741823:g10
1073741823,1073741823,1073741823,1073741823,1073725439,1073609727,1072095231,1073175551,1073332223,1073733631,1073741823,1073741567,1073741823,1073741823,1073741823:g9
1073741823,1073741823,1073741823,1073741823,1073725439,1073609727,1072095231,1073175551,1073332223,1073733631,1073741823,1073676287,1073741823,1073741823,1073741823:g9
1073741823,1073741823,1073741823,1073741823,1073725439,1073609727,1072095231,1073175551,1073332223,1073733631,1073741823,1073737727,1073741823,1073741823,1073741823:f9
1073741823,1073741823,1073740799,1073741823,1073725439,1073609727,1072095231,1073175551,1073332223,1073733631,1073741823,1073741823,1073741823,1073741823,1073741823:f9
1073741823,1073741823,1073725439,1073741823,1073725439,1073609727,1072095231,1073175551,1073332223,1073733631,1073741823,1073741823,1073741823,1073741823,1073741823:g9
1073741823,1073741823,1073479679,1073741823,1073725439,1073609727,1072095231,1073175551,1073332223,1073733631,1073741823,1073741823,1073741823,1073741823,1073741823:f9
1073741823,1073741823,1073741823,1073737727,1073725439,1073609727,1072095231,1073175551,1073332223,1073733631,1073741823,1073741823,1073741823,1073741823,1073741823:f9
1073741823,1073741823,1073741823,1073676287,1073725439,1073609727,1072095231,1073175551,1073332223,1073733631,1073741823,1073741823,1073741823,1073741823,1073741823:g9
1073741823,1073741823,1073741823,1072693247,1073725439,1073609727,1072095231,1073175551,1073332223,1073733631,1073741823,1073741823,1073741823,1073741823,1073741823:f9
1073741823,1073741823,1073741823,1073741823,1073725439,1073609727,1072095231,1073175551,1073332223,1073733567,1073741823,1073741823,1073741823,1073741823,1073741823:f9
1073741823,1073741823,1073741823,1073741823,1073725439,1073609727,1072095231,1073175551,1073332223,1073733375,1073741823,1073741823,1073741823,1073741823,1073741823:g9
1073741823,1073741823,1073741823,1073741823,1073725439,1073609727,1072095231,1073175295,1073332223,1073733631,1073741823,1073741823,1073741823,1073741823,1073741823:g9
1073741823,1073741823,1073741823,1073741823,1073725439,1073609727,1072095231,1073175551,1073332223,1073733631,1069547519,1073741823,1073741823,1073741823,1073741823:g9
1073741823,1073741823,1073741823,1073741823,1073725439,1073609727,1072095231,1073175551,1073332223,1072685055,1073741823,1073741823,1073741823,1073741823,1073741823:g9
1073741823,1073741823,1073741823,1073741823,1073463295,1073609727,1072095231,1073175551,1073332223,1073733631,1073741823,1073741823,1073741823,1073741823,1073741823:g9
1073741823,1073741823,1073741823,1073741823,1069531135,1073609727,1072095231,1073175551,1073332223,1073733631,1073741823,1073741823,1073741823,1073741823,1073741823:g9
1073741823,1073741823,1073741823,1073741823,1073725439,1073609727,1072095231,1073175551,1069137919,1073733631,1073741823,1073741823,1073741823,1073741823,1073741823:f9
1073741823,1073741823,1073741823,1073741823,1073725439,1073609727,1072095231,1073175487,1073332223,1073733631,1073741823,1073741823,1073741823,1073741823,1073741823:g9
1073741823,1073741823,1073741823,1073741823,1073725439,1073609663,1072095231,1073175551,1073332223,1073733631,1073741823,1073741823,1073741823,1073741823,1073741823:f9
1073741823,1073741823,1073741823,1073741823,1073725439,1073609471,1072095231,1073175551,1073332223,1073733631,1073741823,1073741823,1073741823,1073741823,1073741823:g9
1073741823,1073741823,1073741823,1073741759,1073725439,1073609727,1072095231,1073175551,1073332223,1073733631,1073741823,1073741823,1073741823,1073741823,1073741823:f9
1073741823,1073741823,1073741823,1073740799,1073725439,1073609727,1072095231,1073175551,1073332223,1073733631,1073741823,1073741823,1073741823,1073741823,1073741823:g9
1073741823,1073741823,1073741823,1073741823,1073724415,1073609727,1072095231,1073175551,1073332223,1073733631,1073741823,1073741823,1073741823,1073741823,1073741823:g9
1073741823,1073741823,1073741823,1073725439,1073725439,1073609727,1072095231,1073175551,1073332223,1073733631,1073741823,1073741823,1073741823,1073741823,1073741823:g9
1073741823,1073741823,1073741823,1073741823,1073725439,1073609727,1072095231,1073175551,1073331967,1073733631,1073741823,1073741823,1073741823,1073741823,1073741823:g9
1073741823,1073741823,1073741823,1073741823,1073725439,1073609727,1072094975,1073175551,1073332223,1073733631,1073741823,1073741823,1073741823,1073741823,1073741823:g9
1073741823,1073741823,1073741823,1073741823,1073725183,1073609727,1072095231,1073175551,1073332223,1073733631,1073741823,1073741823,1073741823,1073741823,1073741823:f9
1073741823,1073741823,1073741823,1073741823,1073725439,1073605631,1072095231,1073175551,1073332223,1073733631,1073741823,1073741823,1073741823,1073741823,1073741823:g11
1073741823,1073741823,1073741823,1073741823,1073725439,1072561151,1072095231,1073175551,1073332223,1073733631,1073741823,1073741823,1073741823,1073741823,1073741823:f9
1073741823,1073741823,1073741823,1073741823,1056948223,1073609727,1072095231,1073175551,1073332223,1073733631,1073741823,1073741823,1073741823,1073741823,1073741823:f9
1073741823,1073741823,1073741823,1073741823,1073725439,1073609727,1055318015,1073175551,1073332223,1073733631,1073741823,1073741823,1073741823,1073741823,1073741823:f9
1073741823,1073741823,1073741823,1073741823,1073725439,1073609727,1067900927,1073175551,1073332223,1073733631,1073741823,1073741823,1073741823,1073741823,1073741823:f9
1073741823,1073741823,1073741823,1073741823,1073725439,1073609727,1072095231,1073175551,1056555007,1073733631,1073741823,1073741823,1073741823,1073741823,1073741823:f9
1073741823,1073741823,1073741823,1073741823,1073725439,1073609727,1072095231,1073175551,1073332223,1073733631,1073737727,1073741823,1073741823,1073741823,1073741823:i10
1073741823,1073741823,1073741823,1073741823,1073725439,1073609727,1072095231,1073175551,1073332223,1073602559,1073737727,1072693247,1073741823,1073741823,1073741823:f9
1073741823,1073741823,1073740799,1073741823,1073725439,1073609727,1072095231,1073175551,1073332223,1073602559,1073737727,1073741823,1073741823,1073741823,1073741823:f9
1073741823,1073741823,1073725439,1073741823,1073725439,1073609727,1072095231,1073175551,1073332223,1073602559,1073737727,1073741823,1073741823,1073741823,1073741823:j10
1073741823,1073741823,1073479679,1073741823,1073725439,1073609727,1072095231,1073175551,1073332223,1073602559,1073737727,1073741823,1073741823,1073741823,1073741823:f9
1073741823,1073741823,1073741823,1073737727,1073725439,1073609727,1072095231,1073175551,1073332223,1073602559,1073737727,1073741823,1073741823,1073741823,1073741823:f9
1073741823,1073741823,1073741823,1073676287,1073725439,1073609727,1072095231,1073175551,1073332223,1073602559,1073737727,1073741823,1073741823,1073741823,1073741823:f9
1073741823,1073741823,1073741823,1072693247,1073725439,1073609727,1072095231,1073175551,1073332223,1073602559,1073737727,1073741823,1073741823,1073741823,1073741823:f9
1073741823,1073741823,1073741823,1073741823,1073725439,1073609727,1072095231,1073175551,1073332223,1073602559,1073737727,1073741823,1073741567,1073741823,1073741823:f9
1073741823,1073741823,1073741823,1073741823,1073725439,1073609727,1072095231,1073175551,1073332223,1073602559,1073737727,1073740799,1073741823,1073741823,1073741823:f9
1073741823,1073741823,1073741823,1073741823,1073725439,1073609727,1072095231,1073175551,1073332223,1073602559,1073737471,1073741823,1073741823,1073741823,1073741823:f9
1073741823,1073741823,1073741823,1073741823,1073725439,1073609727,1072095231,1073175551,1073332223,1073602559,1073737727,1073741823,1073676287,1073741823,1073741823:f9
1073741823,1073741823,1073741823,1073741823,1073725439,1073609727,1072095231,1073175551,1073332223,1073602559,1073737727,1073725439,1073741823,1073741823,1073741823:f9
1073741823,1073741823,1073741823,1073741823,1073725439,1073609727,1072095231,1073175551,1073332223,1073602559,1073737727,1073741823,1073737727,1073741823,1073741823:f9
1073741823,1073741823,1073741823,1073741823,1073725439,1073609727,1072095231,1073175551,1073332223,1073602559,1073737727,1073741567,1073741823,1073741823,1073741823:f9
1073741823,1073741823,1073741823,1073741823,1073725439,1073609727,1072095231,1073175551,1073332223,1073602559,1073737727,1073676287,1073741823,1073741823,1073741823:j10
1073741823,1073741823,1073741823,1073741823,1073725439,1073609727,1072095231,1073175551,1073332223,1073602559,1073737727,1073737727,1073741823,1073741823,1073741823:f9
1073741823,1073741823,1073741823,1073741823,1073725439,1073609727,1072095231,1073175551,1073332223,1073602495,1073737727,1073741823,1073741823,1073741823,1073741823:f9
1073741823,1073741823,1073741823,1073741823,1073725439,1073609727,1072095231,1073175551,1073332223,1073602303,1073737727,1073741823,1073741823,1073741823,1073741823:j10
1073741823,1073741823,1073741823,1073741823,1073725439,1073609727,1072095231,1073175295,1073332223,1073602559,1073737727,1073741823,1073741823,1073741823,1073741823:j10
1073741823,1073741823,1073741823,1073741823,1073725439,1073609727,1072095231,1073175551,1073332223,1073602559,1069543423,1073741823,1073741823,1073741823,1073741823:j10
1073741823,1073741823,1073741823,1073741823,1073725439,1073609727,1072095231,1073175551,1073332223,1072553983,1073737727,1073741823,1073741823,1073741823,1073741823:f9
1073741823,1073741823,1073741823,1073741823,1073725439,1073609727,1072095231,1073175551,1073330175,1072553983,1073737663,1073741823,1073741823,1073741823,1073741823:h7
1073741823,1073741823,1073741823,1073741823,1073725439,1073609727,1072095231,1073175551,1073330111,1072553983,1073737727,1073741823,1073741823,1073741823,1073741823:h7
1073741823,1073741823,1073741823,1073741823,1073725439,1073609727,1072095167,1073175551,1073330175,1072553983,1073737727,1073741823,1073741823,1073741823,1073741823:h7
1073741823,1073741823,1073741823,1073741823,1073725439,1073609727,1072095231,1056398335,1073330175,1072553983,1073737727,1073741823,1073741823,1073741823,1073741823:h7
1073741823,1073741823,1073741823,1073741823,1073725439,1073609727,1072095231,1073175551,1073330175,1055776767,1073737727,1073741823,1073741823,1073741823,1073741823:h7
1073741823,1073741823,1073741823,1073741823,1073725439,1073609727,1072095231,1073175551,1073330175,1072553983,1073737727,1056964607,1073741823,1073741823,1073741823:h7
1073741823,1073741823,1073741823,1073741823,1073725439,1073609727,1072095231,1073175551,1073330175,1072553983,1073737727,1072693247,1073741823,1073741823,1073741823:h7
1073741823,1073741823,1073740799,1073741823,1073725439,1073609727,1072095231,1073175551,1073330175,1072553983,1073737727,1073741823,1073741823,1073741823,1073741823:h7
1073741823,1073741823,1073725439,1073741823,1073725439,1073609727,1072095231,1073175551,1073330175,1072553983,1073737727,1073741823,1073741823,1073741823,1073741823:h7
1073741823,1073741823,1073479679,1073741823,1073725439,1073609727,1072095231,1073175551,1073330175,1072553983,1073737727,1073741823,1073741823,1073741823,1073741823:h7
1073741823,1073741823,1073741823,1073737727,1073725439,1073609727,1072095231,1073175551,1073330175,1072553983,1073737727,1073741823,1073741823,1073741823,1073741823:h7
1073741823,1073741823,1073741823,1073676287,1073725439,1073609727,1072095231,1073175551,1073330175,1072553983,1073737727,1073741823,1073741823,1073741823,1073741823:h7
1073741823,1073741823,1073741823,1072693247,1073725439,1073609727,1072095231,1073175551,1073330175,1072553983,1073737727,1073741823,1073741823,1073741823,1073741823:h7
1073741823,1073741823,1073741823,1073741823,1073725439,1073609727,1072095231,1073175551,1073330175,1072553983,1073737727,1073741823,1073741567,1073741823,1073741823:h7
1073741823,1073741823,1073741823,1073741823,1073725439,1073609727,1072095231,1073175551,1073330175,1072553983,1073737727,1073740799,1073741823,1073741823,1073741823:h7
1073741823,1073741823,1073741823,1073741823,1073725439,1073609727,1072095231,1073175551,1073330175,1072553983,1073737471,1073741823,1073741823,1073741823,1073741823:h7
1073741823,1073741823,1073741823,1073741823,1073725439,1073609727,1072095231,1073175551,1073330175,1072553983,1073737727,1073741823,1073676287,1073741823,1073741823:h7
1073741823,1073741823,1073741823,1073741823,1073725439,1073609727,1072095231,1073175551,1073330175,1072553983,1073737727,1073725439,1073741823,1073741823,1073741823:h7
1073741823,1073741823,1073741823,1073741823,1073725439,1073609727,1072095231,1073175551,1073330175,1072553983,1073737727,1073741823,1073737727,1073741823,1073741823:h7
1073741823,1073741823,1073741823,1073741823,1073725439,1073609727,1072095231,1073175551,1073330175,1072553983,1073737727,1073741567,1073741823,1073741823,1073741823:h7
1073741823,1073741823,1073741823,1073741823,1073725439,1073609727,1072095231,1073175551,1073330175,1072553983,1073737727,1073676287,1073741823,1073741823,1073741823:h7
1073741823,1073741823,1073741823,1073741823,1073725439,1073609727,1072095231,1073175551,1073330175,1072553983,1073737727,1073737727,1073741823,1073741823,1073741823:h7
1073741823,1073741823,1073741823,1073741823,1073725439,1073609727,1072095231,1073175551,1073330175,1072553919,1073737727,1073741823,1073741823,1073741823,1073741823:h7
1073741823,1073741823,1073741823,1073741823,1073725439,1073609727,1072095231,1073175551,1073330175,1072553727,1073737727,1073741823,1073741823,1073741823,1073741823:i8
1073741823,1073741823,1073741823,1073741823,1073725439,1073609727,1072095231,1073175295,1073330175,1072553983,1073737727,1073741823,1073741823,1073741823,1073741823:h7
1073741823,1073741823,1073741823,1073741823,1073725439,1073609727,1072095231,1073175551,1073330175,1072553983,1069543423,1073741823,1073741823,1073741823,1073741823:h7
1073741823,1073741823,1073741823,1073741823,1073463295,1073609727,1072095231,1073175551,1073330175,1072553983,1073737727,1073741823,1073741823,1073741823,1073741823:i8
1073741823,1073741823,1073741823,1073741823,1069531135,1073609727,1072095231,1073175551,1073330175,1072553983,1073737727,1073741823,1073741823,1073741823,1073741823:h7
1073741823,1073741823,1073741823,1073741823,1073725439,1073609727,1072095231,1073175551,1069135871,1072553983,1073737727,1073741823,1073741823,1073741823,1073741823:h7
1073741823,1073741823,1073741823,1073741823,1073725439,1073609727,1072095231,1073175487,1073330175,1072553983,1073737727,1073741823,1073741823,1073741823,1073741823:h7
1073741823,1073741823,1073741823,1073741823,1073725439,1073609663,1072095231,1073175551,1073330175,1072553983,1073737727,1073741823,1073741823,1073741823,1073741823:h7
1073741823,1073741823,1073741823,1073741823,1073725439,1073609471,1072095231,1073175551,1073330175,1072553983,1073737727,1073741823,1073741823,1073741823,1073741823:h7
1073741823,1073741823,1073741823,1073741759,1073725439,1073609727,1072095231,1073175551,1073330175,1072553983,1073737727,1073741823,1073741823,1073741823,1073741823:h7
1073741823,1073741823,1073741823,1073740799,1073725439,1073609727,1072095231,1073175551,1073330175,1072553983,1073737727,1073741823,1073741823,1073741823,1073741823:h7
1073741823,1073741823,1073741823,1073741823,1073724415,1073609727,1072095231,1073175551,1073330175,1072553983,1073737727,1073741823,1073741823,1073741823,1073741823:h7
1073741823,1073741823,1073741823,1073725439,1073725439,1073609727,1072095231,1073175551,1073330175,1072553983,1073737727,1073741823,1073741823,1073741823,1073741823:h7
1073741823,1073741823,1073741823,1073741823,1073725439,1073609727,1072095231,1073175551,1073329919,1072553983,1073737727,1073741823,1073741823,1073741823,1073741823:h7
1073741823,1073741823,1073741823,1073741823,1073725439,1073609727,1072094975,1073175551,1073330175,1072553983,1073737727,1073741823,1073741823,1073741823,1073741823:h7
1073741823,1073741823,1073741823,1073741823,1073725183,1073609727,1072095231,1073175551,1073330175,1072553983,1073737727,1073741823,1073741823,1073741823,1073741823:h7
1073741823,1073741823,1073741823,1073741823,1073725439,1073605631,1072095231,1073175551,1073330175,1072553983,1073737727,1073741823,1073741823,1073741823,1073741823:h7
1073741823,1073741823,1073741823,1073741823,1073725439,1072561151,1072095231,1073175551,1073330175,1072553983,1073737727,1073741823,1073741823,1073741823,1073741823:h7
1073741823,1073741823,1073741823,1073741823,1056948223,1073609727,1072095231,1073175551,1073330175,1072553983,1073737727,1073741823,1073741823,1073741823,1073741823:h7
1073741823,1073741823,1073741823,1073741823,1073725439,1073609727,1055318015,1073175551,1073330175,1072553983,1073737727,1073741823,1073741823,1073741823,1073741823:h7
1073741823,1073741823,1073741823,1073741823,1073725439,1073609727,1067900927,1073175551,1073330175,1072553983,1073737727,1073741823,1073741823,1073741823,1073741823:h7
1073741823,1073741823,1073741823,1073741823,1073725439,1073609727,1072095231,1073175551,1056552959,1072553983,1073737727,1073741823,1073741823,1073741823,1073741823:h7
1073741823,1073741823,1073741823,1073741823,1073725439,1073609727,1072095231,1073175551,1073330175,1072553983,1072689151,1073741823,1073741823,1073741823,1073741823:h7
1073741823,1073741823,1073741823,1073741823,1073725439,1073609727,1072095231,1073175551,1073330175,1072553983,1073672191,1073741823,1073741823,1073741823,1073741823:h7
1073741823,1073741823,1073741823,1073741823,1073725439,1073609727,1072095231,1073175551,1073330175,1072553983,1073736703,1073741823,1073741823,1073741823,1073741823:h7
1073741823,1073741823,1073741823,1073741823,1073725439,1073609727,1072094207,1073175551,1073330175,1072553983,1073737727,1073741823,1073741823,1073741823,1073741823:h7
1073741823,1073741823,1073741823,1073741823,1073725439,1073609727,1072095231,1073175551,1073330175,1072553983,1073475583,1073741823,1073741823,1073741823,1073741823:h7
1073741823,1073741823,1073741823,1073741823,1073725439,1073609727,1072095231,1073175551,1073330175,1072553983,1073721343,1073741823,1073741823,1073741823,1073741823:h7
1073741823,1073741823,1073741823,1073741823,1073725439,1069415423,1072095231,1073175551,1073330175,1072553983,1073737727,1073741823,1073741823,1073741823,1073741823:h7
1073741823,1073741823,1073741823,1073741823,1073725439,1073609727,1072095231,1068981247,1073330175,1072553983,1073737727,1073741823,1073741823,1073741823,1073741823:h7
1073741823,1073741823,1073741823,1073741823,1073725439,1073609727,1072095231,1072126975,1073330175,1072553983,1073737727,1073741823,1073741823,1073741823,1073741823:h7
1073741823,1073741823,1073741823,1073741823,1073725439,1073609727,1072095231,1073175551,1073330175,1068359679,1073737727,1073741823,1073741823,1073741823,1073741823:h7
1073741823,1073741823,1073741823,1073741823,1073721343,1073609727,1072095231,1073175551,1073330175,1072553983,1073737727,1073741823,1073741823,1073741823,1073741823:h7
1073741823,1073741823,1073741823,1073741823,1073659903,1073609727,1072095231,1073175551,1073330175,1072553983,1073737727,1073741823,1073741823,1073741823,1073741823:h7
1073741823,1073741823,1073741823,1073741823,1072676863,1073609727,1072095231,1073175551,1073330175,1072553983,1073737727,1073741823,1073741823,1073741823,1073741823:h7
1073741823,1073741823,1073741823,1073741823,1073725439,1073609727,1072095231,1073175551,1072281599,1072553983,1073737727,1073741823,1073741823,1073741823,1073741823:h7
1073741823,1073741823,1073741823,1073741823,1073725439,1073609727,1072095231,1073175551,1073330175,1072552959,1073737727,1073741823,1073741823,1073741823,1073741823:h7
1073741823,1073741823,1073741823,1073741823,1073725439,1073609727,1072095231,1073175551,1073326079,1072553983,1073737727,1073741823,1073741823,1073741823,1073741823:h7
1073741823,1073741823,1073741823,1073741823,1073725439,1073593343,1072095231,1073175551,1073330175,1072553983,1073737727,1073741823,1073741823,1073741823,1073741823:h7
1073741823,1073741823,1073741823,1073741823,1073725439,1073609727,1072078847,1073175551,1073330175,1072553983,1073737727,1073741823,1073741823,1073741823,1073741823:i8
1073741823,1073741823,1073741823,1073741823,1073725439,1073347583,1072095231,1073175551,1073330175,1072553983,1073737727,1073741823,1073741823,1073741823,1073741823:h7
1073741823,1073741823,1073741823,1073741823,1073725439,1073609727,1072095231,1073110015,1073330175,1072553983,1073737727,1073741823,1073741823,1073741823,1073741823:h7
1073741823,1073741823,1073741823,1073741823,1073725439,1073609727,1072095231,1073175551,1073330175,1072291839,1073737727,1073741823,1073741823,1073741823,1073741823:h7
1073741823,1073741823,1073741823,1073741823,1073725439,1073609727,1072095231,1073175551,1073330175,1072537599,1073737727,1073741823,1073741823,1073741823,1073741823:h7
1073741823,1073741823,1073741823,1073741823,1073463295,1073609727,1072095231,1073175551,1073332223,1073602559,1073737727,1073741823,1073741823,1073741823,1073741823:j10
1073741823,1073741823,1073741823,1073741823,1069531135,1073609727,1072095231,1073175551,1073332223,1073602559,1073737727,1073741823,1073741823,1073741823,1073741823:j10
1073741823,1073741823,1073741823,1073741823,1073725439,1073609727,1072095231,1073175551,1069137919,1073602559,1073737727,1073741823,1073741823,1073741823,1073741823:f9
1073741823,1073741823,1073741823,1073741823,1073725439,1073609727,1072095231,1073175487,1073332223,1073602559,1073737727,1073741823,1073741823,1073741823,1073741823:f9
1073741823,1073741823,1073741823,1073741823,1073725439,1073609663,1072095231,1073175551,1073332223,1073602559,1073737727,1073741823,1073741823,1073741823,1073741823:f9
1073741823,1073741823,1073741823,1073741823,1073725439,1073609471,1072095231,1073175551,1073332223,1073602559,1073737727,1073741823,1073741823,1073741823,1073741823:f9
1073741823,1073741823,1073741823,1073741759,1073725439,1073609727,1072095231,1073175551,1073332223,1073602559,1073737727,1073741823,1073741823,1073741823,1073741823:f9
1073741823,1073741823,1073741823,1073740799,1073725439,1073609727,1072095231,1073175551,1073332223,1073602559,1073737727,1073741823,1073741823,1073741823,1073741823:j10
1073741823,1073741823,1073741823,1073741823,1073724415,1073609727,1072095231,1073175551,1073332223,1073602559,1073737727,1073741823,1073741823,1073741823,1073741823:j10
1073741823,1073741823,1073741823,1073725439,1073725439,1073609727,1072095231,1073175551,1073332223,1073602559,1073737727,1073741823,1073741823,1073741823,1073741823:j10
1073741823,1073741823,1073741823,1073741823,1073725439,1073609727,1072095231,1073175551,1073331967,1073602559,1073737727,1073741823,1073741823,1073741823,1073741823:f9
1073741823,1073741823,1073741823,1073741823,1073725439,1073609727,1072094975,1073175551,1073332223,1073602559,1073737727,1073741823,1073741823,1073741823,1073741823:f9
1073741823,1073741823,1073741823,1073741823,1073725183,1073609727,1072095231,1073175551,1073332223,1073602559,1073737727,1073741823,1073741823,1073741823,1073741823:f9
1073741823,1073741823,1073741823,1073741823,1073725439,1073605631,1072095231,1073175551,1073332223,1073602559,1073737727,1073741823,1073741823,1073741823,1073741823:j10
1073741823,1073741823,1073741823,1073741823,1073725439,1072561151,1072095231,1073175551,1073332223,1073602559,1073737727,1073741823,1073741823,1073741823,1073741823:f9
1073741823,1073741823,1073741823,1073741823,1056948223,1073609727,1072095231,1073175551,1073332223,1073602559,1073737727,1073741823,1073741823,1073741823,1073741823:f9
1073741823,1073741823,1073741823,1073741823,1073725439,1073609727,1055318015,1073175551,1073332223,1073602559,1073737727,1073741823,1073741823,1073741823,1073741823:f9
1073741823,1073741823,1073741823,1073741823,1073725439,1073609727,1067900927,1073175551,1073332223,1073602559,1073737727,1073741823,1073741823,1073741823,1073741823:f9
1073741823,1073741823,1073741823,1073741823,1073725439,1073609727,1072095231,1073175551,1056555007,1073602559,1073737727,1073741823,1073741823,1073741823,1073741823:f9
1073741823,1073741823,1073741823,1073741823,1073725439,1073609727,1072095231,1073175551,1073332223,1073602559,1072689151,1073741823,1073741823,1073741823,1073741823:f9
1073741823,1073741823,1073741823,1073741823,1073725439,1073609727,1072095231,1073175551,1073332223,1073602559,1073672191,1073741823,1073741823,1073741823,1073741823:j10
1073741823,1073741823,1073741823,1073741823,1073725439,1073609727,1072095231,1073175551,1073332223,1073602559,1073736703,1073741823,1073741823,1073741823,1073741823:f9
1073741823,1073741823,1073741823,1073741823,1073725439,1073609727,1072095231,1073175551,1073331199,1073602559,1073737727,1073741823,1073741823,1073741823,1073741823:j10
1073741823,1073741823,1073741823,1073741823,1073725439,1073609727,1072094207,1073175551,1073332223,1073602559,1073737727,1073741823,1073741823,1073741823,1073741823:j10
1073741823,1073741823,1073741823,1073741823,1073725439,1073609727,1072095231,1073175551,1073332223,1073602559,1073475583,1073741823,1073741823,1073741823,1073741823:f9
1073741823,1073741823,1073741823,1073741823,1073725439,1073609727,1072095231,1073175551,1073332223,1073602559,1073721343,1073741823,1073741823,1073741823,1073741823:j10
1073741823,1073741823,1073741823,1073741823,1073725439,1069415423,1072095231,1073175551,1073332223,1073602559,1073737727,1073741823,1073741823,1073741823,1073741823:f9
1073741823,1073741823,1073741823,1073741823,1073725439,1073609727,1072095231,1068981247,1073332223,1073602559,1073737727,1073741823,1073741823,1073741823,1073741823:f9
1073741823,1073741823,1073741823,1073741823,1073725439,1073609727,1072095231,1072126975,1073332223,1073602559,1073737727,1073741823,1073741823,1073741823,1073741823:f9
1073741823,1073741823,1073741823,1073741823,1073725439,1073609727,1072095231,1073175551,1073332223,1069408255,1073737727,1073741823,1073741823,1073741823,1073741823:f9
1073741823,1073741823,1073741823,1073741823,1073721343,1073609727,1072095231,1073175551,1073332223,1073602559,1073737727,1073741823,1073741823,1073741823,1073741823:j10
1073741823,1073741823,1073741823,1073741823,1073659903,1073609727,1072095231,1073175551,1073332223,1073602559,1073737727,1073741823,1073741823,1073741823,1073741823:j10
1073741823,1073741823,1073741823,1073741823,1072676863,1073609727,1072095231,1073175551,1073332223,1073602559,1073737727,1073741823,1073741823,1073741823,1073741823:j10
1073741823,1073741823,1073741823,1073741823,1073725439,1073609727,1072095231,1073175551,1072283647,1073602559,1073737727,1073741823,1073741823,1073741823,1073741823:f9
1073741823,1073741823,1073741823,1073741823,1073725439,1073609727,1072095231,1073175551,1073332223,1073601535,1073737727,1073741823,1073741823,1073741823,1073741823:f9
1073741823,1073741823,1073741823,1073741823,1073725439,1073609727,1072095231,1073175551,1073328127,1073602559,1073737727,1073741823,1073741823,1073741823,1073741823:f9
1073741823,1073741823,1073741823,1073741823,1073725439,1073593343,1072095231,1073175551,1073332223,1073602559,1073737727,1073741823,1073741823,1073741823,1073741823:j10
1073741823,1073741823,1073741823,1073741823,1073725439,1073609727,1072078847,1073175551,1073332223,1073602559,1073737727,1073741823,1073741823,1073741823,1073741823:j10
1073741823,1073741823,1073741823,1073741823,1073725439,1073347583,1072095231,1073175551,1073332223,1073602559,1073737727,1073741823,1073741823,1073741823,1073741823:f9
1073741823,1073741823,1073741823,1073741823,1073725439,1073609727,1072095231,1073110015,1073332223,1073602559,1073737727,1073741823,1073741823,1073741823,1073741823:j10
1073741823,1073741823,1073741823,1073741823,1073725439,1073609727,1072095231,1073175551,1073332223,1073340415,1073737727,1073741823,1073741823,1073741823,1073741823:f9
1073741823,1073741823,1073741823,1073741823,1073725439,1073609727,1072095231,1073175551,1073332223,1073586175,1073737727,1073741823,1073741823,1073741823,1073741823:f9
1073741823,1073741823,1073741823,1073741823,1073725439,1073609727,1072095231,1073175551,1073332223,1073733631,1072693247,1073741823,1073741823,1073741823,1073741823:g9
1073741823,1073741823,1073741823,1073741823,1073725439,1073609727,1072095231,1073175551,1073332223,1073733631,1073676287,1073741823,1073741823,1073741823,1073741823:g9
1073741823,1073741823,1073741823,1073741823,1073725439,1073609727,1072095231,1073175551,1073332223,1073733631,1073740799,1073741823,1073741823,1073741823,1073741823:f9
1073741823,1073741823,1073741823,1073741823,1073725439,1073609727,1072095231,1073175551,1073331199,1073733631,1073741823,1073741823,1073741823,1073741823,1073741823:g9
1073741823,1073741823,1073741823,1073741823,1073725439,1073609727,1072094207,1073175551,1073332223,1073733631,1073741823,1073741823,1073741823,1073741823,1073741823:g9
1073741823,1073741823,1073741823,1073741823,1073725439,1073609727,1072095231,1073175551,1073332223,1073733631,1073479679,1073741823,1073741823,1073741823,1073741823:g9
1073741823,1073741823,1073741823,1073741823,1073725439,1073609727,1072095231,1073175551,1073332223,1073668095,1073741823,1073741823,1073741823,1073741823,1073741823:g9
1073741823,1073741823,1073741823,1073741823,1073725439,1073609727,1072095231,1073175551,1073332223,1073733631,1073725439,1073741823,1073741823,1073741823,1073741823:g9
1073741823,1073741823,1073741823,1073741823,1073725439,1069415423,1072095231,1073175551,1073332223,1073733631,1073741823,1073741823,1073741823,1073741823,1073741823:f9
1073741823,1073741823,1073741823,1073741823,1073725439,1073609727,1072095231,1068981247,1073332223,1073733631,1073741823,1073741823,1073741823,1073741823,1073741823:f9
1073741823,1073741823,1073741823,1073741823,1073725439,1073609727,1072095231,1072126975,1073332223,1073733631,1073741823,1073741823,1073741823,1073741823,1073741823:f9
1073741823,1073741823,1073741823,1073741823,1073725439,1073609727,1072095231,1073175551,1073332223,1069539327,1073741823,1073741823,1073741823,1073741823,1073741823:f9
1073741823,1073741823,1073741823,1073741823,1073721343,1073609727,1072095231,1073175551,1073332223,1073733631,1073741823,1073741823,1073741823,1073741823,1073741823:g9
1073741823,1073741823,1073741823,1073741823,1073659903,1073609727,1072095231,1073175551,1073332223,1073733631,1073741823,1073741823,1073741823,1073741823,1073741823:g9
1073741823,1073741823,1073741823,1073741823,1072676863,1073609727,1072095231,1073175551,1073332223,1073733631,1073741823,1073741823,1073741823,1073741823,1073741823:g9
1073741823,1073741823,1073741823,1073741823,1073725439,1073609727,1072095231,1073175551,1072283647,1073733631,1073741823,1073741823,1073741823,1073741823,1073741823:f9
1073741823,1073741823,1073741823,1073741823,1073725439,1073609727,1072095231,1073175551,1073332223,1073732607,1073741823,1073741823,1073741823,1073741823,1073741823:g9
1073741823,1073741823,1073741823,1073741823,1073725439,1073609727,1072095231,1073175551,1073328127,1073733631,1073741823,1073741823,1073741823,1073741823,1073741823:f9
1073741823,1073741823,1073741823,1073741823,1073725439,1073593343,1072095231,1073175551,1073332223,1073733631,1073741823,1073741823,1073741823,1073741823,1073741823:g9
1073741823,1073741823,1073741823,1073741823,1073725439,1073609727,1072078847,1073175551,1073332223,1073733631,1073741823,1073741823,1073741823,1073741823,1073741823:g9
1073741823,1073741823,1073741823,1073741823,1073725439,1073347583,1072095231,1073175551,1073332223,1073733631,1073741823,1073741823,1073741823,1073741823,1073741823:f9
1073741823,1073741823,1073741823,1073741823,1073725439,1073609727,1072095231,1073110015,1073332223,1073733631,1073741823,1073741823,1073741823,1073741823,1073741823:g9
1073741823,1073741823,1073741823,1073741823,1073725439,1073609727,1072095231,1073175551,1073332223,1073471487,1073741823,1073741823,1073741823,1073741823,1073741823:g9
1073741823,1073741823,1073741823,1073741823,1073725439,1073609727,1072095231,1073175551,1073332223,1073717247,1073741823,1073741823,1073741823,1073741823,1073741823:g9
1073741823,1073741823,1073741823,1073741823,1073479679,1073609727,1072095231,1073175551,1073332223,1073741823,1073741823,1073741823,1073741823,1073741823,1073741823:k8
1073741823,1073741823,1073741823,1073741823,1069547519,1073609727,1072095231,1073175551,1073332223,1073741823,1073741823,1073741823,1073741823,1073741823,1073741823:k8
1073741823,1073741823,1073741823,1073741823,1073741823,1073609727,1072095231,1073175551,1069137919,1073741823,1073741823,1073741823,1073741823,1073741823,1073741823:g10
1073741823,1073741823,1073741823,1073741823,1073741823,1073609727,1072095231,1073175551,1069137919,1073733631,1073741823,1073741567,1073741823,1073741823,1073741823:g4
1073741823,1073741823,1073741823,1073741823,1073741823,1073609727,1072095231,1073175551,1069137919,1073733631,1073741823,1073676287,1073741823,1073741823,1073741823:g4
1073741823,1073741823,1073741823,1073741823,1073741823,1073609727,1072095231,1073175551,1069137919,1073733631,1073741823,1073737727,1073741823,1073741823,1073741823:g4
1073741823,1073741823,1073741823,1073741823,1073741823,1073609727,1004986367,1073175551,1069137919,1073733631,1073741823,1073741823,1073741823,1073741823,1073741823:g4
1073741823,1073741823,1073741823,1073741823,1073741823,1073609727,1072095231,1056398335,1069137919,1073733631,1073741823,1073741823,1073741823,1073741823,1073741823:g4
1073741823,1073741823,1073741823,1073741823,1073741823,1073609727,1072095231,1073175551,1002029055,1073733631,1073741823,1073741823,1073741823,1073741823,1073741823:g9
1073741823,1073741823,1073741823,1073741823,1073741823,1073609727,1072095231,1073175551,1069137919,1073733631,1006632959,1073741823,1073741823,1073741823,1073741823:g4
1073741823,1073741823,1073741823,1073741823,1073741823,1073609727,1072095231,1073175551,1069137919,1056956415,1073741823,1073741823,1073741823,1073741823,1073741823:g4
1073741823,1073741823,1073741823,1073737727,1073741823,1073609727,1072095231,1073175551,1069137919,1073733631,1073741823,1073741823,1073741823,1073741823,1073741823:f9
1073741823,1073741823,1073741823,1073676287,1073741823,1073609727,1072095231,1073175551,1069137919,1073733631,1073741823,1073741823,1073741823,1073741823,1073741823:g4
1073741823,1073741823,1073741823,1072693247,1073741823,1073609727,1072095231,1073175551,1069137919,1073733631,1073741823,1073741823,1073741823,1073741823,1073741823:g4
1073741823,1073741823,1073741823,1073741823,1073741823,1073609727,1072095231,1073175551,1069137919,1073733567,1073741823,1073741823,1073741823,1073741823,1073741823:g4
1073741823,1073741823,1073741823,1073741823,1073741823,1073609727,1072095231,1073175551,1069137919,1073733375,1073741823,1073741823,1073741823,1073741823,1073741823:g4
1073741823,1073741823,1073741823,1073741823,1073741823,1073609727,1072095231,1073175295,1069137919,1073733631,1073741823,1073741823,1073741823,1073741823,1073741823:g4
1073741823,1073741823,1073741823,1073741823,1073741823,1073609727,1072095231,1073175551,1069137919,1073733631,1069547519,1073741823,1073741823,1073741823,1073741823:g4
1073741823,1073741823,1073741823,1073741823,1073741823,1073609727,1072095231,1073175551,1069137919,1072685055,1073741823,1073741823,1073741823,1073741823,1073741823:g4
1073741823,1073741823,1073741823,1073741823,1073725439,1073609727,1072095231,1073175551,1069137919,1073733631,1073741823,1073741823,1073741823,1073741823,1073741823:f9
1073741823,1073741823,1073741823,1073741823,1073479679,1073609727,1072095231,1073175551,1069137919,1073733631,1073741823,1073741823,1073741823,1073741823,1073741823:g4
1073741823,1073741823,1073741823,1073741823,1069547519,1073609727,1072095231,1073175551,1069137919,1073733631,1073741823,1073741823,1073741823,1073741823,1073741823:g4
1073741823,1073741823,1073741823,1073741823,1073741823,1073609727,1072095231,1073175487,1069137919,1073733631,1073741823,1073741823,1073741823,1073741823,1073741823:g4
1073741823,1073741823,1073741823,1073741823,1073741823,1073609663,1072095231,1073175551,1069137919,1073733631,1073741823,1073741823,1073741823,1073741823,1073741823:g4
1073741823,1073741823,1073741823,1073741823,1073741823,1073609471,1072095231,1073175551,1069137919,1073733631,1073741823,1073741823,1073741823,1073741823,1073741823:g4
1073741823,1073741823,1073741823,1073741759,1073741823,1073609727,1072095231,1073175551,1069137919,1073733631,1073741823,1073741823,1073741823,1073741823,1073741823:g4
1073741823,1073741823,1073741823,1073740799,1073741823,1073609727,1072095231,1073175551,1069137919,1073733631,1073741823,1073741823,1073741823,1073741823,1073741823:g9
1073741823,1073741823,1073741823,1073741823,1073740799,1073609727,1072095231,1073175551,1069137919,1073733631,1073741823,1073741823,1073741823,1073741823,1073741823:g9
1073741823,1073741823,1073741823,1073725439,1073741823,1073609727,1072095231,1073175551,1069137919,1073733631,1073741823,1073741823,1073741823,1073741823,1073741823:g4
1073741823,1073741823,1073741823,1073741823,1073741823,1073609727,1072095231,1073175551,1069137663,1073733631,1073741823,1073741823,1073741823,1073741823,1073741823:g4
1073741823,1073741823,1073741823,1073741823,1073741823,1073609727,1072094975,1073175551,1069137919,1073733631,1073741823,1073741823,1073741823,1073741823,1073741823:g4
1073741823,1073741823,1073741823,1073741823,1073741567,1073609727,1072095231,1073175551,1069137919,1073733631,1073741823,1073741823,1073741823,1073741823,1073741823:g4
1073741823,1073741823,1073741823,1073741823,1073741823,1073605631,1072095231,1073175551,1069137919,1073733631,1073741823,1073741823,1073741823,1073741823,1073741823:g11
1073741823,1073741823,1073741823,1073741823,1073741823,1072561151,1072095231,1073175551,1069137919,1073733631,1073741823,1073741823,1073741823,1073741823,1073741823:g4
1073741823,1073741823,1073741823,1073741823,1056964607,1073609727,1072095231,1073175551,1069137919,1073733631,1073741823,1073741823,1073741823,1073741823,1073741823:g4
1073741823,1073741823,1073741823,1073741823,1073741823,1073609727,1055318015,1073175551,1069137919,1073733631,1073741823,1073741823,1073741823,1073741823,1073741823:g4
1073741823,1073741823,1073741823,1073741823,1073741823,1073609727,1067900927,1073175551,1069137919,1073733631,1073741823,1073741823,1073741823,1073741823,1073741823:g4
1073741823,1073741823,1073741823,1073741823,1073741823,1073609727,1072095231,1073175551,1052360703,1073733631,1073741823,1073741823,1073741823,1073741823,1073741823:g9
1073741823,1073741823,1073741823,1073741823,1073741823,1073609727,1072095231,1073175551,1069137919,1073733631,1073737727,1073741823,1073741823,1073741823,1073741823:g4
1073741823,1073741823,1073741823,1073741823,1073741823,1073609727,1072095231,1073175551,1069137919,1073733631,1072693247,1073741823,1073741823,1073741823,1073741823:g4
1073741823,1073741823,1073741823,1073741823,1073741823,1073609727,1072095231,1073175551,1069137919,1073733631,1073676287,1073741823,1073741823,1073741823,1073741823:g4
1073741823,1073741823,1073741823,1073741823,1073741823,1073609727,1072095231,1073175551,1069137919,1073733631,1073740799,1073741823,1073741823,1073741823,1073741823:g4
1073741823,1073741823,1073741823,1073741823,1073741823,1073609727,1072095231,1073175551,1069136895,1073733631,1073741823,1073741823,1073741823,1073741823,1073741823:g9
1073741823,1073741823,1073741823,1073741823,1073741823,1073609727,1072094207,1073175551,1069137919,1073733631,1073741823,1073741823,1073741823,1073741823,1073741823:g9
1073741823,1073741823,1073741823,1073741823,1073741823,1073609727,1072095231,1073175551,1069137919,1073733631,1073479679,1073741823,1073741823,1073741823,1073741823:g4
1073741823,1073741823,1073741823,1073741823,1073741823,1073609727,1072095231,1073175551,1069137919,1073668095,1073741823,1073741823,1073741823,1073741823,1073741823:g4
1073741823,1073741823,1073741823,1073741823,1073741823,1073609727,1072095231,1073175551,1069137919,1073733631,1073725439,1073741823,1073741823,1073741823,1073741823:g4
1073741823,1073741823,1073741823,1073741823,1073741823,1069415423,1072095231,1073175551,1069137919,1073733631,1073741823,1073741823,1073741823,1073741823,1073741823:g4
1073741823,1073741823,1073741823,1073741823,1073741823,1073609727,1072095231,1068981247,1069137919,1073733631,1073741823,1073741823,1073741823,1073741823,1073741823:g4
1073741823,1073741823,1073741823,1073741823,1073741823,1073609727,1072095231,1072126975,1069137919,1073733631,1073741823,1073741823,1073741823,1073741823,1073741823:f9
1073741823,1073741823,1073741823,1073741823,1073741823,1073609727,1072095231,1073175551,1069137919,1069539327,1073741823,1073741823,1073741823,1073741823,1073741823:g4
1073741823,1073741823,1073741823,1073741823,1073737727,1073609727,1072095231,1073175551,1069137919,1073733631,1073741823,1073741823,1073741823,1073741823,1073741823:f9
1073741823,1073741823,1073741823,1073741823,1073676287,1073609727,1072095231,1073175551,1069137919,1073733631,1073741823,1073741823,1073741823,1073741823,1073741823:g4
1073741823,1073741823,1073741823,1073741823,1072693247,1073609727,1072095231,1073175551,1069137919,1073733631,1073741823,1073741823,1073741823,1073741823,1073741823:g4
1073741823,1073741823,1073741823,1073741823,1073741823,1073609727,1072095231,1073175551,1068089343,1073733631,1073741823,1073741823,1073741823,1073741823,1073741823:g9
1073741823,1073741823,1073741823,1073741823,1073741823,1073609727,1072095231,1073175551,1069137919,1073732607,1073741823,1073741823,1073741823,1073741823,1073741823:g4
1073741823,1073741823,1073741823,1073741823,1073741823,1073609727,1072095231,1073175551,1069133823,1073733631,1073741823,1073741823,1073741823,1073741823,1073741823:f9
1073741823,1073741823,1073741823,1073741823,1073741823,1073593343,1072095231,1073175551,1069137919,1073733631,1073741823,1073741823,1073741823,1073741823,1073741823:g4
1073741823,1073741823,1073741823,1073741823,1073741823,1073609727,1072078847,1073175551,1069137919,1073733631,1073741823,1073741823,1073741823,1073741823,1073741823:g4
1073741823,1073741823,1073741823,1073741823,1073741823,1073347583,1072095231,1073175551,1069137919,1073733631,1073741823,1073741823,1073741823,1073741823,1073741823:g4
1073741823,1073741823,1073741823,1073741823,1073741823,1073609727,1072095231,1073110015,1069137919,1073733631,1073741823,1073741823,1073741823,1073741823,1073741823:g4
1073741823,1073741823,1073741823,1073741823,1073741823,1073609727,1072095231,1073175551,1069137919,1073471487,1073741823,1073741823,1073741823,1073741823,1073741823:g4
1073741823,1073741823,1073741823,1073741823,1073741823,1073609727,1072095231,1073175551,1069137919,1073717247,1073741823,1073741823,1073741823,1073741823,1073741823:g4
1073741823,1073741823,1073741823,1073741823,1073741823,1073609727,1072095231,1073175487,1073332223,1073741823,1073741823,1073741823,1073741823,1073741823,1073741823:k8
1073741823,1073741823,1073741823,1073741823,1073741823,1073609663,1072095231,1073175551,1073332223,1073741823,1073741823,1073741823,1073741823,1073741823,1073741823:k8
1073741823,1073741823,1073741823,1073741823,1073741823,1073609471,1072095231,1073175551,1073332223,1073741823,1073741823,1073741823,1073741823,1073741823,1073741823:k8
1073741823,1073741823,1073741823,1073741759,1073741823,1073609727,1072095231,1073175551,1073332223,1073741823,1073741823,1073741823,1073741823,1073741823,1073741823:k8
1073741823,1073741823,1073741823,1073740799,1073741823,1073609727,1072095231,1073175551,1073332223,1073741823,1073741823,1073741823,1073741823,1073741823,1073741823:k8
1073741823,1073741823,1073741823,1073741823,1073740799,1073609727,1072095231,1073175551,1073332223,1073741823,1073741823,1073741823,1073741823,1073741823,1073741823:k8
1073741823,1073741823,1073741823,1073725439,1073741823,1073609727,1072095231,1073175551,1073332223,1073741823,1073741823,1073741823,1073741823,1073741823,1073741823:k8
1073741823,1073741823,1073741823,1073741823,1073741823,1073609727,1072095231,1073175551,1073331967,1073741823,1073741823,1073741823,1073741823,1073741823,1073741823:k8
1073741823,1073741823,1073741823,1073741823,1073741823,1073609727,1072094975,1073175551,1073332223,1073741823,1073741823,1073741823,1073741823,1073741823,1073741823:k8
1073741823,1073741823,1073741823,1073741823,1073741567,1073609727,1072095231,1073175551,1073332223,1073741823,1073741823,1073741823,1073741823,1073741823,1073741823:k8
1073741823,1073741823,1073741823,1073741823,1073741823,1073605631,1072095231,1073175551,1073332223,1073741823,1073741823,1073741823,1073741823,1073741823,1073741823:k8
1073741823,1073741823,1073741823,1073741823,1073741823,1072561151,1072095231,1073175551,1073332223,1073741823,1073741823,1073741823,1073741823,1073741823,1073741823:k8
1073741823,1073741823,1073741823,1073741823,1056964607,1073609727,1072095231,1073175551,1073332223,1073741823,1073741823,1073741823,1073741823,1073741823,1073741823:k8
1073741823,1073741823,1073741823,1073741823,1073741823,1073609727,1055318015,1073175551,1073332223,1073741823,1073741823,1073741823,1073741823,1073741823,1073741823:k8
1073741823,1073741823,1073741823,1073741823,1073741823,1073609727,1067900927,1073175551,1073332223,1073741823,1073741823,1073741823,1073741823,1073741823,1073741823:k8
1073741823,1073741823,1073741823,1073741823,1073741823,1073609727,1072095231,1073175551,1056555007,1073741823,1073741823,1073741823,1073741823,1073741823,1073741823:k8
1073741823,1073741823,1073741823,1073741823,1073741823,1073609727,1072095231,1073175551,1073332223,1073741823,1073737727,1073741823,1073741823,1073741823,1073741823:k8
1073741823,1073741823,1073741823,1073741823,1073741823,1073609727,1072095231,1073175551,1073332223,1073741823,1072693247,1073741823,1073741823,1073741823,1073741823:k8
1073741823,1073741823,1073741823,1073741823,1073741823,1073609727,1072095231,1073175551,1073332223,1073741823,1073676287,1073741823,1073741823,1073741823,1073741823:k8
1073741823,1073741823,1073741823,1073741823,1073741823,1073609727,1072095231,1073175551,1073332223,1073741823,1073740799,1073741823,1073741823,1073741823,1073741823:k8
1073741823,1073741823,1073741823,1073741823,1073741823,1073609727,1072095231,1073175551,1073332223,1073737727,1073741823,1073741823,1073741823,1073741823,1073741823:k8
1073741823,1073741823,1073741823,1073741823,1073741823,1073609727,1072095231,1073175551,1073331199,1073741823,1073741823,1073741823,1073741823,1073741823,1073741823:k8
1073741823,1073741823,1073741823,1073741823,1073741823,1073609727,1072094207,1073175551,1073332223,1073741823,1073741823,1073741823,1073741823,1073741823,1073741823:k8
1073741823,1073741823,1073741823,1073741823,1073741823,1073609727,1072095231,1073175551,1073332223,1073741823,1073479679,1073741823,1073741823,1073741823,1073741823:k8
1073741823,1073741823,1073741823,1073741823,1073741823,1073609727,1072095231,1073175551,1073332223,1073676287,1073741823,1073741823,1073741823,1073741823,1073741823:k8
1073741823,1073741823,1073741823,1073741823,1073741823,1073609727,1072095231,1073175551,1073332223,1073741823,1073725439,1073741823,1073741823,1073741823,1073741823:k8
1073741823,1073741823,1073741823,1073741823,1073741823,1069415423,1072095231,1073175551,1073332223,1073741823,1073741823,1073741823,1073741823,1073741823,1073741823:k8
1073741823,1073741823,1073741823,1073741823,1073741823,1073609727,1072095231,1068981247,1073332223,1073741823,1073741823,1073741823,1073741823,1073741823,1073741823:k8
1073741823,1073741823,1073741823,1073741823,1073741823,1073609727,1072095231,1072126975,1073332223,1073741823,1073741823,1073741823,1073741823,1073741823,1073741823:g10
1073741823,1073741823,1073741823,1073741823,1073741823,1073609727,1072095231,1072126975,1073332223,1073733631,1073741823,1073741567,1073741823,1073741823,1073741823:g9
1073741823,1073741823,1073741823,1073741823,1073741823,1073609727,1072095231,1072126975,1073332223,1073733631,1073741823,1073676287,1073741823,1073741823,1073741823:g9
1073741823,1073741823,1073741823,1073741823,1073741823,1073609727,1072095231,1072126975,1073332223,1073733631,1073741823,1073737727,1073741823,1073741823,1073741823:g9
1073741823,1073741823,1073741823,1073741823,1073741823,1056832511,1072095231,1072126975,1073332223,1073733631,1073741823,1073741823,1073741823,1073741823,1073741823:g9
1073741823,1073741823,1073741823,1073741823,1073741823,1073609727,1072095231,1055349759,1073332223,1073733631,1073741823,1073741823,1073741823,1073741823,1073741823:f9
1073741823,1073741823,1073741823,1073741823,1073741823,1073609727,1072095231,1072126975,1073332223,1056956415,1073741823,1073741823,1073741823,1073741823,1073741823:f9
1073741823,1073741823,1073741823,1073737727,1073741823,1073609727,1072095231,1072126975,1073332223,1073733631,1073741823,1073741823,1073741823,1073741823,1073741823:f9
1073741823,1073741823,1073741823,1073676287,1073741823,1073609727,1072095231,1072126975,1073332223,1073733631,1073741823,1073741823,1073741823,1073741823,1073741823:f9
1073741823,1073741823,1073741823,1072693247,1073741823,1073609727,1072095231,1072126975,1073332223,1073733631,1073741823,1073741823,1073741823,1073741823,1073741823:g9
1073741823,1073741823,1073741823,1073741823,1073741823,1073609727,1072095231,1072126975,1073332223,1073733567,1073741823,1073741823,1073741823,1073741823,1073741823:f9
1073741823,1073741823,1073741823,1073741823,1073741823,1073609727,1072095231,1072126975,1073332223,1073733375,1073741823,1073741823,1073741823,1073741823,1073741823:g9
1073741823,1073741823,1073741823,1073741823,1073741823,1073609727,1072095231,1072126719,1073332223,1073733631,1073741823,1073741823,1073741823,1073741823,1073741823:g9
1073741823,1073741823,1073741823,1073741823,1073741823,1073609727,1072095231,1072126975,1073332223,1073733631,1069547519,1073741823,1073741823,1073741823,1073741823:g9
1073741823,1073741823,1073741823,1073741823,1073741823,1073609727,1072095231,1072126975,1073332223,1072685055,1073741823,1073741823,1073741823,1073741823,1073741823:g9
1073741823,1073741823,1073741823,1073741823,1073725439,1073609727,1072095231,1072126975,1073332223,1073733631,1073741823,1073741823,1073741823,1073741823,1073741823:f9
1073741823,1073741823,1073741823,1073741823,1073479679,1073609727,1072095231,1072126975,1073332223,1073733631,1073741823,1073741823,1073741823,1073741823,1073741823:g9
1073741823,1073741823,1073741823,1073741823,1069547519,1073609727,1072095231,1072126975,1073332223,1073733631,1073741823,1073741823,1073741823,1073741823,1073741823:f9
1073741823,1073741823,1073741823,1073741823,1073741823,1073609727,1072095231,1072126975,1069137919,1073733631,1073741823,1073741823,1073741823,1073741823,1073741823:f9
1073741823,1073741823,1073741823,1073741823,1073741823,1073609727,1072095231,1072126911,1073332223,1073733631,1073741823,1073741823,1073741823,1073741823,1073741823:g9
1073741823,1073741823,1073741823,1073741823,1073741823,1073609663,1072095231,1072126975,1073332223,1073733631,1073741823,1073741823,1073741823,1073741823,1073741823:f9
1073741823,1073741823,1073741823,1073741823,1073741823,1073609471,1072095231,1072126975,1073332223,1073733631,1073741823,1073741823,1073741823,1073741823,1073741823:g9
1073741823,1073741823,1073741823,1073741759,1073741823,1073609727,1072095231,1072126975,1073332223,1073733631,1073741823,1073741823,1073741823,1073741823,1073741823:f9
1073741823,1073741823,1073741823,1073740799,1073741823,1073609727,1072095231,1072126975,1073332223,1073733631,1073741823,1073741823,1073741823,1073741823,1073741823:g9
1073741823,1073741823,1073741823,1073741823,1073740799,1073609727,1072095231,1072126975,1073332223,1073733631,1073741823,1073741823,1073741823,1073741823,1073741823:g9
1073741823,1073741823,1073741823,1073725439,1073741823,1073609727,1072095231,1072126975,1073332223,1073733631,1073741823,1073741823,1073741823,1073741823,1073741823:f9
1073741823,1073741823,1073741823,1073741823,1073741823,1073609727,1072095231,1072126975,1073331967,1073733631,1073741823,1073741823,1073741823,1073741823,1073741823:g9
1073741823,1073741823,1073741823,1073741823,1073741823,1073609727,1072094975,1072126975,1073332223,1073733631,1073741823,1073741823,1073741823,1073741823,1073741823:g9
1073741823,1073741823,1073741823,1073741823,1073741567,1073609727,1072095231,1072126975,1073332223,1073733631,1073741823,1073741823,1073741823,1073741823,1073741823:f9
1073741823,1073741823,1073741823,1073741823,1073741823,1073605631,1072095231,1072126975,1073332223,1073733631,1073741823,1073741823,1073741823,1073741823,1073741823:g11
1073741823,1073741823,1073741823,1073741823,1073741823,1072561151,1072095231,1072126975,1073332223,1073733631,1073741823,1073741823,1073741823,1073741823,1073741823:g9
1073741823,1073741823,1073741823,1073741823,1056964607,1073609727,1072095231,1072126975,1073332223,1073733631,1073741823,1073741823,1073741823,1073741823,1073741823:f9
1073741823,1073741823,1073741823,1073741823,1073741823,1073609727,1055318015,1072126975,1073332223,1073733631,1073741823,1073741823,1073741823,1073741823,1073741823:f9
1073741823,1073741823,1073741823,1073741823,1073741823,1073609727,1067900927,1072126975,1073332223,1073733631,1073741823,1073741823,1073741823,1073741823,1073741823:g9
1073741823,1073741823,1073741823,1073741823,1073741823,1073609727,1072095231,1072126975,1056555007,1073733631,1073741823,1073741823,1073741823,1073741823,1073741823:f9
1073741823,1073741823,1073741823,1073741823,1073741823,1073609727,1072095231,1072126975,1073332223,1073733631,1073737727,1073741823,1073741823,1073741823,1073741823:h7
1073741823,1073741823,1073741823,1073741823,1073741823,1056832511,1072062463,1072126975,1073332223,1073733631,1073737727,1073741823,1073741823,1073741823,1073741823:j5
1073741823,1073741823,1073741823,1073741823,1073741823,1073609727,1072062463,1055349759,1073332223,1073733631,1073737727,1073741823,1073741823,1073741823,1073741823:j5
1073741823,1073741823,1073741823,1073741823,1073741823,1073609727,1072062463,1072126975,1073332223,1056956415,1073737727,1073741823,1073741823,1073741823,1073741823:j5
1073741823,1073741823,1073741823,1073737727,1073741823,1073609727,1072062463,1072126975,1073332223,1073733631,1073737727,1073741823,1073741823,1073741823,1073741823:j5
1073741823,1073741823,1073741823,1073676287,1073741823,1073609727,1072062463,1072126975,1073332223,1073733631,1073737727,1073741823,1073741823,1073741823,1073741823:j5
1073741823,1073741823,1073741823,1072693247,1073741823,1073609727,1072062463,1072126975,1073332223,1073733631,1073737727,1073741823,1073741823,1073741823,1073741823:f9
1073741823,1073741823,1073741823,1073741823,1073741823,1073609727,1072062463,1072126975,1073332223,1073733631,1073737727,1073741823,1073741567,1073741823,1073741823:j5
1073741823,1073741823,1073741823,1073741823,1073741823,1073609727,1072062463,1072126975,1073332223,1073733631,1073737727,1073740799,1073741823,1073741823,1073741823:j5
1073741823,1073741823,1073741823,1073741823,1073741823,1073609727,1072062463,1072126975,1073332223,1073733631,1073737471,1073741823,1073741823,1073741823,1073741823:j5
1073741823,1073741823,1073741823,1073741823,1073741823,1073609727,1072062463,1072126975,1073332223,1073733631,1073737727,1073741823,1073676287,1073741823,1073741823:j5
1073741823,1073741823,1073741823,1073741823,1073741823,1073609727,1072062463,1072126975,1073332223,1073733631,1073737727,1073725439,1073741823,1073741823,1073741823:j5
1073741823,1073741823,1073741823,1073741823,1073741823,1073609727,1072062463,1072126975,1073332223,1073733631,1073737727,1073741823,1073737727,1073741823,1073741823:j5
1073741823,1073741823,1073741823,1073741823,1073741823,1073609727,1072062463,1072126975,1073332223,1073733631,1073737727,1073741567,1073741823,1073741823,1073741823:j5
1073741823,1073741823,1073741823,1073741823,1073741823,1073609727,1072062463,1072126975,1073332223,1073733631,1073737727,1073676287,1073741823,1073741823,1073741823:j5
1073741823,1073741823,1073741823,1073741823,1073741823,1073609727,1072062463,1072126975,1073332223,1073733631,1073737727,1073737727,1073741823,1073741823,1073741823:j5
1073741823,1073741823,1073741823,1073741823,1073741823,1073609727,1072062463,1072126975,1073332223,1073733567,1073737727,1073741823,1073741823,1073741823,1073741823:j5
1073741823,1073741823,1073741823,1073741823,1073741823,1073609727,1072062463,1072126975,1073332223,1073733375,1073737727,1073741823,1073741823,1073741823,1073741823:j5
1073741823,1073741823,1073741823,1073741823,1073741823,1073609727,1072062463,1072126719,1073332223,1073733631,1073737727,1073741823,1073741823,1073741823,1073741823:j5
1073741823,1073741823,1073741823,1073741823,1073741823,1073609727,1072062463,1072126975,1073332223,1073733631,1069543423,1073741823,1073741823,1073741823,1073741823:j5
1073741823,1073741823,1073741823,1073741823,1073741823,1073609727,1072062463,1072126975,1073332223,1072685055,1073737727,1073741823,1073741823,1073741823,1073741823:j5
1073741823,1073741823,1073741823,1073741823,1073725439,1073609727,1072062463,1072126975,1073332223,1073733631,1073737727,1073741823,1073741823,1073741823,1073741823:j5
1073741823,1073741823,1073741823,1073741823,1073479679,1073609727,1072062463,1072126975,1073332223,1073733631,1073737727,1073741823,1073741823,1073741823,1073741823:g6
1073741823,1073741823,1073741823,1073741823,1069547519,1073609727,1072062463,1072126975,1073332223,1073733631,1073737727,1073741823,1073741823,1073741823,1073741823:j5
1073741823,1073741823,1073741823,1073741823,1073741823,1073609727,1072062463,1072126975,1069137919,1073733631,1073737727,1073741823,1073741823,1073741823,1073741823:j5
1073741823,1073741823,1073741823,1073741823,1073741823,1073609727,1072062463,1072126911,1073332223,1073733631,1073737727,1073741823,1073741823,1073741823,1073741823:j5
1073741823,1073741823,1073741823,1073741823,1073741823,1073609663,1072062463,1072126975,1073332223,1073733631,1073737727,1073741823,1073741823,1073741823,1073741823:j5
1073741823,1073741823,1073741823,1073741823,1073741823,1073609471,1072062463,1072126975,1073332223,1073733631,1073737727,1073741823,1073741823,1073741823,1073741823:j5
1073741823,1073741823,1073741823,1073741759,1073741823,1073609727,1072062463,1072126975,1073332223,1073733631,1073737727,1073741823,1073741823,1073741823,1073741823:j5
1073741823,1073741823,1073741823,1073740799,1073741823,1073609727,1072062463,1072126975,1073332223,1073733631,1073737727,1073741823,1073741823,1073741823,1073741823:j5
1073741823,1073741823,1073741823,1073741823,1073740799,1073609727,1072062463,1072126975,1073332223,1073733631,1073737727,1073741823,1073741823,1073741823,1073741823:j5
1073741823,1073741823,1073741823,1073725439,1073741823,1073609727,1072062463,1072126975,1073332223,1073733631,1073737727,1073741823,1073741823,1073741823,1073741823:j5
1073741823,1073741823,1073741823,1073741823,1073741823,1073609727,1072062463,1072126975,1073331967,1073733631,1073737727,1073741823,1073741823,1073741823,1073741823:j5
1073741823,1073741823,1073741823,1073741823,1073741823,1073609727,1072062207,1072126975,1073332223,1073733631,1073737727,1073741823,1073741823,1073741823,1073741823:j5
1073741823,1073741823,1073741823,1073741823,1073741567,1073609727,1072062463,1072126975,1073332223,1073733631,1073737727,1073741823,1073741823,1073741823,1073741823:j5
1073741823,1073741823,1073741823,1073741823,1073741823,1073605631,1072062463,1072126975,1073332223,1073733631,1073737727,1073741823,1073741823,1073741823,1073741823:j5
1073741823,1073741823,1073741823,1073741823,1073741823,1072561151,1072062463,1072126975,1073332223,1073733631,1073737727,1073741823,1073741823,1073741823,1073741823:j5
1073741823,1073741823,1073741823,1073741823,1056964607,1073609727,1072062463,1072126975,1073332223,1073733631,1073737727,1073741823,1073741823,1073741823,1073741823:j5
1073741823,1073741823,1073741823,1073741823,1073741823,1073609727,1055285247,1072126975,1073332223,1073733631,1073737727,1073741823,1073741823,1073741823,1073741823:j5
1073741823,1073741823,1073741823,1073741823,1073741823,1073609727,1067868159,1072126975,1073332223,1073733631,1073737727,1073741823,1073741823,1073741823,1073741823:j5
1073741823,1073741823,1073741823,1073741823,1073741823,1073609727,1072062463,1072126975,1056555007,1073733631,1073737727,1073741823,1073741823,1073741823,1073741823:j5
1073741823,1073741823,1073741823,1073741823,1073741823,1073609727,1072062463,1072126975,1073332223,1073733631,1072689151,1073741823,1073741823,1073741823,1073741823:j5
1073741823,1073741823,1073741823,1073741823,1073741823,1073609727,1072062463,1072126975,1073332223,1073733631,1073672191,1073741823,1073741823,1073741823,1073741823:j5
1073741823,1073741823,1073741823,1073741823,1073741823,1073609727,1072062463,1072126975,1073332223,1073733631,1073736703,1073741823,1073741823,1073741823,1073741823:j5
1073741823,1073741823,1073741823,1073741823,1073741823,1073609727,1072062463,1072126975,1073331199,1073733631,1073737727,1073741823,1073741823,1073741823,1073741823:g6
1073741823,1073741823,1073741823,1073741823,1073741823,1073609727,1072061439,1072126975,1073332223,1073733631,1073737727,1073741823,1073741823,1073741823,1073741823:j5
1073741823,1073741823,1073741823,1073741823,1073741823,1073609727,1072062463,1072126975,1073332223,1073733631,1073475583,1073741823,1073741823,1073741823,1073741823:j5
1073741823,1073741823,1073741823,1073741823,1073741823,1073609727,1072062463,1072126975,1073332223,1073668095,1073737727,1073741823,1073741823,1073741823,1073741823:j5
1073741823,1073741823,1073741823,1073741823,1073741823,1073609727,1072062463,1072126975,1073332223,1073733631,1073721343,1073741823,1073741823,1073741823,1073741823:j5
1073741823,1073741823,1073741823,1073741823,1073741823,1069415423,1072062463,1072126975,1073332223,1073733631,1073737727,1073741823,1073741823,1073741823,1073741823:j5
1073741823,1073741823,1073741823,1073741823,1073741823,1073609727,1072062463,1067932671,1073332223,1073733631,1073737727,1073741823,1073741823,1073741823,1073741823:j5
1073741823,1073741823,1073741823,1073741823,1073741823,1073609727,1072062463,1072126975,1073332223,1069539327,1073737727,1073741823,1073741823,1073741823,1073741823:j5
1073741823,1073741823,1073741823,1073741823,1073737727,1073609727,1072062463,1072126975,1073332223,1073733631,1073737727,1073741823,1073741823,1073741823,1073741823:j5
1073741823,1073741823,1073741823,1073741823,1073676287,1073609727,1072062463,1072126975,1073332223,1073733631,1073737727,1073741823,1073741823,1073741823,1073741823:j5
1073741823,1073741823,1073741823,1073741823,1072693247,1073609727,1072062463,1072126975,1073332223,1073733631,1073737727,1073741823,1073741823,1073741823,1073741823:j5
1073741823,1073741823,1073741823,1073741823,1073741823,1073609727,1072062463,1072126975,1072283647,1073733631,1073737727,1073741823,1073741823,1073741823,1073741823:j5
1073741823,1073741823,1073741823,1073741823,1073741823,1073609727,1072062463,1072126975,1073332223,1073732607,1073737727,1073741823,1073741823,1073741823,1073741823:j5
1073741823,1073741823,1073741823,1073741823,1073741823,1073609727,1072062463,1072126975,1073328127,1073733631,1073737727,1073741823,1073741823,1073741823,1073741823:j5
1073741823,1073741823,1073741823,1073741823,1073741823,1073593343,1072062463,1072126975,1073332223,1073733631,1073737727,1073741823,1073741823,1073741823,1073741823:j5
1073741823,1073741823,1073741823,1073741823,1073741823,1073347583,1072062463,1072126975,1073332223,1073733631,1073737727,1073741823,1073741823,1073741823,1073741823:j5
1073741823,1073741823,1073741823,1073741823,1073741823,1073609727,1072062463,1072061439,1073332223,1073733631,1073737727,1073741823,1073741823,1073741823,1073741823:j5
1073741823,1073741823,1073741823,1073741823,1073741823,1073609727,1072062463,1072126975,1073332223,1073471487,1073737727,1073741823,1073741823,1073741823,1073741823:j5
1073741823,1073741823,1073741823,1073741823,1073741823,1073609727,1072062463,1072126975,1073332223,1073717247,1073737727,1073741823,1073741823,1073741823,1073741823:j5
1073741823,1073741823,1073741823,1073741823,1073741823,1073609727,1072095231,1072126975,1073332223,1073733631,1072693247,1073741823,1073741823,1073741823,1073741823:g9
1073741823,1073741823,1073741823,1073741823,1073741823,1073609727,1072095231,1072126975,1073332223,1073733631,1073676287,1073741823,1073741823,1073741823,1073741823:g9
1073741823,1073741823,1073741823,1073741823,1073741823,1073609727,1072095231,1072126975,1073332223,1073733631,1073740799,1073741823,1073741823,1073741823,1073741823:f9
1073741823,1073741823,1073741823,1073741823,1073741823,1073609727,1072095231,1072126975,1073331199,1073733631,1073741823,1073741823,1073741823,1073741823,1073741823:g9
1073741823,1073741823,1073741823,1073741823,1073741823,1073609727,1072094207,1072126975,1073332223,1073733631,1073741823,1073741823,1073741823,1073741823,1073741823:g9
1073741823,1073741823,1073741823,1073741823,1073741823,1073609727,1072095231,1072126975,1073332223,1073733631,1073479679,1073741823,1073741823,1073741823,1073741823:g9
1073741823,1073741823,1073741823,1073741823,1073741823,1073609727,1072095231,1072126975,1073332223,1073668095,1073741823,1073741823,1073741823,1073741823,1073741823:g9
1073741823,1073741823,1073741823,1073741823,1073741823,1073609727,1072095231,1072126975,1073332223,1073733631,1073725439,1073741823,1073741823,1073741823,1073741823:g9
1073741823,1073741823,1073741823,1073741823,1073741823,1069415423,1072095231,1072126975,1073332223,1073733631,1073741823,1073741823,1073741823,1073741823,1073741823:f9
1073741823,1073741823,1073741823,1073741823,1073741823,1073609727,1072095231,1067932671,1073332223,1073733631,1073741823,1073741823,1073741823,1073741823,1073741823:f9
1073741823,1073741823,1073741823,1073741823,1073741823,1073609727,1072095231,1072126975,1073332223,1069539327,1073741823,1073741823,1073741823,1073741823,1073741823:f9
1073741823,1073741823,1073741823,1073741823,1073737727,1073609727,1072095231,1072126975,1073332223,1073733631,1073741823,1073741823,1073741823,1073741823,1073741823:f9
1073741823,1073741823,1073741823,1073741823,1073676287,1073609727,1072095231,1072126975,1073332223,1073733631,1073741823,1073741823,1073741823,1073741823,1073741823:f9
1073741823,1073741823,1073741823,1073741823,1072693247,1073609727,1072095231,1072126975,1073332223,1073733631,1073741823,1073741823,1073741823,1073741823,1073741823:g9
1073741823,1073741823,1073741823,1073741823,1073741823,1073609727,1072095231,1072126975,1072283647,1073733631,1073741823,1073741823,1073741823,1073741823,1073741823:g9
1073741823,1073741823,1073741823,1073741823,1073741823,1073609727,1072095231,1072126975,1073332223,1073732607,1073741823,1073741823,1073741823,1073741823,1073741823:g9
1073741823,1073741823,1073741823,1073741823,1073741823,1073609727,1072095231,1072126975,1073328127,1073733631,1073741823,1073741823,1073741823,1073741823,1073741823:f9
1073741823,1073741823,1073741823,1073741823,1073741823,1073593343,1072095231,1072126975,1073332223,1073733631,1073741823,1073741823,1073741823,1073741823,1073741823:f9
1073741823,1073741823,1073741823,1073741823,1073741823,1073609727,1072078847,1072126975,1073332223,1073733631,1073741823,1073741823,1073741823,1073741823,1073741823:g9
1073741823,1073741823,1073741823,1073741823,1073741823,1073347583,1072095231,1072126975,1073332223,1073733631,1073741823,1073741823,1073741823,1073741823,1073741823:f9
1073741823,1073741823,1073741823,1073741823,1073741823,1073609727,1072095231,1072061439,1073332223,1073733631,1073741823,1073741823,1073741823,1073741823,1073741823:g9
1073741823,1073741823,1073741823,1073741823,1073741823,1073609727,1072095231,1072126975,1073332223,1073471487,1073741823,1073741823,1073741823,1073741823,1073741823:g9
1073741823,1073741823,1073741823,1073741823,1073741823,1073609727,1072095231,1072126975,1073332223,1073717247,1073741823,1073741823,1073741823,1073741823,1073741823:g9
1073741823,1073741823,1073741823,1073741823,1073741823,1073609727,1072095231,1073175551,1073332223,1069547519,1073741823,1073741823,1073741823,1073741823,1073741823:k8
1073741823,1073741823,1073741823,1073741823,1073737727,1073609727,1072095231,1073175551,1073332223,1073741823,1073741823,1073741823,1073741823,1073741823,1073741823:k8
1073741823,1073741823,1073741823,1073741823,1073676287,1073609727,1072095231,1073175551,1073332223,1073741823,1073741823,1073741823,1073741823,1073741823,1073741823:k8
1073741823,1073741823,1073741823,1073741823,1072693247,1073609727,1072095231,1073175551,1073332223,1073741823,1073741823,1073741823,1073741823,1073741823,1073741823:k8
1073741823,1073741823,1073741823,1073741823,1073741823,1073609727,1072095231,1073175551,1072283647,1073741823,1073741823,1073741823,1073741823,1073741823,1073741823:k8
1073741823,1073741823,1073741823,1073741823,1073741823,1073609727,1072095231,1073175551,1073332223,1073740799,1073741823,1073741823,1073741823,1073741823,1073741823:k8
1073741823,1073741823,1073741823,1073741823,1073741823,1073609727,1072095231,1073175551,1073328127,1073741823,1073741823,1073741823,1073741823,1073741823,1073741823:k8
1073741823,1073741823,1073741823,1073741823,1073741823,1073593343,1072095231,1073175551,1073332223,1073741823,1073741823,1073741823,1073741823,1073741823,1073741823:k8
1073741823,1073741823,1073741823,1073741823,1073741823,1073609727,1072078847,1073175551,1073332223,1073741823,1073741823,1073741823,1073741823,1073741823,1073741823:k8
1073741823,1073741823,1073741823,1073741823,1073741823,1073347583,1072095231,1073175551,1073332223,1073741823,1073741823,1073741823,1073741823,1073741823,1073741823:k8
1073741823,1073741823,1073741823,1073741823,1073741823,1073609727,1072095231,1073110015,1073332223,1073741823,1073741823,1073741823,1073741823,1073741823,1073741823:g6
1073741823,1073741823,1073741823,1073741567,1073741823,1073601535,1072095231,1073110015,1073332223,1073741823,1073741823,1073741823,1073741823,1073741823,1073741823:g5
1073741823,1073741823,1073741823,1073737727,1073741823,1073601535,1072095231,1073110015,1073332223,1073741823,1073741823,1073741823,1073741823,1073741823,1073741823:g9
1073741823,1073741823,1073741823,1073676287,1073741823,1073601535,1072095231,1073110015,1073332223,1073741823,1073741823,1073741823,1073741823,1073741823,1073741823:g5
1073741823,1073741823,1073741823,1072693247,1073741823,1073601535,1072095231,1073110015,1073332223,1073741823,1073741823,1073741823,1073741823,1073741823,1073741823:g5
1073741823,1073741823,1073741823,1073741823,1073741823,1073601535,1072095231,1073110015,1073332223,1073741759,1073741823,1073741823,1073741823,1073741823,1073741823:g5
1073741823,1073741823,1073741823,1073741823,1073741823,1073601535,1072095231,1073110015,1073332223,1073741567,1073741823,1073741823,1073741823,1073741823,1073741823:g5
1073741823,1073741823,1073741823,1073741823,1073741823,1073601535,1072095231,1073109759,1073332223,1073741823,1073741823,1073741823,1073741823,1073741823,1073741823:g5
1073741823,1073741823,1073741823,1073741823,1073741823,1073601535,1072095231,1073110015,1073332223,1073741823,1069547519,1073741823,1073741823,1073741823,1073741823:g5
1073741823,1073741823,1073741823,1073741823,1073741823,1073601535,1072095231,1073110015,1073332223,1072693247,1073741823,1073741823,1073741823,1073741823,1073741823:g5
1073741823,1073741823,1073741823,1073741823,1073725439,1073601535,1072095231,1073110015,1073332223,1073741823,1073741823,1073741823,1073741823,1073741823,1073741823:g5
1073741823,1073741823,1073741823,1073741823,1073479679,1073601535,1072095231,1073110015,1073332223,1073741823,1073741823,1073741823,1073741823,1073741823,1073741823:g5
1073741823,1073741823,1073741823,1073741823,1069547519,1073601535,1072095231,1073110015,1073332223,1073741823,1073741823,1073741823,1073741823,1073741823,1073741823:g5
1073741823,1073741823,1073741823,1073741823,1073741823,1073601535,1072095231,1073110015,1069137919,1073741823,1073741823,1073741823,1073741823,1073741823,1073741823:g5
1073741823,1073741823,1073741823,1073741823,1073741823,1073601535,1072095231,1073109951,1073332223,1073741823,1073741823,1073741823,1073741823,1073741823,1073741823:g5
1073741823,1073741823,1073741823,1073741823,1073741823,1073601471,1072095231,1073110015,1073332223,1073741823,1073741823,1073741823,1073741823,1073741823,1073741823:g5
1073741823,1073741823,1073741823,1073741823,1073741823,1073601279,1072095231,1073110015,1073332223,1073741823,1073741823,1073741823,1073741823,1073741823,1073741823:g5
1073741823,1073741823,1073741823,1073741759,1073741823,1073601535,1072095231,1073110015,1073332223,1073741823,1073741823,1073741823,1073741823,1073741823,1073741823:g5
1073741823,1073741823,1073741823,1073740799,1073741823,1073601535,1072095231,1073110015,1073332223,1073741823,1073741823,1073741823,1073741823,1073741823,1073741823:g5
1073741823,1073741823,1073741823,1073741823,1073740799,1073601535,1072095231,1073110015,1073332223,1073741823,1073741823,1073741823,1073741823,1073741823,1073741823:g5
1073741823,1073741823,1073741823,1073725439,1073741823,1073601535,1072095231,1073110015,1073332223,1073741823,1073741823,1073741823,1073741823,1073741823,1073741823:g5
1073741823,1073741823,1073741823,1073741823,1073741823,1073601535,1072095231,1073110015,1073331967,1073741823,1073741823,1073741823,1073741823,1073741823,1073741823:g5
1073741823,1073741823,1073741823,1073741823,1073741823,1073601535,1072094975,1073110015,1073332223,1073741823,1073741823,1073741823,1073741823,1073741823,1073741823:g5
1073741823,1073741823,1073741823,1073741823,1073741567,1073601535,1072095231,1073110015,1073332223,1073741823,1073741823,1073741823,1073741823,1073741823,1073741823:g5
1073741823,1073741823,1073741823,1073741823,1073741823,1072552959,1072095231,1073110015,1073332223,1073741823,1073741823,1073741823,1073741823,1073741823,1073741823:g5
1073741823,1073741823,1073741823,1073741823,1056964607,1073601535,1072095231,1073110015,1073332223,1073741823,1073741823,1073741823,1073741823,1073741823,1073741823:g5
1073741823,1073741823,1073741823,1073741823,1073741823,1073601535,1055318015,1073110015,1073332223,1073741823,1073741823,1073741823,1073741823,1073741823,1073741823:g5
1073741823,1073741823,1073741823,1073741823,1073741823,1073601535,1067900927,1073110015,1073332223,1073741823,1073741823,1073741823,1073741823,1073741823,1073741823:g5
1073741823,1073741823,1073741823,1073741823,1073741823,1073601535,1072095231,1073110015,1056555007,1073741823,1073741823,1073741823,1073741823,1073741823,1073741823:g5
1073741823,1073741823,1073741823,1073741823,1073741823,1073601535,1072095231,1073110015,1073332223,1073741823,1073737727,1073741823,1073741823,1073741823,1073741823:g5
1073741823,1073741823,1073741823,1073741823,1073741823,1073601535,1072095231,1073110015,1073332223,1073741823,1072693247,1073741823,1073741823,1073741823,1073741823:g5
1073741823,1073741823,1073741823,1073741823,1073741823,1073601535,1072095231,1073110015,1073332223,1073741823,1073676287,1073741823,1073741823,1073741823,1073741823:g5
1073741823,1073741823,1073741823,1073741823,1073741823,1073601535,1072095231,1073110015,1073332223,1073741823,1073740799,1073741823,1073741823,1073741823,1073741823:g5
1073741823,1073741823,1073741823,1073741823,1073741823,1073601535,1072095231,1073110015,1073332223,1073737727,1073741823,1073741823,1073741823,1073741823,1073741823:g5
1073741823,1073741823,1073741823,1073741823,1073741823,1073601535,1072095231,1073110015,1073331199,1073741823,1073741823,1073741823,1073741823,1073741823,1073741823:g5
1073741823,1073741823,1073741823,1073741823,1073741823,1073601535,1072094207,1073110015,1073332223,1073741823,1073741823,1073741823,1073741823,1073741823,1073741823:g5
1073741823,1073741823,1073741823,1073741823,1073741823,1073601535,1072095231,1073110015,1073332223,1073741823,1073479679,1073741823,1073741823,1073741823,1073741823:g5
1073741823,1073741823,1073741823,1073741823,1073741823,1073601535,1072095231,1073110015,1073332223,1073676287,1073741823,1073741823,1073741823,1073741823,1073741823:g5
1073741823,1073741823,1073741823,1073741823,1073741823,1073601535,1072095231,1073110015,1073332223,1073741823,1073725439,1073741823,1073741823,1073741823,1073741823:g5
1073741823,1073741823,1073741823,1073741823,1073741823,1069407231,1072095231,1073110015,1073332223,1073741823,1073741823,1073741823,1073741823,1073741823,1073741823:g5
1073741823,1073741823,1073741823,1073741823,1073741823,1073601535,1072095231,1068915711,1073332223,1073741823,1073741823,1073741823,1073741823,1073741823,1073741823:g5
1073741823,1073741823,1073741823,1073741823,1073741823,1073601535,1072095231,1072061439,1073332223,1073741823,1073741823,1073741823,1073741823,1073741823,1073741823:g5
1073741823,1073741823,1073741823,1073741823,1073741823,1073601535,1072095231,1073110015,1073332223,1069547519,1073741823,1073741823,1073741823,1073741823,1073741823:g5
1073741823,1073741823,1073741823,1073741823,1073737727,1073601535,1072095231,1073110015,1073332223,1073741823,1073741823,1073741823,1073741823,1073741823,1073741823:h7
1073741823,1073741823,1073741823,1072693247,1073737727,1073601535,1072062463,1073110015,1073332223,1073741823,1073741823,1073741823,1073741823,1073741823,1073741823:j5
1073741823,1073741823,1073741567,1073741823,1073737727,1073601535,1072062463,1073110015,1073332223,1073741823,1073741823,1073741823,1073741823,1073741823,1073741823:j5
1073741823,1073741823,1073737727,1073741823,1073737727,1073601535,1072062463,1073110015,1073332223,1073741823,1073741823,1073741823,1073741823,1073741823,1073741823:h5
1073741823,1073741823,1073676287,1073741823,1073737727,1073601535,1072062463,1073110015,1073332223,1073741823,1073741823,1073741823,1073741823,1073741823,1073741823:j5
1073741823,1073741823,1073741823,1073741567,1073737727,1073601535,1072062463,1073110015,1073332223,1073741823,1073741823,1073741823,1073741823,1073741823,1073741823:h5
1073741823,1073741823,1073741823,1073737727,1073737727,1073601535,1072062463,1073110015,1073332223,1073741823,1073741823,1073741823,1073741823,1073741823,1073741823:j5
1073741823,1073741823,1073741823,1073676287,1073737727,1073601535,1072062463,1073110015,1073332223,1073741823,1073741823,1073741823,1073741823,1073741823,1073741823:h5
1073741823,1073741823,1073741823,1073741823,1073737727,1073601535,1072062463,1073110015,1073332223,1073741759,1073741823,1073741823,1073741823,1073741823,1073741823:h5
1073741823,1073741823,1073741823,1073741823,1073737727,1073601535,1072062463,1073110015,1073332223,1073741567,1073741823,1073741823,1073741823,1073741823,1073741823:h5
1073741823,1073741823,1073741823,1073741823,1073737727,1073601535,1072062463,1073109759,1073332223,1073741823,1073741823,1073741823,1073741823,1073741823,1073741823:h5
1073741823,1073741823,1073741823,1073741823,1073737727,1073601535,1072062463,1073110015,1073332223,1073741823,1069547519,1073741823,1073741823,1073741823,1073741823:j5
1073741823,1073741823,1073741823,1073741823,1073737727,1073601535,1072062463,1073110015,1073332223,1072693247,1073741823,1073741823,1073741823,1073741823,1073741823:j5
1073741823,1073741823,1073741823,1073741823,1073721343,1073601535,1072062463,1073110015,1073332223,1073741823,1073741823,1073741823,1073741823,1073741823,1073741823:j5
1073741823,1073741823,1073741823,1073741823,1073475583,1073601535,1072062463,1073110015,1073332223,1073741823,1073741823,1073741823,1073741823,1073741823,1073741823:g10
1073741823,1073741823,1073741823,1073741823,1069543423,1073601535,1072062463,1073110015,1073332223,1073741823,1073741823,1073741823,1073741823,1073741823,1073741823:h5
1073741823,1073741823,1073741823,1073741823,1073737727,1073601535,1072062463,1073110015,1069137919,1073741823,1073741823,1073741823,1073741823,1073741823,1073741823:h5
1073741823,1073741823,1073741823,1073741823,1073737727,1073601535,1072062463,1073109951,1073332223,1073741823,1073741823,1073741823,1073741823,1073741823,1073741823:j5
1073741823,1073741823,1073741823,1073741823,1073737727,1073601471,1072062463,1073110015,1073332223,1073741823,1073741823,1073741823,1073741823,1073741823,1073741823:h5
1073741823,1073741823,1073741823,1073741823,1073737727,1073601279,1072062463,1073110015,1073332223,1073741823,1073741823,1073741823,1073741823,1073741823,1073741823:h5
1073741823,1073741823,1073741823,1073741759,1073737727,1073601535,1072062463,1073110015,1073332223,1073741823,1073741823,1073741823,1073741823,1073741823,1073741823:h5
1073741823,1073741823,1073741823,1073740799,1073737727,1073601535,1072062463,1073110015,1073332223,1073741823,1073741823,1073741823,1073741823,1073741823,1073741823:j5
1073741823,1073741823,1073741823,1073741823,1073736703,1073601535,1072062463,1073110015,1073332223,1073741823,1073741823,1073741823,1073741823,1073741823,1073741823:j5
1073741823,1073741823,1073741823,1073725439,1073737727,1073601535,1072062463,1073110015,1073332223,1073741823,1073741823,1073741823,1073741823,1073741823,1073741823:j5
1073741823,1073741823,1073741823,1073741823,1073737727,1073601535,1072062463,1073110015,1073331967,1073741823,1073741823,1073741823,1073741823,1073741823,1073741823:h5
1073741823,1073741823,1073741823,1073741823,1073737727,1073601535,1072062207,1073110015,1073332223,1073741823,1073741823,1073741823,1073741823,1073741823,1073741823:j5
1073741823,1073741823,1073741823,1073741823,1073737471,1073601535,1072062463,1073110015,1073332223,1073741823,1073741823,1073741823,1073741823,1073741823,1073741823:h5
1073741823,1073741823,1073741823,1073741823,1073737727,1072552959,1072062463,1073110015,1073332223,1073741823,1073741823,1073741823,1073741823,1073741823,1073741823:j5
1073741823,1073741823,1073741823,1073741823,1056960511,1073601535,1072062463,1073110015,1073332223,1073741823,1073741823,1073741823,1073741823,1073741823,1073741823:h5
1073741823,1073741823,1073741823,1073741823,1073737727,1073601535,1055285247,1073110015,1073332223,1073741823,1073741823,1073741823,1073741823,1073741823,1073741823:h5
1073741823,1073741823,1073741823,1073741823,1073737727,1073601535,1067868159,1073110015,1073332223,1073741823,1073741823,1073741823,1073741823,1073741823,1073741823:h5
1073741823,1073741823,1073741823,1073741823,1073737727,1073601535,1072062463,1073110015,1056555007,1073741823,1073741823,1073741823,1073741823,1073741823,1073741823:h5
1073741823,1073741823,1073741823,1073741823,1073737727,1073601535,1072062463,1073110015,1073332223,1073741823,1073737727,1073741823,1073741823,1073741823,1073741823:h5
1073741823,1073741823,1073741823,1073741823,1073737727,1073601535,1072062463,1073110015,1073332223,1073741823,1072693247,1073741823,1073741823,1073741823,1073741823:h5
1073741823,1073741823,1073741823,1073741823,1073737727,1073601535,1072062463,1073110015,1073332223,1073741823,1073676287,1073741823,1073741823,1073741823,1073741823:h5
1073741823,1073741823,1073741823,1073741823,1073737727,1073601535,1072062463,1073110015,1073332223,1073741823,1073740799,1073741823,1073741823,1073741823,1073741823:h5
1073741823,1073741823,1073741823,1073741823,1073737727,1073601535,1072062463,1073110015,1073332223,1073737727,1073741823,1073741823,1073741823,1073741823,1073741823:j5
1073741823,1073741823,1073741823,1073741823,1073737727,1073601535,1072062463,1073110015,1073331199,1073741823,1073741823,1073741823,1073741823,1073741823,1073741823:j5
1073741823,1073741823,1073741823,1073741823,1073737727,1073601535,1072061439,1073110015,1073332223,1073741823,1073741823,1073741823,1073741823,1073741823,1073741823:j5
1073741823,1073741823,1073741823,1073741823,1073737727,1073601535,1072062463,1073110015,1073332223,1073741823,1073479679,1073741823,1073741823,1073741823,1073741823:h5
1073741823,1073741823,1073741823,1073741823,1073737727,1073601535,1072062463,1073110015,1073332223,1073676287,1073741823,1073741823,1073741823,1073741823,1073741823:h5
1073741823,1073741823,1073741823,1073741823,1073737727,1073601535,1072062463,1073110015,1073332223,1073741823,1073725439,1073741823,1073741823,1073741823,1073741823:h5
1073741823,1073741823,1073741823,1073741823,1073737727,1069407231,1072062463,1073110015,1073332223,1073741823,1073741823,1073741823,1073741823,1073741823,1073741823:h5
1073741823,1073741823,1073741823,1073741823,1073737727,1073601535,1072062463,1068915711,1073332223,1073741823,1073741823,1073741823,1073741823,1073741823,1073741823:h5
1073741823,1073741823,1073741823,1073741823,1073737727,1073601535,1072062463,1072061439,1073332223,1073741823,1073741823,1073741823,1073741823,1073741823,1073741823:j5
1073741823,1073741823,1073741823,1073741823,1073737727,1073601535,1072062463,1073110015,1073332223,1069547519,1073741823,1073741823,1073741823,1073741823,1073741823:h5
1073741823,1073741823,1073741823,1073741823,1073672191,1073601535,1072062463,1073110015,1073332223,1073741823,1073741823,1073741823,1073741823,1073741823,1073741823:h5
1073741823,1073741823,1073741823,1073741823,1072689151,1073601535,1072062463,1073110015,1073332223,1073741823,1073741823,1073741823,1073741823,1073741823,1073741823:j5
1073741823,1073741823,1073741823,1073741823,1073737727,1073601535,1072062463,1073110015,1072283647,1073741823,1073741823,1073741823,1073741823,1073741823,1073741823:j5
1073741823,1073741823,1073741823,1073741823,1073737727,1073601535,1072062463,1073110015,1073332223,1073740799,1073741823,1073741823,1073741823,1073741823,1073741823:j5
1073741823,1073741823,1073741823,1073741823,1073737727,1073601535,1072062463,1073110015,1073328127,1073741823,1073741823,1073741823,1073741823,1073741823,1073741823:h5
1073741823,1073741823,1073741823,1073741823,1073737727,1073585151,1072062463,1073110015,1073332223,1073741823,1073741823,1073741823,1073741823,1073741823,1073741823:j5
1073741823,1073741823,1073741823,1073741823,1073737727,1073339391,1072062463,1073110015,1073332223,1073741823,1073741823,1073741823,1073741823,1073741823,1073741823:j5
1073741823,1073741823,1073741823,1073741823,1073737727,1073601535,1072062463,1073110015,1073332223,1073479679,1073741823,1073741823,1073741823,1073741823,1073741823:h5
1073741823,1073741823,1073741823,1073741823,1073737727,1073601535,1072062463,1073110015,1073332223,1073725439,1073741823,1073741823,1073741823,1073741823,1073741823:h5
1073741823,1073741823,1073741823,1073741823,1073676287,1073601535,1072095231,1073110015,1073332223,1073741823,1073741823,1073741823,1073741823,1073741823,1073741823:g5
1073741823,1073741823,1073741823,1073741823,1072693247,1073601535,1072095231,1073110015,1073332223,1073741823,1073741823,1073741823,1073741823,1073741823,1073741823:g5
1073741823,1073741823,1073741823,1073741823,1073741823,1073601535,1072095231,1073110015,1072283647,1073741823,1073741823,1073741823,1073741823,1073741823,1073741823:g5
1073741823,1073741823,1073741823,1073741823,1073741823,1073601535,1072095231,1073110015,1073332223,1073740799,1073741823,1073741823,1073741823,1073741823,1073741823:g5
1073741823,1073741823,1073741823,1073741823,1073741823,1073601535,1072095231,1073110015,1073328127,1073741823,1073741823,1073741823,1073741823,1073741823,1073741823:g4
1073741823,1073741823,1073741823,1073741823,1073741823,1073585151,1072095231,1073110015,1073332223,1073741823,1073741823,1073741823,1073741823,1073741823,1073741823:g5
1073741823,1073741823,1073741823,1073741823,1073741823,1073601535,1072078847,1073110015,1073332223,1073741823,1073741823,1073741823,1073741823,1073741823,1073741823:g5
1073741823,1073741823,1073741823,1073741823,1073741823,1073339391,1072095231,1073110015,1073332223,1073741823,1073741823,1073741823,1073741823,1073741823,1073741823:g5
1073741823,1073741823,1073741823,1073741823,1073741823,1073601535,1072095231,1073110015,1073332223,1073479679,1073741823,1073741823,1073741823,1073741823,1073741823:g5
1073741823,1073741823,1073741823,1073741823,1073741823,1073601535,1072095231,1073110015,1073332223,1073725439,1073741823,1073741823,1073741823,1073741823,1073741823:g5
1073741823,1073741823,1073741823,1073741823,1073741823,1073609727,1072095231,1073175551,1073332223,1073479679,1073741823,1073741823,1073741823,1073741823,1073741823:k8
1073741823,1073741823,1073741823,1073741823,1073741823,1073609727,1072095231,1073175551,1073332223,1073725439,1073741823,1073741823,1073741823,1073741823,1073741823:k8
