1073741823,1073741823,1073741823,1073741823,1073741823,1073733631,1073651711,1073117183,1069154303,1073446911,1073737727,1073741823,1073741823,1073741823,1073741823:g9
1073741823,1073741823,1073741823,1073741823,1073741823,1073733631,1006542847,1073117183,1069146111,1073446911,1073737727,1073741823,1073741823,1073741823,1073741823:g8
1073741823,1073741823,1073741823,1073741823,1073741823,1073733631,1073651711,1056339967,1069146111,1073446911,1073737727,1073741823,1073741823,1073741823,1073741823:g8
1073741823,1073741823,1073741823,1073741823,1073741823,1073733631,1073651711,1073117183,1002037247,1073446911,1073737727,1073741823,1073741823,1073741823,1073741823:g8
1073741823,1073741823,1073741823,1073741823,1073741823,1073733631,1073651711,1073117183,1052368895,1073446911,1073737727,1073741823,1073741823,1073741823,1073741823:g8
1073741823,1073741823,1073741823,1073741823,1073741823,1073733631,1073651711,1073117183,1069146111,1073446911,1006628863,1073741823,1073741823,1073741823,1073741823:g8
1073741823,1073741823,1073741823,1073741823,1073741823,1073733631,1073651711,1073117183,1069146111,1056669695,1073737727,1073741823,1073741823,1073741823,1073741823:g8
1073741823,1073741823,1073741823,1073741823,1073741823,1073733375,1073651711,1073117183,1069146111,1073446911,1073737727,1073741823,1073741823,1073741823,1073741823:g8
1073741823,1073741823,1073741823,1073741567,1073741823,1073733631,1073651711,1073117183,1069146111,1073446911,1073737727,1073741823,1073741823,1073741823,1073741823:g8
1073741823,1073741823,1073741823,1073737727,1073741823,1073733631,1073651711,1073117183,1069146111,1073446911,1073737727,1073741823,1073741823,1073741823,1073741823:g8
1073741823,1073741823,1073741823,1073676287,1073741823,1073733631,1073651711,1073117183,1069146111,1073446911,1073737727,1073741823,1073741823,1073741823,1073741823:g8
1073741823,1073741823,1073741823,1073741823,1073740799,1073733631,1073651711,1073117183,1069146111,1073446911,1073737727,1073741823,1073741823,1073741823,1073741823:g8
1073741823,1073741823,1073741823,1073741823,1073725439,1073733631,1073651711,1073117183,1069146111,1073446911,1073737727,1073741823,1073741823,1073741823,1073741823:g8
1073741823,1073741823,1073741823,1073741823,1073479679,1073733631,1073651711,1073117183,1069146111,1073446911,1073737727,1073741823,1073741823,1073741823,1073741823:g8
1073741823,1073741823,1073741823,1073741823,1073741823,1073733631,1073651711,1073117183,1069146111,1073446847,1073737727,1073741823,1073741823,1073741823,1073741823:g8
1073741823,1073741823,1073741823,1073741823,1073741823,1073733631,1073651711,1073117119,1069146111,1073446911,1073737727,1073741823,1073741823,1073741823,1073741823:g8
1073741823,1073741823,1073741823,1073741823,1073741823,1073733631,1073651711,1073116927,1069146111,1073446911,1073737727,1073741823,1073741823,1073741823,1073741823:g8
1073741823,1073741823,1073741823,1073741823,1073741823,1073733567,1073651711,1073117183,1069146111,1073446911,1073737727,1073741823,1073741823,1073741823,1073741823:g8
1073741823,1073741823,1073741823,1073741823,1073741823,1073733631,1073651711,1073117183,1069145087,1073446911,1073737727,1073741823,1073741823,1073741823,1073741823:g8
1073741823,1073741823,1073741823,1073741823,1073741823,1073733631,1073651711,1073117183,1069146111,1073446911,1073737727,1073741823,1073741567,1073741823,1073741823:g8
1073741823,1073741823,1073741823,1073741823,1073741823,1073733631,1073651711,1073117183,1069146111,1073446911,1073737471,1073741823,1073741823,1073741823,1073741823:g8
1073741823,1073741823,1073741823,1073741823,1073741823,1073733631,1073651711,1073117183,1069146111,1073446911,1073736703,1073741823,1073741823,1073741823,1073741823:g8
1073741823,1073741823,1073741823,1073741823,1073741823,1073733631,1073651711,1073117183,1069146111,1073446911,1073737727,1073741823,1073676287,1073741823,1073741823:g8
1073741823,1073741823,1073741823,1073741823,1073741823,1073733631,1073651711,1073117183,1069146111,1073446911,1073737727,1073741823,1073737727,1073741823,1073741823:g8
1073741823,1073741823,1073741823,1073741823,1073741823,1073733631,1073651711,1073117183,1069146111,1073446911,1073737727,1073737727,1073741823,1073741823,1073741823:g8
1073741823,1073741823,1073741823,1073741823,1073741823,1073733631,1073651711,1073117183,1069146111,1073446911,1073737727,1073740799,1073741823,1073741823,1073741823:g8
1073741823,1073741823,1073741823,1073741823,1073741823,1073733631,1073651711,1073117183,1069146111,1073446911,1073737727,1073725439,1073741823,1073741823,1073741823:g8
1073741823,1073741823,1073741823,1073741823,1073741823,1073733631,1073651711,1073117183,1069146111,1073446911,1073737727,1069547519,1073741823,1073741823,1073741823:g8
1073741823,1073741823,1073741823,1073741823,1073741823,1073733631,1073651711,1073117183,1069146111,1073446911,1073737727,1073479679,1073741823,1073741823,1073741823:g8
1073741823,1073741823,1073741823,1073741823,1073741823,1073733631,1073651711,1073117183,1069145855,1073446911,1073737727,1073741823,1073741823,1073741823,1073741823:g8
1073741823,1073741823,1073741823,1073741823,1073741823,1073733631,1073651455,1073117183,1069146111,1073446911,1073737727,1073741823,1073741823,1073741823,1073741823:g8
1073741823,1073741823,1073741823,1073741823,1073741823,1073733631,1073650687,1073117183,1069146111,1073446911,1073737727,1073741823,1073741823,1073741823,1073741823:g8
1073741823,1073741823,1073741823,1073741823,1073741567,1073733631,1073651711,1073117183,1069146111,1073446911,1073737727,1073741823,1073741823,1073741823,1073741823:g8
1073741823,1073741823,1073741823,1073741823,1073741823,1073733631,1073651711,1073117183,1069146111,1073442815,1073737727,1073741823,1073741823,1073741823,1073741823:f6
1073741823,1073741823,1073741823,1073741823,1073741823,1072685055,1073651711,1073117183,1069146111,1073446911,1073737727,1073741823,1073741823,1073741823,1073741823:g8
1073741823,1073741823,1073741823,1073741823,1073741823,1073733631,1073651711,1073117183,1069146111,1073446911,1072689151,1073741823,1073741823,1073741823,1073741823:g8
1073741823,1073741823,1073741823,1073741823,1073741823,1073733631,1073651711,1073117183,1069146111,1073446911,1073672191,1073741823,1073741823,1073741823,1073741823:g8
1073741823,1073741823,1073741823,1073741823,1073741823,1073733631,1073651711,1073117183,1069146111,1073446911,1073721343,1073741823,1073741823,1073741823,1073741823:g8
1073741823,1073741823,1073741823,1073741823,1073741823,1073733631,1073651711,1073117183,1069146111,1073381375,1073737727,1073741823,1073741823,1073741823,1073741823:g8
1073741823,1073741823,1073741823,1073741823,1073741823,1073733631,1069457407,1073117183,1069146111,1073446911,1073737727,1073741823,1073741823,1073741823,1073741823:g8
1073741823,1073741823,1073741823,1073741823,1073741823,1073733631,1073651711,1073117183,1069146111,1073446911,1069543423,1073741823,1073741823,1073741823,1073741823:k10
1073741823,1073741823,1073741823,1073741823,1073741823,1073733631,1073651711,1073117183,1069146111,1071349759,1069543423,1073676287,1073741823,1073741823,1073741823:g8
1073741823,1073741823,1073741823,1073741823,1073741823,1073733631,1073651711,1073117183,1069146111,1071349759,1069543423,1073741823,1073479679,1073741823,1073741823:g8
1073741823,1073741823,1073741823,1073741823,1073741823,1073733631,1073651711,1073117183,1069146111,1071349759,1069543423,1072693247,1073741823,1073741823,1073741823:g8
1073741823,1073741823,1073741823,1073741823,1073741823,1073733631,1073651711,1073117183,1069146111,1071349759,1052766207,1073741823,1073741823,1073741823,1073741823:g8
1073741823,1073741823,1073741823,1073741823,1073741823,1073733631,1073651711,1073117183,1069146111,1071349759,1069543423,1073741823,1006632959,1073741823,1073741823:g8
1073741823,1073741823,1073741823,1073741823,1073741823,1073733631,1073651711,1073117183,1069146111,1071349759,1069543423,1056964607,1073741823,1073741823,1073741823:g8
1073741823,1073741823,1073741823,1073741823,1073741823,1073733631,1073651711,1073117183,1069146111,1071349759,1069543423,1073741823,1069547519,1073741823,1073741823:g8
1073741823,1073741823,1073741823,1073741823,1073741823,1073733631,1006542847,1073117183,1069146111,1071349759,1069543423,1073741823,1073741823,1073741823,1073741823:g8
1073741823,1073741823,1073741823,1073741823,1073741823,1073733631,1073651711,1056339967,1069146111,1071349759,1069543423,1073741823,1073741823,1073741823,1073741823:g8
1073741823,1073741823,1073741823,1073741823,1073741823,1073733631,1073651711,1073117183,1002037247,1071349759,1069543423,1073741823,1073741823,1073741823,1073741823:g8
1073741823,1073741823,1073741823,1073741823,1073741823,1073733631,1073651711,1073117183,1052368895,1071349759,1069543423,1073741823,1073741823,1073741823,1073741823:g8
1073741823,1073741823,1073741823,1073741823,1073741823,1073733631,1073651711,1073117183,1069146111,1071349759,1002434559,1073741823,1073741823,1073741823,1073741823:g8
1073741823,1073741823,1073741823,1073741823,1073741823,1073733631,1073651711,1073117183,1069146111,1054572543,1069543423,1073741823,1073741823,1073741823,1073741823:g8
1073741823,1073741823,1073741823,1073741823,1073741823,1073733375,1073651711,1073117183,1069146111,1071349759,1069543423,1073741823,1073741823,1073741823,1073741823:g8
1073741823,1073741823,1073741823,1073741567,1073741823,1073733631,1073651711,1073117183,1069146111,1071349759,1069543423,1073741823,1073741823,1073741823,1073741823:g8
1073741823,1073741823,1073741823,1073737727,1073741823,1073733631,1073651711,1073117183,1069146111,1071349759,1069543423,1073741823,1073741823,1073741823,1073741823:g8
1073741823,1073741823,1073741823,1073676287,1073741823,1073733631,1073651711,1073117183,1069146111,1071349759,1069543423,1073741823,1073741823,1073741823,1073741823:g8
1073741823,1073741823,1073741823,1073741823,1073740799,1073733631,1073651711,1073117183,1069146111,1071349759,1069543423,1073741823,1073741823,1073741823,1073741823:g8
1073741823,1073741823,1073741823,1073741823,1073725439,1073733631,1073651711,1073117183,1069146111,1071349759,1069543423,1073741823,1073741823,1073741823,1073741823:g8
1073741823,1073741823,1073741823,1073741823,1073479679,1073733631,1073651711,1073117183,1069146111,1071349759,1069543423,1073741823,1073741823,1073741823,1073741823:g8
1073741823,1073741823,1073741823,1073741823,1073741823,1073733631,1073651711,1073117183,1069146111,1071349695,1069543423,1073741823,1073741823,1073741823,1073741823:g8
1073741823,1073741823,1073741823,1073741823,1073741823,1073733631,1073651711,1073117119,1069146111,1071349759,1069543423,1073741823,1073741823,1073741823,1073741823:g8
1073741823,1073741823,1073741823,1073741823,1073741823,1073733631,1073651711,1073116927,1069146111,1071349759,1069543423,1073741823,1073741823,1073741823,1073741823:g8
1073741823,1073741823,1073741823,1073741823,1073741823,1073733567,1073651711,1073117183,1069146111,1071349759,1069543423,1073741823,1073741823,1073741823,1073741823:g8
1073741823,1073741823,1073741823,1073741823,1073741823,1073733631,1073651711,1073117183,1069145087,1071349759,1069543423,1073741823,1073741823,1073741823,1073741823:g8
1073741823,1073741823,1073741823,1073741823,1073741823,1073733631,1073651711,1073117183,1069146111,1071349759,1069543423,1073741823,1073741567,1073741823,1073741823:g8
1073741823,1073741823,1073741823,1073741823,1073741823,1073733631,1073651711,1073117183,1069146111,1071349759,1069543167,1073741823,1073741823,1073741823,1073741823:g8
1073741823,1073741823,1073741823,1073741823,1073741823,1073733631,1073651711,1073117183,1069146111,1071349759,1069542399,1073741823,1073741823,1073741823,1073741823:g8
1073741823,1073741823,1073741823,1073741823,1073741823,1073733631,1073651711,1073117183,1069146111,1071349759,1069543423,1073741823,1073676287,1073741823,1073741823:g8
1073741823,1073741823,1073741823,1073741823,1073741823,1073733631,1073651711,1073117183,1069146111,1071349759,1069543423,1073741823,1073737727,1073741823,1073741823:g8
1073741823,1073741823,1073741823,1073741823,1073741823,1073733631,1073651711,1073117183,1069146111,1071349759,1069543423,1073737727,1073741823,1073741823,1073741823:g8
1073741823,1073741823,1073741823,1073741823,1073741823,1073733631,1073651711,1073117183,1069146111,1071349759,1069543423,1073740799,1073741823,1073741823,1073741823:g8
1073741823,1073741823,1073741823,1073741823,1073741823,1073733631,1073651711,1073117183,1069146111,1071349759,1069543423,1073725439,1073741823,1073741823,1073741823:g8
1073741823,1073741823,1073741823,1073741823,1073741823,1073733631,1073651711,1073117183,1069146111,1071349759,1069543423,1069547519,1073741823,1073741823,1073741823:g8
1073741823,1073741823,1073741823,1073741823,1073741823,1073733631,1073651711,1073117183,1069146111,1071349759,1069543423,1073479679,1073741823,1073741823,1073741823:g8
1073741823,1073741823,1073741823,1073741823,1073741823,1073733631,1073651711,1073117183,1069145855,1071349759,1069543423,1073741823,1073741823,1073741823,1073741823:g8
1073741823,1073741823,1073741823,1073741823,1073741823,1073733631,1073651455,1073117183,1069146111,1071349759,1069543423,1073741823,1073741823,1073741823,1073741823:g8
1073741823,1073741823,1073741823,1073741823,1073741823,1073733631,1073650687,1073117183,1069146111,1071349759,1069543423,1073741823,1073741823,1073741823,1073741823:g8
1073741823,1073741823,1073741823,1073741823,1073741567,1073733631,1073651711,1073117183,1069146111,1071349759,1069543423,1073741823,1073741823,1073741823,1073741823:g8
1073741823,1073741823,1073741823,1073741823,1073741823,1073733631,1073651711,1073117183,1069146111,1071345663,1069543423,1073741823,1073741823,1073741823,1073741823:g8
1073741823,1073741823,1073741823,1073741823,1073741823,1072685055,1073651711,1073117183,1069146111,1071349759,1069543423,1073741823,1073741823,1073741823,1073741823:g8
1073741823,1073741823,1073741823,1073741823,1073741823,1073733631,1073651711,1073117183,1069146111,1071349759,1068494847,1073741823,1073741823,1073741823,1073741823:g8
1073741823,1073741823,1073741823,1073741823,1073741823,1073733631,1073651711,1073117183,1069146111,1071349759,1069477887,1073741823,1073741823,1073741823,1073741823:g8
1073741823,1073741823,1073741823,1073741823,1073741823,1073733631,1073651711,1073117183,1069146111,1071349759,1069527039,1073741823,1073741823,1073741823,1073741823:g8
1073741823,1073741823,1073741823,1073741823,1073741823,1073733631,1073651711,1073117183,1069146111,1071284223,1069543423,1073741823,1073741823,1073741823,1073741823:g8
1073741823,1073741823,1073741823,1073741823,1073741823,1073733631,1069457407,1073117183,1069146111,1071349759,1069543423,1073741823,1073741823,1073741823,1073741823:g8
1073741823,1073741823,1073741823,1073741823,1073741823,1073733631,1073651711,1073117183,1069146111,1071349759,1069281279,1073741823,1073741823,1073741823,1073741823:g8
1073741823,1073741823,1073741823,1073741823,1073741823,1069539327,1073651711,1073117183,1069146111,1071349759,1069543423,1073741823,1073741823,1073741823,1073741823:g8
1073741823,1073741823,1073741823,1073741823,1073741823,1073733631,1073651711,1068922879,1069146111,1071349759,1069543423,1073741823,1073741823,1073741823,1073741823:g8
1073741823,1073741823,1073741823,1073741823,1073741823,1073733631,1073651711,1072068607,1069146111,1071349759,1069543423,1073741823,1073741823,1073741823,1073741823:g8
1073741823,1073741823,1073741823,1073741823,1073741823,1073733631,1073651711,1073117183,1069146111,1067155455,1069543423,1073741823,1073741823,1073741823,1073741823:g8
1073741823,1073741823,1073741823,1073741823,1073737727,1073733631,1073651711,1073117183,1069146111,1071349759,1069543423,1073741823,1073741823,1073741823,1073741823:g8
1073741823,1073741823,1073741823,1073741823,1073676287,1073733631,1073651711,1073117183,1069146111,1071349759,1069543423,1073741823,1073741823,1073741823,1073741823:g8
1073741823,1073741823,1073741823,1073741823,1073741823,1073668095,1073651711,1073117183,1069146111,1071349759,1069543423,1073741823,1073741823,1073741823,1073741823:g8
1073741823,1073741823,1073741823,1073741823,1072693247,1073733631,1073651711,1073117183,1069146111,1071349759,1069543423,1073741823,1073741823,1073741823,1073741823:g8
1073741823,1073741823,1073741823,1073741823,1073741823,1073733631,1072603135,1073117183,1069146111,1071349759,1069543423,1073741823,1073741823,1073741823,1073741823:g8
1073741823,1073741823,1073741823,1073741823,1073741823,1073733631,1073389567,1073117183,1069146111,1071349759,1069543423,1073741823,1073741823,1073741823,1073741823:g8
1073741823,1073741823,1073741823,1073741823,1073741823,1073733631,1073651711,1073117183,1068097535,1071349759,1069543423,1073741823,1073741823,1073741823,1073741823:g8
1073741823,1073741823,1073741823,1073741823,1073741823,1073733631,1073651711,1073117183,1069146111,1071348735,1069543423,1073741823,1073741823,1073741823,1073741823:g8
1073741823,1073741823,1073741823,1073741823,1073741823,1073733631,1073651711,1073113087,1069146111,1071349759,1069543423,1073741823,1073741823,1073741823,1073741823:f6
1073741823,1073741823,1073741823,1073741823,1073741823,1073732607,1073651711,1073117183,1069146111,1071349759,1069543423,1073741823,1073741823,1073741823,1073741823:g8
1073741823,1073741823,1073741823,1073741823,1073741823,1073717247,1073651711,1073117183,1069146111,1071349759,1069543423,1073741823,1073741823,1073741823,1073741823:g8
1073741823,1073741823,1073741823,1073741823,1073741823,1073471487,1073651711,1073117183,1069146111,1071349759,1069543423,1073741823,1073741823,1073741823,1073741823:g8
1073741823,1073741823,1073741823,1073741823,1073741823,1073733631,1073651711,1073117183,1069129727,1071349759,1069543423,1073741823,1073741823,1073741823,1073741823:g8
1073741823,1073741823,1073741823,1073741823,1073741823,1073733631,1073651711,1073117183,1069146111,1072398335,1073737727,1073741823,1073741823,1073741823,1073741823:l11
1073741823,1073741823,1073741823,1073741823,1073741823,1073733631,1073651711,1073117183,1069146111,1072398335,1065349119,1073741823,1073479679,1073741823,1073741823:g8
1073741823,1073741823,1073741823,1073741823,1073741823,1073733631,1073651711,1073117183,1069146111,1072398335,1048571903,1073741823,1073741823,1073741823,1073741823:g8
1073741823,1073741823,1073741823,1073741823,1073741823,1073733631,1073651711,1073117183,1069146111,1072398335,1065349119,1073741823,1006632959,1073741823,1073741823:g8
1073741823,1073741823,1073741823,1073741823,1073741823,1073733631,1073651711,1073117183,1069146111,1072398335,1065349119,1073741823,1069547519,1073741823,1073741823:g8
1073741823,1073741823,1073741823,1073741823,1073741823,1073733631,1073651711,1073117183,1069146111,1072398335,1065349119,1073676287,1073741823,1073741823,1073741823:g8
1073741823,1073741823,1073741823,1073741823,1073741823,1073733631,1073651711,1073117183,1069146111,1072398335,1065349119,1056964607,1073741823,1073741823,1073741823:g8
1073741823,1073741823,1073741823,1073741823,1073741823,1073733631,1073651711,1073117183,1069146111,1072398335,1065349119,1072693247,1073741823,1073741823,1073741823:g8
1073741823,1073741823,1073741823,1073741823,1073741823,1073733631,1006542847,1073117183,1069146111,1072398335,1065349119,1073741823,1073741823,1073741823,1073741823:g8
1073741823,1073741823,1073741823,1073741823,1073741823,1073733631,1073651711,1056339967,1069146111,1072398335,1065349119,1073741823,1073741823,1073741823,1073741823:g8
1073741823,1073741823,1073741823,1073741823,1073741823,1073733631,1073651711,1073117183,1002037247,1072398335,1065349119,1073741823,1073741823,1073741823,1073741823:g8
1073741823,1073741823,1073741823,1073741823,1073741823,1073733631,1073651711,1073117183,1052368895,1072398335,1065349119,1073741823,1073741823,1073741823,1073741823:g8
1073741823,1073741823,1073741823,1073741823,1073741823,1073733631,1073651711,1073117183,1069146111,1072398335,998240255,1073741823,1073741823,1073741823,1073741823:g8
1073741823,1073741823,1073741823,1073741823,1073741823,1073733631,1073651711,1073117183,1069146111,1055621119,1065349119,1073741823,1073741823,1073741823,1073741823:g8
1073741823,1073741823,1073741823,1073741823,1073741823,1073733375,1073651711,1073117183,1069146111,1072398335,1065349119,1073741823,1073741823,1073741823,1073741823:g8
1073741823,1073741823,1073741823,1073741567,1073741823,1073733631,1073651711,1073117183,1069146111,1072398335,1065349119,1073741823,1073741823,1073741823,1073741823:g8
1073741823,1073741823,1073741823,1073737727,1073741823,1073733631,1073651711,1073117183,1069146111,1072398335,1065349119,1073741823,1073741823,1073741823,1073741823:g8
1073741823,1073741823,1073741823,1073676287,1073741823,1073733631,1073651711,1073117183,1069146111,1072398335,1065349119,1073741823,1073741823,1073741823,1073741823:g8
1073741823,1073741823,1073741823,1073741823,1073740799,1073733631,1073651711,1073117183,1069146111,1072398335,1065349119,1073741823,1073741823,1073741823,1073741823:g8
1073741823,1073741823,1073741823,1073741823,1073725439,1073733631,1073651711,1073117183,1069146111,1072398335,1065349119,1073741823,1073741823,1073741823,1073741823:g8
1073741823,1073741823,1073741823,1073741823,1073479679,1073733631,1073651711,1073117183,1069146111,1072398335,1065349119,1073741823,1073741823,1073741823,1073741823:g8
1073741823,1073741823,1073741823,1073741823,1073741823,1073733631,1073651711,1073117183,1069146111,1072398271,1065349119,1073741823,1073741823,1073741823,1073741823:g8
1073741823,1073741823,1073741823,1073741823,1073741823,1073733631,1073651711,1073117119,1069146111,1072398335,1065349119,1073741823,1073741823,1073741823,1073741823:g8
1073741823,1073741823,1073741823,1073741823,1073741823,1073733631,1073651711,1073116927,1069146111,1072398335,1065349119,1073741823,1073741823,1073741823,1073741823:g8
1073741823,1073741823,1073741823,1073741823,1073741823,1073733567,1073651711,1073117183,1069146111,1072398335,1065349119,1073741823,1073741823,1073741823,1073741823:g8
1073741823,1073741823,1073741823,1073741823,1073741823,1073733631,1073651711,1073117183,1069145087,1072398335,1065349119,1073741823,1073741823,1073741823,1073741823:g8
1073741823,1073741823,1073741823,1073741823,1073741823,1073733631,1073651711,1073117183,1069146111,1072398335,1065349119,1073741823,1073741567,1073741823,1073741823:g8
1073741823,1073741823,1073741823,1073741823,1073741823,1073733631,1073651711,1073117183,1069146111,1072398335,1065348863,1073741823,1073741823,1073741823,1073741823:g8
1073741823,1073741823,1073741823,1073741823,1073741823,1073733631,1073651711,1073117183,1069146111,1072398335,1065348095,1073741823,1073741823,1073741823,1073741823:g8
1073741823,1073741823,1073741823,1073741823,1073741823,1073733631,1073651711,1073117183,1069146111,1072398335,1065349119,1073741823,1073676287,1073741823,1073741823:g8
1073741823,1073741823,1073741823,1073741823,1073741823,1073733631,1073651711,1073117183,1069146111,1072398335,1065349119,1073741823,1073737727,1073741823,1073741823:g8
1073741823,1073741823,1073741823,1073741823,1073741823,1073733631,1073651711,1073117183,1069146111,1072398335,1065349119,1073737727,1073741823,1073741823,1073741823:g8
1073741823,1073741823,1073741823,1073741823,1073741823,1073733631,1073651711,1073117183,1069146111,1072398335,1065349119,1073740799,1073741823,1073741823,1073741823:g8
1073741823,1073741823,1073741823,1073741823,1073741823,1073733631,1073651711,1073117183,1069146111,1072398335,1065349119,1073725439,1073741823,1073741823,1073741823:g8
1073741823,1073741823,1073741823,1073741823,1073741823,1073733631,1073651711,1073117183,1069146111,1072398335,1065349119,1069547519,1073741823,1073741823,1073741823:g8
1073741823,1073741823,1073741823,1073741823,1073741823,1073733631,1073651711,1073117183,1069146111,1072398335,1065349119,1073479679,1073741823,1073741823,1073741823:g8
1073741823,1073741823,1073741823,1073741823,1073741823,1073733631,1073651711,1073117183,1069145855,1072398335,1065349119,1073741823,1073741823,1073741823,1073741823:g8
1073741823,1073741823,1073741823,1073741823,1073741823,1073733631,1073651455,1073117183,1069146111,1072398335,1065349119,1073741823,1073741823,1073741823,1073741823:g8
1073741823,1073741823,1073741823,1073741823,1073741823,1073733631,1073650687,1073117183,1069146111,1072398335,1065349119,1073741823,1073741823,1073741823,1073741823:g8
1073741823,1073741823,1073741823,1073741823,1073741567,1073733631,1073651711,1073117183,1069146111,1072398335,1065349119,1073741823,1073741823,1073741823,1073741823:g8
1073741823,1073741823,1073741823,1073741823,1073741823,1073733631,1073651711,1073117183,1069146111,1072394239,1065349119,1073741823,1073741823,1073741823,1073741823:g8
1073741823,1073741823,1073741823,1073741823,1073741823,1072685055,1073651711,1073117183,1069146111,1072398335,1065349119,1073741823,1073741823,1073741823,1073741823:g8
1073741823,1073741823,1073741823,1073741823,1073741823,1073733631,1073651711,1073117183,1069146111,1072398335,1064300543,1073741823,1073741823,1073741823,1073741823:g8
1073741823,1073741823,1073741823,1073741823,1073741823,1073733631,1073651711,1073117183,1069146111,1072398335,1065283583,1073741823,1073741823,1073741823,1073741823:g8
1073741823,1073741823,1073741823,1073741823,1073741823,1073733631,1073651711,1073117183,1069146111,1072398335,1065332735,1073741823,1073741823,1073741823,1073741823:g8
1073741823,1073741823,1073741823,1073741823,1073741823,1073733631,1073651711,1073117183,1069146111,1072332799,1065349119,1073741823,1073741823,1073741823,1073741823:g8
1073741823,1073741823,1073741823,1073741823,1073741823,1073733631,1069457407,1073117183,1069146111,1072398335,1065349119,1073741823,1073741823,1073741823,1073741823:g8
1073741823,1073741823,1073741823,1073741823,1073741823,1073733631,1073651711,1073117183,1069146111,1072398335,1065086975,1073741823,1073741823,1073741823,1073741823:g8
1073741823,1073741823,1073741823,1073741823,1073741823,1069539327,1073651711,1073117183,1069146111,1072398335,1065349119,1073741823,1073741823,1073741823,1073741823:g8
1073741823,1073741823,1073741823,1073741823,1073741823,1073733631,1073651711,1068922879,1069146111,1072398335,1065349119,1073741823,1073741823,1073741823,1073741823:g8
1073741823,1073741823,1073741823,1073741823,1073741823,1073733631,1073651711,1072068607,1069146111,1072398335,1065349119,1073741823,1073741823,1073741823,1073741823:g8
1073741823,1073741823,1073741823,1073741823,1073741823,1073733631,1073651711,1073117183,1069146111,1068204031,1065349119,1073741823,1073741823,1073741823,1073741823:g8
1073741823,1073741823,1073741823,1073741823,1073737727,1073733631,1073651711,1073117183,1069146111,1072398335,1065349119,1073741823,1073741823,1073741823,1073741823:g8
1073741823,1073741823,1073741823,1073741823,1073676287,1073733631,1073651711,1073117183,1069146111,1072398335,1065349119,1073741823,1073741823,1073741823,1073741823:g8
1073741823,1073741823,1073741823,1073741823,1073741823,1073668095,1073651711,1073117183,1069146111,1072398335,1065349119,1073741823,1073741823,1073741823,1073741823:g8
1073741823,1073741823,1073741823,1073741823,1072693247,1073733631,1073651711,1073117183,1069146111,1072398335,1065349119,1073741823,1073741823,1073741823,1073741823:g8
1073741823,1073741823,1073741823,1073741823,1073741823,1073733631,1072603135,1073117183,1069146111,1072398335,1065349119,1073741823,1073741823,1073741823,1073741823:g8
1073741823,1073741823,1073741823,1073741823,1073741823,1073733631,1073389567,1073117183,1069146111,1072398335,1065349119,1073741823,1073741823,1073741823,1073741823:g8
1073741823,1073741823,1073741823,1073741823,1073741823,1073733631,1073651711,1073117183,1068097535,1072398335,1065349119,1073741823,1073741823,1073741823,1073741823:g8
1073741823,1073741823,1073741823,1073741823,1073741823,1073733631,1073651711,1073117183,1069146111,1072397311,1065349119,1073741823,1073741823,1073741823,1073741823:g8
1073741823,1073741823,1073741823,1073741823,1073741823,1073733631,1073651711,1073113087,1069146111,1072398335,1065349119,1073741823,1073741823,1073741823,1073741823:f6
1073741823,1073741823,1073741823,1073741823,1073741823,1073732607,1073651711,1073117183,1069146111,1072398335,1065349119,1073741823,1073741823,1073741823,1073741823:g8
1073741823,1073741823,1073741823,1073741823,1073741823,1073717247,1073651711,1073117183,1069146111,1072398335,1065349119,1073741823,1073741823,1073741823,1073741823:g8
1073741823,1073741823,1073741823,1073741823,1073741823,1073471487,1073651711,1073117183,1069146111,1072398335,1065349119,1073741823,1073741823,1073741823,1073741823:g8
1073741823,1073741823,1073741823,1073741823,1073741823,1073733631,1073651711,1073117183,1069129727,1072398335,1065349119,1073741823,1073741823,1073741823,1073741823:g8
1073741823,1073741823,1073741823,1073741823,1073741823,1073733631,1073651711,1073117183,1069146111,1073446911,1073475583,1073741823,1073741823,1073741823,1073741823:g8
1073741823,1073741823,1073741823,1073741823,1073741823,1069539327,1073651711,1073117183,1069146111,1073446911,1073737727,1073741823,1073741823,1073741823,1073741823:g8
1073741823,1073741823,1073741823,1073741823,1073741823,1073733631,1073651711,1068922879,1069146111,1073446911,1073737727,1073741823,1073741823,1073741823,1073741823:g8
1073741823,1073741823,1073741823,1073741823,1073741823,1073733631,1073651711,1072068607,1069146111,1073446911,1073737727,1073741823,1073741823,1073741823,1073741823:g8
1073741823,1073741823,1073741823,1073741823,1073741823,1073733631,1073651711,1073117183,1069146111,1069252607,1073737727,1073741823,1073741823,1073741823,1073741823:g8
1073741823,1073741823,1073741823,1073741823,1073737727,1073733631,1073651711,1073117183,1069146111,1073446911,1073737727,1073741823,1073741823,1073741823,1073741823:f6
1073741823,1073741823,1073741823,1073741823,1073676287,1073733631,1073651711,1073117183,1069146111,1073446911,1073737727,1073741823,1073741823,1073741823,1073741823:g8
1073741823,1073741823,1073741823,1073741823,1073741823,1073668095,1073651711,1073117183,1069146111,1073446911,1073737727,1073741823,1073741823,1073741823,1073741823:g8
1073741823,1073741823,1073741823,1073741823,1072693247,1073733631,1073651711,1073117183,1069146111,1073446911,1073737727,1073741823,1073741823,1073741823,1073741823:g8
1073741823,1073741823,1073741823,1073741823,1073741823,1073733631,1072603135,1073117183,1069146111,1073446911,1073737727,1073741823,1073741823,1073741823,1073741823:g8
1073741823,1073741823,1073741823,1073741823,1073741823,1073733631,1073389567,1073117183,1069146111,1073446911,1073737727,1073741823,1073741823,1073741823,1073741823:g8
1073741823,1073741823,1073741823,1073741823,1073741823,1073733631,1073651711,1073117183,1068097535,1073446911,1073737727,1073741823,1073741823,1073741823,1073741823:g8
1073741823,1073741823,1073741823,1073741823,1073741823,1073733631,1073651711,1073117183,1069146111,1073445887,1073737727,1073741823,1073741823,1073741823,1073741823:g8
1073741823,1073741823,1073741823,1073741823,1073741823,1073733631,1073651711,1073113087,1069146111,1073446911,1073737727,1073741823,1073741823,1073741823,1073741823:f6
1073741823,1073741823,1073741823,1073741823,1073741823,1073732607,1073651711,1073117183,1069146111,1073446911,1073737727,1073741823,1073741823,1073741823,1073741823:g8
1073741823,1073741823,1073741823,1073741823,1073741823,1073717247,1073651711,1073117183,1069146111,1073446911,1073737727,1073741823,1073741823,1073741823,1073741823:g8
1073741823,1073741823,1073741823,1073741823,1073741823,1073471487,1073651711,1073117183,1069146111,1073446911,1073737727,1073741823,1073741823,1073741823,1073741823:g8
1073741823,1073741823,1073741823,1073741823,1073741823,1073733631,1073651711,1073117183,1069129727,1073446911,1073737727,1073741823,1073741823,1073741823,1073741823:g8
