1073741823,1073741823,1073741823,1073741823,1073741823,1073741823,1073676287,1073184767,1073348607,1073737727,1073741823,1073741823,1073741823,1073741823,1073741823:i8
1073741823,1073741823,1073741823,1073741823,1073741823,1073737727,1073676287,1073053695,1073348607,1073737727,1073741823,1073741823,1073741823,1073741823,1073741823:g8
1073741823,1073741823,1073741823,1073741823,1073741823,1072693247,1073676287,1073053695,1073348607,1073737727,1073741823,1073741823,1073741823,1073741823,1073741823:g8
1073741823,1073741823,1073741823,1073741823,1073741823,1073741823,1069481983,1073053695,1073348607,1073737727,1073741823,1073741823,1073741823,1073741823,1073741823:g8
1073741823,1073741823,1073741823,1073741823,1073741823,1073741823,1073676287,1073053695,1069154303,1073737727,1073741823,1073741823,1073741823,1073741823,1073741823:g8
1073741823,1073741823,1073741823,1073741823,1073741823,1073741823,1073676287,1073053695,1073348607,1073737727,1069547519,1073741823,1073741823,1073741823,1073741823:g8
1073741823,1073741823,1073741823,1073741823,1073741823,1073741823,1073676287,1073053695,1073348607,1072689151,1073741823,1073741823,1073741823,1073741823,1073741823:g8
1073741823,1073741823,1073741823,1073741823,1073741823,1073741823,1073676287,1073053695,1073348607,1073737727,1073479679,1073741823,1073741823,1073741823,1073741823:g8
1073741823,1073741823,1073741823,1073741823,1073741823,1073741823,1073676287,1073053695,1073348607,1073737727,1072693247,1073741823,1073741823,1073741823,1073741823:g8
1073741823,1073741823,1073741823,1073741823,1073741823,1073741823,1073676287,1073053695,1073348607,1073737727,1073676287,1073741823,1073741823,1073741823,1073741823:g8
1073741823,1073741823,1073741823,1073741823,1073741823,1073741823,1073676287,1073053695,1073348607,1073737727,1073741823,1073741567,1073741823,1073741823,1073741823:g8
1073741823,1073741823,1073741823,1073741823,1073741823,1073741823,1073676287,1073053695,1073348607,1073737727,1073740799,1073741823,1073741823,1073741823,1073741823:g8
1073741823,1073741823,1073741823,1073741823,1073741823,1073741823,1073676287,1073053695,1073348607,1073737471,1073741823,1073741823,1073741823,1073741823,1073741823:g8
1073741823,1073741823,1073741823,1073741823,1073741823,1073741823,1073676287,1073053439,1073348607,1073737727,1073741823,1073741823,1073741823,1073741823,1073741823:g8
1073741823,1073741823,1073741823,1073741823,1073741823,1073741823,1073676287,1073053695,1073347583,1073737727,1073741823,1073741823,1073741823,1073741823,1073741823:g8
1073741823,1073741823,1073741823,1073741823,1073741823,1073741823,1073676287,1073053695,1073348607,1073672191,1073741823,1073741823,1073741823,1073741823,1073741823:g8
1073741823,1073741823,1073741823,1073741823,1073741823,1073741823,1073676287,1073053695,1073348607,1073737727,1073741823,1073676287,1073741823,1073741823,1073741823:g8
1073741823,1073741823,1073741823,1073741823,1073741823,1073741823,1073676287,1073053695,1073348607,1073737727,1073725439,1073741823,1073741823,1073741823,1073741823:g8
1073741823,1073741823,1073741823,1073741823,1073741823,1073741823,1073676287,1073053695,1073348607,1073737727,1073741823,1073737727,1073741823,1073741823,1073741823:g8
1073741823,1073741823,1073741823,1073741823,1073741823,1073741823,1073676287,1073053695,1073348607,1073737727,1073737727,1073741823,1073741823,1073741823,1073741823:g8
1073741823,1073741823,1073741823,1073741823,1073741823,1069547519,1073676287,1073053695,1073348607,1073737727,1073741823,1073741823,1073741823,1073741823,1073741823:g8
1073741823,1073741823,1073741823,1073741823,1073741823,1073741823,1073676287,1068859391,1073348607,1073737727,1073741823,1073741823,1073741823,1073741823,1073741823:g8
1073741823,1073741823,1073741823,1073741823,1073741823,1073741823,1073676287,1072005119,1073348607,1073737727,1073741823,1073741823,1073741823,1073741823,1073741823:f8
1073741823,1073741823,1073741823,1073741823,1073741823,1073741823,1073676287,1072003071,1073348607,1073737663,1073741823,1073741823,1073741823,1073741823,1073741823:g8
1073741823,1073741823,1073741823,1073741823,1073741823,1073741823,1073676287,1072003071,1073348351,1073737727,1073741823,1073741823,1073741823,1073741823,1073741823:g8
1073741823,1073741823,1073741823,1073741823,1073741823,1073741823,1073676287,1072003007,1073348607,1073737727,1073741823,1073741823,1073741823,1073741823,1073741823:g8
1073741823,1073741823,1073741823,1073741823,1073741823,1073741759,1073676287,1072003071,1073348607,1073737727,1073741823,1073741823,1073741823,1073741823,1073741823:g8
1073741823,1073741823,1073741823,1073741823,1073741823,1073741823,1073676031,1072003071,1073348607,1073737727,1073741823,1073741823,1073741823,1073741823,1073741823:g8
1073741823,1073741823,1073741823,1073741823,1073741823,1073741823,1073675263,1072003071,1073348607,1073737727,1073741823,1073741823,1073741823,1073741823,1073741823:g8
1073741823,1073741823,1073741823,1073741823,1073741823,1056964607,1073676287,1072003071,1073348607,1073737727,1073741823,1073741823,1073741823,1073741823,1073741823:g8
1073741823,1073741823,1073741823,1073741823,1073741823,1073741823,1073676287,1055225855,1073348607,1073737727,1073741823,1073741823,1073741823,1073741823,1073741823:g8
1073741823,1073741823,1073741823,1073741823,1073741823,1073741823,1073676287,1072003071,1073348607,1056960511,1073741823,1073741823,1073741823,1073741823,1073741823:g8
1073741823,1073741823,1073741823,1073741823,1073741823,1073737727,1073676287,1072003071,1073348607,1073737727,1073741823,1073741823,1073741823,1073741823,1073741823:g8
1073741823,1073741823,1073741823,1073741823,1073741823,1072693247,1073676287,1072003071,1073348607,1073737727,1073741823,1073741823,1073741823,1073741823,1073741823:g8
1073741823,1073741823,1073741823,1073741823,1073741823,1073741823,1069481983,1072003071,1073348607,1073737727,1073741823,1073741823,1073741823,1073741823,1073741823:g8
1073741823,1073741823,1073741823,1073741823,1073741823,1073741823,1073676287,1072003071,1069154303,1073737727,1073741823,1073741823,1073741823,1073741823,1073741823:g8
1073741823,1073741823,1073741823,1073741823,1073741823,1073741823,1073676287,1072003071,1073348607,1073737727,1069547519,1073741823,1073741823,1073741823,1073741823:g8
1073741823,1073741823,1073741823,1073741823,1073741823,1073741823,1073676287,1072003071,1073348607,1072689151,1073741823,1073741823,1073741823,1073741823,1073741823:g8
1073741823,1073741823,1073741823,1073741823,1073741823,1073741823,1073676287,1072003071,1073348607,1073737727,1073479679,1073741823,1073741823,1073741823,1073741823:g8
1073741823,1073741823,1073741823,1073741823,1073741823,1073741823,1073676287,1072003071,1073348607,1073737727,1072693247,1073741823,1073741823,1073741823,1073741823:g8
1073741823,1073741823,1073741823,1073741823,1073741823,1073741823,1073676287,1072003071,1073348607,1073737727,1073676287,1073741823,1073741823,1073741823,1073741823:g8
1073741823,1073741823,1073741823,1073741823,1073741823,1073741823,1073676287,1072003071,1073348607,1073737727,1073741823,1073741567,1073741823,1073741823,1073741823:g8
1073741823,1073741823,1073741823,1073741823,1073741823,1073741823,1073676287,1072003071,1073348607,1073737727,1073740799,1073741823,1073741823,1073741823,1073741823:g8
1073741823,1073741823,1073741823,1073741823,1073741823,1073741823,1073676287,1072003071,1073348607,1073737471,1073741823,1073741823,1073741823,1073741823,1073741823:g8
1073741823,1073741823,1073741823,1073741823,1073741823,1073741823,1073676287,1072002815,1073348607,1073737727,1073741823,1073741823,1073741823,1073741823,1073741823:g8
1073741823,1073741823,1073741823,1073741823,1073741823,1073741823,1073676287,1072003071,1073347583,1073737727,1073741823,1073741823,1073741823,1073741823,1073741823:g8
1073741823,1073741823,1073741823,1073741823,1073741823,1073741823,1073676287,1072003071,1073348607,1073672191,1073741823,1073741823,1073741823,1073741823,1073741823:g8
1073741823,1073741823,1073741823,1073741823,1073741823,1073741823,1073676287,1072003071,1073348607,1073737727,1073741823,1073676287,1073741823,1073741823,1073741823:g8
1073741823,1073741823,1073741823,1073741823,1073741823,1073741823,1073676287,1072003071,1073348607,1073737727,1073725439,1073741823,1073741823,1073741823,1073741823:g8
1073741823,1073741823,1073741823,1073741823,1073741823,1073741823,1073676287,1072003071,1073348607,1073737727,1073741823,1073737727,1073741823,1073741823,1073741823:g8
1073741823,1073741823,1073741823,1073741823,1073741823,1073741823,1073676287,1072003071,1073348607,1073737727,1073737727,1073741823,1073741823,1073741823,1073741823:g8
1073741823,1073741823,1073741823,1073741823,1073741823,1069547519,1073676287,1072003071,1073348607,1073737727,1073741823,1073741823,1073741823,1073741823,1073741823:g8
1073741823,1073741823,1073741823,1073741823,1073741823,1073741823,1073676287,1067808767,1073348607,1073737727,1073741823,1073741823,1073741823,1073741823,1073741823:g8
1073741823,1073741823,1073741823,1073741823,1073741823,1073741823,1073676287,1072003071,1073348607,1069543423,1073741823,1073741823,1073741823,1073741823,1073741823:g8
1073741823,1073741823,1073741823,1073741823,1073737727,1073741823,1073676287,1072003071,1073348607,1073737727,1073741823,1073741823,1073741823,1073741823,1073741823:g8
1073741823,1073741823,1073741823,1073741823,1073676287,1073741823,1073676287,1072003071,1073348607,1073737727,1073741823,1073741823,1073741823,1073741823,1073741823:g8
1073741823,1073741823,1073741823,1073741823,1073741823,1073676287,1073676287,1072003071,1073348607,1073737727,1073741823,1073741823,1073741823,1073741823,1073741823:g8
1073741823,1073741823,1073741823,1073741823,1072693247,1073741823,1073676287,1072003071,1073348607,1073737727,1073741823,1073741823,1073741823,1073741823,1073741823:g8
1073741823,1073741823,1073741823,1073741823,1073741823,1073741823,1072627711,1072003071,1073348607,1073737727,1073741823,1073741823,1073741823,1073741823,1073741823:g8
1073741823,1073741823,1073741823,1073741823,1073741823,1073741823,1073414143,1072003071,1073348607,1073737727,1073741823,1073741823,1073741823,1073741823,1073741823:g8
1073741823,1073741823,1073741823,1073741823,1073741823,1073741823,1073676287,1072003071,1072300031,1073737727,1073741823,1073741823,1073741823,1073741823,1073741823:g8
1073741823,1073741823,1073741823,1073741823,1073741823,1073741823,1073676287,1072003071,1073348607,1073736703,1073741823,1073741823,1073741823,1073741823,1073741823:g8
1073741823,1073741823,1073741823,1073741823,1073741823,1073741823,1073676287,1072003071,1073344511,1073737727,1073741823,1073741823,1073741823,1073741823,1073741823:g8
1073741823,1073741823,1073741823,1073741823,1073741823,1073741823,1073676287,1071998975,1073348607,1073737727,1073741823,1073741823,1073741823,1073741823,1073741823:g7
1073741823,1073741823,1073741823,1073741823,1073741823,1073740799,1073676287,1072003071,1073348607,1073737727,1073741823,1073741823,1073741823,1073741823,1073741823:g8
1073741823,1073741823,1073741823,1073741823,1073741823,1073741823,1073672191,1072003071,1073348607,1073737727,1073741823,1073741823,1073741823,1073741823,1073741823:g8
1073741823,1073741823,1073741823,1073741823,1073741823,1073725439,1073676287,1072003071,1073348607,1073737727,1073741823,1073741823,1073741823,1073741823,1073741823:g8
1073741823,1073741823,1073741823,1073741823,1073741823,1073741823,1073659903,1072003071,1073348607,1073737727,1073741823,1073741823,1073741823,1073741823,1073741823:g8
1073741823,1073741823,1073741823,1073741823,1073741823,1073479679,1073676287,1072003071,1073348607,1073737727,1073741823,1073741823,1073741823,1073741823,1073741823:g8
1073741823,1073741823,1073741823,1073741823,1073741823,1073741823,1073676287,1072003071,1073348607,1073475583,1073741823,1073741823,1073741823,1073741823,1073741823:g8
1073741823,1073741823,1073741823,1073741823,1073741823,1073741823,1073676287,1072003071,1073348607,1073721343,1073741823,1073741823,1073741823,1073741823,1073741823:g8
1073741823,1073741823,1073741823,1073741823,1073741823,1073741823,1073676287,1072003071,1073332223,1073737727,1073741823,1073741823,1073741823,1073741823,1073741823:g8
1073741823,1073741823,1073741823,1073741823,1073741823,1073741823,1073676287,1073053695,1073348607,1069543423,1073741823,1073741823,1073741823,1073741823,1073741823:g8
1073741823,1073741823,1073741823,1073741823,1073737727,1073741823,1073676287,1073053695,1073348607,1073737727,1073741823,1073741823,1073741823,1073741823,1073741823:g8
1073741823,1073741823,1073741823,1073741823,1073676287,1073741823,1073676287,1073053695,1073348607,1073737727,1073741823,1073741823,1073741823,1073741823,1073741823:g8
1073741823,1073741823,1073741823,1073741823,1073741823,1073676287,1073676287,1073053695,1073348607,1073737727,1073741823,1073741823,1073741823,1073741823,1073741823:g8
1073741823,1073741823,1073741823,1073741823,1072693247,1073741823,1073676287,1073053695,1073348607,1073737727,1073741823,1073741823,1073741823,1073741823,1073741823:g8
1073741823,1073741823,1073741823,1073741823,1073741823,1073741823,1072627711,1073053695,1073348607,1073737727,1073741823,1073741823,1073741823,1073741823,1073741823:g8
1073741823,1073741823,1073741823,1073741823,1073741823,1073741823,1073414143,1073053695,1073348607,1073737727,1073741823,1073741823,1073741823,1073741823,1073741823:g8
1073741823,1073741823,1073741823,1073741823,1073741823,1073741823,1073676287,1073053695,1072300031,1073737727,1073741823,1073741823,1073741823,1073741823,1073741823:g8
1073741823,1073741823,1073741823,1073741823,1073741823,1073741823,1073676287,1073053695,1073348607,1073736703,1073741823,1073741823,1073741823,1073741823,1073741823:g8
1073741823,1073741823,1073741823,1073741823,1073741823,1073741823,1073676287,1073053695,1073344511,1073737727,1073741823,1073741823,1073741823,1073741823,1073741823:g8
1073741823,1073741823,1073741823,1073741823,1073741823,1073741823,1073676287,1073052671,1073348607,1073737727,1073741823,1073741823,1073741823,1073741823,1073741823:k8
1073741823,1073741823,1073741823,1073741823,1073741823,1073741823,1073676287,1073049599,1073348607,1073737727,1073741823,1073741823,1073741823,1073741823,1073741823:k7
1073741823,1073741823,1073741823,1073741823,1056964607,1073741823,1071579135,1073049599,1073348607,1073737727,1073741823,1073741823,1073741823,1073741823,1073741823:h10
1073741823,1073741823,1073741823,1073741823,1073741823,1073741823,1054801919,1073049599,1073348607,1073737727,1073741823,1073741823,1073741823,1073741823,1073741823:l6
1073741823,1073741823,1073741823,1073741823,1073741823,1073741823,1071579135,1073049599,1056571391,1073737727,1073741823,1073741823,1073741823,1073741823,1073741823:l6
1073741823,1073741823,1073741823,1073741823,1073741823,1073741567,1071579135,1073049599,1073348607,1073737727,1073741823,1073741823,1073741823,1073741823,1073741823:l6
1073741823,1073741823,1073741823,1073741823,1073741823,1073741823,1071578111,1073049599,1073348607,1073737727,1073741823,1073741823,1073741823,1073741823,1073741823:l6
1073741823,1073741823,1073741823,1073741823,1073741823,1073737727,1071579135,1073049599,1073348607,1073737727,1073741823,1073741823,1073741823,1073741823,1073741823:l6
1073741823,1073741823,1073741823,1073741823,1073741823,1072693247,1071579135,1073049599,1073348607,1073737727,1073741823,1073741823,1073741823,1073741823,1073741823:l6
1073741823,1073741823,1073741823,1073741823,1073741823,1073741823,1067384831,1073049599,1073348607,1073737727,1073741823,1073741823,1073741823,1073741823,1073741823:l6
1073741823,1073741823,1073741823,1073741823,1073741823,1073741823,1071579135,1073049599,1069154303,1073737727,1073741823,1073741823,1073741823,1073741823,1073741823:l6
1073741823,1073741823,1073741823,1073741823,1073741823,1073741823,1071579135,1073049599,1073348607,1073737727,1069547519,1073741823,1073741823,1073741823,1073741823:l6
1073741823,1073741823,1073741823,1073741823,1073741823,1073741823,1071579135,1073049599,1073348607,1072689151,1073741823,1073741823,1073741823,1073741823,1073741823:l6
1073741823,1073741823,1073741823,1073741823,1073741823,1073741823,1071579135,1073049599,1073348607,1073737727,1073479679,1073741823,1073741823,1073741823,1073741823:l6
1073741823,1073741823,1073741823,1073741823,1073741823,1073741823,1071579135,1073049599,1073348607,1073737727,1072693247,1073741823,1073741823,1073741823,1073741823:l6
1073741823,1073741823,1073741823,1073741823,1073741823,1073741823,1071579135,1073049599,1073348607,1073737727,1073676287,1073741823,1073741823,1073741823,1073741823:l6
1073741823,1073741823,1073741823,1073741823,1073741823,1073741823,1071579135,1073049599,1073348607,1073737727,1073741823,1073741567,1073741823,1073741823,1073741823:l6
1073741823,1073741823,1073741823,1073741823,1073741823,1073741823,1071579135,1073049599,1073348607,1073737727,1073740799,1073741823,1073741823,1073741823,1073741823:l6
1073741823,1073741823,1073741823,1073741823,1073741823,1073741823,1071579135,1073049599,1073348607,1073737471,1073741823,1073741823,1073741823,1073741823,1073741823:l6
1073741823,1073741823,1073741823,1073741823,1073741823,1073741823,1071579135,1073049343,1073348607,1073737727,1073741823,1073741823,1073741823,1073741823,1073741823:l6
1073741823,1073741823,1073741823,1073741823,1073741823,1073741823,1071579135,1073049599,1073347583,1073737727,1073741823,1073741823,1073741823,1073741823,1073741823:l6
1073741823,1073741823,1073741823,1073741823,1073741823,1073741823,1071579135,1073049599,1073348607,1073672191,1073741823,1073741823,1073741823,1073741823,1073741823:l6
1073741823,1073741823,1073741823,1073741823,1073741823,1073741823,1071579135,1073049599,1073348607,1073737727,1073741823,1073676287,1073741823,1073741823,1073741823:l6
1073741823,1073741823,1073741823,1073741823,1073741823,1073741823,1071579135,1073049599,1073348607,1073737727,1073725439,1073741823,1073741823,1073741823,1073741823:l6
1073741823,1073741823,1073741823,1073741823,1073741823,1073741823,1071579135,1073049599,1073348607,1073737727,1073741823,1073737727,1073741823,1073741823,1073741823:l6
1073741823,1073741823,1073741823,1073741823,1073741823,1073741823,1071579135,1073049599,1073348607,1073737727,1073737727,1073741823,1073741823,1073741823,1073741823:l6
1073741823,1073741823,1073741823,1073741823,1073741823,1069547519,1071579135,1073049599,1073348607,1073737727,1073741823,1073741823,1073741823,1073741823,1073741823:g7
1073741823,1073741823,1073741823,1073741823,1073741823,1069547519,1071570943,1073049599,1073348351,1073737727,1073741823,1073741823,1073741823,1073741823,1073741823:f6
1073741823,1073741823,1073741823,1073741823,1073741823,1069547519,1071570687,1073049599,1073348607,1073737727,1073741823,1073741823,1073741823,1073741823,1073741823:f6
1073741823,1073741823,1073741823,1073741823,1073741567,1069547519,1071570943,1073049599,1073348607,1073737727,1073741823,1073741823,1073741823,1073741823,1073741823:j10
1073741823,1073741823,1073741823,1073741823,1073741823,1069547263,1071570943,1073049599,1073348607,1073737727,1073741823,1073741823,1073741823,1073741823,1073741823:f6
1073741823,1073741823,1073741823,1073741823,1073741823,1069547519,1071569919,1073049599,1073348607,1073737727,1073741823,1073741823,1073741823,1073741823,1073741823:f6
1073741823,1073741823,1073741823,1073741823,1073741823,1069543423,1071570943,1073049599,1073348607,1073737727,1073741823,1073741823,1073741823,1073741823,1073741823:f6
1073741823,1073741823,1073741823,1073479679,1073741823,1069547519,1071570943,1073049599,1073348607,1073737727,1073741823,1073741823,1073741823,1073741823,1073741823:f6
1073741823,1073741823,1073741823,1069547519,1073741823,1069547519,1071570943,1073049599,1073348607,1073737727,1073741823,1073741823,1073741823,1073741823,1073741823:f6
1073741823,1073741823,1073741823,1073741823,1069547519,1069547519,1071570943,1073049599,1073348607,1073737727,1073741823,1073741823,1073741823,1073741823,1073741823:f6
1073741823,1073741823,1073741823,1006632959,1073741823,1069547519,1071570943,1073049599,1073348607,1073737727,1073741823,1073741823,1073741823,1073741823,1073741823:f6
1073741823,1073741823,1073741823,1073741823,1073741823,1002438655,1071570943,1073049599,1073348607,1073737727,1073741823,1073741823,1073741823,1073741823,1073741823:f6
1073741823,1073741823,1073741823,1073741823,1073741823,1052770303,1071570943,1073049599,1073348607,1073737727,1073741823,1073741823,1073741823,1073741823,1073741823:f6
1073741823,1073741823,1073741823,1073741823,1073741823,1069547519,1071570943,1005940735,1073348607,1073737727,1073741823,1073741823,1073741823,1073741823,1073741823:f6
1073741823,1073741823,1073741823,1073741823,1073741823,1068498943,1071570943,1073049599,1073348607,1073737727,1073741823,1073741823,1073741823,1073741823,1073741823:f6
1073741823,1073741823,1073741823,1073741823,1056964607,1069547519,1071570943,1073049599,1073348607,1073737727,1073741823,1073741823,1073741823,1073741823,1073741823:f6
1073741823,1073741823,1073741823,1073741823,1073741823,1069547519,1054793727,1073049599,1073348607,1073737727,1073741823,1073741823,1073741823,1073741823,1073741823:f6
1073741823,1073741823,1073741823,1073741823,1073741823,1069547519,1071570943,1073049599,1056571391,1073737727,1073741823,1073741823,1073741823,1073741823,1073741823:f6
1073741823,1073741823,1073741823,1073741823,1073741823,1069547519,1067376639,1073049599,1073348607,1073737727,1073741823,1073741823,1073741823,1073741823,1073741823:f6
1073741823,1073741823,1073741823,1073741823,1073741823,1069547519,1071570943,1073049599,1069154303,1073737727,1073741823,1073741823,1073741823,1073741823,1073741823:f6
1073741823,1073741823,1073741823,1073741823,1073741823,1069547519,1071570943,1073049599,1073348607,1073737727,1069547519,1073741823,1073741823,1073741823,1073741823:f6
1073741823,1073741823,1073741823,1073741823,1073741823,1069547519,1071570943,1073049599,1073348607,1072689151,1073741823,1073741823,1073741823,1073741823,1073741823:f6
1073741823,1073741823,1073741823,1073741823,1073741823,1069547519,1071570943,1073049599,1073348607,1073737727,1073479679,1073741823,1073741823,1073741823,1073741823:f6
1073741823,1073741823,1073741823,1073741823,1073741823,1069547519,1071570943,1073049599,1073348607,1073737727,1072693247,1073741823,1073741823,1073741823,1073741823:f6
1073741823,1073741823,1073741823,1073741823,1073741823,1069547519,1071570943,1073049599,1073348607,1073737727,1073676287,1073741823,1073741823,1073741823,1073741823:f6
1073741823,1073741823,1073741823,1073741823,1073741823,1069547519,1071570943,1073049599,1073348607,1073737727,1073741823,1073741567,1073741823,1073741823,1073741823:f6
1073741823,1073741823,1073741823,1073741823,1073741823,1069547519,1071570943,1073049599,1073348607,1073737727,1073740799,1073741823,1073741823,1073741823,1073741823:f6
1073741823,1073741823,1073741823,1073741823,1073741823,1069547519,1071570943,1073049599,1073348607,1073737471,1073741823,1073741823,1073741823,1073741823,1073741823:f6
1073741823,1073741823,1073741823,1073741823,1073741823,1069547519,1071570943,1073049343,1073348607,1073737727,1073741823,1073741823,1073741823,1073741823,1073741823:f6
1073741823,1073741823,1073741823,1073741823,1073741823,1069547519,1071570943,1073049599,1073347583,1073737727,1073741823,1073741823,1073741823,1073741823,1073741823:f6
1073741823,1073741823,1073741823,1073741823,1073741823,1069547519,1071570943,1073049599,1073348607,1073672191,1073741823,1073741823,1073741823,1073741823,1073741823:f6
1073741823,1073741823,1073741823,1073741823,1073741823,1069547519,1071570943,1073049599,1073348607,1073737727,1073741823,1073676287,1073741823,1073741823,1073741823:f6
1073741823,1073741823,1073741823,1073741823,1073741823,1069547519,1071570943,1073049599,1073348607,1073737727,1073725439,1073741823,1073741823,1073741823,1073741823:f6
1073741823,1073741823,1073741823,1073741823,1073741823,1069547519,1071570943,1073049599,1073348607,1073737727,1073741823,1073737727,1073741823,1073741823,1073741823:f6
1073741823,1073741823,1073741823,1073741823,1073741823,1069547519,1071570943,1073049599,1073348607,1073737727,1073737727,1073741823,1073741823,1073741823,1073741823:f6
1073741823,1073741823,1073741823,1073741823,1073741823,1069547519,1071570943,1068855295,1073348607,1073737727,1073741823,1073741823,1073741823,1073741823,1073741823:f6
1073741823,1073741823,1073741823,1073741823,1073741823,1069547519,1071570943,1072001023,1073348607,1073737727,1073741823,1073741823,1073741823,1073741823,1073741823:f6
1073741823,1073741823,1073741823,1073741823,1073741823,1069547519,1071570943,1073049599,1073348607,1069543423,1073741823,1073741823,1073741823,1073741823,1073741823:f6
1073741823,1073741823,1073741823,1073741823,1073737727,1069547519,1071570943,1073049599,1073348607,1073737727,1073741823,1073741823,1073741823,1073741823,1073741823:f6
1073741823,1073741823,1073741823,1073741823,1073676287,1069547519,1071570943,1073049599,1073348607,1073737727,1073741823,1073741823,1073741823,1073741823,1073741823:f6
1073741823,1073741823,1073741823,1073741823,1073741823,1069481983,1071570943,1073049599,1073348607,1073737727,1073741823,1073741823,1073741823,1073741823,1073741823:f6
1073741823,1073741823,1073741823,1073741823,1072693247,1069547519,1071570943,1073049599,1073348607,1073737727,1073741823,1073741823,1073741823,1073741823,1073741823:f6
1073741823,1073741823,1073741823,1073741823,1073741823,1069547519,1071308799,1073049599,1073348607,1073737727,1073741823,1073741823,1073741823,1073741823,1073741823:f6
1073741823,1073741823,1073741823,1073741823,1073741823,1069547519,1071570943,1073049599,1072300031,1073737727,1073741823,1073741823,1073741823,1073741823,1073741823:f6
1073741823,1073741823,1073741823,1073741823,1073741823,1069547519,1071570943,1073049599,1073348607,1073736703,1073741823,1073741823,1073741823,1073741823,1073741823:f6
1073741823,1073741823,1073741823,1073741823,1073741823,1069547519,1071570943,1073049599,1073344511,1073737727,1073741823,1073741823,1073741823,1073741823,1073741823:f6
1073741823,1073741823,1073741823,1073741823,1073741823,1069547519,1071570943,1073048575,1073348607,1073737727,1073741823,1073741823,1073741823,1073741823,1073741823:f6
1073741823,1073741823,1073741823,1073741823,1073741823,1069546495,1071570943,1073049599,1073348607,1073737727,1073741823,1073741823,1073741823,1073741823,1073741823:f8
1073741823,1073741823,1073741823,1073741823,1073741823,1069546495,1071570943,1073047551,1073348607,1073737663,1073741823,1073741823,1073741823,1073741823,1073741823:i5
1073741823,1073741823,1073741823,1073741823,1073741823,1069546495,1071570943,1073047487,1073348607,1073737727,1073741823,1073741823,1073741823,1073741823,1073741823:i5
1073741823,1073741823,1073741823,1073741823,1073741823,1069546431,1071570943,1073047551,1073348607,1073737727,1073741823,1073741823,1073741823,1073741823,1073741823:i5
1073741823,1073741823,1073741823,1073741759,1073741823,1069546495,1071570943,1073047551,1073348607,1073737727,1073741823,1073741823,1073741823,1073741823,1073741823:i5
1073741823,1073741823,1073741823,1073740799,1073741823,1069546495,1071570943,1073047551,1073348607,1073737727,1073741823,1073741823,1073741823,1073741823,1073741823:i5
1073741823,1073741823,1073741823,1073741823,1073740799,1069546495,1071570943,1073047551,1073348607,1073737727,1073741823,1073741823,1073741823,1073741823,1073741823:i5
1073741823,1073741823,1073741823,1073725439,1073741823,1069546495,1071570943,1073047551,1073348607,1073737727,1073741823,1073741823,1073741823,1073741823,1073741823:j10
1073741823,1073741823,1073741823,1073741823,1073741823,1069546495,1071570943,1073047551,1073348351,1073737727,1073741823,1073741823,1073741823,1073741823,1073741823:j10
1073741823,1073741823,1073741823,1073741823,1073741823,1069546495,1071570687,1073047551,1073348607,1073737727,1073741823,1073741823,1073741823,1073741823,1073741823:i5
1073741823,1073741823,1073741823,1073741823,1073741567,1069546495,1071570943,1073047551,1073348607,1073737727,1073741823,1073741823,1073741823,1073741823,1073741823:i5
1073741823,1073741823,1073741823,1073479679,1073741823,1069546495,1071570943,1073047551,1073348607,1073737727,1073741823,1073741823,1073741823,1073741823,1073741823:j10
1073741823,1073741823,1073741823,1069547519,1073741823,1069546495,1071570943,1073047551,1073348607,1073737727,1073741823,1073741823,1073741823,1073741823,1073741823:i5
1073741823,1073741823,1073741823,1073741823,1069547519,1069546495,1071570943,1073047551,1073348607,1073737727,1073741823,1073741823,1073741823,1073741823,1073741823:i5
1073741823,1073741823,1073741823,1006632959,1073741823,1069546495,1071570943,1073047551,1073348607,1073737727,1073741823,1073741823,1073741823,1073741823,1073741823:i5
1073741823,1073741823,1073741823,1073741823,1073741823,1002437631,1071570943,1073047551,1073348607,1073737727,1073741823,1073741823,1073741823,1073741823,1073741823:i5
1073741823,1073741823,1073741823,1073741823,1073741823,1052769279,1071570943,1073047551,1073348607,1073737727,1073741823,1073741823,1073741823,1073741823,1073741823:i5
1073741823,1073741823,1073741823,1073741823,1073741823,1069546495,1071570943,1005938687,1073348607,1073737727,1073741823,1073741823,1073741823,1073741823,1073741823:i5
1073741823,1073741823,1073741823,1073741823,1056964607,1069546495,1071570943,1073047551,1073348607,1073737727,1073741823,1073741823,1073741823,1073741823,1073741823:i5
1073741823,1073741823,1073741823,1073741823,1073741823,1069546495,1054793727,1073047551,1073348607,1073737727,1073741823,1073741823,1073741823,1073741823,1073741823:i5
1073741823,1073741823,1073741823,1073741823,1073741823,1069546495,1071570943,1073047551,1056571391,1073737727,1073741823,1073741823,1073741823,1073741823,1073741823:j10
1073741823,1073741823,1073741823,1073741823,1073741823,1069546239,1071570943,1073047551,1073348607,1073737727,1073741823,1073741823,1073741823,1073741823,1073741823:i5
1073741823,1073741823,1073741823,1073741823,1073741823,1069546495,1071569919,1073047551,1073348607,1073737727,1073741823,1073741823,1073741823,1073741823,1073741823:i5
1073741823,1073741823,1073741823,1073741823,1073741823,1069542399,1071570943,1073047551,1073348607,1073737727,1073741823,1073741823,1073741823,1073741823,1073741823:i5
1073741823,1073741823,1073741823,1073741823,1073741823,1068497919,1071570943,1073047551,1073348607,1073737727,1073741823,1073741823,1073741823,1073741823,1073741823:i5
1073741823,1073741823,1073741823,1073741823,1073741823,1069546495,1067376639,1073047551,1073348607,1073737727,1073741823,1073741823,1073741823,1073741823,1073741823:i5
1073741823,1073741823,1073741823,1073741823,1073741823,1069546495,1071570943,1073047551,1069154303,1073737727,1073741823,1073741823,1073741823,1073741823,1073741823:i5
1073741823,1073741823,1073741823,1073741823,1073741823,1069546495,1071570943,1073047551,1073348607,1073737727,1069547519,1073741823,1073741823,1073741823,1073741823:i5
1073741823,1073741823,1073741823,1073741823,1073741823,1069546495,1071570943,1073047551,1073348607,1072689151,1073741823,1073741823,1073741823,1073741823,1073741823:i5
1073741823,1073741823,1073741823,1073741823,1073741823,1069546495,1071570943,1073047551,1073348607,1073737727,1073479679,1073741823,1073741823,1073741823,1073741823:i5
1073741823,1073741823,1073741823,1073741823,1073741823,1069546495,1071570943,1073047551,1073348607,1073737727,1072693247,1073741823,1073741823,1073741823,1073741823:i5
1073741823,1073741823,1073741823,1073741823,1073741823,1069546495,1071570943,1073047551,1073348607,1073737727,1073676287,1073741823,1073741823,1073741823,1073741823:i5
1073741823,1073741823,1073741823,1073741823,1073741823,1069546495,1071570943,1073047551,1073348607,1073737727,1073741823,1073741567,1073741823,1073741823,1073741823:i5
1073741823,1073741823,1073741823,1073741823,1073741823,1069546495,1071570943,1073047551,1073348607,1073737727,1073740799,1073741823,1073741823,1073741823,1073741823:i5
1073741823,1073741823,1073741823,1073741823,1073741823,1069546495,1071570943,1073047551,1073348607,1073737471,1073741823,1073741823,1073741823,1073741823,1073741823:i5
1073741823,1073741823,1073741823,1073741823,1073741823,1069546495,1071570943,1073047295,1073348607,1073737727,1073741823,1073741823,1073741823,1073741823,1073741823:i5
1073741823,1073741823,1073741823,1073741823,1073741823,1069546495,1071570943,1073047551,1073347583,1073737727,1073741823,1073741823,1073741823,1073741823,1073741823:i5
1073741823,1073741823,1073741823,1073741823,1073741823,1069546495,1071570943,1073047551,1073348607,1073672191,1073741823,1073741823,1073741823,1073741823,1073741823:i5
1073741823,1073741823,1073741823,1073741823,1073741823,1069546495,1071570943,1073047551,1073348607,1073737727,1073741823,1073676287,1073741823,1073741823,1073741823:i5
1073741823,1073741823,1073741823,1073741823,1073741823,1069546495,1071570943,1073047551,1073348607,1073737727,1073725439,1073741823,1073741823,1073741823,1073741823:i5
1073741823,1073741823,1073741823,1073741823,1073741823,1069546495,1071570943,1073047551,1073348607,1073737727,1073741823,1073737727,1073741823,1073741823,1073741823:i5
1073741823,1073741823,1073741823,1073741823,1073741823,1069546495,1071570943,1073047551,1073348607,1073737727,1073737727,1073741823,1073741823,1073741823,1073741823:g9
1073741823,1073741823,1073741823,1073741823,1073741823,1069546495,1071570943,1073047551,1073340415,1073737727,1073737727,1073741823,1073741567,1073741823,1073741823:i5
1073741823,1073741823,1073741823,1073741823,1073741823,1069546495,1071570943,1073047551,1073340415,1073737727,1073737727,1073740799,1073741823,1073741823,1073741823:i5
1073741823,1073741823,1073741823,1073741823,1073741823,1069546495,1071570943,1073047551,1073340415,1073737727,1073737471,1073741823,1073741823,1073741823,1073741823:i5
1073741823,1073741823,1073741823,1073741823,1073741823,1069546495,1071570943,1073047551,1073340415,1073737727,1073737727,1073741823,1073676287,1073741823,1073741823:i5
1073741823,1073741823,1073741823,1073741823,1073741823,1069546495,1071570943,1073047551,1073340415,1073737727,1073737727,1073725439,1073741823,1073741823,1073741823:i5
1073741823,1073741823,1073741823,1073741823,1073741823,1069546495,1071570943,1073047551,1073340415,1073737727,1073737727,1073741823,1073737727,1073741823,1073741823:k8
1073741823,1073741823,1073741823,1073741823,1073741823,1069546495,1071570943,1054173183,1073340415,1073737727,1073737727,1073741823,1073737727,1073741823,1073741823:l8
1073741823,1073741823,1073741823,1073741823,1073741823,1069546495,1071570943,1070950399,1073340415,1056960511,1073737727,1073741823,1073737727,1073741823,1073741823:l8
1073741823,1073741823,1073741823,1073741823,1073741823,1069546495,1071570943,1070950399,1073340415,1073737727,1073737727,1073741823,1073737727,1073741823,1073741567:l8
1073741823,1073741823,1073741823,1073741823,1073741823,1069546495,1071570943,1070950399,1073340415,1073737727,1073737727,1073741823,1073737727,1073740799,1073741823:l8
1073741823,1073741823,1073741823,1073741823,1073741823,1069546495,1071570943,1070950399,1073340415,1073737727,1073737727,1073741823,1073736703,1073741823,1073741823:l8
1073741823,1073741823,1073741823,1073741823,1073741823,1069546495,1071570943,1070950399,1073340415,1073737727,1073737727,1073741823,1073721343,1073741823,1073741823:l8
1073741823,1073741823,1073741823,1073741823,1073741823,1069546495,1071570943,1070950399,1073340415,1073737727,1073737727,1073741823,1073737727,1073741823,1073676287:l8
1073741823,1073741823,1073741823,1073741823,1073741823,1069546495,1071570943,1070950399,1073340415,1073737727,1073737727,1073741823,1073737727,1073725439,1073741823:l8
1073741823,1073741823,1073741823,1073741823,1073741823,1069546495,1071570943,1070950399,1073340415,1073737727,1073737727,1073741823,1073737727,1073741823,1073737727:l8
1073741823,1073741823,1073741823,1073741823,1073741823,1069546495,1071570943,1070950399,1073340415,1073737727,1073737727,1073741823,1073737727,1073737727,1073741823:l8
1073741823,1073741823,1073741823,1073741823,1073741823,1069546495,1071570943,1070950399,1073340415,1073737727,1073737727,1073741823,1073737471,1073741823,1073741823:l8
1073741823,1073741823,1073741823,1073741823,1073741823,1069546495,1071570943,1070950399,1073340415,1073737727,1073737727,1073740799,1073737727,1073741823,1073741823:l8
1073741823,1073741823,1073741823,1073741823,1073741823,1069546495,1071570943,1070950399,1073340415,1073737727,1073737471,1073741823,1073737727,1073741823,1073741823:l8
1073741823,1073741823,1073741823,1073741823,1073741823,1069546495,1071570943,1070950399,1073340415,1073737727,1073737727,1073741823,1073672191,1073741823,1073741823:l8
1073741823,1073741823,1073741823,1073741823,1073741823,1069546495,1071570943,1070950399,1073340415,1073737727,1073737727,1073725439,1073737727,1073741823,1073741823:l8
1073741823,1073741823,1073741823,1073741823,1073741823,1069546495,1071570943,1070950399,1073340415,1073737663,1073737727,1073741823,1073737727,1073741823,1073741823:l8
1073741823,1073741823,1073741823,1073741823,1073741823,1069546495,1071570943,1070950335,1073340415,1073737727,1073737727,1073741823,1073737727,1073741823,1073741823:l8
1073741823,1073741823,1073741823,1073741823,1073741823,1069546431,1071570943,1070950399,1073340415,1073737727,1073737727,1073741823,1073737727,1073741823,1073741823:l8
1073741823,1073741823,1073741823,1073741759,1073741823,1069546495,1071570943,1070950399,1073340415,1073737727,1073737727,1073741823,1073737727,1073741823,1073741823:l8
1073741823,1073741823,1073741823,1073740799,1073741823,1069546495,1071570943,1070950399,1073340415,1073737727,1073737727,1073741823,1073737727,1073741823,1073741823:l8
1073741823,1073741823,1073741823,1073741823,1073740799,1069546495,1071570943,1070950399,1073340415,1073737727,1073737727,1073741823,1073737727,1073741823,1073741823:l8
1073741823,1073741823,1073741823,1073725439,1073741823,1069546495,1071570943,1070950399,1073340415,1073737727,1073737727,1073741823,1073737727,1073741823,1073741823:l8
1073741823,1073741823,1073741823,1073741823,1073741823,1069546495,1071570943,1070950399,1073340159,1073737727,1073737727,1073741823,1073737727,1073741823,1073741823:l8
1073741823,1073741823,1073741823,1073741823,1073741823,1069546495,1071570687,1070950399,1073340415,1073737727,1073737727,1073741823,1073737727,1073741823,1073741823:l8
1073741823,1073741823,1073741823,1073741823,1073741567,1069546495,1071570943,1070950399,1073340415,1073737727,1073737727,1073741823,1073737727,1073741823,1073741823:l8
1073741823,1073741823,1073741823,1073479679,1073741823,1069546495,1071570943,1070950399,1073340415,1073737727,1073737727,1073741823,1073737727,1073741823,1073741823:l8
1073741823,1073741823,1073741823,1069547519,1073741823,1069546495,1071570943,1070950399,1073340415,1073737727,1073737727,1073741823,1073737727,1073741823,1073741823:l8
1073741823,1073741823,1073741823,1073741823,1069547519,1069546495,1071570943,1070950399,1073340415,1073737727,1073737727,1073741823,1073737727,1073741823,1073741823:l8
1073741823,1073741823,1073741823,1006632959,1073741823,1069546495,1071570943,1070950399,1073340415,1073737727,1073737727,1073741823,1073737727,1073741823,1073741823:l8
1073741823,1073741823,1073741823,1073741823,1073741823,1002437631,1071570943,1070950399,1073340415,1073737727,1073737727,1073741823,1073737727,1073741823,1073741823:l8
1073741823,1073741823,1073741823,1073741823,1073741823,1052769279,1071570943,1070950399,1073340415,1073737727,1073737727,1073741823,1073737727,1073741823,1073741823:l8
1073741823,1073741823,1073741823,1073741823,1073741823,1069546495,1071570943,1003841535,1073340415,1073737727,1073737727,1073741823,1073737727,1073741823,1073741823:l8
1073741823,1073741823,1073741823,1073741823,1056964607,1069546495,1071570943,1070950399,1073340415,1073737727,1073737727,1073741823,1073737727,1073741823,1073741823:l8
1073741823,1073741823,1073741823,1073741823,1073741823,1069546495,1054793727,1070950399,1073340415,1073737727,1073737727,1073741823,1073737727,1073741823,1073741823:l8
1073741823,1073741823,1073741823,1073741823,1073741823,1069546495,1071570943,1070950399,1056563199,1073737727,1073737727,1073741823,1073737727,1073741823,1073741823:l8
1073741823,1073741823,1073741823,1073741823,1073741823,1069546239,1071570943,1070950399,1073340415,1073737727,1073737727,1073741823,1073737727,1073741823,1073741823:l8
1073741823,1073741823,1073741823,1073741823,1073741823,1069546495,1071569919,1070950399,1073340415,1073737727,1073737727,1073741823,1073737727,1073741823,1073741823:l8
1073741823,1073741823,1073741823,1073741823,1073741823,1069542399,1071570943,1070950399,1073340415,1073737727,1073737727,1073741823,1073737727,1073741823,1073741823:l8
1073741823,1073741823,1073741823,1073741823,1073741823,1068497919,1071570943,1070950399,1073340415,1073737727,1073737727,1073741823,1073737727,1073741823,1073741823:l8
1073741823,1073741823,1073741823,1073741823,1073741823,1069546495,1067376639,1070950399,1073340415,1073737727,1073737727,1073741823,1073737727,1073741823,1073741823:l8
1073741823,1073741823,1073741823,1073741823,1073741823,1069546495,1071570943,1070950399,1069146111,1073737727,1073737727,1073741823,1073737727,1073741823,1073741823:l8
1073741823,1073741823,1073741823,1073741823,1073741823,1069546495,1071570943,1070950399,1073340415,1073737727,1069543423,1073741823,1073737727,1073741823,1073741823:l8
1073741823,1073741823,1073741823,1073741823,1073741823,1069546495,1071570943,1070950399,1073340415,1072689151,1073737727,1073741823,1073737727,1073741823,1073741823:l8
1073741823,1073741823,1073741823,1073741823,1073741823,1069546495,1071570943,1070950399,1073340415,1073737727,1073475583,1073741823,1073737727,1073741823,1073741823:l8
1073741823,1073741823,1073741823,1073741823,1073741823,1069546495,1071570943,1070950399,1073340415,1073737727,1072689151,1073741823,1073737727,1073741823,1073741823:l8
1073741823,1073741823,1073741823,1073741823,1073741823,1069546495,1071570943,1070950399,1073340415,1073737727,1073672191,1073741823,1073737727,1073741823,1073741823:l8
1073741823,1073741823,1073741823,1073741823,1073741823,1069546495,1071570943,1070950399,1073340415,1073737727,1073737727,1073741567,1073737727,1073741823,1073741823:l8
1073741823,1073741823,1073741823,1073741823,1073741823,1069546495,1071570943,1070950399,1073340415,1073737727,1073736703,1073741823,1073737727,1073741823,1073741823:l8
1073741823,1073741823,1073741823,1073741823,1073741823,1069546495,1071570943,1070950399,1073340415,1073737471,1073737727,1073741823,1073737727,1073741823,1073741823:l8
1073741823,1073741823,1073741823,1073741823,1073741823,1069546495,1071570943,1070950143,1073340415,1073737727,1073737727,1073741823,1073737727,1073741823,1073741823:l8
1073741823,1073741823,1073741823,1073741823,1073741823,1069546495,1071570943,1070950399,1073339391,1073737727,1073737727,1073741823,1073737727,1073741823,1073741823:l8
1073741823,1073741823,1073741823,1073741823,1073741823,1069546495,1071570943,1070950399,1073340415,1073672191,1073737727,1073741823,1073737727,1073741823,1073741823:l8
1073741823,1073741823,1073741823,1073741823,1073741823,1069546495,1071570943,1070950399,1073340415,1073737727,1073737727,1073676287,1073737727,1073741823,1073741823:l8
1073741823,1073741823,1073741823,1073741823,1073741823,1069546495,1071570943,1070950399,1073340415,1073737727,1073721343,1073741823,1073737727,1073741823,1073741823:l8
1073741823,1073741823,1073741823,1073741823,1073741823,1069546495,1071570943,1070950399,1073340415,1073737727,1073737727,1073737727,1073737727,1073741823,1073741823:l8
1073741823,1073741823,1073741823,1073741823,1073741823,1069546495,1071570943,1066756095,1073340415,1073737727,1073737727,1073741823,1073737727,1073741823,1073741823:e9
1073741823,1073741823,1073741823,1073741823,1073741823,1069546495,1071570943,1070950399,1073340415,1069543423,1073737727,1073741823,1073737727,1073741823,1073741823:l8
1073741823,1073741823,1073741823,1073741823,1073737727,1069546495,1071570943,1070950399,1073340415,1073737727,1073737727,1073741823,1073737727,1073741823,1073741823:l8
1073741823,1073741823,1073741823,1073741823,1073676287,1069546495,1071570943,1070950399,1073340415,1073737727,1073737727,1073741823,1073737727,1073741823,1073741823:l8
1073741823,1073741823,1073741823,1073741823,1073741823,1069480959,1071570943,1070950399,1073340415,1073737727,1073737727,1073741823,1073737727,1073741823,1073741823:l8
1073741823,1073741823,1073741823,1073741823,1072693247,1069546495,1071570943,1070950399,1073340415,1073737727,1073737727,1073741823,1073737727,1073741823,1073741823:l8
1073741823,1073741823,1073741823,1073741823,1073741823,1069546495,1071308799,1070950399,1073340415,1073737727,1073737727,1073741823,1073737727,1073741823,1073741823:l8
1073741823,1073741823,1073741823,1073741823,1073741823,1069546495,1071570943,1070950399,1072291839,1073737727,1073737727,1073741823,1073737727,1073741823,1073741823:l8
1073741823,1073741823,1073741823,1073741823,1073741823,1069546495,1071570943,1070950399,1073340415,1073736703,1073737727,1073741823,1073737727,1073741823,1073741823:l8
1073741823,1073741823,1073741823,1073741823,1073741823,1069530111,1071570943,1070950399,1073340415,1073737727,1073737727,1073741823,1073737727,1073741823,1073741823:l8
1073741823,1073741823,1073741823,1073741823,1073741823,1069546495,1071554559,1070950399,1073340415,1073737727,1073737727,1073741823,1073737727,1073741823,1073741823:l8
1073741823,1073741823,1073741823,1073741823,1073741823,1069284351,1071570943,1070950399,1073340415,1073737727,1073737727,1073741823,1073737727,1073741823,1073741823:l8
1073741823,1073741823,1073741823,1073741823,1073741823,1069546495,1071570943,1070950399,1073340415,1073475583,1073737727,1073741823,1073737727,1073741823,1073741823:l8
1073741823,1073741823,1073741823,1073741823,1073741823,1069546495,1071570943,1070950399,1073340415,1073721343,1073737727,1073741823,1073737727,1073741823,1073741823:l8
1073741823,1073741823,1073741823,1073741823,1073741823,1069546495,1071570943,1070950399,1073324031,1073737727,1073737727,1073741823,1073737727,1073741823,1073741823:l8
1073741823,1073741823,1073741823,1073741823,1073741823,1069546495,1071570943,1073047551,1073340415,1073737663,1073737727,1073741823,1073741823,1073741823,1073741823:i5
1073741823,1073741823,1073741823,1073741823,1073741823,1069546495,1071570943,1073047487,1073340415,1073737727,1073737727,1073741823,1073741823,1073741823,1073741823:i5
1073741823,1073741823,1073741823,1073741823,1073741823,1069546431,1071570943,1073047551,1073340415,1073737727,1073737727,1073741823,1073741823,1073741823,1073741823:i5
1073741823,1073741823,1073741823,1073741759,1073741823,1069546495,1071570943,1073047551,1073340415,1073737727,1073737727,1073741823,1073741823,1073741823,1073741823:i5
1073741823,1073741823,1073741823,1073740799,1073741823,1069546495,1071570943,1073047551,1073340415,1073737727,1073737727,1073741823,1073741823,1073741823,1073741823:i5
1073741823,1073741823,1073741823,1073741823,1073740799,1069546495,1071570943,1073047551,1073340415,1073737727,1073737727,1073741823,1073741823,1073741823,1073741823:i5
1073741823,1073741823,1073741823,1073725439,1073741823,1069546495,1071570943,1073047551,1073340415,1073737727,1073737727,1073741823,1073741823,1073741823,1073741823:e9
1073741823,1073741823,1073741823,1073741823,1073741823,1069546495,1071570943,1073047551,1073340159,1073737727,1073737727,1073741823,1073741823,1073741823,1073741823:j10
1073741823,1073741823,1073741823,1073741823,1073741823,1069546495,1071570687,1073047551,1073340415,1073737727,1073737727,1073741823,1073741823,1073741823,1073741823:i5
1073741823,1073741823,1073741823,1073741823,1073741567,1069546495,1071570943,1073047551,1073340415,1073737727,1073737727,1073741823,1073741823,1073741823,1073741823:i5
1073741823,1073741823,1073741823,1073479679,1073741823,1069546495,1071570943,1073047551,1073340415,1073737727,1073737727,1073741823,1073741823,1073741823,1073741823:e9
1073741823,1073741823,1073741823,1069547519,1073741823,1069546495,1071570943,1073047551,1073340415,1073737727,1073737727,1073741823,1073741823,1073741823,1073741823:i5
1073741823,1073741823,1073741823,1073741823,1069547519,1069546495,1071570943,1073047551,1073340415,1073737727,1073737727,1073741823,1073741823,1073741823,1073741823:i5
1073741823,1073741823,1073741823,1006632959,1073741823,1069546495,1071570943,1073047551,1073340415,1073737727,1073737727,1073741823,1073741823,1073741823,1073741823:i5
1073741823,1073741823,1073741823,1073741823,1073741823,1002437631,1071570943,1073047551,1073340415,1073737727,1073737727,1073741823,1073741823,1073741823,1073741823:i5
1073741823,1073741823,1073741823,1073741823,1073741823,1052769279,1071570943,1073047551,1073340415,1073737727,1073737727,1073741823,1073741823,1073741823,1073741823:i5
1073741823,1073741823,1073741823,1073741823,1073741823,1069546495,1071570943,1005938687,1073340415,1073737727,1073737727,1073741823,1073741823,1073741823,1073741823:i5
1073741823,1073741823,1073741823,1073741823,1056964607,1069546495,1071570943,1073047551,1073340415,1073737727,1073737727,1073741823,1073741823,1073741823,1073741823:i5
1073741823,1073741823,1073741823,1073741823,1073741823,1069546495,1054793727,1073047551,1073340415,1073737727,1073737727,1073741823,1073741823,1073741823,1073741823:i5
1073741823,1073741823,1073741823,1073741823,1073741823,1069546495,1071570943,1073047551,1056563199,1073737727,1073737727,1073741823,1073741823,1073741823,1073741823:e9
1073741823,1073741823,1073741823,1073741823,1073741823,1069546239,1071570943,1073047551,1073340415,1073737727,1073737727,1073741823,1073741823,1073741823,1073741823:i5
1073741823,1073741823,1073741823,1073741823,1073741823,1069546495,1071569919,1073047551,1073340415,1073737727,1073737727,1073741823,1073741823,1073741823,1073741823:i5
1073741823,1073741823,1073741823,1073741823,1073741823,1069542399,1071570943,1073047551,1073340415,1073737727,1073737727,1073741823,1073741823,1073741823,1073741823:i5
1073741823,1073741823,1073741823,1073741823,1073741823,1068497919,1071570943,1073047551,1073340415,1073737727,1073737727,1073741823,1073741823,1073741823,1073741823:i5
1073741823,1073741823,1073741823,1073741823,1073741823,1069546495,1067376639,1073047551,1073340415,1073737727,1073737727,1073741823,1073741823,1073741823,1073741823:i5
1073741823,1073741823,1073741823,1073741823,1073741823,1069546495,1071570943,1073047551,1069146111,1073737727,1073737727,1073741823,1073741823,1073741823,1073741823:i5
1073741823,1073741823,1073741823,1073741823,1073741823,1069546495,1071570943,1073047551,1073340415,1073737727,1069543423,1073741823,1073741823,1073741823,1073741823:i5
1073741823,1073741823,1073741823,1073741823,1073741823,1069546495,1071570943,1073047551,1073340415,1072689151,1073737727,1073741823,1073741823,1073741823,1073741823:i5
1073741823,1073741823,1073741823,1073741823,1073741823,1069546495,1071570943,1073047551,1073340415,1073737727,1073475583,1073741823,1073741823,1073741823,1073741823:i5
1073741823,1073741823,1073741823,1073741823,1073741823,1069546495,1071570943,1073047551,1073340415,1073737727,1072689151,1073741823,1073741823,1073741823,1073741823:i5
1073741823,1073741823,1073741823,1073741823,1073741823,1069546495,1071570943,1073047551,1073340415,1073737727,1073672191,1073741823,1073741823,1073741823,1073741823:i5
1073741823,1073741823,1073741823,1073741823,1073741823,1069546495,1071570943,1073047551,1073340415,1073737727,1073737727,1073741567,1073741823,1073741823,1073741823:i5
1073741823,1073741823,1073741823,1073741823,1073741823,1069546495,1071570943,1073047551,1073340415,1073737727,1073736703,1073741823,1073741823,1073741823,1073741823:i5
1073741823,1073741823,1073741823,1073741823,1073741823,1069546495,1071570943,1073047551,1073340415,1073737471,1073737727,1073741823,1073741823,1073741823,1073741823:i5
1073741823,1073741823,1073741823,1073741823,1073741823,1069546495,1071570943,1073047295,1073340415,1073737727,1073737727,1073741823,1073741823,1073741823,1073741823:i5
1073741823,1073741823,1073741823,1073741823,1073741823,1069546495,1071570943,1073047551,1073339391,1073737727,1073737727,1073741823,1073741823,1073741823,1073741823:i5
1073741823,1073741823,1073741823,1073741823,1073741823,1069546495,1071570943,1073047551,1073340415,1073672191,1073737727,1073741823,1073741823,1073741823,1073741823:i5
1073741823,1073741823,1073741823,1073741823,1073741823,1069546495,1071570943,1073047551,1073340415,1073737727,1073737727,1073676287,1073741823,1073741823,1073741823:i5
1073741823,1073741823,1073741823,1073741823,1073741823,1069546495,1071570943,1073047551,1073340415,1073737727,1073721343,1073741823,1073741823,1073741823,1073741823:i5
1073741823,1073741823,1073741823,1073741823,1073741823,1069546495,1071570943,1073047551,1073340415,1073737727,1073737727,1073737727,1073741823,1073741823,1073741823:i5
1073741823,1073741823,1073741823,1073741823,1073741823,1069546495,1071570943,1068853247,1073340415,1073737727,1073737727,1073741823,1073741823,1073741823,1073741823:e9
1073741823,1073741823,1073741823,1073741823,1073741823,1069546495,1071570943,1071998975,1073340415,1073737727,1073737727,1073741823,1073741823,1073741823,1073741823:e9
1073741823,1073741823,1073741823,1073741823,1073741823,1069546495,1071570943,1073047551,1073340415,1069543423,1073737727,1073741823,1073741823,1073741823,1073741823:i5
1073741823,1073741823,1073741823,1073741823,1073737727,1069546495,1071570943,1073047551,1073340415,1073737727,1073737727,1073741823,1073741823,1073741823,1073741823:i5
1073741823,1073741823,1073741823,1073741823,1073676287,1069546495,1071570943,1073047551,1073340415,1073737727,1073737727,1073741823,1073741823,1073741823,1073741823:e9
1073741823,1073741823,1073741823,1073741823,1073741823,1069480959,1071570943,1073047551,1073340415,1073737727,1073737727,1073741823,1073741823,1073741823,1073741823:i5
1073741823,1073741823,1073741823,1073741823,1072693247,1069546495,1071570943,1073047551,1073340415,1073737727,1073737727,1073741823,1073741823,1073741823,1073741823:i5
1073741823,1073741823,1073741823,1073741823,1073741823,1069546495,1071308799,1073047551,1073340415,1073737727,1073737727,1073741823,1073741823,1073741823,1073741823:i5
1073741823,1073741823,1073741823,1073741823,1073741823,1069546495,1071570943,1073047551,1072291839,1073737727,1073737727,1073741823,1073741823,1073741823,1073741823:i5
1073741823,1073741823,1073741823,1073741823,1073741823,1069546495,1071570943,1073047551,1073340415,1073736703,1073737727,1073741823,1073741823,1073741823,1073741823:i5
1073741823,1073741823,1073741823,1073741823,1073741823,1069530111,1071570943,1073047551,1073340415,1073737727,1073737727,1073741823,1073741823,1073741823,1073741823:j10
1073741823,1073741823,1073741823,1073741823,1073741823,1069546495,1071554559,1073047551,1073340415,1073737727,1073737727,1073741823,1073741823,1073741823,1073741823:i5
1073741823,1073741823,1073741823,1073741823,1073741823,1069284351,1071570943,1073047551,1073340415,1073737727,1073737727,1073741823,1073741823,1073741823,1073741823:h10
1073741823,1073741823,1073741823,1073741823,1073741823,1069546495,1071570943,1073047551,1073340415,1073475583,1073737727,1073741823,1073741823,1073741823,1073741823:i5
1073741823,1073741823,1073741823,1073741823,1073741823,1069546495,1071570943,1073047551,1073340415,1073721343,1073737727,1073741823,1073741823,1073741823,1073741823:i5
1073741823,1073741823,1073741823,1073741823,1073741823,1069546495,1071570943,1073047551,1073324031,1073737727,1073737727,1073741823,1073741823,1073741823,1073741823:i5
1073741823,1073741823,1073741823,1073741823,1073741823,1069546495,1071570943,1068853247,1073348607,1073737727,1073741823,1073741823,1073741823,1073741823,1073741823:e9
1073741823,1073741823,1073741823,1073741823,1073741823,1069546495,1071570943,1071998975,1073348607,1073737727,1073741823,1073741823,1073741823,1073741823,1073741823:e9
1073741823,1073741823,1073741823,1073741823,1073741823,1069546495,1071570943,1073047551,1073348607,1069543423,1073741823,1073741823,1073741823,1073741823,1073741823:i5
1073741823,1073741823,1073741823,1073741823,1073737727,1069546495,1071570943,1073047551,1073348607,1073737727,1073741823,1073741823,1073741823,1073741823,1073741823:i5
1073741823,1073741823,1073741823,1073741823,1073676287,1069546495,1071570943,1073047551,1073348607,1073737727,1073741823,1073741823,1073741823,1073741823,1073741823:j10
1073741823,1073741823,1073741823,1073741823,1073741823,1069480959,1071570943,1073047551,1073348607,1073737727,1073741823,1073741823,1073741823,1073741823,1073741823:i5
1073741823,1073741823,1073741823,1073741823,1072693247,1069546495,1071570943,1073047551,1073348607,1073737727,1073741823,1073741823,1073741823,1073741823,1073741823:i5
1073741823,1073741823,1073741823,1073741823,1073741823,1069546495,1071308799,1073047551,1073348607,1073737727,1073741823,1073741823,1073741823,1073741823,1073741823:i5
1073741823,1073741823,1073741823,1073741823,1073741823,1069546495,1071570943,1073047551,1072300031,1073737727,1073741823,1073741823,1073741823,1073741823,1073741823:i5
1073741823,1073741823,1073741823,1073741823,1073741823,1069546495,1071570943,1073047551,1073348607,1073736703,1073741823,1073741823,1073741823,1073741823,1073741823:i5
1073741823,1073741823,1073741823,1073741823,1073741823,1069546495,1071570943,1073047551,1073344511,1073737727,1073741823,1073741823,1073741823,1073741823,1073741823:g11
1073741823,1073741823,1073741823,1073741823,1073741823,1069546495,1071570943,1073047551,1073344511,1073737727,1073733631,1073741823,1073741567,1073741823,1073741823:h10
1073741823,1073741823,1073741823,1073741823,1073741823,1069546495,1071570943,1073047551,1073344511,1073737727,1073733631,1073740799,1073741823,1073741823,1073741823:h10
1073741823,1073741823,1073741823,1073741823,1073741823,1069546495,1071570943,1073047551,1073344511,1073737727,1073733631,1073741823,1073676287,1073741823,1073741823:h10
1073741823,1073741823,1073741823,1073741823,1073741823,1069546495,1071570943,1073047551,1073344511,1073737727,1073733631,1073725439,1073741823,1073741823,1073741823:h10
1073741823,1073741823,1073741823,1073741823,1073741823,1069546495,1071570943,1073047551,1073344511,1073737727,1073733631,1073741823,1073737727,1073741823,1073741823:h10
1073741823,1073741823,1073741823,1073741823,1073741823,1069546495,1071570943,1073047551,1073344511,1073737727,1073733375,1073741823,1073741823,1073741823,1073741823:h10
1073741823,1073741823,1073741823,1073741823,1073741823,1069546495,1071570943,1073047551,1073344511,1073737663,1073733631,1073741823,1073741823,1073741823,1073741823:h10
1073741823,1073741823,1073741823,1073741823,1073741823,1069546495,1071570943,1073047487,1073344511,1073737727,1073733631,1073741823,1073741823,1073741823,1073741823:h10
1073741823,1073741823,1073741823,1073741823,1073741823,1069546431,1071570943,1073047551,1073344511,1073737727,1073733631,1073741823,1073741823,1073741823,1073741823:h10
1073741823,1073741823,1073741823,1073741759,1073741823,1069546495,1071570943,1073047551,1073344511,1073737727,1073733631,1073741823,1073741823,1073741823,1073741823:h10
1073741823,1073741823,1073741823,1073740799,1073741823,1069546495,1071570943,1073047551,1073344511,1073737727,1073733631,1073741823,1073741823,1073741823,1073741823:h10
1073741823,1073741823,1073741823,1073741823,1073740799,1069546495,1071570943,1073047551,1073344511,1073737727,1073733631,1073741823,1073741823,1073741823,1073741823:h10
1073741823,1073741823,1073741823,1073725439,1073741823,1069546495,1071570943,1073047551,1073344511,1073737727,1073733631,1073741823,1073741823,1073741823,1073741823:h10
1073741823,1073741823,1073741823,1073741823,1073741823,1069546495,1071570943,1073047551,1073344255,1073737727,1073733631,1073741823,1073741823,1073741823,1073741823:h10
1073741823,1073741823,1073741823,1073741823,1073741823,1069546495,1071570687,1073047551,1073344511,1073737727,1073733631,1073741823,1073741823,1073741823,1073741823:h10
1073741823,1073741823,1073741823,1073741823,1073741567,1069546495,1071570943,1073047551,1073344511,1073737727,1073733631,1073741823,1073741823,1073741823,1073741823:h10
1073741823,1073741823,1073741823,1073479679,1073741823,1069546495,1071570943,1073047551,1073344511,1073737727,1073733631,1073741823,1073741823,1073741823,1073741823:h10
1073741823,1073741823,1073741823,1069547519,1073741823,1069546495,1071570943,1073047551,1073344511,1073737727,1073733631,1073741823,1073741823,1073741823,1073741823:h10
1073741823,1073741823,1073741823,1073741823,1069547519,1069546495,1071570943,1073047551,1073344511,1073737727,1073733631,1073741823,1073741823,1073741823,1073741823:h10
1073741823,1073741823,1073741823,1006632959,1073741823,1069546495,1071570943,1073047551,1073344511,1073737727,1073733631,1073741823,1073741823,1073741823,1073741823:h10
1073741823,1073741823,1073741823,1073741823,1073741823,1002437631,1071570943,1073047551,1073344511,1073737727,1073733631,1073741823,1073741823,1073741823,1073741823:h10
1073741823,1073741823,1073741823,1073741823,1073741823,1052769279,1071570943,1073047551,1073344511,1073737727,1073733631,1073741823,1073741823,1073741823,1073741823:h10
1073741823,1073741823,1073741823,1073741823,1073741823,1069546495,1071570943,1005938687,1073344511,1073737727,1073733631,1073741823,1073741823,1073741823,1073741823:h10
1073741823,1073741823,1073741823,1073741823,1056964607,1069546495,1071570943,1073047551,1073344511,1073737727,1073733631,1073741823,1073741823,1073741823,1073741823:h10
1073741823,1073741823,1073741823,1073741823,1073741823,1069546495,1054793727,1073047551,1073344511,1073737727,1073733631,1073741823,1073741823,1073741823,1073741823:h10
1073741823,1073741823,1073741823,1073741823,1073741823,1069546495,1071570943,1073047551,1056567295,1073737727,1073733631,1073741823,1073741823,1073741823,1073741823:h10
1073741823,1073741823,1073741823,1073741823,1073741823,1069546239,1071570943,1073047551,1073344511,1073737727,1073733631,1073741823,1073741823,1073741823,1073741823:h10
1073741823,1073741823,1073741823,1073741823,1073741823,1069546495,1071569919,1073047551,1073344511,1073737727,1073733631,1073741823,1073741823,1073741823,1073741823:h10
1073741823,1073741823,1073741823,1073741823,1073741823,1069542399,1071570943,1073047551,1073344511,1073737727,1073733631,1073741823,1073741823,1073741823,1073741823:h10
1073741823,1073741823,1073741823,1073741823,1073741823,1068497919,1071570943,1073047551,1073344511,1073737727,1073733631,1073741823,1073741823,1073741823,1073741823:h10
1073741823,1073741823,1073741823,1073741823,1073741823,1069546495,1067376639,1073047551,1073344511,1073737727,1073733631,1073741823,1073741823,1073741823,1073741823:h10
1073741823,1073741823,1073741823,1073741823,1073741823,1069546495,1071570943,1073047551,1069150207,1073737727,1073733631,1073741823,1073741823,1073741823,1073741823:h10
1073741823,1073741823,1073741823,1073741823,1073741823,1069546495,1071570943,1073047551,1073344511,1073737727,1069539327,1073741823,1073741823,1073741823,1073741823:h10
1073741823,1073741823,1073741823,1073741823,1073741823,1069546495,1071570943,1073047551,1073344511,1072689151,1073733631,1073741823,1073741823,1073741823,1073741823:h10
1073741823,1073741823,1073741823,1073741823,1073741823,1069546495,1071570943,1073047551,1073344511,1073737727,1073471487,1073741823,1073741823,1073741823,1073741823:h10
1073741823,1073741823,1073741823,1073741823,1073741823,1069546495,1071570943,1073047551,1073344511,1073737727,1072685055,1073741823,1073741823,1073741823,1073741823:h10
1073741823,1073741823,1073741823,1073741823,1073741823,1069546495,1071570943,1073047551,1073344511,1073737727,1073668095,1073741823,1073741823,1073741823,1073741823:h10
1073741823,1073741823,1073741823,1073741823,1073741823,1069546495,1071570943,1073047551,1073344511,1073737727,1073733631,1073741567,1073741823,1073741823,1073741823:h10
1073741823,1073741823,1073741823,1073741823,1073741823,1069546495,1071570943,1073047551,1073344511,1073737727,1073732607,1073741823,1073741823,1073741823,1073741823:h10
1073741823,1073741823,1073741823,1073741823,1073741823,1069546495,1071570943,1073047551,1073344511,1073737471,1073733631,1073741823,1073741823,1073741823,1073741823:h10
1073741823,1073741823,1073741823,1073741823,1073741823,1069546495,1071570943,1073047295,1073344511,1073737727,1073733631,1073741823,1073741823,1073741823,1073741823:h10
1073741823,1073741823,1073741823,1073741823,1073741823,1069546495,1071570943,1073047551,1073343487,1073737727,1073733631,1073741823,1073741823,1073741823,1073741823:h10
1073741823,1073741823,1073741823,1073741823,1073741823,1069546495,1071570943,1073047551,1073344511,1073672191,1073733631,1073741823,1073741823,1073741823,1073741823:h10
1073741823,1073741823,1073741823,1073741823,1073741823,1069546495,1071570943,1073047551,1073344511,1073737727,1073733631,1073676287,1073741823,1073741823,1073741823:h10
1073741823,1073741823,1073741823,1073741823,1073741823,1069546495,1071570943,1073047551,1073344511,1073737727,1073717247,1073741823,1073741823,1073741823,1073741823:h10
1073741823,1073741823,1073741823,1073741823,1073741823,1069546495,1071570943,1073047551,1073344511,1073737727,1073733631,1073737727,1073741823,1073741823,1073741823:h10
1073741823,1073741823,1073741823,1073741823,1073741823,1069546495,1071570943,1068853247,1073344511,1073737727,1073733631,1073741823,1073741823,1073741823,1073741823:h10
1073741823,1073741823,1073741823,1073741823,1073741823,1069546495,1071570943,1071998975,1073344511,1073737727,1073733631,1073741823,1073741823,1073741823,1073741823:h10
1073741823,1073741823,1073741823,1073741823,1073741823,1069546495,1071570943,1073047551,1073344511,1069543423,1073733631,1073741823,1073741823,1073741823,1073741823:h10
1073741823,1073741823,1073741823,1073741823,1073737727,1069546495,1071570943,1073047551,1073344511,1073737727,1073733631,1073741823,1073741823,1073741823,1073741823:h10
1073741823,1073741823,1073741823,1073741823,1073676287,1069546495,1071570943,1073047551,1073344511,1073737727,1073733631,1073741823,1073741823,1073741823,1073741823:h10
1073741823,1073741823,1073741823,1073741823,1073741823,1069480959,1071570943,1073047551,1073344511,1073737727,1073733631,1073741823,1073741823,1073741823,1073741823:h10
1073741823,1073741823,1073741823,1073741823,1072693247,1069546495,1071570943,1073047551,1073344511,1073737727,1073733631,1073741823,1073741823,1073741823,1073741823:h10
1073741823,1073741823,1073741823,1073741823,1073741823,1069546495,1071308799,1073047551,1073344511,1073737727,1073733631,1073741823,1073741823,1073741823,1073741823:h10
1073741823,1073741823,1073741823,1073741823,1073741823,1069546495,1071570943,1073047551,1072295935,1073737727,1073733631,1073741823,1073741823,1073741823,1073741823:h10
1073741823,1073741823,1073741823,1073741823,1073741823,1069546495,1071570943,1073047551,1073344511,1073736703,1073733631,1073741823,1073741823,1073741823,1073741823:h10
1073741823,1073741823,1073741823,1073741823,1073741823,1069530111,1071570943,1073047551,1073344511,1073737727,1073733631,1073741823,1073741823,1073741823,1073741823:h10
1073741823,1073741823,1073741823,1073741823,1073741823,1069546495,1071554559,1073047551,1073344511,1073737727,1073733631,1073741823,1073741823,1073741823,1073741823:h10
1073741823,1073741823,1073741823,1073741823,1073741823,1069284351,1071570943,1073047551,1073344511,1073737727,1073733631,1073741823,1073741823,1073741823,1073741823:h10
1073741823,1073741823,1073741823,1073741823,1073741823,1069546495,1071570943,1073047551,1073344511,1073475583,1073733631,1073741823,1073741823,1073741823,1073741823:h10
1073741823,1073741823,1073741823,1073741823,1073741823,1069546495,1071570943,1073047551,1073344511,1073721343,1073733631,1073741823,1073741823,1073741823,1073741823:i5
1073741823,1073741823,1073741823,1073741823,1073741823,1069546495,1071570943,1073047551,1073328127,1073737727,1073733631,1073741823,1073741823,1073741823,1073741823:h10
1073741823,1073741823,1073741823,1073741823,1073741823,1069530111,1071570943,1073047551,1073348607,1073737727,1073741823,1073741823,1073741823,1073741823,1073741823:j10
1073741823,1073741823,1073741823,1073741823,1073741823,1069546495,1071554559,1073047551,1073348607,1073737727,1073741823,1073741823,1073741823,1073741823,1073741823:i5
1073741823,1073741823,1073741823,1073741823,1073741823,1069284351,1071570943,1073047551,1073348607,1073737727,1073741823,1073741823,1073741823,1073741823,1073741823:j10
1073741823,1073741823,1073741823,1073741823,1073741823,1069546495,1071570943,1073047551,1073348607,1073475583,1073741823,1073741823,1073741823,1073741823,1073741823:i5
1073741823,1073741823,1073741823,1073741823,1073741823,1069546495,1071570943,1073047551,1073348607,1073721343,1073741823,1073741823,1073741823,1073741823,1073741823:i5
1073741823,1073741823,1073741823,1073741823,1073741823,1069546495,1071570943,1073047551,1073332223,1073737727,1073741823,1073741823,1073741823,1073741823,1073741823:i5
1073741823,1073741823,1073741823,1073741823,1073741823,1069531135,1071570943,1073049599,1073348607,1073737727,1073741823,1073741823,1073741823,1073741823,1073741823:f6
1073741823,1073741823,1073741823,1073741823,1073741823,1069547519,1071554559,1073049599,1073348607,1073737727,1073741823,1073741823,1073741823,1073741823,1073741823:f6
1073741823,1073741823,1073741823,1073741823,1073741823,1069285375,1071570943,1073049599,1073348607,1073737727,1073741823,1073741823,1073741823,1073741823,1073741823:f6
1073741823,1073741823,1073741823,1073741823,1073741823,1069547519,1071570943,1073049599,1073348607,1073475583,1073741823,1073741823,1073741823,1073741823,1073741823:i5
1073741823,1073741823,1073741823,1073741823,1073594367,1069547519,1071570943,1073049599,1073348607,1073475583,1073741823,1073741823,1073741823,1073741823,1073741823:l8
1073741823,1073741823,1073737727,1073741823,1073610751,1069547519,1071570943,1073049599,1073348607,1073475583,1073741823,1073741823,1073741823,1073741823,1073741823:l8
1073741823,1073741823,1073741823,1073725439,1073610751,1069547519,1071570943,1073049599,1073348607,1073475583,1073741823,1073741823,1073741823,1073741823,1073741823:f8
1073741823,1073741823,1073676287,1073741823,1073610751,1069547519,1071570943,1073049599,1073348607,1073475583,1073741823,1073741823,1073741823,1073741823,1073741823:l8
1073741823,1073741823,1073741823,1073676287,1073610751,1069547519,1071570943,1073049599,1073348607,1073475583,1073741823,1073741823,1073741823,1073741823,1073741823:l8
1073741823,1073741823,1072693247,1073741823,1073610751,1069547519,1071570943,1073049599,1073348607,1073475583,1073741823,1073741823,1073741823,1073741823,1073741823:l8
1073741823,1073741823,1073741823,1073741823,1073348607,1069547519,1071570943,1073049599,1073348607,1073475583,1073741823,1073741823,1073741823,1073741823,1073741823:l8
1073741823,1073741823,1073741823,1073741823,1073610751,1069547519,1071570943,1073049599,1073348607,1073475583,1073741823,1073725439,1073741823,1073741823,1073741823:l8
1073741823,1073741823,1073741823,1073741823,1073610751,1069547519,1071570943,1073049599,1073348607,1073475583,1073741823,1069547519,1073741823,1073741823,1073741823:l8
1073741823,1073741823,1073741823,1073741823,1073610751,1069547519,1071570943,1073049599,1073348607,1073475583,1073741823,1073479679,1073741823,1073741823,1073741823:l8
1073741823,1073741823,1073741823,1073741823,1073610751,1069547519,1071570943,1073049599,1073348351,1073475583,1073741823,1073741823,1073741823,1073741823,1073741823:l8
1073741823,1073741823,1073741823,1073741823,1073610751,1069547519,1071570687,1073049599,1073348607,1073475583,1073741823,1073741823,1073741823,1073741823,1073741823:l8
1073741823,1073741823,1073741823,1073741823,1073610495,1069547519,1071570943,1073049599,1073348607,1073475583,1073741823,1073741823,1073741823,1073741823,1073741823:l8
1073741823,1073741823,1073741823,1073479679,1073610751,1069547519,1071570943,1073049599,1073348607,1073475583,1073741823,1073741823,1073741823,1073741823,1073741823:l8
1073741823,1073741823,1073741823,1069547519,1073610751,1069547519,1071570943,1073049599,1073348607,1073475583,1073741823,1073741823,1073741823,1073741823,1073741823:l8
1073741823,1073741823,1073741823,1073741823,1069416447,1069547519,1071570943,1073049599,1073348607,1073475583,1073741823,1073741823,1073741823,1073741823,1073741823:l8
1073741823,1073741823,1073741823,1006632959,1073610751,1069547519,1071570943,1073049599,1073348607,1073475583,1073741823,1073741823,1073741823,1073741823,1073741823:l8
1073741823,1073741823,1073741823,1073741823,1073610751,1002438655,1071570943,1073049599,1073348607,1073475583,1073741823,1073741823,1073741823,1073741823,1073741823:l8
1073741823,1073741823,1073741823,1073741823,1073610751,1052770303,1071570943,1073049599,1073348607,1073475583,1073741823,1073741823,1073741823,1073741823,1073741823:l8
1073741823,1073741823,1073741823,1073741823,1073610751,1069547519,1071570943,1005940735,1073348607,1073475583,1073741823,1073741823,1073741823,1073741823,1073741823:l8
1073741823,1073741823,1073741823,1073741823,1056833535,1069547519,1071570943,1073049599,1073348607,1073475583,1073741823,1073741823,1073741823,1073741823,1073741823:l8
1073741823,1073741823,1073741823,1073741823,1073610751,1069547519,1054793727,1073049599,1073348607,1073475583,1073741823,1073741823,1073741823,1073741823,1073741823:l8
1073741823,1073741823,1073741823,1073741823,1073610751,1069547519,1071570943,1073049599,1056571391,1073475583,1073741823,1073741823,1073741823,1073741823,1073741823:h6
1073741823,1073741823,1073741823,1073741823,1073610751,1069547263,1071570943,1073049599,1073348607,1073475583,1073741823,1073741823,1073741823,1073741823,1073741823:l8
1073741823,1073741823,1073741823,1073741823,1073610751,1069547519,1071569919,1073049599,1073348607,1073475583,1073741823,1073741823,1073741823,1073741823,1073741823:l8
1073741823,1073741823,1073741823,1073741823,1073610751,1069543423,1071570943,1073049599,1073348607,1073475583,1073741823,1073741823,1073741823,1073741823,1073741823:l8
1073741823,1073741823,1073741823,1073741823,1073610751,1068498943,1071570943,1073049599,1073348607,1073475583,1073741823,1073741823,1073741823,1073741823,1073741823:l8
1073741823,1073741823,1073741823,1073741823,1073610751,1069547519,1067376639,1073049599,1073348607,1073475583,1073741823,1073741823,1073741823,1073741823,1073741823:l8
1073741823,1073741823,1073741823,1073741823,1073610751,1069547519,1071570943,1073049599,1069154303,1073475583,1073741823,1073741823,1073741823,1073741823,1073741823:l8
1073741823,1073741823,1073741823,1073741823,1073610751,1069547519,1071570943,1073049599,1073348607,1073475583,1069547519,1073741823,1073741823,1073741823,1073741823:l8
1073741823,1073741823,1073741823,1073741823,1073610751,1069547519,1071570943,1073049599,1073348607,1072427007,1073741823,1073741823,1073741823,1073741823,1073741823:l8
1073741823,1073741823,1073741823,1073741823,1073610751,1069547519,1071570943,1073049599,1073348607,1073475583,1073479679,1073741823,1073741823,1073741823,1073741823:l8
1073741823,1073741823,1073741823,1073741823,1073610751,1069547519,1071570943,1073049599,1073348607,1073475583,1072693247,1073741823,1073741823,1073741823,1073741823:l8
1073741823,1073741823,1073741823,1073741823,1073610751,1069547519,1071570943,1073049599,1073348607,1073475583,1073676287,1073741823,1073741823,1073741823,1073741823:l8
1073741823,1073741823,1073741823,1073741823,1073610751,1069547519,1071570943,1073049599,1073348607,1073475583,1073741823,1073741567,1073741823,1073741823,1073741823:l8
1073741823,1073741823,1073741823,1073741823,1073610751,1069547519,1071570943,1073049599,1073348607,1073475583,1073740799,1073741823,1073741823,1073741823,1073741823:l8
1073741823,1073741823,1073741823,1073741823,1073610751,1069547519,1071570943,1073049599,1073348607,1073475327,1073741823,1073741823,1073741823,1073741823,1073741823:l8
1073741823,1073741823,1073741823,1073741823,1073610751,1069547519,1071570943,1073049343,1073348607,1073475583,1073741823,1073741823,1073741823,1073741823,1073741823:l8
1073741823,1073741823,1073741823,1073741823,1073610751,1069547519,1071570943,1073049599,1073347583,1073475583,1073741823,1073741823,1073741823,1073741823,1073741823:l8
1073741823,1073741823,1073741823,1073741823,1073610751,1069547519,1071570943,1073049599,1073348607,1073410047,1073741823,1073741823,1073741823,1073741823,1073741823:l8
1073741823,1073741823,1073741823,1073741823,1073610751,1069547519,1071570943,1073049599,1073348607,1073475583,1073741823,1073676287,1073741823,1073741823,1073741823:l8
1073741823,1073741823,1073741823,1073741823,1073610751,1069547519,1071570943,1073049599,1073348607,1073475583,1073725439,1073741823,1073741823,1073741823,1073741823:l8
1073741823,1073741823,1073741823,1073741823,1073610751,1069547519,1071570943,1073049599,1073348607,1073475583,1073741823,1073737727,1073741823,1073741823,1073741823:l8
1073741823,1073741823,1073741823,1073741823,1073610751,1069547519,1071570943,1073049599,1073348607,1073475583,1073737727,1073741823,1073741823,1073741823,1073741823:l8
1073741823,1073741823,1073741823,1073741823,1073610751,1069547519,1071570943,1068855295,1073348607,1073475583,1073741823,1073741823,1073741823,1073741823,1073741823:f8
1073741823,1073741823,1073741823,1073741823,1073610751,1069547519,1071570943,1072001023,1073348607,1073475583,1073741823,1073741823,1073741823,1073741823,1073741823:h4
1073741823,1073741823,1073741823,1073741823,1073610751,1069547519,1071570943,1073049599,1073348607,1069281279,1073741823,1073741823,1073741823,1073741823,1073741823:l8
1073741823,1073741823,1073741823,1073741823,1073606655,1069547519,1071570943,1073049599,1073348607,1073475583,1073741823,1073741823,1073741823,1073741823,1073741823:l8
1073741823,1073741823,1073741823,1073741823,1073610751,1069481983,1071570943,1073049599,1073348607,1073475583,1073741823,1073741823,1073741823,1073741823,1073741823:l8
1073741823,1073741823,1073741823,1073741823,1072562175,1069547519,1071570943,1073049599,1073348607,1073475583,1073741823,1073741823,1073741823,1073741823,1073741823:l8
1073741823,1073741823,1073741823,1073741823,1073610751,1069547519,1071308799,1073049599,1073348607,1073475583,1073741823,1073741823,1073741823,1073741823,1073741823:l8
1073741823,1073741823,1073741823,1073741823,1073610751,1069547519,1071570943,1073049599,1072300031,1073475583,1073741823,1073741823,1073741823,1073741823,1073741823:l8
1073741823,1073741823,1073741823,1073741823,1073610751,1069547519,1071570943,1073049599,1073348607,1073474559,1073741823,1073741823,1073741823,1073741823,1073741823:l8
1073741823,1073741823,1073741823,1073741823,1073610751,1069547519,1071570943,1073049599,1073344511,1073475583,1073741823,1073741823,1073741823,1073741823,1073741823:l8
1073741823,1073741823,1073741823,1073741823,1073610751,1069547519,1071570943,1073048575,1073348607,1073475583,1073741823,1073741823,1073741823,1073741823,1073741823:l8
1073741823,1073741823,1073741823,1073741823,1073610751,1069546495,1071570943,1073049599,1073348607,1073475583,1073741823,1073741823,1073741823,1073741823,1073741823:l8
1073741823,1073741823,1073741823,1073741823,1073610751,1069531135,1071570943,1073049599,1073348607,1073475583,1073741823,1073741823,1073741823,1073741823,1073741823:l8
1073741823,1073741823,1073741823,1073741823,1073610751,1069547519,1071554559,1073049599,1073348607,1073475583,1073741823,1073741823,1073741823,1073741823,1073741823:l8
1073741823,1073741823,1073741823,1073741823,1073610751,1069285375,1071570943,1073049599,1073348607,1073475583,1073741823,1073741823,1073741823,1073741823,1073741823:h6
1073741823,1073741823,1073741823,1073741823,1073610751,1069547519,1071570943,1073049599,1073348607,1073459199,1073741823,1073741823,1073741823,1073741823,1073741823:l8
1073741823,1073741823,1073741823,1073741823,1073610751,1069547519,1071570943,1073049599,1073332223,1073475583,1073741823,1073741823,1073741823,1073741823,1073741823:l8
1073741823,1073741823,1073741823,1073741823,1073741823,1069547519,1071570943,1073049599,1073348607,1073721343,1073741823,1073741823,1073741823,1073741823,1073741823:f6
1073741823,1073741823,1073741823,1073741823,1073741823,1069547519,1071570943,1073049599,1073332223,1073737727,1073741823,1073741823,1073741823,1073741823,1073741823:f6
1073741823,1073741823,1073741823,1073741823,1073741823,1073741823,1071579135,1068855295,1073348607,1073737727,1073741823,1073741823,1073741823,1073741823,1073741823:l6
1073741823,1073741823,1073741823,1073741823,1073741823,1073741823,1071579135,1072001023,1073348607,1073737727,1073741823,1073741823,1073741823,1073741823,1073741823:l6
1073741823,1073741823,1073741823,1073741823,1073741823,1073741823,1071579135,1073049599,1073348607,1069543423,1073741823,1073741823,1073741823,1073741823,1073741823:l6
1073741823,1073741823,1073741823,1073741823,1073737727,1073741823,1071579135,1073049599,1073348607,1073737727,1073741823,1073741823,1073741823,1073741823,1073741823:l6
1073741823,1073741823,1073741823,1073741823,1073676287,1073741823,1071579135,1073049599,1073348607,1073737727,1073741823,1073741823,1073741823,1073741823,1073741823:l6
1073741823,1073741823,1073741823,1073741823,1073741823,1073676287,1071579135,1073049599,1073348607,1073737727,1073741823,1073741823,1073741823,1073741823,1073741823:l6
1073741823,1073741823,1073741823,1073741823,1072693247,1073741823,1071579135,1073049599,1073348607,1073737727,1073741823,1073741823,1073741823,1073741823,1073741823:l6
1073741823,1073741823,1073741823,1073741823,1073741823,1073741823,1071316991,1073049599,1073348607,1073737727,1073741823,1073741823,1073741823,1073741823,1073741823:l6
1073741823,1073741823,1073741823,1073741823,1073741823,1073741823,1071579135,1073049599,1072300031,1073737727,1073741823,1073741823,1073741823,1073741823,1073741823:l6
1073741823,1073741823,1073741823,1073741823,1073741823,1073741823,1071579135,1073049599,1073348607,1073736703,1073741823,1073741823,1073741823,1073741823,1073741823:l6
1073741823,1073741823,1073741823,1073741823,1073741823,1073741823,1071579135,1073049599,1073344511,1073737727,1073741823,1073741823,1073741823,1073741823,1073741823:l6
1073741823,1073741823,1073741823,1073741823,1073741823,1073741823,1071579135,1073048575,1073348607,1073737727,1073741823,1073741823,1073741823,1073741823,1073741823:l6
1073741823,1073741823,1073741823,1073741823,1073741823,1073740799,1071579135,1073049599,1073348607,1073737727,1073741823,1073741823,1073741823,1073741823,1073741823:l6
1073741823,1073741823,1073741823,1073741823,1073741823,1073741823,1071575039,1073049599,1073348607,1073737727,1073741823,1073741823,1073741823,1073741823,1073741823:l6
1073741823,1073741823,1073741823,1073741823,1073741823,1073725439,1071579135,1073049599,1073348607,1073737727,1073741823,1073741823,1073741823,1073741823,1073741823:l6
1073741823,1073741823,1073741823,1073741823,1073741823,1073741823,1071562751,1073049599,1073348607,1073737727,1073741823,1073741823,1073741823,1073741823,1073741823:l6
1073741823,1073741823,1073741823,1073741823,1073741823,1073479679,1071579135,1073049599,1073348607,1073737727,1073741823,1073741823,1073741823,1073741823,1073741823:l6
1073741823,1073741823,1073741823,1073741823,1073741823,1073741823,1071579135,1073049599,1073348607,1073475583,1073741823,1073741823,1073741823,1073741823,1073741823:l6
1073741823,1073741823,1073741823,1073741823,1073741823,1073741823,1071579135,1073049599,1073348607,1073721343,1073741823,1073741823,1073741823,1073741823,1073741823:k8
1073741823,1073741823,1073741823,1073741823,1073741823,1073741823,1071579135,1073049599,1073332223,1073737727,1073741823,1073741823,1073741823,1073741823,1073741823:l6
1073741823,1073741823,1073741823,1073741823,1073741823,1073740799,1073676287,1073053695,1073348607,1073737727,1073741823,1073741823,1073741823,1073741823,1073741823:g8
1073741823,1073741823,1073741823,1073741823,1073741823,1073741823,1073672191,1073053695,1073348607,1073737727,1073741823,1073741823,1073741823,1073741823,1073741823:g8
1073741823,1073741823,1073741823,1073741823,1073741823,1073725439,1073676287,1073053695,1073348607,1073737727,1073741823,1073741823,1073741823,1073741823,1073741823:g8
1073741823,1073741823,1073741823,1073741823,1073741823,1073741823,1073659903,1073053695,1073348607,1073737727,1073741823,1073741823,1073741823,1073741823,1073741823:g8
1073741823,1073741823,1073741823,1073741823,1073741823,1073479679,1073676287,1073053695,1073348607,1073737727,1073741823,1073741823,1073741823,1073741823,1073741823:g8
1073741823,1073741823,1073741823,1073741823,1073741823,1073741823,1073676287,1073053695,1073348607,1073475583,1073741823,1073741823,1073741823,1073741823,1073741823:g8
1073741823,1073741823,1073741823,1073741823,1073741823,1073741823,1073676287,1073053695,1073348607,1073721343,1073741823,1073741823,1073741823,1073741823,1073741823:g8
1073741823,1073741823,1073741823,1073741823,1073741823,1073741823,1073676287,1073053695,1073332223,1073737727,1073741823,1073741823,1073741823,1073741823,1073741823:g8
