1073741823,1073741823,1073741823,1073741823,1073676287,1073741823,1073151999,1066758143,1073741823,1073725439,1073741823,1073741823,1073741823,1073741823,1073741823:h7
1073741823,1073741823,1073741823,1073741823,1073675263,1073741823,1073119231,1066758143,1073741823,1073725439,1073741823,1073741823,1073741823,1073741823,1073741823:h5
1073741823,1073741823,1073737727,1073741823,1073676287,1073741823,1073119231,1066758143,1073741823,1073725439,1073741823,1073741823,1073741823,1073741823,1073741823:h5
1073741823,1073741823,1073741823,1073725439,1073676287,1073741823,1073119231,1066758143,1073741823,1073725439,1073741823,1073741823,1073741823,1073741823,1073741823:h5
1073741823,1073741823,1073676287,1073741823,1073676287,1073741823,1073119231,1066758143,1073741823,1073725439,1073741823,1073741823,1073741823,1073741823,1073741823:j9
1073741823,1073741823,1073741823,1073676287,1073676287,1073741823,1073119231,1066758143,1073741823,1073725439,1073741823,1073741823,1073741823,1073741823,1073741823:j9
1073741823,1073741823,1072693247,1073741823,1073676287,1073741823,1073119231,1066758143,1073741823,1073725439,1073741823,1073741823,1073741823,1073741823,1073741823:h5
1073741823,1073741823,1073741823,1073479679,1073676287,1073741823,1073119231,1066758143,1073741823,1073725439,1073741823,1073741823,1073741823,1073741823,1073741823:h5
1073741823,1073741823,1073741823,1073741823,1073659903,1073741823,1073119231,1066758143,1073741823,1073725439,1073741823,1073741823,1073741823,1073741823,1073741823:j9
1073741823,1073741823,1073741823,1073741823,1073414143,1073741823,1073119231,1066758143,1073741823,1073725439,1073741823,1073741823,1073741823,1073741823,1073741823:h5
1073741823,1073741823,1073741823,1073741823,1069481983,1073741823,1073119231,1066758143,1073741823,1073725439,1073741823,1073741823,1073741823,1073741823,1073741823:h5
1073741823,1073741823,1073741823,1073741823,1073676287,1006632959,1073119231,1066758143,1073741823,1073725439,1073741823,1073741823,1073741823,1073741823,1073741823:h5
1073741823,1073741823,1073741823,1073741823,1073676287,1073741823,1056342015,1066758143,1073741823,1073725439,1073741823,1073741823,1073741823,1073741823,1073741823:h5
1073741823,1073741823,1073741823,1073741823,1073676287,1073741823,1073119231,999649279,1073741823,1073725439,1073741823,1073741823,1073741823,1073741823,1073741823:h5
1073741823,1073741823,1073741823,1073741823,1073676287,1073741823,1073119231,1066758143,1073741823,1006616575,1073741823,1073741823,1073741823,1073741823,1073741823:h5
1073741823,1073741823,1073741823,1073741823,1073676287,1073741823,1073119231,1066758143,1056964607,1073725439,1073741823,1073741823,1073741823,1073741823,1073741823:h5
1073741823,1073741823,1073741823,1073741823,1073676287,1056964607,1073119231,1066758143,1073741823,1073725439,1073741823,1073741823,1073741823,1073741823,1073741823:h5
1073741823,1073741823,1073741823,1073741823,1073676287,1073741823,1068924927,1066758143,1073741823,1073725439,1073741823,1073741823,1073741823,1073741823,1073741823:h5
1073741823,1073741823,1073741823,1073741823,1073676287,1073741823,1073119231,1049980927,1073741823,1073725439,1073741823,1073741823,1073741823,1073741823,1073741823:h5
1073741823,1073741823,1073741823,1073741823,1073676287,1073741823,1073119231,1066758143,1073741823,1056948223,1073741823,1073741823,1073741823,1073741823,1073741823:h5
1073741823,1073741823,1073741823,1073741823,1073676287,1073741823,1073119231,1066758143,1069547519,1073725439,1073741823,1073741823,1073741823,1073741823,1073741823:j9
1073741823,1073741823,1073741823,1073741823,1073676287,1073741823,1073119231,1066758143,1073741823,1073725183,1073741823,1073741823,1073741823,1073741823,1073741823:h5
1073741823,1073741823,1073741823,1073741823,1073676287,1073741823,1073119231,1066758143,1073740799,1073725439,1073741823,1073741823,1073741823,1073741823,1073741823:h5
1073741823,1073741823,1073741823,1073741823,1073676287,1073741823,1073119231,1066757887,1073741823,1073725439,1073741823,1073741823,1073741823,1073741823,1073741823:h5
1073741823,1073741823,1073741823,1073741823,1073676287,1073741567,1073119231,1066758143,1073741823,1073725439,1073741823,1073741823,1073741823,1073741823,1073741823:h5
1073741823,1073741823,1073741823,1073741823,1073676287,1073741823,1073118207,1066758143,1073741823,1073725439,1073741823,1073741823,1073741823,1073741823,1073741823:h5
1073741823,1073741823,1073741823,1073741823,1073676287,1073737727,1073119231,1066758143,1073741823,1073725439,1073741823,1073741823,1073741823,1073741823,1073741823:h5
1073741823,1073741823,1073741823,1073741823,1073676287,1072693247,1073119231,1066758143,1073741823,1073725439,1073741823,1073741823,1073741823,1073741823,1073741823:h5
1073741823,1073741823,1073741823,1073741823,1073676287,1073741823,1073119231,1066758143,1073741823,1072676863,1073741823,1073741823,1073741823,1073741823,1073741823:h5
1073741823,1073741823,1073741823,1073741823,1073676287,1073741823,1073119231,1066758143,1073741823,1073725439,1073741823,1073740799,1073741823,1073741823,1073741823:h5
1073741823,1073741823,1073741823,1073741823,1073676287,1073741823,1073119231,1066758143,1073741823,1073725439,1073737727,1073741823,1073741823,1073741823,1073741823:h5
1073741823,1073741823,1073741823,1073741823,1073676287,1073741823,1073119231,1066758143,1073741823,1073721343,1073741823,1073741823,1073741823,1073741823,1073741823:h5
1073741823,1073741823,1073741823,1073741823,1073676287,1073741823,1073119231,1066758143,1073741823,1073659903,1073741823,1073741823,1073741823,1073741823,1073741823:h5
1073741823,1073741823,1073741823,1073741823,1073676287,1073741823,1073119231,1066758143,1073741823,1073725439,1073741823,1073479679,1073741823,1073741823,1073741823:h5
1073741823,1073741823,1073741823,1073741823,1073676287,1073741823,1073119231,1066758143,1073741823,1073725439,1073676287,1073741823,1073741823,1073741823,1073741823:h5
1073741823,1073741823,1073741823,1073741823,1073676287,1073741823,1073119231,1066758143,1073741823,1073725439,1073741823,1073725439,1073741823,1073741823,1073741823:h5
1073741823,1073741823,1073741823,1073741823,1073676287,1073741823,1073119231,1066758143,1073741823,1073725439,1073725439,1073741823,1073741823,1073741823,1073741823:h5
1073741823,1073741823,1073741823,1073741823,1073676287,1069547519,1073119231,1066758143,1073741823,1073725439,1073741823,1073741823,1073741823,1073741823,1073741823:h5
1073741823,1073741823,1073741823,1073741823,1073676287,1073741823,1073119231,1066758143,1073741823,1069531135,1073741823,1073741823,1073741823,1073741823,1073741823:h5
1073741823,1073741823,1073741823,1073741823,1073676287,1073741823,1073119231,1066758143,1073479679,1073725439,1073741823,1073741823,1073741823,1073741823,1073741823:h5
1073741823,1073741823,1073741823,1073741823,1073672191,1073741823,1073119231,1066758143,1073741823,1073725439,1073741823,1073741823,1073741823,1073741823,1073741823:h5
1073741823,1073741823,1073741823,1073741823,1073676287,1073676287,1073119231,1066758143,1073741823,1073725439,1073741823,1073741823,1073741823,1073741823,1073741823:j9
1073741823,1073741823,1073741823,1073741823,1072627711,1073741823,1073119231,1066758143,1073741823,1073725439,1073741823,1073741823,1073741823,1073741823,1073741823:h5
1073741823,1073741823,1073741823,1073741823,1073676287,1073741823,1072070655,1066758143,1073741823,1073725439,1073741823,1073741823,1073741823,1073741823,1073741823:j6
1073741823,1073741823,1073741823,1069547519,1073676287,1073217535,1072070655,1066758143,1073741823,1073725439,1073741823,1073741823,1073741823,1073741823,1073741823:j5
1073741823,1073741823,1073741823,1073741823,1056899071,1073217535,1072070655,1066758143,1073741823,1073725439,1073741823,1073741823,1073741823,1073741823,1073741823:j5
1073741823,1073741823,1073741823,1073741823,1073675263,1073217535,1072070655,1066758143,1073741823,1073725439,1073741823,1073741823,1073741823,1073741823,1073741823:j5
1073741823,1073741823,1073737727,1073741823,1073676287,1073217535,1072070655,1066758143,1073741823,1073725439,1073741823,1073741823,1073741823,1073741823,1073741823:j5
1073741823,1073741823,1073741823,1073725439,1073676287,1073217535,1072070655,1066758143,1073741823,1073725439,1073741823,1073741823,1073741823,1073741823,1073741823:j5
1073741823,1073741823,1073676287,1073741823,1073676287,1073217535,1072070655,1066758143,1073741823,1073725439,1073741823,1073741823,1073741823,1073741823,1073741823:j5
1073741823,1073741823,1073741823,1073676287,1073676287,1073217535,1072070655,1066758143,1073741823,1073725439,1073741823,1073741823,1073741823,1073741823,1073741823:j5
1073741823,1073741823,1072693247,1073741823,1073676287,1073217535,1072070655,1066758143,1073741823,1073725439,1073741823,1073741823,1073741823,1073741823,1073741823:j5
1073741823,1073741823,1073741823,1073479679,1073676287,1073217535,1072070655,1066758143,1073741823,1073725439,1073741823,1073741823,1073741823,1073741823,1073741823:j9
1073741823,1073741823,1073741823,1073741823,1073659903,1073217535,1072070655,1066758143,1073741823,1073725439,1073741823,1073741823,1073741823,1073741823,1073741823:j5
1073741823,1073741823,1073741823,1073741823,1073414143,1073217535,1072070655,1066758143,1073741823,1073725439,1073741823,1073741823,1073741823,1073741823,1073741823:j9
1073741823,1073741823,1073741823,1073741823,1069481983,1073217535,1072070655,1066758143,1073741823,1073725439,1073741823,1073741823,1073741823,1073741823,1073741823:j5
1073741823,1073741823,1073741823,1073741823,1073676287,1006108671,1072070655,1066758143,1073741823,1073725439,1073741823,1073741823,1073741823,1073741823,1073741823:j5
1073741823,1073741823,1073741823,1073741823,1073676287,1073217535,1055293439,1066758143,1073741823,1073725439,1073741823,1073741823,1073741823,1073741823,1073741823:j5
1073741823,1073741823,1073741823,1073741823,1073676287,1073217535,1072070655,999649279,1073741823,1073725439,1073741823,1073741823,1073741823,1073741823,1073741823:j5
1073741823,1073741823,1073741823,1073741823,1073676287,1073217535,1072070655,1066758143,1073741823,1006616575,1073741823,1073741823,1073741823,1073741823,1073741823:j5
1073741823,1073741823,1073741823,1073741823,1073676287,1073217535,1072070655,1066758143,1056964607,1073725439,1073741823,1073741823,1073741823,1073741823,1073741823:j5
1073741823,1073741823,1073741823,1073741823,1073676287,1056440319,1072070655,1066758143,1073741823,1073725439,1073741823,1073741823,1073741823,1073741823,1073741823:j5
1073741823,1073741823,1073741823,1073741823,1073676287,1073217535,1067876351,1066758143,1073741823,1073725439,1073741823,1073741823,1073741823,1073741823,1073741823:j5
1073741823,1073741823,1073741823,1073741823,1073676287,1073217535,1072070655,1049980927,1073741823,1073725439,1073741823,1073741823,1073741823,1073741823,1073741823:j5
1073741823,1073741823,1073741823,1073741823,1073676287,1073217535,1072070655,1066758143,1073741823,1056948223,1073741823,1073741823,1073741823,1073741823,1073741823:j5
1073741823,1073741823,1073741823,1073741823,1073676287,1073217535,1072070655,1066758143,1069547519,1073725439,1073741823,1073741823,1073741823,1073741823,1073741823:j5
1073741823,1073741823,1073741823,1073741823,1073676287,1073217535,1072070655,1066758143,1073741823,1073725183,1073741823,1073741823,1073741823,1073741823,1073741823:j5
1073741823,1073741823,1073741823,1073741823,1073676287,1073217535,1072070655,1066758143,1073740799,1073725439,1073741823,1073741823,1073741823,1073741823,1073741823:j5
1073741823,1073741823,1073741823,1073741823,1073676287,1073217535,1072070655,1066757887,1073741823,1073725439,1073741823,1073741823,1073741823,1073741823,1073741823:j5
1073741823,1073741823,1073741823,1073741823,1073676287,1073217279,1072070655,1066758143,1073741823,1073725439,1073741823,1073741823,1073741823,1073741823,1073741823:j5
1073741823,1073741823,1073741823,1073741823,1073676287,1073217535,1072069631,1066758143,1073741823,1073725439,1073741823,1073741823,1073741823,1073741823,1073741823:j5
1073741823,1073741823,1073741823,1073741823,1073676287,1073213439,1072070655,1066758143,1073741823,1073725439,1073741823,1073741823,1073741823,1073741823,1073741823:j5
1073741823,1073741823,1073741823,1073741823,1073676287,1072168959,1072070655,1066758143,1073741823,1073725439,1073741823,1073741823,1073741823,1073741823,1073741823:j5
1073741823,1073741823,1073741823,1073741823,1073676287,1073217535,1072070655,1066758143,1073741823,1072676863,1073741823,1073741823,1073741823,1073741823,1073741823:j5
1073741823,1073741823,1073741823,1073741823,1073676287,1073217535,1072070655,1066758143,1073741823,1073725439,1073741823,1073740799,1073741823,1073741823,1073741823:j5
1073741823,1073741823,1073741823,1073741823,1073676287,1073217535,1072070655,1066758143,1073741823,1073725439,1073737727,1073741823,1073741823,1073741823,1073741823:j5
1073741823,1073741823,1073741823,1073741823,1073676287,1073217535,1072070655,1066758143,1073741823,1073721343,1073741823,1073741823,1073741823,1073741823,1073741823:j5
1073741823,1073741823,1073741823,1073741823,1073676287,1073217535,1072070655,1066758143,1073741823,1073659903,1073741823,1073741823,1073741823,1073741823,1073741823:j5
1073741823,1073741823,1073741823,1073741823,1073676287,1073217535,1072070655,1066758143,1073741823,1073725439,1073741823,1073479679,1073741823,1073741823,1073741823:j5
1073741823,1073741823,1073741823,1073741823,1073676287,1073217535,1072070655,1066758143,1073741823,1073725439,1073676287,1073741823,1073741823,1073741823,1073741823:j5
1073741823,1073741823,1073741823,1073741823,1073676287,1073217535,1072070655,1066758143,1073741823,1073725439,1073741823,1073725439,1073741823,1073741823,1073741823:j5
1073741823,1073741823,1073741823,1073741823,1073676287,1073217535,1072070655,1066758143,1073741823,1073725439,1073725439,1073741823,1073741823,1073741823,1073741823:j5
1073741823,1073741823,1073741823,1073741823,1073676287,1069023231,1072070655,1066758143,1073741823,1073725439,1073741823,1073741823,1073741823,1073741823,1073741823:j5
1073741823,1073741823,1073741823,1073741823,1073676287,1073217535,1072070655,1066758143,1073741823,1069531135,1073741823,1073741823,1073741823,1073741823,1073741823:j5
1073741823,1073741823,1073741823,1073741823,1073676287,1073217535,1072070655,1066758143,1073479679,1073725439,1073741823,1073741823,1073741823,1073741823,1073741823:h5
1073741823,1073741823,1073741823,1073741823,1073672191,1073217535,1072070655,1066758143,1073741823,1073725439,1073741823,1073741823,1073741823,1073741823,1073741823:j5
1073741823,1073741823,1073741823,1073741823,1073676287,1073151999,1072070655,1066758143,1073741823,1073725439,1073741823,1073741823,1073741823,1073741823,1073741823:j5
1073741823,1073741823,1073741823,1073741823,1072627711,1073217535,1072070655,1066758143,1073741823,1073725439,1073741823,1073741823,1073741823,1073741823,1073741823:j5
1073741823,1073741823,1073741823,1073741823,1073676287,1073217535,1072070655,1066758143,1072693247,1073725439,1073741823,1073741823,1073741823,1073741823,1073741823:j5
1073741823,1073741823,1073741823,1073741823,1073676287,1073217535,1072070655,1066758143,1073741823,1073724415,1073741823,1073741823,1073741823,1073741823,1073741823:j5
1073741823,1073741823,1073741823,1073741823,1073676287,1073217535,1072070655,1066758143,1073737727,1073725439,1073741823,1073741823,1073741823,1073741823,1073741823:j5
1073741823,1073741823,1073741823,1073741823,1073676287,1073217535,1072070655,1066757119,1073741823,1073725439,1073741823,1073741823,1073741823,1073741823,1073741823:j5
1073741823,1073741823,1073741823,1073741823,1073676287,1073216511,1072070655,1066758143,1073741823,1073725439,1073741823,1073741823,1073741823,1073741823,1073741823:j5
1073741823,1073741823,1073741823,1073741823,1073676287,1073217535,1072066559,1066758143,1073741823,1073725439,1073741823,1073741823,1073741823,1073741823,1073741823:j5
1073741823,1073741823,1073741823,1073741823,1073676287,1073201151,1072070655,1066758143,1073741823,1073725439,1073741823,1073741823,1073741823,1073741823,1073741823:j5
1073741823,1073741823,1073741823,1073741823,1073676287,1073217535,1072070655,1066758143,1073741823,1073463295,1073741823,1073741823,1073741823,1073741823,1073741823:j5
1073741823,1073741823,1073741823,1073741823,1073676287,1073217535,1072070655,1066758143,1073676287,1073725439,1073741823,1073741823,1073741823,1073741823,1073741823:j5
1073741823,1073741823,1073741823,1073741823,1073676287,1073217535,1072070655,1066758143,1073725439,1073725439,1073741823,1073741823,1073741823,1073741823,1073741823:j5
1073741823,1073741823,1073741823,1073741823,1073676287,1073741823,1073119231,1066758143,1072693247,1073725439,1073741823,1073741823,1073741823,1073741823,1073741823:h5
1073741823,1073741823,1073741823,1073741823,1073676287,1073741823,1073119231,1066758143,1073741823,1073724415,1073741823,1073741823,1073741823,1073741823,1073741823:h5
1073741823,1073741823,1073741823,1073741823,1073676287,1073741823,1073119231,1066758143,1073737727,1073725439,1073741823,1073741823,1073741823,1073741823,1073741823:h5
1073741823,1073741823,1073741823,1073741823,1073676287,1073741823,1073119231,1066757119,1073741823,1073725439,1073741823,1073741823,1073741823,1073741823,1073741823:h5
1073741823,1073741823,1073741823,1073741823,1073676287,1073740799,1073119231,1066758143,1073741823,1073725439,1073741823,1073741823,1073741823,1073741823,1073741823:h5
1073741823,1073741823,1073741823,1073741823,1073676287,1073741823,1073115135,1066758143,1073741823,1073725439,1073741823,1073741823,1073741823,1073741823,1073741823:h5
1073741823,1073741823,1073741823,1073741823,1073676287,1073725439,1073119231,1066758143,1073741823,1073725439,1073741823,1073741823,1073741823,1073741823,1073741823:j9
1073741823,1073741823,1073741823,1073741823,1073676287,1073479679,1073119231,1066758143,1073741823,1073725439,1073741823,1073741823,1073741823,1073741823,1073741823:k7
1073741823,1073741823,1073741823,1073741823,1056899071,1073479679,1071022079,1066758143,1073741823,1073725439,1073741823,1073741823,1073741823,1073741823,1073741823:h5
1073741823,1073741823,1073741823,1069547519,1073676287,1073479679,1071022079,1066758143,1073741823,1073725439,1073741823,1073741823,1073741823,1073741823,1073741823:h5
1073741823,1073741823,1073741823,1073741823,1073675263,1073479679,1071022079,1066758143,1073741823,1073725439,1073741823,1073741823,1073741823,1073741823,1073741823:h5
1073741823,1073741823,1073737727,1073741823,1073676287,1073479679,1071022079,1066758143,1073741823,1073725439,1073741823,1073741823,1073741823,1073741823,1073741823:k10
1073741823,1073741823,1073741823,1073725439,1073676287,1073479679,1071022079,1066758143,1073741823,1073725439,1073741823,1073741823,1073741823,1073741823,1073741823:k10
1073741823,1073741823,1073676287,1073741823,1073676287,1073479679,1071022079,1066758143,1073741823,1073725439,1073741823,1073741823,1073741823,1073741823,1073741823:k6
1073741823,1073741823,1073741823,1073676287,1073676287,1073479679,1071022079,1066758143,1073741823,1073725439,1073741823,1073741823,1073741823,1073741823,1073741823:k6
1073741823,1073741823,1072693247,1073741823,1073676287,1073479679,1071022079,1066758143,1073741823,1073725439,1073741823,1073741823,1073741823,1073741823,1073741823:h5
1073741823,1073741823,1073741823,1073479679,1073676287,1073479679,1071022079,1066758143,1073741823,1073725439,1073741823,1073741823,1073741823,1073741823,1073741823:h5
1073741823,1073741823,1073741823,1073741823,1073659903,1073479679,1071022079,1066758143,1073741823,1073725439,1073741823,1073741823,1073741823,1073741823,1073741823:k10
1073741823,1073741823,1073741823,1073741823,1073414143,1073479679,1071022079,1066758143,1073741823,1073725439,1073741823,1073741823,1073741823,1073741823,1073741823:h5
1073741823,1073741823,1073741823,1073741823,1069481983,1073479679,1071022079,1066758143,1073741823,1073725439,1073741823,1073741823,1073741823,1073741823,1073741823:h5
1073741823,1073741823,1073741823,1073741823,1073676287,1006370815,1071022079,1066758143,1073741823,1073725439,1073741823,1073741823,1073741823,1073741823,1073741823:h5
1073741823,1073741823,1073741823,1073741823,1073676287,1073479679,1054244863,1066758143,1073741823,1073725439,1073741823,1073741823,1073741823,1073741823,1073741823:h5
1073741823,1073741823,1073741823,1073741823,1073676287,1073479679,1071022079,999649279,1073741823,1073725439,1073741823,1073741823,1073741823,1073741823,1073741823:h5
1073741823,1073741823,1073741823,1073741823,1073676287,1073479679,1071022079,1066758143,1073741823,1006616575,1073741823,1073741823,1073741823,1073741823,1073741823:h5
1073741823,1073741823,1073741823,1073741823,1073676287,1073479679,1071022079,1066758143,1056964607,1073725439,1073741823,1073741823,1073741823,1073741823,1073741823:h5
1073741823,1073741823,1073741823,1073741823,1073676287,1056702463,1071022079,1066758143,1073741823,1073725439,1073741823,1073741823,1073741823,1073741823,1073741823:h5
1073741823,1073741823,1073741823,1073741823,1073676287,1073479679,1066827775,1066758143,1073741823,1073725439,1073741823,1073741823,1073741823,1073741823,1073741823:h5
1073741823,1073741823,1073741823,1073741823,1073676287,1073479679,1071022079,1049980927,1073741823,1073725439,1073741823,1073741823,1073741823,1073741823,1073741823:h5
1073741823,1073741823,1073741823,1073741823,1073676287,1073479679,1071022079,1066758143,1073741823,1056948223,1073741823,1073741823,1073741823,1073741823,1073741823:h5
1073741823,1073741823,1073741823,1073741823,1073676287,1073479679,1071022079,1066758143,1069547519,1073725439,1073741823,1073741823,1073741823,1073741823,1073741823:k10
1073741823,1073741823,1073741823,1073741823,1073676287,1073479679,1071022079,1066758143,1073741823,1073725183,1073741823,1073741823,1073741823,1073741823,1073741823:h5
1073741823,1073741823,1073741823,1073741823,1073676287,1073479679,1071022079,1066758143,1073740799,1073725439,1073741823,1073741823,1073741823,1073741823,1073741823:h5
1073741823,1073741823,1073741823,1073741823,1073676287,1073479679,1071022079,1066757887,1073741823,1073725439,1073741823,1073741823,1073741823,1073741823,1073741823:h5
1073741823,1073741823,1073741823,1073741823,1073676287,1073479423,1071022079,1066758143,1073741823,1073725439,1073741823,1073741823,1073741823,1073741823,1073741823:h5
1073741823,1073741823,1073741823,1073741823,1073676287,1073479679,1071021055,1066758143,1073741823,1073725439,1073741823,1073741823,1073741823,1073741823,1073741823:h5
1073741823,1073741823,1073741823,1073741823,1073676287,1073475583,1071022079,1066758143,1073741823,1073725439,1073741823,1073741823,1073741823,1073741823,1073741823:h5
1073741823,1073741823,1073741823,1073741823,1073676287,1072431103,1071022079,1066758143,1073741823,1073725439,1073741823,1073741823,1073741823,1073741823,1073741823:h5
1073741823,1073741823,1073741823,1073741823,1073676287,1073479679,1071022079,1066758143,1073741823,1072676863,1073741823,1073741823,1073741823,1073741823,1073741823:h5
1073741823,1073741823,1073741823,1073741823,1073676287,1073479679,1071022079,1066758143,1073741823,1073725439,1073741823,1073740799,1073741823,1073741823,1073741823:h5
1073741823,1073741823,1073741823,1073741823,1073676287,1073479679,1071022079,1066758143,1073741823,1073725439,1073737727,1073741823,1073741823,1073741823,1073741823:h5
1073741823,1073741823,1073741823,1073741823,1073676287,1073479679,1071022079,1066758143,1073741823,1073721343,1073741823,1073741823,1073741823,1073741823,1073741823:h5
1073741823,1073741823,1073741823,1073741823,1073676287,1073479679,1071022079,1066758143,1073741823,1073659903,1073741823,1073741823,1073741823,1073741823,1073741823:h5
1073741823,1073741823,1073741823,1073741823,1073676287,1073479679,1071022079,1066758143,1073741823,1073725439,1073741823,1073479679,1073741823,1073741823,1073741823:h5
1073741823,1073741823,1073741823,1073741823,1073676287,1073479679,1071022079,1066758143,1073741823,1073725439,1073676287,1073741823,1073741823,1073741823,1073741823:h5
1073741823,1073741823,1073741823,1073741823,1073676287,1073479679,1071022079,1066758143,1073741823,1073725439,1073741823,1073725439,1073741823,1073741823,1073741823:h5
1073741823,1073741823,1073741823,1073741823,1073676287,1073479679,1071022079,1066758143,1073741823,1073725439,1073725439,1073741823,1073741823,1073741823,1073741823:h5
1073741823,1073741823,1073741823,1073741823,1073676287,1069285375,1071022079,1066758143,1073741823,1073725439,1073741823,1073741823,1073741823,1073741823,1073741823:h5
1073741823,1073741823,1073741823,1073741823,1073676287,1073479679,1071022079,1066758143,1073741823,1069531135,1073741823,1073741823,1073741823,1073741823,1073741823:h5
1073741823,1073741823,1073741823,1073741823,1073676287,1073479679,1071022079,1066758143,1073479679,1073725439,1073741823,1073741823,1073741823,1073741823,1073741823:h5
1073741823,1073741823,1073741823,1073741823,1073672191,1073479679,1071022079,1066758143,1073741823,1073725439,1073741823,1073741823,1073741823,1073741823,1073741823:h5
1073741823,1073741823,1073741823,1073741823,1073676287,1073414143,1071022079,1066758143,1073741823,1073725439,1073741823,1073741823,1073741823,1073741823,1073741823:k10
1073741823,1073741823,1073741823,1073741823,1072627711,1073479679,1071022079,1066758143,1073741823,1073725439,1073741823,1073741823,1073741823,1073741823,1073741823:h5
1073741823,1073741823,1073741823,1073741823,1073676287,1073479679,1071022079,1066758143,1072693247,1073725439,1073741823,1073741823,1073741823,1073741823,1073741823:h5
1073741823,1073741823,1073741823,1073741823,1073676287,1073479679,1071022079,1066758143,1073741823,1073724415,1073741823,1073741823,1073741823,1073741823,1073741823:h5
1073741823,1073741823,1073741823,1073741823,1073676287,1073479679,1071022079,1066758143,1073737727,1073725439,1073741823,1073741823,1073741823,1073741823,1073741823:h5
1073741823,1073741823,1073741823,1073741823,1073676287,1073479679,1071022079,1066757119,1073741823,1073725439,1073741823,1073741823,1073741823,1073741823,1073741823:h5
1073741823,1073741823,1073741823,1073741823,1073676287,1073478655,1071022079,1066758143,1073741823,1073725439,1073741823,1073741823,1073741823,1073741823,1073741823:h5
1073741823,1073741823,1073741823,1073741823,1073676287,1073479679,1071017983,1066758143,1073741823,1073725439,1073741823,1073741823,1073741823,1073741823,1073741823:h5
1073741823,1073741823,1073741823,1073741823,1073676287,1073463295,1071022079,1066758143,1073741823,1073725439,1073741823,1073741823,1073741823,1073741823,1073741823:k10
1073741823,1073741823,1073741823,1073741823,1073676287,1073479679,1071022079,1066758143,1073741823,1073463295,1073741823,1073741823,1073741823,1073741823,1073741823:h5
1073741823,1073741823,1073741823,1073741823,1073676287,1073479679,1071022079,1066758143,1073676287,1073725439,1073741823,1073741823,1073741823,1073741823,1073741823:h5
1073741823,1073741823,1073741823,1073741823,1073676287,1073479679,1071022079,1066758143,1073725439,1073725439,1073741823,1073741823,1073741823,1073741823,1073741823:k10
1073741823,1073741823,1073741823,1073741823,1073676287,1073741823,1073119231,1066758143,1073741823,1073463295,1073741823,1073741823,1073741823,1073741823,1073741823:h5
1073741823,1073741823,1073741823,1073741823,1073676287,1073741823,1073119231,1066758143,1073676287,1073725439,1073741823,1073741823,1073741823,1073741823,1073741823:h5
1073741823,1073741823,1073741823,1073741823,1073676287,1073741823,1073119231,1066758143,1073725439,1073725439,1073741823,1073741823,1073741823,1073741823,1073741823:j9
