1073741823,1073741823,1073741823,1073741823,1073741823,1071382527,1073414143,1071022079,1073070079,1073201151,1072693247,1073741823,1073741823,1073741823,1073741823:j11
1073741823,1073741823,1073741823,1073741823,1073741823,1071382527,1073414143,1071022079,1073070079,1073201151,1072168959,1073741823,1073725439,1073741823,1073741823:j12
1073741823,1073741823,1073741823,1073741823,1073741823,1071382527,1073414143,1071022079,1073070079,1073201151,1072168959,1073676287,1073741823,1073741823,1073741823:j12
1073741823,1073741823,1073741823,1073741823,1073741823,1071382527,1073414143,1071022079,1073070079,1073201151,1072168959,1073741823,1069547519,1073741823,1073741823:j12
1073741823,1073741823,1073741823,1073741823,1073741823,1071382527,1073414143,1071022079,1073070079,1073201151,1072168959,1073741823,1073479679,1073741823,1073741823:j12
1073741823,1073741823,1073741823,1073725439,1073741823,1071382527,1073414143,1071022079,1073070079,1073201151,1072168959,1073741823,1073741823,1073741823,1073741823:j12
1073741823,1073741823,1073741823,1073479679,1073741823,1071382527,1073414143,1071022079,1073070079,1073201151,1072168959,1073741823,1073741823,1073741823,1073741823:j12
1073741823,1073741823,1073741823,1069547519,1073741823,1071382527,1073414143,1071022079,1073070079,1073201151,1072168959,1073741823,1073741823,1073741823,1073741823:j12
1073741823,1073741823,1073741823,1073741823,1073741823,1071382527,1073414143,1071022079,1073070079,1056423935,1072168959,1073741823,1073741823,1073741823,1073741823:j12
1073741823,1073741823,1073741823,1073741823,1073741823,1071382527,1073414143,1071022079,1073070079,1073201151,1072167935,1073741823,1073741823,1073741823,1073741823:j12
1073741823,1073741823,1073741823,1073741823,1073741823,1071382527,1073414143,1071022079,1073069055,1073201151,1072168959,1073741823,1073741823,1073741823,1073741823:j12
1073741823,1073741823,1073741823,1073741823,1073741823,1071382527,1073413119,1071022079,1073070079,1073201151,1072168959,1073741823,1073741823,1073741823,1073741823:j12
1073741823,1073741823,1073741823,1073676287,1073741823,1071382527,1073414143,1071022079,1073070079,1073201151,1072168959,1073741823,1073741823,1073741823,1073741823:j12
1073741823,1073741823,1073741823,1072693247,1073741823,1071382527,1073414143,1071022079,1073070079,1073201151,1072168959,1073741823,1073741823,1073741823,1073741823:j12
1073741823,1073741823,1073741823,1056964607,1073741823,1071382527,1073414143,1071022079,1073070079,1073201151,1072168959,1073741823,1073741823,1073741823,1073741823:j12
1073741823,1073741823,1073741823,1073741823,1073741823,1054605311,1073414143,1071022079,1073070079,1073201151,1072168959,1073741823,1073741823,1073741823,1073741823:j12
1073741823,1073741823,1073741823,1073741823,1073741823,1071382527,1073414143,1054244863,1073070079,1073201151,1072168959,1073741823,1073741823,1073741823,1073741823:j12
1073741823,1073741823,1073741823,1073741823,1073725439,1071382527,1073414143,1071022079,1073070079,1073201151,1072168959,1073741823,1073741823,1073741823,1073741823:j12
1073741823,1073741823,1073741823,1073741823,1073479679,1071382527,1073414143,1071022079,1073070079,1073201151,1072168959,1073741823,1073741823,1073741823,1073741823:j12
1073741823,1073741823,1073741823,1073741823,1069547519,1071382527,1073414143,1071022079,1073070079,1073201151,1072168959,1073741823,1073741823,1073741823,1073741823:j12
1073741823,1073741823,1073741823,1073741823,1073741823,1071382527,1069219839,1071022079,1073070079,1073201151,1072168959,1073741823,1073741823,1073741823,1073741823:j12
1073741823,1073741823,1073741823,1073741823,1073741823,1071382527,1073414143,1071022079,1068875775,1073201151,1072168959,1073741823,1073741823,1073741823,1073741823:j12
1073741823,1073741823,1073741823,1073741823,1073741823,1071382527,1073414143,1071022079,1073070079,1073201151,1072168959,1073741823,1073676287,1073741823,1073741823:j12
1073741823,1073741823,1073741823,1073741823,1073741823,1071382527,1073414143,1071022079,1056292863,1073201151,1072168959,1073741823,1073741823,1073741823,1073741823:j12
1073741823,1073741823,1073741823,1073741823,1073741823,1071382527,1073414143,1071022079,1073070079,1073201151,1055391743,1073741823,1073741823,1073741823,1073741823:j12
1073741823,1073741823,1073741823,1073741823,1073741823,1071382527,1073414143,1071022079,1073070079,1073201151,1067974655,1073741823,1073741823,1073741823,1073741823:j12
1073741823,1073741823,1073741823,1073741823,1073741823,1071382527,1073414143,1071022079,1073070079,1073201151,1072168959,1073741823,1056964607,1073741823,1073741823:j12
1073741823,1073741823,1073741823,1073741823,1073741823,1071382527,1073414143,1071022079,1073070079,1073201151,1072168959,1073741823,1072693247,1073741823,1073741823:j12
1073741823,1073741823,1073741823,1073741823,1073741823,1071382527,1073414143,1071022079,1073070079,1073201151,1072168959,1072693247,1073741823,1073741823,1073741823:j12
1073741823,1073741823,1073741823,1073741823,1073741823,1071382527,1073414143,1071022079,1073070079,1073201151,1072168959,1069547519,1073741823,1073741823,1073741823:j12
1073741823,1073741823,1073741823,1073741823,1073741823,1071382527,1073414143,1071022079,1073070079,1073201151,1072168959,1073740799,1073741823,1073741823,1073741823:j12
1073741823,1073741823,1073741823,1073741823,1073741823,1071382527,1073414143,1071022079,1073070079,1073201151,1072168959,1073479679,1073741823,1073741823,1073741823:k7
1073741823,1073741823,1073741823,1073741823,1056964607,1071382527,1071316991,1071022079,1073070079,1073201151,1072168959,1073479679,1073741823,1073741823,1073741823:k5
1073741823,1073741823,1073741823,1073741823,1073741823,1071382527,1054539775,1071022079,1073070079,1073201151,1072168959,1073479679,1073741823,1073741823,1073741823:k5
1073741823,1073741823,1073741823,1073741823,1073741823,1071382527,1071316991,1071022079,1073070079,1073201151,1072168959,1073479679,1073741823,1073725439,1073741823:k5
1073741823,1073741823,1073741823,1073741823,1073741823,1071382527,1071316991,1071022079,1073070079,1073201151,1072168959,1073479679,1073741823,1069547519,1073741823:k5
1073741823,1073741823,1073741823,1073741823,1073741823,1071382527,1071316991,1071022079,1073070079,1073201151,1072168959,1073479679,1073741823,1073479679,1073741823:k5
1073741823,1073741823,1073741823,1073741823,1073741823,1071382527,1071316991,1071022079,1073070079,1073201151,1072168959,1073479679,1073725439,1073741823,1073741823:k5
1073741823,1073741823,1073741823,1073741823,1073741823,1071382527,1071316991,1071022079,1073070079,1073201151,1072168959,1073414143,1073741823,1073741823,1073741823:k5
1073741823,1073741823,1073741823,1073741823,1073741823,1071382527,1071316991,1071022079,1073070079,1073201151,1072168959,1073479679,1069547519,1073741823,1073741823:k5
1073741823,1073741823,1073741823,1073741823,1073741823,1071382527,1071316991,1071022079,1073070079,1073201151,1072168959,1073479679,1073479679,1073741823,1073741823:k5
1073741823,1073741823,1073741823,1073725439,1073741823,1071382527,1071316991,1071022079,1073070079,1073201151,1072168959,1073479679,1073741823,1073741823,1073741823:k5
1073741823,1073741823,1073741823,1073479679,1073741823,1071382527,1071316991,1071022079,1073070079,1073201151,1072168959,1073479679,1073741823,1073741823,1073741823:k5
1073741823,1073741823,1073741823,1069547519,1073741823,1071382527,1071316991,1071022079,1073070079,1073201151,1072168959,1073479679,1073741823,1073741823,1073741823:k5
1073741823,1073741823,1073741823,1073741823,1073741823,1071382527,1071316991,1071022079,1073070079,1056423935,1072168959,1073479679,1073741823,1073741823,1073741823:k5
1073741823,1073741823,1073741823,1073741823,1073741823,1071382527,1071316991,1071022079,1073070079,1073201151,1072167935,1073479679,1073741823,1073741823,1073741823:g10
1073741823,1073741823,1073741823,1073741823,1073741823,1071382527,1071316991,1071021823,1073070079,1073192959,1072167935,1073479679,1073741823,1073741823,1073741823:k5
1073741823,1073741823,1073741823,1073741823,1073741823,1071382527,1071316991,1071022079,1073070079,1073192959,1072167935,1073479679,1073741759,1073741823,1073741823:k5
1073741823,1073741823,1073741823,1073741823,1073741823,1071382527,1071316991,1071022079,1073070079,1073192959,1072167935,1073479423,1073741823,1073741823,1073741823:k5
1073741823,1073741823,1073741823,1073741823,1073741823,1071382527,1071316991,1071022079,1073070079,1073192959,1072167871,1073479679,1073741823,1073741823,1073741823:k5
1073741823,1073741823,1073741823,1073741823,1073741823,1071382527,1071316991,1071022079,1073070079,1073192959,1072167679,1073479679,1073741823,1073741823,1073741823:k5
1073741823,1073741823,1073741823,1073741823,1073741823,1071382527,1071316991,1071022079,1073070015,1073192959,1072167935,1073479679,1073741823,1073741823,1073741823:k5
1073741823,1073741823,1073741823,1073741823,1073741823,1071382527,1071316991,1071022079,1073070079,1073192703,1072167935,1073479679,1073741823,1073741823,1073741823:k5
1073741823,1073741823,1073741823,1073741823,1073741823,1071382527,1071316991,1071022079,1073070079,1073192959,1072167935,1073475583,1073741823,1073741823,1073741823:k5
1073741823,1073741823,1073741823,1073741823,1073741823,1071382527,1071316991,1071022079,1073070079,1073192959,1072167935,1073479679,1073740799,1073741823,1073741823:k5
1073741823,1073741823,1073741823,1073741823,1056964607,1071382527,1071316991,1071022079,1073070079,1073192959,1072167935,1073479679,1073741823,1073741823,1073741823:k5
1073741823,1073741823,1073741823,1073741823,1073741823,1071382527,1054539775,1071022079,1073070079,1073192959,1072167935,1073479679,1073741823,1073741823,1073741823:k5
1073741823,1073741823,1073741823,1073741823,1073741823,1071382527,1071316991,1071022079,1073070079,1073192959,1072167935,1073479679,1073741823,1073725439,1073741823:k5
1073741823,1073741823,1073741823,1073741823,1073741823,1071382527,1071316991,1071022079,1073070079,1073192959,1072167935,1073479679,1073741823,1069547519,1073741823:k5
1073741823,1073741823,1073741823,1073741823,1073741823,1071382527,1071316991,1071022079,1073070079,1073192959,1072167935,1073479679,1073741823,1073479679,1073741823:k5
1073741823,1073741823,1073741823,1073741823,1073741823,1071382527,1071316991,1071022079,1073070079,1073192959,1072167935,1073479679,1073725439,1073741823,1073741823:k5
1073741823,1073741823,1073741823,1073741823,1073741823,1071382527,1071316991,1071022079,1073070079,1073192959,1072167935,1073414143,1073741823,1073741823,1073741823:k5
1073741823,1073741823,1073741823,1073741823,1073741823,1071382527,1071316991,1071022079,1073070079,1073192959,1072167935,1073479679,1069547519,1073741823,1073741823:k5
1073741823,1073741823,1073741823,1073741823,1073741823,1071382527,1071316991,1071022079,1073070079,1073192959,1072167935,1073479679,1073479679,1073741823,1073741823:k5
1073741823,1073741823,1073741823,1073725439,1073741823,1071382527,1071316991,1071022079,1073070079,1073192959,1072167935,1073479679,1073741823,1073741823,1073741823:k5
1073741823,1073741823,1073741823,1073479679,1073741823,1071382527,1071316991,1071022079,1073070079,1073192959,1072167935,1073479679,1073741823,1073741823,1073741823:k5
1073741823,1073741823,1073741823,1069547519,1073741823,1071382527,1071316991,1071022079,1073070079,1073192959,1072167935,1073479679,1073741823,1073741823,1073741823:k5
1073741823,1073741823,1073741823,1073741823,1073741823,1071382527,1071316991,1071022079,1073070079,1056415743,1072167935,1073479679,1073741823,1073741823,1073741823:k5
1073741823,1073741823,1073741823,1073741823,1073741823,1071382527,1071316991,1071022079,1073069055,1073192959,1072167935,1073479679,1073741823,1073741823,1073741823:k5
1073741823,1073741823,1073741823,1073741823,1073741823,1071382527,1071315967,1071022079,1073070079,1073192959,1072167935,1073479679,1073741823,1073741823,1073741823:k5
1073741823,1073741823,1073741823,1073676287,1073741823,1071382527,1071316991,1071022079,1073070079,1073192959,1072167935,1073479679,1073741823,1073741823,1073741823:k5
1073741823,1073741823,1073741823,1072693247,1073741823,1071382527,1071316991,1071022079,1073070079,1073192959,1072167935,1073479679,1073741823,1073741823,1073741823:k9
1073741823,1073741823,1073741823,1056964607,1073741823,1071382527,1071316991,1071022079,1073070079,1073192959,1072167935,1073479679,1073741823,1073741823,1073741823:k5
1073741823,1073741823,1073741823,1073741823,1073741823,1054605311,1071316991,1071022079,1073070079,1073192959,1072167935,1073479679,1073741823,1073741823,1073741823:k5
1073741823,1073741823,1073741823,1073741823,1073741823,1071382527,1071316991,1054244863,1073070079,1073192959,1072167935,1073479679,1073741823,1073741823,1073741823:k5
1073741823,1073741823,1073741823,1073741823,1073725439,1071382527,1071316991,1071022079,1073070079,1073192959,1072167935,1073479679,1073741823,1073741823,1073741823:k5
1073741823,1073741823,1073741823,1073741823,1073479679,1071382527,1071316991,1071022079,1073070079,1073192959,1072167935,1073479679,1073741823,1073741823,1073741823:k5
1073741823,1073741823,1073741823,1073741823,1069547519,1071382527,1071316991,1071022079,1073070079,1073192959,1072167935,1073479679,1073741823,1073741823,1073741823:k5
1073741823,1073741823,1073741823,1073741823,1073741823,1071382527,1067122687,1071022079,1073070079,1073192959,1072167935,1073479679,1073741823,1073741823,1073741823:k5
1073741823,1073741823,1073741823,1073741823,1073741823,1071382527,1071316991,1071022079,1068875775,1073192959,1072167935,1073479679,1073741823,1073741823,1073741823:k5
1073741823,1073741823,1073741823,1073741823,1073741823,1071382527,1071316991,1071022079,1073070079,1073192959,1072167935,1073479679,1073676287,1073741823,1073741823:k5
1073741823,1073741823,1073741823,1073741823,1073741823,1071382527,1071316991,1071022079,1056292863,1073192959,1072167935,1073479679,1073741823,1073741823,1073741823:k5
1073741823,1073741823,1073741823,1073741823,1073741823,1071382527,1071316991,1071022079,1073070079,1073192959,1055390719,1073479679,1073741823,1073741823,1073741823:k5
1073741823,1073741823,1073741823,1073741823,1073741823,1071382527,1071316991,1071022079,1073070079,1073192959,1067973631,1073479679,1073741823,1073741823,1073741823:k5
1073741823,1073741823,1073741823,1073741823,1073741823,1071382527,1071316991,1071022079,1073070079,1073192959,1072167935,1073479679,1056964607,1073741823,1073741823:k5
1073741823,1073741823,1073741823,1073741823,1073741823,1071382527,1071316991,1071022079,1073070079,1073192959,1072167935,1073479679,1072693247,1073741823,1073741823:k5
1073741823,1073741823,1073741823,1073741823,1073741823,1071382527,1071316991,1071022079,1073070079,1073192959,1072167935,1072431103,1073741823,1073741823,1073741823:k5
1073741823,1073741823,1073741823,1073741823,1073741823,1071382527,1071316991,1071022079,1073070079,1073192959,1072167935,1069285375,1073741823,1073741823,1073741823:k5
1073741823,1073741823,1073741823,1073741823,1073741823,1071382527,1071316991,1071022079,1073070079,1073192959,1072167935,1073478655,1073741823,1073741823,1073741823:k5
1073741823,1073741823,1073741823,1073741823,1073741823,1071382527,1071316991,1071022079,1073070079,1073192959,1072167935,1073463295,1073741823,1073741823,1073741823:k5
1073741823,1073741823,1073741823,1073741823,1073741823,1071382527,1071316991,1071022079,1073070079,1073192959,1072151551,1073479679,1073741823,1073741823,1073741823:k5
1073741823,1073741823,1073741823,1073741823,1073741823,1071382527,1071316991,1071022079,1073070079,1073192959,1072163839,1073479679,1073741823,1073741823,1073741823:k5
1073741823,1073741823,1073741823,1073741823,1073741823,1071382527,1071316991,1071022079,1073070079,1073192959,1072102399,1073479679,1073741823,1073741823,1073741823:k5
1073741823,1073741823,1073741823,1073741823,1073741823,1071378431,1071316991,1071022079,1073070079,1073192959,1072167935,1073479679,1073741823,1073741823,1073741823:k5
1073741823,1073741823,1073741823,1073741823,1073741823,1071382527,1071316991,1071022079,1073070079,1072144383,1072167935,1073479679,1073741823,1073741823,1073741823:k5
1073741823,1073741823,1073741823,1073741823,1073741823,1071382527,1071316991,1071022079,1073070079,1073127423,1072167935,1073479679,1073741823,1073741823,1073741823:k5
1073741823,1073741823,1073741823,1073741823,1073741823,1067188223,1071316991,1071022079,1073070079,1073192959,1072167935,1073479679,1073741823,1073741823,1073741823:k5
1073741823,1073741823,1073741823,1073741823,1073741823,1071382527,1071316991,1066827775,1073070079,1073192959,1072167935,1073479679,1073741823,1073741823,1073741823:k5
1073741823,1073741823,1073741823,1073741823,1073741823,1071382527,1071316991,1071022079,1073070079,1068998655,1072167935,1073479679,1073741823,1073741823,1073741823:k5
1073741823,1073741823,1073741823,1073741823,1073737727,1071382527,1071316991,1071022079,1073070079,1073192959,1072167935,1073479679,1073741823,1073741823,1073741823:k5
1073741823,1073741823,1073741823,1073741823,1073676287,1071382527,1071316991,1071022079,1073070079,1073192959,1072167935,1073479679,1073741823,1073741823,1073741823:k5
1073741823,1073741823,1073741823,1073741823,1073741823,1071316991,1071316991,1071022079,1073070079,1073192959,1072167935,1073479679,1073741823,1073741823,1073741823:k5
1073741823,1073741823,1073741823,1073741823,1072693247,1071382527,1071316991,1071022079,1073070079,1073192959,1072167935,1073479679,1073741823,1073741823,1073741823:k10
1073741823,1073741823,1073741823,1073741823,1073741823,1071382527,1071316991,1071022079,1072021503,1073192959,1072167935,1073479679,1073741823,1073741823,1073741823:l7
1073741823,1073741823,1073741823,1073741823,1073741823,1071382527,1071316991,1071022079,1073070079,1073191935,1072167935,1073479679,1073741823,1073741823,1073741823:k5
1073741823,1073741823,1073741823,1073741823,1073741823,1071382527,1071316991,1071022079,1073065983,1073192959,1072167935,1073479679,1073741823,1073741823,1073741823:k5
1073741823,1073741823,1073741823,1073741823,1073741823,1071382527,1071316991,1071021055,1073070079,1073192959,1072167935,1073479679,1073741823,1073741823,1073741823:k5
1073741823,1073741823,1073741823,1073741823,1073741823,1071382527,1071316991,1071017983,1073070079,1073192959,1072167935,1073479679,1073741823,1073741823,1073741823:k5
1073741823,1073741823,1073741823,1073741823,1073741823,1071381503,1071316991,1071022079,1073070079,1073192959,1072167935,1073479679,1073741823,1073741823,1073741823:k5
1073741823,1073741823,1073741823,1073741823,1073741823,1071382527,1071312895,1071022079,1073070079,1073192959,1072167935,1073479679,1073741823,1073741823,1073741823:k5
1073741823,1073741823,1073741823,1073741823,1073741823,1071366143,1071316991,1071022079,1073070079,1073192959,1072167935,1073479679,1073741823,1073741823,1073741823:k5
1073741823,1073741823,1073741823,1073741823,1073741823,1071382527,1071300607,1071022079,1073070079,1073192959,1072167935,1073479679,1073741823,1073741823,1073741823:k5
1073741823,1073741823,1073741823,1073741823,1073741823,1071382527,1071316991,1071022079,1073069055,1073201151,1072168959,1073479679,1073741823,1073741823,1073741823:k5
1073741823,1073741823,1073741823,1073741823,1073741823,1071382527,1071315967,1071022079,1073070079,1073201151,1072168959,1073479679,1073741823,1073741823,1073741823:k5
1073741823,1073741823,1073741823,1073676287,1073741823,1071382527,1071316991,1071022079,1073070079,1073201151,1072168959,1073479679,1073741823,1073741823,1073741823:k5
1073741823,1073741823,1073741823,1072693247,1073741823,1071382527,1071316991,1071022079,1073070079,1073201151,1072168959,1073479679,1073741823,1073741823,1073741823:k9
1073741823,1073741823,1073741823,1056964607,1073741823,1071382527,1071316991,1071022079,1073070079,1073201151,1072168959,1073479679,1073741823,1073741823,1073741823:k5
1073741823,1073741823,1073741823,1073741823,1073741823,1054605311,1071316991,1071022079,1073070079,1073201151,1072168959,1073479679,1073741823,1073741823,1073741823:k5
1073741823,1073741823,1073741823,1073741823,1073741823,1071382527,1071316991,1054244863,1073070079,1073201151,1072168959,1073479679,1073741823,1073741823,1073741823:k5
1073741823,1073741823,1073741823,1073741823,1073725439,1071382527,1071316991,1071022079,1073070079,1073201151,1072168959,1073479679,1073741823,1073741823,1073741823:k5
1073741823,1073741823,1073741823,1073741823,1073479679,1071382527,1071316991,1071022079,1073070079,1073201151,1072168959,1073479679,1073741823,1073741823,1073741823:k5
1073741823,1073741823,1073741823,1073741823,1069547519,1071382527,1071316991,1071022079,1073070079,1073201151,1072168959,1073479679,1073741823,1073741823,1073741823:k5
1073741823,1073741823,1073741823,1073741823,1073741823,1071382527,1067122687,1071022079,1073070079,1073201151,1072168959,1073479679,1073741823,1073741823,1073741823:k5
1073741823,1073741823,1073741823,1073741823,1073741823,1071382527,1071316991,1071022079,1068875775,1073201151,1072168959,1073479679,1073741823,1073741823,1073741823:k5
1073741823,1073741823,1073741823,1073741823,1073741823,1071382527,1071316991,1071022079,1073070079,1073201151,1072168959,1073479679,1073676287,1073741823,1073741823:k5
1073741823,1073741823,1073741823,1073741823,1073741823,1071382527,1071316991,1071022079,1056292863,1073201151,1072168959,1073479679,1073741823,1073741823,1073741823:k5
1073741823,1073741823,1073741823,1073741823,1073741823,1071382527,1071316991,1071022079,1073070079,1073201151,1055391743,1073479679,1073741823,1073741823,1073741823:k5
1073741823,1073741823,1073741823,1073741823,1073741823,1071382527,1071316991,1071022079,1073070079,1073201151,1067974655,1073479679,1073741823,1073741823,1073741823:k5
1073741823,1073741823,1073741823,1073741823,1073741823,1071382527,1071316991,1071022079,1073070079,1073201151,1072168959,1073479679,1056964607,1073741823,1073741823:k5
1073741823,1073741823,1073741823,1073741823,1073741823,1071382527,1071316991,1071022079,1073070079,1073201151,1072168959,1073479679,1072693247,1073741823,1073741823:k5
1073741823,1073741823,1073741823,1073741823,1073741823,1071382527,1071316991,1071022079,1073070079,1073201151,1072168959,1072431103,1073741823,1073741823,1073741823:k5
1073741823,1073741823,1073741823,1073741823,1073741823,1071382527,1071316991,1071022079,1073070079,1073201151,1072168959,1069285375,1073741823,1073741823,1073741823:k5
1073741823,1073741823,1073741823,1073741823,1073741823,1071382527,1071316991,1071022079,1073070079,1073201151,1072168959,1073478655,1073741823,1073741823,1073741823:k5
1073741823,1073741823,1073741823,1073741823,1073741823,1071382527,1071316991,1071022079,1073070079,1073201151,1072168959,1073463295,1073741823,1073741823,1073741823:k5
1073741823,1073741823,1073741823,1073741823,1073741823,1071382527,1071316991,1071022079,1073070079,1073201151,1072152575,1073479679,1073741823,1073741823,1073741823:k5
1073741823,1073741823,1073741823,1073741823,1073741823,1071382527,1071316991,1071022079,1073070079,1073201151,1072164863,1073479679,1073741823,1073741823,1073741823:k5
1073741823,1073741823,1073741823,1073741823,1073741823,1071382527,1071316991,1071022079,1073070079,1073201151,1072103423,1073479679,1073741823,1073741823,1073741823:k5
1073741823,1073741823,1073741823,1073741823,1073741823,1071382527,1071316991,1071022079,1073070079,1073197055,1072168959,1073479679,1073741823,1073741823,1073741823:f11
1073741823,1073741823,1073741823,1073741823,1073741823,1071382527,1071316991,1071022079,1073070079,1073197055,1072166911,1073479679,1073741759,1073741823,1073741823:k5
1073741823,1073741823,1073741823,1073741823,1073741823,1071382527,1071316991,1071022079,1073070079,1073197055,1072166847,1073479679,1073741823,1073741823,1073741823:k5
1073741823,1073741823,1073741823,1073741823,1073741823,1071382527,1071316991,1071022079,1073070079,1073197055,1072166655,1073479679,1073741823,1073741823,1073741823:k5
1073741823,1073741823,1073741823,1073741823,1073741823,1071382527,1071316991,1071022079,1073070015,1073197055,1072166911,1073479679,1073741823,1073741823,1073741823:k5
1073741823,1073741823,1073741823,1073741823,1073741823,1071382527,1071316991,1071022079,1073070079,1073197055,1072166911,1073479679,1073740799,1073741823,1073741823:k5
1073741823,1073741823,1073741823,1073741823,1073741823,1071382527,1071316991,1071022079,1073070079,1073197055,1072166911,1073479423,1073741823,1073741823,1073741823:k5
1073741823,1073741823,1073741823,1073741823,1073741823,1071382527,1071316991,1071022079,1073070079,1073196799,1072166911,1073479679,1073741823,1073741823,1073741823:k5
1073741823,1073741823,1073741823,1073741823,1073741823,1071382527,1071316991,1071021823,1073070079,1073197055,1072166911,1073479679,1073741823,1073741823,1073741823:k5
1073741823,1073741823,1073741823,1073741823,1073741823,1071382527,1071316991,1071022079,1073070079,1073197055,1072166911,1073475583,1073741823,1073741823,1073741823:k5
1073741823,1073741823,1073741823,1073741823,1056964607,1071382527,1071316991,1071022079,1073070079,1073197055,1072166911,1073479679,1073741823,1073741823,1073741823:k5
1073741823,1073741823,1073741823,1073741823,1073741823,1071382527,1054539775,1071022079,1073070079,1073197055,1072166911,1073479679,1073741823,1073741823,1073741823:k5
1073741823,1073741823,1073741823,1073741823,1073741823,1071382527,1071316991,1071022079,1073070079,1073197055,1072166911,1073479679,1073741823,1073725439,1073741823:k5
1073741823,1073741823,1073741823,1073741823,1073741823,1071382527,1071316991,1071022079,1073070079,1073197055,1072166911,1073479679,1073741823,1069547519,1073741823:k5
1073741823,1073741823,1073741823,1073741823,1073741823,1071382527,1071316991,1071022079,1073070079,1073197055,1072166911,1073479679,1073741823,1073479679,1073741823:k5
1073741823,1073741823,1073741823,1073741823,1073741823,1071382527,1071316991,1071022079,1073070079,1073197055,1072166911,1073479679,1073725439,1073741823,1073741823:k5
1073741823,1073741823,1073741823,1073741823,1073741823,1071382527,1071316991,1071022079,1073070079,1073197055,1072166911,1073414143,1073741823,1073741823,1073741823:k5
1073741823,1073741823,1073741823,1073741823,1073741823,1071382527,1071316991,1071022079,1073070079,1073197055,1072166911,1073479679,1069547519,1073741823,1073741823:k5
1073741823,1073741823,1073741823,1073741823,1073741823,1071382527,1071316991,1071022079,1073070079,1073197055,1072166911,1073479679,1073479679,1073741823,1073741823:k5
1073741823,1073741823,1073741823,1073725439,1073741823,1071382527,1071316991,1071022079,1073070079,1073197055,1072166911,1073479679,1073741823,1073741823,1073741823:k5
1073741823,1073741823,1073741823,1073479679,1073741823,1071382527,1071316991,1071022079,1073070079,1073197055,1072166911,1073479679,1073741823,1073741823,1073741823:k5
1073741823,1073741823,1073741823,1069547519,1073741823,1071382527,1071316991,1071022079,1073070079,1073197055,1072166911,1073479679,1073741823,1073741823,1073741823:k5
1073741823,1073741823,1073741823,1073741823,1073741823,1071382527,1071316991,1071022079,1073070079,1056419839,1072166911,1073479679,1073741823,1073741823,1073741823:k5
1073741823,1073741823,1073741823,1073741823,1073741823,1071382527,1071316991,1071022079,1073069055,1073197055,1072166911,1073479679,1073741823,1073741823,1073741823:k5
1073741823,1073741823,1073741823,1073741823,1073741823,1071382527,1071315967,1071022079,1073070079,1073197055,1072166911,1073479679,1073741823,1073741823,1073741823:k5
1073741823,1073741823,1073741823,1073676287,1073741823,1071382527,1071316991,1071022079,1073070079,1073197055,1072166911,1073479679,1073741823,1073741823,1073741823:k5
1073741823,1073741823,1073741823,1072693247,1073741823,1071382527,1071316991,1071022079,1073070079,1073197055,1072166911,1073479679,1073741823,1073741823,1073741823:k9
1073741823,1073741823,1073741823,1056964607,1073741823,1071382527,1071316991,1071022079,1073070079,1073197055,1072166911,1073479679,1073741823,1073741823,1073741823:k5
1073741823,1073741823,1073741823,1073741823,1073741823,1054605311,1071316991,1071022079,1073070079,1073197055,1072166911,1073479679,1073741823,1073741823,1073741823:k5
1073741823,1073741823,1073741823,1073741823,1073741823,1071382527,1071316991,1054244863,1073070079,1073197055,1072166911,1073479679,1073741823,1073741823,1073741823:k5
1073741823,1073741823,1073741823,1073741823,1073725439,1071382527,1071316991,1071022079,1073070079,1073197055,1072166911,1073479679,1073741823,1073741823,1073741823:k5
1073741823,1073741823,1073741823,1073741823,1073479679,1071382527,1071316991,1071022079,1073070079,1073197055,1072166911,1073479679,1073741823,1073741823,1073741823:k5
1073741823,1073741823,1073741823,1073741823,1069547519,1071382527,1071316991,1071022079,1073070079,1073197055,1072166911,1073479679,1073741823,1073741823,1073741823:k5
1073741823,1073741823,1073741823,1073741823,1073741823,1071382527,1067122687,1071022079,1073070079,1073197055,1072166911,1073479679,1073741823,1073741823,1073741823:k5
1073741823,1073741823,1073741823,1073741823,1073741823,1071382527,1071316991,1071022079,1068875775,1073197055,1072166911,1073479679,1073741823,1073741823,1073741823:k5
1073741823,1073741823,1073741823,1073741823,1073741823,1071382527,1071316991,1071022079,1073070079,1073197055,1072166911,1073479679,1073676287,1073741823,1073741823:k5
1073741823,1073741823,1073741823,1073741823,1073741823,1071382527,1071316991,1071022079,1056292863,1073197055,1072166911,1073479679,1073741823,1073741823,1073741823:k5
1073741823,1073741823,1073741823,1073741823,1073741823,1071382527,1071316991,1071022079,1073070079,1073197055,1055389695,1073479679,1073741823,1073741823,1073741823:k5
1073741823,1073741823,1073741823,1073741823,1073741823,1071382527,1071316991,1071022079,1073070079,1073197055,1067972607,1073479679,1073741823,1073741823,1073741823:k5
1073741823,1073741823,1073741823,1073741823,1073741823,1071382527,1071316991,1071022079,1073070079,1073197055,1072166911,1073479679,1056964607,1073741823,1073741823:k5
1073741823,1073741823,1073741823,1073741823,1073741823,1071382527,1071316991,1071022079,1073070079,1073197055,1072166911,1073479679,1072693247,1073741823,1073741823:k5
1073741823,1073741823,1073741823,1073741823,1073741823,1071382527,1071316991,1071022079,1073070079,1073197055,1072166911,1072431103,1073741823,1073741823,1073741823:k5
1073741823,1073741823,1073741823,1073741823,1073741823,1071382527,1071316991,1071022079,1073070079,1073197055,1072166911,1069285375,1073741823,1073741823,1073741823:k5
1073741823,1073741823,1073741823,1073741823,1073741823,1071382527,1071316991,1071022079,1073070079,1073197055,1072166911,1073478655,1073741823,1073741823,1073741823:k5
1073741823,1073741823,1073741823,1073741823,1073741823,1071382527,1071316991,1071022079,1073070079,1073197055,1072166911,1073463295,1073741823,1073741823,1073741823:k5
1073741823,1073741823,1073741823,1073741823,1073741823,1071382527,1071316991,1071022079,1073070079,1073197055,1072150527,1073479679,1073741823,1073741823,1073741823:k5
1073741823,1073741823,1073741823,1073741823,1073741823,1071382527,1071316991,1071022079,1073070079,1073197055,1072162815,1073479679,1073741823,1073741823,1073741823:k5
1073741823,1073741823,1073741823,1073741823,1073741823,1071382527,1071316991,1071022079,1073070079,1073197055,1072101375,1073479679,1073741823,1073741823,1073741823:k5
1073741823,1073741823,1073741823,1073741823,1073741823,1071378431,1071316991,1071022079,1073070079,1073197055,1072166911,1073479679,1073741823,1073741823,1073741823:k5
1073741823,1073741823,1073741823,1073741823,1073741823,1071382527,1071316991,1071022079,1073070079,1072148479,1072166911,1073479679,1073741823,1073741823,1073741823:k5
1073741823,1073741823,1073741823,1073741823,1073741823,1071382527,1071316991,1071022079,1073070079,1073131519,1072166911,1073479679,1073741823,1073741823,1073741823:k5
1073741823,1073741823,1073741823,1073741823,1073741823,1067188223,1071316991,1071022079,1073070079,1073197055,1072166911,1073479679,1073741823,1073741823,1073741823:k5
1073741823,1073741823,1073741823,1073741823,1073741823,1071382527,1071316991,1066827775,1073070079,1073197055,1072166911,1073479679,1073741823,1073741823,1073741823:k5
1073741823,1073741823,1073741823,1073741823,1073741823,1071382527,1071316991,1071022079,1073070079,1069002751,1072166911,1073479679,1073741823,1073741823,1073741823:k5
1073741823,1073741823,1073741823,1073741823,1073737727,1071382527,1071316991,1071022079,1073070079,1073197055,1072166911,1073479679,1073741823,1073741823,1073741823:k5
1073741823,1073741823,1073741823,1073741823,1073676287,1071382527,1071316991,1071022079,1073070079,1073197055,1072166911,1073479679,1073741823,1073741823,1073741823:k5
1073741823,1073741823,1073741823,1073741823,1073741823,1071316991,1071316991,1071022079,1073070079,1073197055,1072166911,1073479679,1073741823,1073741823,1073741823:k5
1073741823,1073741823,1073741823,1073741823,1072693247,1071382527,1071316991,1071022079,1073070079,1073197055,1072166911,1073479679,1073741823,1073741823,1073741823:k9
1073741823,1073741823,1073741823,1073741823,1073741823,1071382527,1071316991,1071022079,1072021503,1073197055,1072166911,1073479679,1073741823,1073741823,1073741823:l7
1073741823,1073741823,1073741823,1073741823,1073741823,1071382527,1071316991,1071022079,1073070079,1073196031,1072166911,1073479679,1073741823,1073741823,1073741823:k5
1073741823,1073741823,1073741823,1073741823,1073741823,1071382527,1071316991,1071022079,1073065983,1073197055,1072166911,1073479679,1073741823,1073741823,1073741823:k5
1073741823,1073741823,1073741823,1073741823,1073741823,1071382527,1071316991,1071021055,1073070079,1073197055,1072166911,1073479679,1073741823,1073741823,1073741823:k5
1073741823,1073741823,1073741823,1073741823,1073741823,1071382527,1071316991,1071017983,1073070079,1073197055,1072166911,1073479679,1073741823,1073741823,1073741823:k5
1073741823,1073741823,1073741823,1073741823,1073741823,1071381503,1071316991,1071022079,1073070079,1073197055,1072166911,1073479679,1073741823,1073741823,1073741823:k5
1073741823,1073741823,1073741823,1073741823,1073741823,1071382527,1071312895,1071022079,1073070079,1073197055,1072166911,1073479679,1073741823,1073741823,1073741823:k5
1073741823,1073741823,1073741823,1073741823,1073741823,1071366143,1071316991,1071022079,1073070079,1073197055,1072166911,1073479679,1073741823,1073741823,1073741823:k5
1073741823,1073741823,1073741823,1073741823,1073741823,1071382527,1071300607,1071022079,1073070079,1073197055,1072166911,1073479679,1073741823,1073741823,1073741823:k5
1073741823,1073741823,1073741823,1073741823,1073741823,1071378431,1071316991,1071022079,1073070079,1073201151,1072168959,1073479679,1073741823,1073741823,1073741823:k5
1073741823,1073741823,1073741823,1073741823,1073741823,1071382527,1071316991,1071022079,1073070079,1072152575,1072168959,1073479679,1073741823,1073741823,1073741823:k5
1073741823,1073741823,1073741823,1073741823,1073741823,1071382527,1071316991,1071022079,1073070079,1073135615,1072168959,1073479679,1073741823,1073741823,1073741823:k5
1073741823,1073741823,1073741823,1073741823,1073741823,1067188223,1071316991,1071022079,1073070079,1073201151,1072168959,1073479679,1073741823,1073741823,1073741823:k5
1073741823,1073741823,1073741823,1073741823,1073741823,1071382527,1071316991,1066827775,1073070079,1073201151,1072168959,1073479679,1073741823,1073741823,1073741823:k5
1073741823,1073741823,1073741823,1073741823,1073741823,1071382527,1071316991,1071022079,1073070079,1069006847,1072168959,1073479679,1073741823,1073741823,1073741823:k5
1073741823,1073741823,1073741823,1073741823,1073737727,1071382527,1071316991,1071022079,1073070079,1073201151,1072168959,1073479679,1073741823,1073741823,1073741823:k5
1073741823,1073741823,1073741823,1073741823,1073676287,1071382527,1071316991,1071022079,1073070079,1073201151,1072168959,1073479679,1073741823,1073741823,1073741823:k5
1073741823,1073741823,1073741823,1073741823,1073741823,1071316991,1071316991,1071022079,1073070079,1073201151,1072168959,1073479679,1073741823,1073741823,1073741823:k5
1073741823,1073741823,1073741823,1073741823,1072693247,1071382527,1071316991,1071022079,1073070079,1073201151,1072168959,1073479679,1073741823,1073741823,1073741823:l6
1073741823,1073741823,1073741823,1006632959,1072693247,1062993919,1071316991,1071022079,1073070079,1073201151,1072168959,1073479679,1073741823,1073741823,1073741823:m5
1073741823,1073741823,1073741823,1073741823,1072693247,995885055,1071316991,1071022079,1073070079,1073201151,1072168959,1073479679,1073741823,1073741823,1073741823:m5
1073741823,1073741823,1073741823,1073741823,1072693247,1062993919,1071316991,1003913215,1073070079,1073201151,1072168959,1073479679,1073741823,1073741823,1073741823:m5
1073741823,1073741823,1073676287,1073741823,1072693247,1062993919,1071316991,1071022079,1073070079,1073201151,1072168959,1073479679,1073741823,1073741823,1073741823:m5
1073741823,1073741823,1072693247,1073741823,1072693247,1062993919,1071316991,1071022079,1073070079,1073201151,1072168959,1073479679,1073741823,1073741823,1073741823:m5
1073741823,1073741823,1056964607,1073741823,1072693247,1062993919,1071316991,1071022079,1073070079,1073201151,1072168959,1073479679,1073741823,1073741823,1073741823:m5
1073741823,1073741823,1073741823,1073741823,1055916031,1062993919,1071316991,1071022079,1073070079,1073201151,1072168959,1073479679,1073741823,1073741823,1073741823:k9
1073741823,1073741823,1073741823,1073741823,1072693247,1062993919,1054539775,1071022079,1073070079,1073201151,1072168959,1073479679,1073741823,1073741823,1073741823:m5
1073741823,1073741823,1073741823,1073741823,1072693247,1062993919,1071316991,1071022079,1073070079,1073201151,1072168959,1073479679,1073741823,1073725439,1073741823:m5
1073741823,1073741823,1073741823,1073741823,1072693247,1062993919,1071316991,1071022079,1073070079,1073201151,1072168959,1073479679,1073741823,1069547519,1073741823:m5
1073741823,1073741823,1073741823,1073741823,1072693247,1062993919,1071316991,1071022079,1073070079,1073201151,1072168959,1073479679,1073741823,1073479679,1073741823:m5
1073741823,1073741823,1073741823,1073741823,1072693247,1062993919,1071316991,1071022079,1073070079,1073201151,1072168959,1073479679,1073725439,1073741823,1073741823:m5
1073741823,1073741823,1073741823,1073741823,1072693247,1062993919,1071316991,1071022079,1073070079,1073201151,1072168959,1073414143,1073741823,1073741823,1073741823:m5
1073741823,1073741823,1073741823,1073741823,1072693247,1062993919,1071316991,1071022079,1073070079,1073201151,1072168959,1073479679,1069547519,1073741823,1073741823:m5
1073741823,1073741823,1073741823,1073741823,1072693247,1062993919,1071316991,1071022079,1073070079,1073201151,1072168959,1073479679,1073479679,1073741823,1073741823:m5
1073741823,1073741823,1073741823,1073725439,1072693247,1062993919,1071316991,1071022079,1073070079,1073201151,1072168959,1073479679,1073741823,1073741823,1073741823:m5
1073741823,1073741823,1073741823,1073479679,1072693247,1062993919,1071316991,1071022079,1073070079,1073201151,1072168959,1073479679,1073741823,1073741823,1073741823:m5
1073741823,1073741823,1073741823,1069547519,1072693247,1062993919,1071316991,1071022079,1073070079,1073201151,1072168959,1073479679,1073741823,1073741823,1073741823:m5
1073741823,1073741823,1073741823,1073741823,1072693247,1062993919,1071316991,1071022079,1073070079,1056423935,1072168959,1073479679,1073741823,1073741823,1073741823:m5
1073741823,1073741823,1073741823,1073741823,1072693247,1062993919,1071316991,1071022079,1073070079,1073201151,1072167935,1073479679,1073741823,1073741823,1073741823:m5
1073741823,1073741823,1073741823,1073741823,1072693247,1062993919,1071316991,1071022079,1073069055,1073201151,1072168959,1073479679,1073741823,1073741823,1073741823:m5
1073741823,1073741823,1073741823,1073741823,1072693247,1062993919,1071315967,1071022079,1073070079,1073201151,1072168959,1073479679,1073741823,1073741823,1073741823:m5
1073741823,1073741823,1073741823,1073676287,1072693247,1062993919,1071316991,1071022079,1073070079,1073201151,1072168959,1073479679,1073741823,1073741823,1073741823:m5
1073741823,1073741823,1073741823,1072693247,1072693247,1062993919,1071316991,1071022079,1073070079,1073201151,1072168959,1073479679,1073741823,1073741823,1073741823:m5
1073741823,1073741823,1073741823,1056964607,1072693247,1062993919,1071316991,1071022079,1073070079,1073201151,1072168959,1073479679,1073741823,1073741823,1073741823:m5
1073741823,1073741823,1073741823,1073741823,1072693247,1046216703,1071316991,1071022079,1073070079,1073201151,1072168959,1073479679,1073741823,1073741823,1073741823:m5
1073741823,1073741823,1073741823,1073741823,1072693247,1062993919,1071316991,1054244863,1073070079,1073201151,1072168959,1073479679,1073741823,1073741823,1073741823:m5
1073741823,1073741823,1073741823,1073741823,1072676863,1062993919,1071316991,1071022079,1073070079,1073201151,1072168959,1073479679,1073741823,1073741823,1073741823:m5
1073741823,1073741823,1073741823,1073741823,1072431103,1062993919,1071316991,1071022079,1073070079,1073201151,1072168959,1073479679,1073741823,1073741823,1073741823:m5
1073741823,1073741823,1073741823,1073741823,1068498943,1062993919,1071316991,1071022079,1073070079,1073201151,1072168959,1073479679,1073741823,1073741823,1073741823:m5
1073741823,1073741823,1073741823,1073741823,1072693247,1062993919,1067122687,1071022079,1073070079,1073201151,1072168959,1073479679,1073741823,1073741823,1073741823:m5
1073741823,1073741823,1073741823,1073741823,1072693247,1062993919,1071316991,1071022079,1068875775,1073201151,1072168959,1073479679,1073741823,1073741823,1073741823:m5
1073741823,1073741823,1073741823,1073741823,1072693247,1062993919,1071316991,1071022079,1073070079,1073201151,1072168959,1073479679,1073676287,1073741823,1073741823:m5
1073741823,1073741823,1073741823,1073741823,1072693247,1062993919,1071316991,1071022079,1056292863,1073201151,1072168959,1073479679,1073741823,1073741823,1073741823:m5
1073741823,1073741823,1073741823,1073741823,1072693247,1062993919,1071316991,1071022079,1073070079,1073201151,1055391743,1073479679,1073741823,1073741823,1073741823:m5
1073741823,1073741823,1073741823,1073741823,1072693247,1062993919,1071316991,1071022079,1073070079,1073201151,1067974655,1073479679,1073741823,1073741823,1073741823:m5
1073741823,1073741823,1073741823,1073741823,1072693247,1062993919,1071316991,1071022079,1073070079,1073201151,1072168959,1073479679,1056964607,1073741823,1073741823:m5
1073741823,1073741823,1073741823,1073741823,1072693247,1062993919,1071316991,1071022079,1073070079,1073201151,1072168959,1073479679,1072693247,1073741823,1073741823:m5
1073741823,1073741823,1073741823,1073741823,1072693247,1062993919,1071316991,1071022079,1073070079,1073201151,1072168959,1072431103,1073741823,1073741823,1073741823:m5
1073741823,1073741823,1073741823,1073741823,1072693247,1062993919,1071316991,1071022079,1073070079,1073201151,1072168959,1069285375,1073741823,1073741823,1073741823:m5
1073741823,1073741823,1073741823,1073741823,1072693247,1062993919,1071316991,1071022079,1073070079,1073201151,1072168959,1073478655,1073741823,1073741823,1073741823:m5
1073741823,1073741823,1073741823,1073741823,1072693247,1062993919,1071316991,1071022079,1073070079,1073201151,1072168959,1073463295,1073741823,1073741823,1073741823:m5
1073741823,1073741823,1073741823,1073741823,1072693247,1062993919,1071316991,1071022079,1073070079,1073201151,1072152575,1073479679,1073741823,1073741823,1073741823:m5
1073741823,1073741823,1073741823,1073741823,1072693247,1062993919,1071316991,1071022079,1073070079,1073201151,1072164863,1073479679,1073741823,1073741823,1073741823:m5
1073741823,1073741823,1073741823,1073741823,1072693247,1062993919,1071316991,1071022079,1073070079,1073201151,1072103423,1073479679,1073741823,1073741823,1073741823:m5
1073741823,1073741823,1073741823,1073741823,1072693247,1062993919,1071316991,1071022079,1073070079,1073197055,1072168959,1073479679,1073741823,1073741823,1073741823:m5
1073741823,1073741823,1073741823,1073741823,1072693247,1062989823,1071316991,1071022079,1073070079,1073201151,1072168959,1073479679,1073741823,1073741823,1073741823:m5
1073741823,1073741823,1073741823,1073741823,1072693247,1062993919,1071316991,1071022079,1073070079,1072152575,1072168959,1073479679,1073741823,1073741823,1073741823:m5
1073741823,1073741823,1073741823,1073741823,1072693247,1062993919,1071316991,1071022079,1073070079,1073135615,1072168959,1073479679,1073741823,1073741823,1073741823:m5
1073741823,1073741823,1073741823,1073741823,1072693247,1062993919,1071316991,1066827775,1073070079,1073201151,1072168959,1073479679,1073741823,1073741823,1073741823:m5
1073741823,1073741823,1073741823,1073741823,1072693247,1062993919,1071316991,1071022079,1073070079,1069006847,1072168959,1073479679,1073741823,1073741823,1073741823:m5
1073741823,1073741823,1073741823,1073741823,1072689151,1062993919,1071316991,1071022079,1073070079,1073201151,1072168959,1073479679,1073741823,1073741823,1073741823:m5
1073741823,1073741823,1073741823,1073741823,1072627711,1062993919,1071316991,1071022079,1073070079,1073201151,1072168959,1073479679,1073741823,1073741823,1073741823:m5
1073741823,1073741823,1073741823,1073741823,1072693247,1062928383,1071316991,1071022079,1073070079,1073201151,1072168959,1073479679,1073741823,1073741823,1073741823:m5
1073741823,1073741823,1073741823,1073741823,1072693247,1062993919,1071316991,1071022079,1072021503,1073201151,1072168959,1073479679,1073741823,1073741823,1073741823:m5
1073741823,1073741823,1073741823,1073741823,1072693247,1062993919,1071316991,1071022079,1073070079,1073200127,1072168959,1073479679,1073741823,1073741823,1073741823:m5
1073741823,1073741823,1073741823,1073741823,1072693247,1062993919,1071316991,1071022079,1073065983,1073201151,1072168959,1073479679,1073741823,1073741823,1073741823:m5
1073741823,1073741823,1073741823,1073741823,1072693247,1062993919,1071316991,1071021055,1073070079,1073201151,1072168959,1073479679,1073741823,1073741823,1073741823:m5
1073741823,1073741823,1073741823,1073741823,1072693247,1062993919,1071316991,1071017983,1073070079,1073201151,1072168959,1073479679,1073741823,1073741823,1073741823:m5
1073741823,1073741823,1073741823,1073741823,1072693247,1062992895,1071316991,1071022079,1073070079,1073201151,1072168959,1073479679,1073741823,1073741823,1073741823:m5
1073741823,1073741823,1073741823,1073741823,1072693247,1062993919,1071312895,1071022079,1073070079,1073201151,1072168959,1073479679,1073741823,1073741823,1073741823:m5
1073741823,1073741823,1073741823,1073741823,1072693247,1062977535,1071316991,1071022079,1073070079,1073201151,1072168959,1073479679,1073741823,1073741823,1073741823:m5
1073741823,1073741823,1073741823,1073741823,1072693247,1062993919,1071300607,1071022079,1073070079,1073201151,1072168959,1073479679,1073741823,1073741823,1073741823:m5
1073741823,1073741823,1073741823,1073741823,1073741823,1071382527,1071316991,1071022079,1072021503,1073201151,1072168959,1073479679,1073741823,1073741823,1073741823:l7
1073741823,1073741823,1073741823,1073741823,1073741823,1071382527,1071316991,1071022079,1073070079,1073200127,1072168959,1073479679,1073741823,1073741823,1073741823:k5
1073741823,1073741823,1073741823,1073741823,1073741823,1071382527,1071316991,1071022079,1073065983,1073201151,1072168959,1073479679,1073741823,1073741823,1073741823:k5
1073741823,1073741823,1073741823,1073741823,1073741823,1071382527,1071316991,1071021055,1073070079,1073201151,1072168959,1073479679,1073741823,1073741823,1073741823:k5
1073741823,1073741823,1073741823,1073741823,1073741823,1071382527,1071316991,1071017983,1073070079,1073201151,1072168959,1073479679,1073741823,1073741823,1073741823:k5
1073741823,1073741823,1073741823,1073741823,1073741823,1071381503,1071316991,1071022079,1073070079,1073201151,1072168959,1073479679,1073741823,1073741823,1073741823:k5
1073741823,1073741823,1073741823,1073741823,1073741823,1071382527,1071312895,1071022079,1073070079,1073201151,1072168959,1073479679,1073741823,1073741823,1073741823:k5
1073741823,1073741823,1073741823,1073741823,1073741823,1071366143,1071316991,1071022079,1073070079,1073201151,1072168959,1073479679,1073741823,1073741823,1073741823:k5
1073741823,1073741823,1073741823,1073741823,1073741823,1071382527,1071300607,1071022079,1073070079,1073201151,1072168959,1073479679,1073741823,1073741823,1073741823:k5
1073741823,1073741823,1073741823,1073741823,1073741823,1071382527,1073414143,1071022079,1073070079,1073201151,1072168959,1073725439,1073741823,1073741823,1073741823:j12
1073741823,1073741823,1073741823,1073741823,1073741823,1071382527,1073414143,1071022079,1073070079,1073201151,1072152575,1073741823,1073741823,1073741823,1073741823:j12
1073741823,1073741823,1073741823,1073741823,1073741823,1071382527,1073414143,1071022079,1073070079,1073201151,1072164863,1073741823,1073741823,1073741823,1073741823:j12
1073741823,1073741823,1073741823,1073741823,1073741823,1071382527,1073414143,1071022079,1073070079,1073201151,1072103423,1073741823,1073741823,1073741823,1073741823:j12
1073741823,1073741823,1073741823,1073741823,1073741823,1071382527,1073414143,1071022079,1073070079,1073197055,1072168959,1073741823,1073741823,1073741823,1073741823:j12
1073741823,1073741823,1073741823,1073741823,1073741823,1071378431,1073414143,1071022079,1073070079,1073201151,1072168959,1073741823,1073741823,1073741823,1073741823:j12
1073741823,1073741823,1073741823,1073741823,1073741823,1071382527,1073414143,1071022079,1073070079,1072152575,1072168959,1073741823,1073741823,1073741823,1073741823:j12
1073741823,1073741823,1073741823,1073741823,1073741823,1071382527,1073414143,1071022079,1073070079,1073135615,1072168959,1073741823,1073741823,1073741823,1073741823:j12
1073741823,1073741823,1073741823,1073741823,1073741823,1067188223,1073414143,1071022079,1073070079,1073201151,1072168959,1073741823,1073741823,1073741823,1073741823:j12
1073741823,1073741823,1073741823,1073741823,1073741823,1071382527,1073414143,1066827775,1073070079,1073201151,1072168959,1073741823,1073741823,1073741823,1073741823:j12
1073741823,1073741823,1073741823,1073741823,1073741823,1071382527,1073414143,1071022079,1073070079,1069006847,1072168959,1073741823,1073741823,1073741823,1073741823:j12
1073741823,1073741823,1073741823,1073741823,1073737727,1071382527,1073414143,1071022079,1073070079,1073201151,1072168959,1073741823,1073741823,1073741823,1073741823:j12
1073741823,1073741823,1073741823,1073741823,1073676287,1071382527,1073414143,1071022079,1073070079,1073201151,1072168959,1073741823,1073741823,1073741823,1073741823:j12
1073741823,1073741823,1073741823,1073741823,1073741823,1071316991,1073414143,1071022079,1073070079,1073201151,1072168959,1073741823,1073741823,1073741823,1073741823:j12
1073741823,1073741823,1073741823,1073741823,1072693247,1071382527,1073414143,1071022079,1073070079,1073201151,1072168959,1073741823,1073741823,1073741823,1073741823:j12
1073741823,1073741823,1073741823,1073741823,1073741823,1071382527,1072365567,1071022079,1073070079,1073201151,1072168959,1073741823,1073741823,1073741823,1073741823:j12
1073741823,1073741823,1073741823,1073741823,1073741823,1071382527,1073414143,1071022079,1072021503,1073201151,1072168959,1073741823,1073741823,1073741823,1073741823:j12
1073741823,1073741823,1073741823,1073741823,1073741823,1071382527,1073414143,1071022079,1073070079,1073200127,1072168959,1073741823,1073741823,1073741823,1073741823:j12
1073741823,1073741823,1073741823,1073741823,1073741823,1071382527,1073414143,1071022079,1073065983,1073201151,1072168959,1073741823,1073741823,1073741823,1073741823:j12
1073741823,1073741823,1073741823,1073741823,1073741823,1071382527,1073414143,1071021055,1073070079,1073201151,1072168959,1073741823,1073741823,1073741823,1073741823:j12
1073741823,1073741823,1073741823,1073741823,1073741823,1071382527,1073414143,1071017983,1073070079,1073201151,1072168959,1073741823,1073741823,1073741823,1073741823:j12
1073741823,1073741823,1073741823,1073741823,1073741823,1071381503,1073414143,1071022079,1073070079,1073201151,1072168959,1073741823,1073741823,1073741823,1073741823:j12
1073741823,1073741823,1073741823,1073741823,1073741823,1071382527,1073410047,1071022079,1073070079,1073201151,1072168959,1073741823,1073741823,1073741823,1073741823:j12
1073741823,1073741823,1073741823,1073741823,1073741823,1071366143,1073414143,1071022079,1073070079,1073201151,1072168959,1073741823,1073741823,1073741823,1073741823:j12
1073741823,1073741823,1073741823,1073741823,1073741823,1071382527,1073397759,1071022079,1073070079,1073201151,1072168959,1073741823,1073741823,1073741823,1073741823:j12
