1073741823,1073741823,1073741823,1073741823,1073217535,1073610751,1073676287,1073180671,1073676287,1073737727,1073741823,1073741823,1073741823,1073741823,1073741823:k4
1073741823,1073676287,1073741823,1071644671,1073217535,1073610751,1073676287,1073180671,1073676287,1073737727,1073741823,1073741823,1073741823,1073741823,1073741823:l3
1073741823,1072693247,1073741823,1071644671,1073217535,1073610751,1073676287,1073180671,1073676287,1073737727,1073741823,1073741823,1073741823,1073741823,1073741823:l3
1073741823,1073741823,1072693247,1071644671,1073217535,1073610751,1073676287,1073180671,1073676287,1073737727,1073741823,1073741823,1073741823,1073741823,1073741823:l3
1073741823,1056964607,1073741823,1071644671,1073217535,1073610751,1073676287,1073180671,1073676287,1073737727,1073741823,1073741823,1073741823,1073741823,1073741823:h7
1073741823,1073741823,1073741823,1054867455,1073217535,1073610751,1073676287,1073180671,1073676287,1073737727,1073741823,1073741823,1073741823,1073741823,1073741823:l3
1073741823,1073741823,1073741823,1067450367,1073217535,1073610751,1073676287,1073180671,1073676287,1073737727,1073741823,1073741823,1073741823,1073741823,1073741823:l3
1073741823,1073741823,1073741823,1071644671,1073217535,1056833535,1073676287,1073180671,1073676287,1073737727,1073741823,1073741823,1073741823,1073741823,1073741823:l3
1073741823,1073741823,1073741823,1071644671,1073217535,1073610751,1073676287,1073180671,1073676287,1073737727,1073741823,1073741567,1073741823,1073741823,1073741823:l3
1073741823,1073741823,1073741823,1071644671,1073217535,1073610751,1073676287,1073180671,1073676287,1073737727,1073740799,1073741823,1073741823,1073741823,1073741823:l3
1073741823,1073741823,1073741823,1071644671,1073217535,1073610751,1073676287,1073180671,1073676287,1073737727,1073741823,1073676287,1073741823,1073741823,1073741823:l3
1073741823,1073741823,1073741823,1071644671,1073217535,1073610751,1073676287,1073180671,1073676287,1073737727,1073725439,1073741823,1073741823,1073741823,1073741823:l3
1073741823,1073741823,1073741823,1071644671,1073217535,1073610751,1073676287,1073180671,1073676287,1073737727,1073741823,1073737727,1073741823,1073741823,1073741823:l3
1073741823,1073741823,1073725439,1071644671,1073217535,1073610751,1073676287,1073180671,1073676287,1073737727,1073741823,1073741823,1073741823,1073741823,1073741823:l3
1073741823,1073741823,1073479679,1071644671,1073217535,1073610751,1073676287,1073180671,1073676287,1073737727,1073741823,1073741823,1073741823,1073741823,1073741823:l3
1073741823,1073741823,1073741823,1071382527,1073217535,1073610751,1073676287,1073180671,1073676287,1073737727,1073741823,1073741823,1073741823,1073741823,1073741823:l3
1073741823,1073741823,1069547519,1071644671,1073217535,1073610751,1073676287,1073180671,1073676287,1073737727,1073741823,1073741823,1073741823,1073741823,1073741823:j6
1073741823,1073741823,1069547519,1071628287,1073217535,1073086463,1073676287,1073180671,1073676287,1073737727,1073741823,1073741823,1073741823,1073741823,1073741823:j7
1073479679,1073741823,1069547519,1071644671,1073217535,1073086463,1073676287,1073180671,1073676287,1073737727,1073741823,1073741823,1073741823,1073741823,1073741823:j7
1069547519,1073741823,1069547519,1071644671,1073217535,1073086463,1073676287,1073180671,1073676287,1073737727,1073741823,1073741823,1073741823,1073741823,1073741823:j7
1073741823,1069547519,1069547519,1071644671,1073217535,1073086463,1073676287,1073180671,1073676287,1073737727,1073741823,1073741823,1073741823,1073741823,1073741823:j7
1006632959,1073741823,1069547519,1071644671,1073217535,1073086463,1073676287,1073180671,1073676287,1073737727,1073741823,1073741823,1073741823,1073741823,1073741823:j7
1073741823,1073741823,1002438655,1071644671,1073217535,1073086463,1073676287,1073180671,1073676287,1073737727,1073741823,1073741823,1073741823,1073741823,1073741823:j7
1073741823,1073741823,1052770303,1071644671,1073217535,1073086463,1073676287,1073180671,1073676287,1073737727,1073741823,1073741823,1073741823,1073741823,1073741823:j7
1073741823,1073741823,1069547519,1071644671,1006108671,1073086463,1073676287,1073180671,1073676287,1073737727,1073741823,1073741823,1073741823,1073741823,1073741823:j7
1073741823,1073676287,1069547519,1071644671,1073217535,1073086463,1073676287,1073180671,1073676287,1073737727,1073741823,1073741823,1073741823,1073741823,1073741823:j7
1073741823,1072693247,1069547519,1071644671,1073217535,1073086463,1073676287,1073180671,1073676287,1073737727,1073741823,1073741823,1073741823,1073741823,1073741823:j7
1073741823,1073741823,1068498943,1071644671,1073217535,1073086463,1073676287,1073180671,1073676287,1073737727,1073741823,1073741823,1073741823,1073741823,1073741823:j7
1073741823,1056964607,1069547519,1071644671,1073217535,1073086463,1073676287,1073180671,1073676287,1073737727,1073741823,1073741823,1073741823,1073741823,1073741823:j7
1073741823,1073741823,1069547519,1054867455,1073217535,1073086463,1073676287,1073180671,1073676287,1073737727,1073741823,1073741823,1073741823,1073741823,1073741823:j7
1073741823,1073741823,1069547519,1067450367,1073217535,1073086463,1073676287,1073180671,1073676287,1073737727,1073741823,1073741823,1073741823,1073741823,1073741823:j7
1073741823,1073741823,1069547519,1071644671,1073217535,1056309247,1073676287,1073180671,1073676287,1073737727,1073741823,1073741823,1073741823,1073741823,1073741823:j7
1073741823,1073741823,1069547519,1071644671,1073217535,1073086463,1073676287,1073180671,1073676287,1073737727,1073741823,1073741567,1073741823,1073741823,1073741823:j7
1073741823,1073741823,1069547519,1071644671,1073217535,1073086463,1073676287,1073180671,1073676287,1073737727,1073740799,1073741823,1073741823,1073741823,1073741823:j7
1073741823,1073741823,1069547519,1071644671,1073217535,1073086463,1073676287,1073180671,1073676287,1073737727,1073741823,1073676287,1073741823,1073741823,1073741823:j7
1073741823,1073741823,1069547519,1071644671,1073217535,1073086463,1073676287,1073180671,1073676287,1073737727,1073725439,1073741823,1073741823,1073741823,1073741823:j7
1073741823,1073741823,1069547519,1071644671,1073217535,1073086463,1073676287,1073180671,1073676287,1073737727,1073741823,1073737727,1073741823,1073741823,1073741823:j7
1073741823,1073741823,1069531135,1071644671,1073217535,1073086463,1073676287,1073180671,1073676287,1073737727,1073741823,1073741823,1073741823,1073741823,1073741823:j7
1073741823,1073741823,1069285375,1071644671,1073217535,1073086463,1073676287,1073180671,1073676287,1073737727,1073741823,1073741823,1073741823,1073741823,1073741823:j7
1073741823,1073741823,1069547519,1071382527,1073217535,1073086463,1073676287,1073180671,1073676287,1073737727,1073741823,1073741823,1073741823,1073741823,1073741823:j7
1073741823,1073741823,1069547519,1071644671,1069023231,1073086463,1073676287,1073180671,1073676287,1073737727,1073741823,1073741823,1073741823,1073741823,1073741823:j7
1073741823,1073741823,1069547519,1071644671,1073217535,1073086463,1069481983,1073180671,1073676287,1073737727,1073741823,1073741823,1073741823,1073741823,1073741823:j7
1073741823,1073741823,1069547519,1071644671,1073217535,1073086463,1073676287,1073180671,1073676287,1073737471,1073741823,1073741823,1073741823,1073741823,1073741823:j7
1073741823,1073741823,1069547519,1071644671,1073217535,1073086463,1073676287,1073180671,1073675263,1073737727,1073741823,1073741823,1073741823,1073741823,1073741823:j7
1073741823,1073741823,1069547519,1071644671,1073217535,1073086463,1073676287,1073180415,1073676287,1073737727,1073741823,1073741823,1073741823,1073741823,1073741823:j7
1073741823,1073741823,1069547519,1071644671,1073217535,1073086207,1073676287,1073180671,1073676287,1073737727,1073741823,1073741823,1073741823,1073741823,1073741823:j7
1073741823,1073741823,1069547519,1071644671,1073217535,1073086463,1073675263,1073180671,1073676287,1073737727,1073741823,1073741823,1073741823,1073741823,1073741823:j7
1073741823,1073741823,1069547519,1071644671,1073217535,1073082367,1073676287,1073180671,1073676287,1073737727,1073741823,1073741823,1073741823,1073741823,1073741823:j7
1073741823,1073741823,1069547519,1071640575,1073217535,1073086463,1073676287,1073180671,1073676287,1073737727,1073741823,1073741823,1073741823,1073741823,1073741823:j7
1073741823,1073741823,1069547519,1071644671,1073201151,1073086463,1073676287,1073180671,1073676287,1073737727,1073741823,1073741823,1073741823,1073741823,1073741823:j7
1073741823,1073741823,1069547519,1071579135,1073217535,1073086463,1073676287,1073180671,1073676287,1073737727,1073741823,1073741823,1073741823,1073741823,1073741823:j7
1073741823,1073741823,1069547519,1071644671,1073217535,1072037887,1073676287,1073180671,1073676287,1073737727,1073741823,1073741823,1073741823,1073741823,1073741823:j7
1073741823,1073741823,1069547519,1071644671,1073217535,1073086463,1073676287,1073180671,1073676287,1073737727,1073737727,1073741823,1073741823,1073741823,1073741823:j7
1073741823,1073741823,1069547519,1071644671,1073217535,1073086463,1073676287,1073180671,1073676287,1073737727,1072693247,1073741823,1073741823,1073741823,1073741823:j7
1073741823,1073741823,1069547519,1071644671,1073217535,1073086463,1073676287,1073180671,1073676287,1073737727,1073676287,1073741823,1073741823,1073741823,1073741823:j7
1073741823,1073741823,1069547519,1071644671,1073217535,1073086463,1073676287,1073180671,1073676287,1073672191,1073741823,1073741823,1073741823,1073741823,1073741823:j7
1073741823,1073741823,1069547519,1071644671,1073217535,1068892159,1073676287,1073180671,1073676287,1073737727,1073741823,1073741823,1073741823,1073741823,1073741823:j7
1073741823,1073741823,1069547519,1071644671,1073217535,1073086463,1073676287,1068986367,1073676287,1073737727,1073741823,1073741823,1073741823,1073741823,1073741823:j7
1073741823,1073741823,1069547519,1071644671,1073217535,1073086463,1073676287,1072132095,1073676287,1073737727,1073741823,1073741823,1073741823,1073741823,1073741823:j7
1073741823,1073741823,1069547519,1071644671,1073217535,1073086463,1073676287,1073180671,1073676287,1069543423,1073741823,1073741823,1073741823,1073741823,1073741823:j7
1073741823,1073741823,1069547519,1071644671,1073217535,1073086463,1073676287,1073180671,1073414143,1073737727,1073741823,1073741823,1073741823,1073741823,1073741823:j3
1073741823,1073741823,1069547519,1071644671,1073213439,1073086463,1073676287,1073180671,1073676287,1073737727,1073741823,1073741823,1073741823,1073741823,1073741823:j7
1073741823,1073741823,1069547519,1071644671,1073151999,1073086463,1073676287,1073180671,1073676287,1073737727,1073741823,1073741823,1073741823,1073741823,1073741823:j7
1073741823,1073741823,1069547519,1071644671,1072168959,1073086463,1073676287,1073180671,1073676287,1073737727,1073741823,1073741823,1073741823,1073741823,1073741823:j7
1073741823,1073741823,1069547519,1071644671,1073217535,1073086463,1072627711,1073180671,1073676287,1073737727,1073741823,1073741823,1073741823,1073741823,1073741823:j7
1073741823,1073741823,1069547519,1071644671,1073217535,1073086463,1073414143,1073180671,1073676287,1073737727,1073741823,1073741823,1073741823,1073741823,1073741823:k6
1073741823,1073741823,1069547519,1071644671,1073217535,1070989311,1073414143,1056403455,1073676287,1073737727,1073741823,1073741823,1073741823,1073741823,1073741823:k7
1073479679,1073741823,1069547519,1071644671,1073217535,1070989311,1073414143,1073180671,1073676287,1073737727,1073741823,1073741823,1073741823,1073741823,1073741823:k7
1069547519,1073741823,1069547519,1071644671,1073217535,1070989311,1073414143,1073180671,1073676287,1073737727,1073741823,1073741823,1073741823,1073741823,1073741823:k7
1073741823,1069547519,1069547519,1071644671,1073217535,1070989311,1073414143,1073180671,1073676287,1073737727,1073741823,1073741823,1073741823,1073741823,1073741823:k7
1006632959,1073741823,1069547519,1071644671,1073217535,1070989311,1073414143,1073180671,1073676287,1073737727,1073741823,1073741823,1073741823,1073741823,1073741823:k7
1073741823,1073741823,1002438655,1071644671,1073217535,1070989311,1073414143,1073180671,1073676287,1073737727,1073741823,1073741823,1073741823,1073741823,1073741823:h6
1073741823,1073741823,1052770303,1071644671,1073217535,1070989311,1073414143,1073180671,1073676287,1073737727,1073741823,1073741823,1073741823,1073741823,1073741823:h6
1073741823,1073741823,1069547519,1071644671,1006108671,1070989311,1073414143,1073180671,1073676287,1073737727,1073741823,1073741823,1073741823,1073741823,1073741823:k7
1073741823,1073676287,1069547519,1071644671,1073217535,1070989311,1073414143,1073180671,1073676287,1073737727,1073741823,1073741823,1073741823,1073741823,1073741823:k7
1073741823,1072693247,1069547519,1071644671,1073217535,1070989311,1073414143,1073180671,1073676287,1073737727,1073741823,1073741823,1073741823,1073741823,1073741823:k7
1073741823,1073741823,1068498943,1071644671,1073217535,1070989311,1073414143,1073180671,1073676287,1073737727,1073741823,1073741823,1073741823,1073741823,1073741823:h6
1073741823,1056964607,1069547519,1071644671,1073217535,1070989311,1073414143,1073180671,1073676287,1073737727,1073741823,1073741823,1073741823,1073741823,1073741823:k7
1073741823,1073741823,1069547519,1054867455,1073217535,1070989311,1073414143,1073180671,1073676287,1073737727,1073741823,1073741823,1073741823,1073741823,1073741823:k7
1073741823,1073741823,1069547519,1071644671,1073217535,1054212095,1073414143,1073180671,1073676287,1073737727,1073741823,1073741823,1073741823,1073741823,1073741823:k7
1073741823,1073741823,1069547519,1071644671,1073217535,1070989311,1073414143,1073180671,1069481983,1073737727,1073741823,1073741823,1073741823,1073741823,1073741823:k7
1073741823,1073741823,1069547519,1071628287,1073217535,1070989311,1073414143,1073180671,1073676287,1073737727,1073741823,1073741823,1073741823,1073741823,1073741823:h6
1073741823,1073741823,1069547519,1067450367,1073217535,1070989311,1073414143,1073180671,1073676287,1073737727,1073741823,1073741823,1073741823,1073741823,1073741823:h6
1073741823,1073741823,1069547519,1071644671,1073217535,1070989311,1073414143,1073180671,1073676287,1073737727,1073741823,1073741567,1073741823,1073741823,1073741823:k7
1073741823,1073741823,1069547519,1071644671,1073217535,1070989311,1073414143,1073180671,1073676287,1073737727,1073740799,1073741823,1073741823,1073741823,1073741823:h6
1073741823,1073741823,1069547519,1071644671,1073217535,1070989311,1073414143,1073180671,1073676287,1073737727,1073741823,1073676287,1073741823,1073741823,1073741823:k7
1073741823,1073741823,1069547519,1071644671,1073217535,1070989311,1073414143,1073180671,1073676287,1073737727,1073725439,1073741823,1073741823,1073741823,1073741823:k7
1073741823,1073741823,1069547519,1071644671,1073217535,1070989311,1073414143,1073180671,1073676287,1073737727,1073741823,1073737727,1073741823,1073741823,1073741823:h6
1073741823,1073741823,1069531135,1071644671,1073217535,1070989311,1073414143,1073180671,1073676287,1073737727,1073741823,1073741823,1073741823,1073741823,1073741823:h6
1073741823,1073741823,1069285375,1071644671,1073217535,1070989311,1073414143,1073180671,1073676287,1073737727,1073741823,1073741823,1073741823,1073741823,1073741823:h6
1073741823,1073741823,1069547519,1071382527,1073217535,1070989311,1073414143,1073180671,1073676287,1073737727,1073741823,1073741823,1073741823,1073741823,1073741823:h6
1073741823,1073741823,1069547519,1071644671,1069023231,1070989311,1073414143,1073180671,1073676287,1073737727,1073741823,1073741823,1073741823,1073741823,1073741823:k7
1073741823,1073741823,1069547519,1071644671,1073217535,1070989311,1069219839,1073180671,1073676287,1073737727,1073741823,1073741823,1073741823,1073741823,1073741823:h6
1073741823,1073741823,1069547519,1071644671,1073217535,1070989311,1073414143,1073180671,1073676287,1073737471,1073741823,1073741823,1073741823,1073741823,1073741823:k7
1073741823,1073741823,1069547519,1071644671,1073217535,1070989311,1073414143,1073180671,1073675263,1073737727,1073741823,1073741823,1073741823,1073741823,1073741823:k7
1073741823,1073741823,1069547519,1071644671,1073217535,1070989311,1073414143,1073180415,1073676287,1073737727,1073741823,1073741823,1073741823,1073741823,1073741823:k7
1073741823,1073741823,1069547519,1071644671,1073217535,1070989055,1073414143,1073180671,1073676287,1073737727,1073741823,1073741823,1073741823,1073741823,1073741823:k7
1073741823,1073741823,1069547519,1071644671,1073217535,1070989311,1073413119,1073180671,1073676287,1073737727,1073741823,1073741823,1073741823,1073741823,1073741823:h6
1073741823,1073741823,1069547519,1071644671,1073217535,1070985215,1073414143,1073180671,1073676287,1073737727,1073741823,1073741823,1073741823,1073741823,1073741823:l6
1073741823,1073741823,1069547519,1071640575,1073217535,1070989311,1073414143,1073180671,1073676287,1073737727,1073741823,1073741823,1073741823,1073741823,1073741823:h6
1073741823,1073741823,1069547519,1071644671,1073201151,1070989311,1073414143,1073180671,1073676287,1073737727,1073741823,1073741823,1073741823,1073741823,1073741823:k7
1073741823,1073741823,1069547519,1071579135,1073217535,1070989311,1073414143,1073180671,1073676287,1073737727,1073741823,1073741823,1073741823,1073741823,1073741823:h6
1073741823,1073741823,1069547519,1071644671,1073217535,1070989311,1073414143,1073180671,1073676287,1073737727,1073737727,1073741823,1073741823,1073741823,1073741823:h6
1073741823,1073741823,1069547519,1071644671,1073217535,1070989311,1073414143,1073180671,1073676287,1073737727,1072693247,1073741823,1073741823,1073741823,1073741823:k7
1073741823,1073741823,1069547519,1071644671,1073217535,1070989311,1073414143,1073180671,1073676287,1073737727,1073676287,1073741823,1073741823,1073741823,1073741823:h6
1073741823,1073741823,1069547519,1071644671,1073217535,1070989311,1073414143,1073180671,1073676287,1073672191,1073741823,1073741823,1073741823,1073741823,1073741823:h6
1073741823,1073741823,1069547519,1071644671,1073217535,1066795007,1073414143,1073180671,1073676287,1073737727,1073741823,1073741823,1073741823,1073741823,1073741823:k7
1073741823,1073741823,1069547519,1071644671,1073217535,1070989311,1073414143,1068986367,1073676287,1073737727,1073741823,1073741823,1073741823,1073741823,1073741823:h6
1073741823,1073741823,1069547519,1071644671,1073217535,1070989311,1073414143,1072132095,1073676287,1073737727,1073741823,1073741823,1073741823,1073741823,1073741823:h6
1073741823,1073741823,1069547519,1071644671,1073217535,1070989311,1073414143,1073180671,1073676287,1069543423,1073741823,1073741823,1073741823,1073741823,1073741823:k7
1073741823,1073741823,1069547519,1071644671,1073217535,1070989311,1073414143,1073180671,1073414143,1073737727,1073741823,1073741823,1073741823,1073741823,1073741823:k7
1073741823,1073741823,1069547519,1071644671,1073213439,1070989311,1073414143,1073180671,1073676287,1073737727,1073741823,1073741823,1073741823,1073741823,1073741823:k7
1073741823,1073741823,1069547519,1071644671,1073151999,1070989311,1073414143,1073180671,1073676287,1073737727,1073741823,1073741823,1073741823,1073741823,1073741823:h6
1073741823,1073741823,1069547519,1071644671,1072168959,1070989311,1073414143,1073180671,1073676287,1073737727,1073741823,1073741823,1073741823,1073741823,1073741823:h6
1073741823,1073741823,1069547519,1071644671,1073217535,1070989311,1072365567,1073180671,1073676287,1073737727,1073741823,1073741823,1073741823,1073741823,1073741823:h6
1073741823,1073741823,1069547519,1071644671,1073217535,1070989311,1073414143,1073180671,1072627711,1073737727,1073741823,1073741823,1073741823,1073741823,1073741823:k7
1073741823,1073741823,1069547519,1071644671,1073217535,1070989311,1073414143,1073180671,1073676287,1073736703,1073741823,1073741823,1073741823,1073741823,1073741823:k7
1073741823,1073741823,1069547519,1071644671,1073217535,1070989311,1073414143,1073180671,1073672191,1073737727,1073741823,1073741823,1073741823,1073741823,1073741823:h6
1073741823,1073741823,1069547519,1071644671,1073217535,1070989311,1073414143,1073179647,1073676287,1073737727,1073741823,1073741823,1073741823,1073741823,1073741823:k7
1073741823,1073741823,1069547519,1071644671,1073217535,1070988287,1073414143,1073180671,1073676287,1073737727,1073741823,1073741823,1073741823,1073741823,1073741823:k7
1073741823,1073741823,1069547519,1071644671,1073217535,1070989311,1073410047,1073180671,1073676287,1073737727,1073741823,1073741823,1073741823,1073741823,1073741823:h6
1073741823,1073741823,1069547519,1071644671,1073217535,1070972927,1073414143,1073180671,1073676287,1073737727,1073741823,1073741823,1073741823,1073741823,1073741823:k7
1073741823,1073741823,1069547519,1071644671,1073217535,1070989311,1073397759,1073180671,1073676287,1073737727,1073741823,1073741823,1073741823,1073741823,1073741823:h6
1073741823,1073741823,1069547519,1071644671,1073217535,1070989311,1073414143,1073115135,1073676287,1073737727,1073741823,1073741823,1073741823,1073741823,1073741823:h6
1073741823,1073741823,1069547519,1071644671,1073217535,1070989311,1073414143,1073180671,1073676287,1073475583,1073741823,1073741823,1073741823,1073741823,1073741823:k7
1073741823,1073741823,1069547519,1071644671,1073217535,1070989311,1073414143,1073180671,1073676287,1073721343,1073741823,1073741823,1073741823,1073741823,1073741823:k7
1073741823,1073741823,1069547519,1071644671,1073217535,1070989311,1073414143,1073180671,1073659903,1073737727,1073741823,1073741823,1073741823,1073741823,1073741823:h6
1073741823,1073741823,1069547519,1071644671,1073217535,1073086463,1073676287,1073180671,1072627711,1073737727,1073741823,1073741823,1073741823,1073741823,1073741823:j7
1073741823,1073741823,1069547519,1071644671,1073217535,1073086463,1073676287,1073180671,1073676287,1073736703,1073741823,1073741823,1073741823,1073741823,1073741823:j7
1073741823,1073741823,1069547519,1071644671,1073217535,1073086463,1073676287,1073180671,1073672191,1073737727,1073741823,1073741823,1073741823,1073741823,1073741823:j7
1073741823,1073741823,1069547519,1071644671,1073217535,1073086463,1073676287,1073179647,1073676287,1073737727,1073741823,1073741823,1073741823,1073741823,1073741823:j7
1073741823,1073741823,1069547519,1071644671,1073217535,1073085439,1073676287,1073180671,1073676287,1073737727,1073741823,1073741823,1073741823,1073741823,1073741823:j7
1073741823,1073741823,1069547519,1071644671,1073217535,1073086463,1073672191,1073180671,1073676287,1073737727,1073741823,1073741823,1073741823,1073741823,1073741823:j7
1073741823,1073741823,1069547519,1071644671,1073217535,1073070079,1073676287,1073180671,1073676287,1073737727,1073741823,1073741823,1073741823,1073741823,1073741823:j7
1073741823,1073741823,1069547519,1071644671,1073217535,1073086463,1073659903,1073180671,1073676287,1073737727,1073741823,1073741823,1073741823,1073741823,1073741823:j7
1073741823,1073741823,1069547519,1071644671,1073217535,1073086463,1073676287,1073115135,1073676287,1073737727,1073741823,1073741823,1073741823,1073741823,1073741823:j7
1073741823,1073741823,1069547519,1071644671,1073217535,1073086463,1073676287,1073180671,1073676287,1073475583,1073741823,1073741823,1073741823,1073741823,1073741823:j7
1073741823,1073741823,1069547519,1071644671,1073217535,1073086463,1073676287,1073180671,1073676287,1073721343,1073741823,1073741823,1073741823,1073741823,1073741823:j7
1073741823,1073741823,1069547519,1071644671,1073217535,1073086463,1073676287,1073180671,1073659903,1073737727,1073741823,1073741823,1073741823,1073741823,1073741823:j7
1073741823,1073741823,1073741823,1071644671,1069023231,1073610751,1073676287,1073180671,1073676287,1073737727,1073741823,1073741823,1073741823,1073741823,1073741823:l3
1073741823,1073741823,1073741823,1071644671,1073217535,1073610751,1069481983,1073180671,1073676287,1073737727,1073741823,1073741823,1073741823,1073741823,1073741823:l3
1073741823,1073741823,1073741823,1071644671,1073217535,1073610751,1073676287,1073180671,1073676287,1073737471,1073741823,1073741823,1073741823,1073741823,1073741823:l3
1073741823,1073741823,1073741823,1071644671,1073217535,1073610751,1073676287,1073180671,1073675263,1073737727,1073741823,1073741823,1073741823,1073741823,1073741823:l3
1073741823,1073741823,1073741823,1071644671,1073217535,1073610751,1073676287,1073180415,1073676287,1073737727,1073741823,1073741823,1073741823,1073741823,1073741823:l3
1073741823,1073741823,1073741823,1071644671,1073217535,1073610495,1073676287,1073180671,1073676287,1073737727,1073741823,1073741823,1073741823,1073741823,1073741823:l3
1073741823,1073741823,1073741823,1071644671,1073217535,1073610751,1073675263,1073180671,1073676287,1073737727,1073741823,1073741823,1073741823,1073741823,1073741823:l3
1073741823,1073741823,1073741823,1071644671,1073217535,1073606655,1073676287,1073180671,1073676287,1073737727,1073741823,1073741823,1073741823,1073741823,1073741823:l3
1073741823,1073741823,1073741823,1071640575,1073217535,1073610751,1073676287,1073180671,1073676287,1073737727,1073741823,1073741823,1073741823,1073741823,1073741823:l3
1073741823,1073741823,1073741823,1071644671,1073201151,1073610751,1073676287,1073180671,1073676287,1073737727,1073741823,1073741823,1073741823,1073741823,1073741823:l3
1073741823,1073741823,1073741823,1071579135,1073217535,1073610751,1073676287,1073180671,1073676287,1073737727,1073741823,1073741823,1073741823,1073741823,1073741823:l3
1073741823,1073741823,1073741823,1071644671,1073217535,1072562175,1073676287,1073180671,1073676287,1073737727,1073741823,1073741823,1073741823,1073741823,1073741823:l3
1073741823,1073741823,1073741823,1071644671,1073217535,1073610751,1073676287,1073180671,1073676287,1073737727,1073737727,1073741823,1073741823,1073741823,1073741823:l3
1073741823,1073741823,1073741823,1071644671,1073217535,1073610751,1073676287,1073180671,1073676287,1073737727,1072693247,1073741823,1073741823,1073741823,1073741823:l3
1073741823,1073741823,1073741823,1071644671,1073217535,1073610751,1073676287,1073180671,1073676287,1073737727,1073676287,1073741823,1073741823,1073741823,1073741823:l3
1073741823,1073741823,1073741823,1071644671,1073217535,1073610751,1073676287,1073180671,1073676287,1073672191,1073741823,1073741823,1073741823,1073741823,1073741823:l3
1073741823,1073741823,1073741823,1071644671,1073217535,1069416447,1073676287,1073180671,1073676287,1073737727,1073741823,1073741823,1073741823,1073741823,1073741823:l3
1073741823,1073741823,1073741823,1071644671,1073217535,1073610751,1073676287,1068986367,1073676287,1073737727,1073741823,1073741823,1073741823,1073741823,1073741823:l3
1073741823,1073741823,1073741823,1071644671,1073217535,1073610751,1073676287,1072132095,1073676287,1073737727,1073741823,1073741823,1073741823,1073741823,1073741823:l3
1073741823,1073741823,1073741823,1071644671,1073217535,1073610751,1073676287,1073180671,1073676287,1069543423,1073741823,1073741823,1073741823,1073741823,1073741823:l3
1073741823,1073741823,1073741823,1071644671,1073217535,1073610751,1073676287,1073180671,1073414143,1073737727,1073741823,1073741823,1073741823,1073741823,1073741823:l3
1073741823,1073741823,1073741823,1071644671,1073213439,1073610751,1073676287,1073180671,1073676287,1073737727,1073741823,1073741823,1073741823,1073741823,1073741823:l3
1073741823,1073741823,1073741823,1071644671,1073151999,1073610751,1073676287,1073180671,1073676287,1073737727,1073741823,1073741823,1073741823,1073741823,1073741823:l3
1073741823,1073741823,1073741823,1071644671,1072168959,1073610751,1073676287,1073180671,1073676287,1073737727,1073741823,1073741823,1073741823,1073741823,1073741823:l3
1073741823,1073741823,1073741823,1071644671,1073217535,1073610751,1072627711,1073180671,1073676287,1073737727,1073741823,1073741823,1073741823,1073741823,1073741823:l3
1073741823,1073741823,1073741823,1071644671,1073217535,1073610751,1073414143,1073180671,1073676287,1073737727,1073741823,1073741823,1073741823,1073741823,1073741823:l3
1073741823,1073741823,1073741823,1071644671,1073217535,1073610751,1073676287,1073180671,1072627711,1073737727,1073741823,1073741823,1073741823,1073741823,1073741823:l3
1073741823,1073741823,1073741823,1071644671,1073217535,1073610751,1073676287,1073180671,1073676287,1073736703,1073741823,1073741823,1073741823,1073741823,1073741823:l3
1073741823,1073741823,1073741823,1071644671,1073217535,1073610751,1073676287,1073180671,1073672191,1073737727,1073741823,1073741823,1073741823,1073741823,1073741823:l3
1073741823,1073741823,1073741823,1071644671,1073217535,1073610751,1073676287,1073179647,1073676287,1073737727,1073741823,1073741823,1073741823,1073741823,1073741823:l3
1073741823,1073741823,1073741823,1071644671,1073217535,1073609727,1073676287,1073180671,1073676287,1073737727,1073741823,1073741823,1073741823,1073741823,1073741823:l3
1073741823,1073741823,1073741823,1071644671,1073217535,1073610751,1073672191,1073180671,1073676287,1073737727,1073741823,1073741823,1073741823,1073741823,1073741823:l3
1073741823,1073741823,1073741823,1071644671,1073217535,1073594367,1073676287,1073180671,1073676287,1073737727,1073741823,1073741823,1073741823,1073741823,1073741823:l3
1073741823,1073741823,1073741823,1071644671,1073217535,1073610751,1073659903,1073180671,1073676287,1073737727,1073741823,1073741823,1073741823,1073741823,1073741823:j7
1073741823,1073741823,1073741823,1071644671,1073217535,1073610751,1073135615,1073180671,1069481983,1073737727,1073741823,1073741823,1073741823,1073741823,1073741823:j6
1073741823,1073741823,1073741823,1071644671,1073216511,1073610751,1073135615,1073180671,1073676287,1073737727,1073741823,1073741823,1073741823,1073741823,1073741823:j6
1073741823,1073676287,1073741823,1071644671,1073217535,1073610751,1073135615,1073180671,1073676287,1073737727,1073741823,1073741823,1073741823,1073741823,1073741823:j6
1073741823,1072693247,1073741823,1071644671,1073217535,1073610751,1073135615,1073180671,1073676287,1073737727,1073741823,1073741823,1073741823,1073741823,1073741823:j6
1073741823,1073741823,1072693247,1071644671,1073217535,1073610751,1073135615,1073180671,1073676287,1073737727,1073741823,1073741823,1073741823,1073741823,1073741823:j6
1073741823,1056964607,1073741823,1071644671,1073217535,1073610751,1073135615,1073180671,1073676287,1073737727,1073741823,1073741823,1073741823,1073741823,1073741823:j6
1073741823,1073741823,1073741823,1054867455,1073217535,1073610751,1073135615,1073180671,1073676287,1073737727,1073741823,1073741823,1073741823,1073741823,1073741823:j6
1073741823,1073741823,1073741823,1067450367,1073217535,1073610751,1073135615,1073180671,1073676287,1073737727,1073741823,1073741823,1073741823,1073741823,1073741823:j6
1073741823,1073741823,1073741823,1071644671,1073217535,1056833535,1073135615,1073180671,1073676287,1073737727,1073741823,1073741823,1073741823,1073741823,1073741823:j6
1073741823,1073741823,1073741823,1071644671,1073217535,1073610751,1073135615,1073180671,1073676287,1073737727,1073741823,1073741567,1073741823,1073741823,1073741823:j6
1073741823,1073741823,1073741823,1071644671,1073217535,1073610751,1073135615,1073180671,1073676287,1073737727,1073740799,1073741823,1073741823,1073741823,1073741823:j6
1073741823,1073741823,1073741823,1071644671,1073217535,1073610751,1073135615,1073180671,1073676287,1073737727,1073741823,1073676287,1073741823,1073741823,1073741823:j6
1073741823,1073741823,1073741823,1071644671,1073217535,1073610751,1073135615,1073180671,1073676287,1073737727,1073725439,1073741823,1073741823,1073741823,1073741823:j6
1073741823,1073741823,1073741823,1071644671,1073217535,1073610751,1073135615,1073180671,1073676287,1073737727,1073741823,1073737727,1073741823,1073741823,1073741823:j6
1073741823,1073741823,1073725439,1071644671,1073217535,1073610751,1073135615,1073180671,1073676287,1073737727,1073741823,1073741823,1073741823,1073741823,1073741823:j6
1073741823,1073741823,1073479679,1071644671,1073217535,1073610751,1073135615,1073180671,1073676287,1073737727,1073741823,1073741823,1073741823,1073741823,1073741823:j6
1073741823,1073741823,1073741823,1071382527,1073217535,1073610751,1073135615,1073180671,1073676287,1073737727,1073741823,1073741823,1073741823,1073741823,1073741823:j6
1073741823,1073741823,1069547519,1071644671,1073217535,1073610751,1073135615,1073180671,1073676287,1073737727,1073741823,1073741823,1073741823,1073741823,1073741823:j6
1073741823,1073741823,1073741823,1071644671,1069023231,1073610751,1073135615,1073180671,1073676287,1073737727,1073741823,1073741823,1073741823,1073741823,1073741823:j6
1073741823,1073741823,1073741823,1071644671,1073217535,1073610751,1068941311,1073180671,1073676287,1073737727,1073741823,1073741823,1073741823,1073741823,1073741823:j6
1073741823,1073741823,1073741823,1071644671,1073217535,1073610751,1073135615,1073180671,1073676287,1073737471,1073741823,1073741823,1073741823,1073741823,1073741823:j6
1073741823,1073741823,1073741823,1071644671,1073217535,1073610751,1073135615,1073180671,1073675263,1073737727,1073741823,1073741823,1073741823,1073741823,1073741823:j6
1073741823,1073741823,1073741823,1071644671,1073217535,1073610751,1073135615,1073180415,1073676287,1073737727,1073741823,1073741823,1073741823,1073741823,1073741823:j6
1073741823,1073741823,1073741823,1071644671,1073217535,1073610495,1073135615,1073180671,1073676287,1073737727,1073741823,1073741823,1073741823,1073741823,1073741823:j6
1073741823,1073741823,1073741823,1071644671,1073217535,1073610751,1073134591,1073180671,1073676287,1073737727,1073741823,1073741823,1073741823,1073741823,1073741823:j6
1073741823,1073741823,1073741823,1071644671,1073217535,1073606655,1073135615,1073180671,1073676287,1073737727,1073741823,1073741823,1073741823,1073741823,1073741823:j6
1073741823,1073741823,1073741823,1071640575,1073217535,1073610751,1073135615,1073180671,1073676287,1073737727,1073741823,1073741823,1073741823,1073741823,1073741823:j6
1073741823,1073741823,1073741823,1071644671,1073201151,1073610751,1073135615,1073180671,1073676287,1073737727,1073741823,1073741823,1073741823,1073741823,1073741823:j6
1073741823,1073741823,1073741823,1071579135,1073217535,1073610751,1073135615,1073180671,1073676287,1073737727,1073741823,1073741823,1073741823,1073741823,1073741823:j6
1073741823,1073741823,1073741823,1071644671,1073217535,1072562175,1073135615,1073180671,1073676287,1073737727,1073741823,1073741823,1073741823,1073741823,1073741823:j6
1073741823,1073741823,1073741823,1071644671,1073217535,1073610751,1073135615,1073180671,1073676287,1073737727,1073737727,1073741823,1073741823,1073741823,1073741823:j6
1073741823,1073741823,1073741823,1071644671,1073217535,1073610751,1073135615,1073180671,1073676287,1073737727,1072693247,1073741823,1073741823,1073741823,1073741823:j6
1073741823,1073741823,1073741823,1071644671,1073217535,1073610751,1073135615,1073180671,1073676287,1073737727,1073676287,1073741823,1073741823,1073741823,1073741823:j6
1073741823,1073741823,1073741823,1071644671,1073217535,1073610751,1073135615,1073180671,1073676287,1073672191,1073741823,1073741823,1073741823,1073741823,1073741823:j6
1073741823,1073741823,1073741823,1071644671,1073217535,1069416447,1073135615,1073180671,1073676287,1073737727,1073741823,1073741823,1073741823,1073741823,1073741823:j6
1073741823,1073741823,1073741823,1071644671,1073217535,1073610751,1073135615,1068986367,1073676287,1073737727,1073741823,1073741823,1073741823,1073741823,1073741823:j6
1073741823,1073741823,1073741823,1071644671,1073217535,1073610751,1073135615,1072132095,1073676287,1073737727,1073741823,1073741823,1073741823,1073741823,1073741823:j6
1073741823,1073741823,1073741823,1071644671,1073217535,1073610751,1073135615,1073180671,1073676287,1069543423,1073741823,1073741823,1073741823,1073741823,1073741823:j6
1073741823,1073741823,1073741823,1071644671,1073217535,1073610751,1073135615,1073180671,1073414143,1073737727,1073741823,1073741823,1073741823,1073741823,1073741823:j6
1073741823,1073741823,1073741823,1071644671,1073213439,1073610751,1073135615,1073180671,1073676287,1073737727,1073741823,1073741823,1073741823,1073741823,1073741823:j6
1073741823,1073741823,1073741823,1071644671,1073151999,1073610751,1073135615,1073180671,1073676287,1073737727,1073741823,1073741823,1073741823,1073741823,1073741823:j6
1073741823,1073741823,1073741823,1071644671,1072168959,1073610751,1073135615,1073180671,1073676287,1073737727,1073741823,1073741823,1073741823,1073741823,1073741823:j6
1073741823,1073741823,1073741823,1071644671,1073217535,1073610751,1072087039,1073180671,1073676287,1073737727,1073741823,1073741823,1073741823,1073741823,1073741823:j6
1073741823,1073741823,1073741823,1071644671,1073217535,1073610751,1073135615,1073180671,1072627711,1073737727,1073741823,1073741823,1073741823,1073741823,1073741823:j6
1073741823,1073741823,1073741823,1071644671,1073217535,1073610751,1073135615,1073180671,1073676287,1073736703,1073741823,1073741823,1073741823,1073741823,1073741823:j6
1073741823,1073741823,1073741823,1071644671,1073217535,1073610751,1073135615,1073180671,1073672191,1073737727,1073741823,1073741823,1073741823,1073741823,1073741823:j6
1073741823,1073741823,1073741823,1071644671,1073217535,1073610751,1073135615,1073179647,1073676287,1073737727,1073741823,1073741823,1073741823,1073741823,1073741823:j6
1073741823,1073741823,1073741823,1071644671,1073217535,1073609727,1073135615,1073180671,1073676287,1073737727,1073741823,1073741823,1073741823,1073741823,1073741823:j6
1073741823,1073741823,1073741823,1071644671,1073217535,1073610751,1073131519,1073180671,1073676287,1073737727,1073741823,1073741823,1073741823,1073741823,1073741823:j6
1073741823,1073741823,1073741823,1071644671,1073217535,1073594367,1073135615,1073180671,1073676287,1073737727,1073741823,1073741823,1073741823,1073741823,1073741823:j6
1073741823,1073741823,1073741823,1071644671,1073217535,1073348607,1073135615,1073180671,1073676287,1073737727,1073741823,1073741823,1073741823,1073741823,1073741823:k8
1073741823,1073741823,1073741823,1071644671,1073217535,1073348607,1073135615,1054306303,1073676287,1073737727,1073741823,1073741823,1073741823,1073741823,1073741823:h5
1073741823,1073741823,1073741823,1071644671,1073217535,1073348607,1073135615,1071083519,1073676287,1056960511,1073741823,1073741823,1073741823,1073741823,1073741823:h5
1073741823,1073741823,1073741823,1071644671,1073217535,1073348607,1073135615,1071083519,1073676287,1072689151,1073741823,1073741823,1073741823,1073741823,1073741823:h5
1073741823,1073741823,1073741823,1071644671,1073216511,1073348607,1073135615,1071083519,1073676287,1073737727,1073741823,1073741823,1073741823,1073741823,1073741823:h5
1073741823,1073676287,1073741823,1071644671,1073217535,1073348607,1073135615,1071083519,1073676287,1073737727,1073741823,1073741823,1073741823,1073741823,1073741823:h5
1073741823,1072693247,1073741823,1071644671,1073217535,1073348607,1073135615,1071083519,1073676287,1073737727,1073741823,1073741823,1073741823,1073741823,1073741823:h5
1073741823,1073741823,1072693247,1071644671,1073217535,1073348607,1073135615,1071083519,1073676287,1073737727,1073741823,1073741823,1073741823,1073741823,1073741823:h5
1073741823,1056964607,1073741823,1071644671,1073217535,1073348607,1073135615,1071083519,1073676287,1073737727,1073741823,1073741823,1073741823,1073741823,1073741823:h5
1073741823,1073741823,1073741823,1054867455,1073217535,1073348607,1073135615,1071083519,1073676287,1073737727,1073741823,1073741823,1073741823,1073741823,1073741823:h5
1073741823,1073741823,1073741823,1071644671,1073217535,1056571391,1073135615,1071083519,1073676287,1073737727,1073741823,1073741823,1073741823,1073741823,1073741823:h5
1073741823,1073741823,1073741823,1071628287,1073217535,1073348607,1073135615,1071083519,1073676287,1073737727,1073741823,1073741823,1073741823,1073741823,1073741823:h5
1073741823,1073741823,1073741823,1067450367,1073217535,1073348607,1073135615,1071083519,1073676287,1073737727,1073741823,1073741823,1073741823,1073741823,1073741823:h5
1073741823,1073741823,1073741823,1071644671,1073217535,1073348607,1073135615,1071083519,1069481983,1073737727,1073741823,1073741823,1073741823,1073741823,1073741823:k6
1073741823,1073741823,1073741823,1071644671,1073216511,1071251455,1073135615,1071083519,1069481983,1073737727,1073741823,1073741823,1073741823,1073741823,1073741823:k5
1073741823,1073676287,1073741823,1071644671,1073217535,1071251455,1073135615,1071083519,1069481983,1073737727,1073741823,1073741823,1073741823,1073741823,1073741823:k5
1073741823,1072693247,1073741823,1071644671,1073217535,1071251455,1073135615,1071083519,1069481983,1073737727,1073741823,1073741823,1073741823,1073741823,1073741823:k5
1073741823,1073741823,1072693247,1071644671,1073217535,1071251455,1073135615,1071083519,1069481983,1073737727,1073741823,1073741823,1073741823,1073741823,1073741823:k5
1073741823,1056964607,1073741823,1071644671,1073217535,1071251455,1073135615,1071083519,1069481983,1073737727,1073741823,1073741823,1073741823,1073741823,1073741823:k5
1073741823,1073741823,1073741823,1054867455,1073217535,1071251455,1073135615,1071083519,1069481983,1073737727,1073741823,1073741823,1073741823,1073741823,1073741823:k5
1073741823,1073741823,1073741823,1071644671,1073217535,1071251455,1073135615,1071083519,1069481983,1073737727,1073479679,1073741823,1073741823,1073741823,1073741823:k5
1073741823,1073741823,1073741823,1071644671,1073217535,1071251455,1006026751,1071083519,1069481983,1073737727,1073741823,1073741823,1073741823,1073741823,1073741823:k5
1073741823,1073741823,1073741823,1071644671,1073217535,1071251455,1073135615,1071083519,1002373119,1073737727,1073741823,1073741823,1073741823,1073741823,1073741823:k5
1073741823,1073741823,1073741823,1071644671,1073217535,1071251455,1073135615,1071083519,1052704767,1073737727,1073741823,1073741823,1073741823,1073741823,1073741823:k5
1073741823,1073741823,1073741823,1071644671,1073217535,1071251455,1073135615,1071083519,1069481983,1073737727,1006632959,1073741823,1073741823,1073741823,1073741823:k5
1073741823,1073741823,1073741823,1071644671,1073217535,1071251455,1073135615,1071083519,1069481983,1073737727,1069547519,1073741823,1073741823,1073741823,1073741823:k5
1073741823,1073741823,1073741823,1071644671,1073217535,1054474239,1073135615,1071083519,1069481983,1073737727,1073741823,1073741823,1073741823,1073741823,1073741823:k5
1073741823,1073741823,1073741823,1071644671,1073217535,1071251455,1073135615,1054306303,1069481983,1073737727,1073741823,1073741823,1073741823,1073741823,1073741823:k5
1073741823,1073741823,1073741823,1071644671,1073217535,1071251455,1073135615,1071083519,1069481983,1056960511,1073741823,1073741823,1073741823,1073741823,1073741823:k5
1073741823,1073741823,1073741823,1071644671,1073217535,1071251455,1073135615,1071083519,1069481983,1072689151,1073741823,1073741823,1073741823,1073741823,1073741823:k5
1073741823,1073741823,1073741823,1071628287,1073217535,1071251455,1073135615,1071083519,1069481983,1073737727,1073741823,1073741823,1073741823,1073741823,1073741823:k5
1073741823,1073741823,1073741823,1067450367,1073217535,1071251455,1073135615,1071083519,1069481983,1073737727,1073741823,1073741823,1073741823,1073741823,1073741823:k5
1073741823,1073741823,1073741823,1071644671,1073217535,1071251455,1073135615,1071083519,1069481983,1073737727,1073741823,1073741567,1073741823,1073741823,1073741823:k5
1073741823,1073741823,1073741823,1071644671,1073217535,1071251455,1073135615,1071083519,1069481983,1073737727,1073740799,1073741823,1073741823,1073741823,1073741823:k5
1073741823,1073741823,1073741823,1071644671,1073217535,1071251455,1073135615,1071083519,1069481983,1073737727,1073741823,1073676287,1073741823,1073741823,1073741823:k5
1073741823,1073741823,1073741823,1071644671,1073217535,1071251455,1073135615,1071083519,1069481983,1073737727,1073725439,1073741823,1073741823,1073741823,1073741823:k5
1073741823,1073741823,1073741823,1071644671,1073217535,1071251455,1073135615,1071083519,1069481983,1073737727,1073741823,1073737727,1073741823,1073741823,1073741823:k5
1073741823,1073741823,1073725439,1071644671,1073217535,1071251455,1073135615,1071083519,1069481983,1073737727,1073741823,1073741823,1073741823,1073741823,1073741823:k5
1073741823,1073741823,1073479679,1071644671,1073217535,1071251455,1073135615,1071083519,1069481983,1073737727,1073741823,1073741823,1073741823,1073741823,1073741823:k5
1073741823,1073741823,1073741823,1071382527,1073217535,1071251455,1073135615,1071083519,1069481983,1073737727,1073741823,1073741823,1073741823,1073741823,1073741823:k5
1073741823,1073741823,1069547519,1071644671,1073217535,1071251455,1073135615,1071083519,1069481983,1073737727,1073741823,1073741823,1073741823,1073741823,1073741823:k5
1073741823,1073741823,1073741823,1071644671,1069023231,1071251455,1073135615,1071083519,1069481983,1073737727,1073741823,1073741823,1073741823,1073741823,1073741823:m8
1073741823,1073741823,1073741823,1071644671,1073217535,1071251455,1068941311,1071083519,1069481983,1073737727,1073741823,1073741823,1073741823,1073741823,1073741823:k5
1073741823,1073741823,1073741823,1071644671,1073217535,1071251455,1073135615,1071083519,1069481983,1073737471,1073741823,1073741823,1073741823,1073741823,1073741823:k5
1073741823,1073741823,1073741823,1071644671,1073217535,1071251455,1073135615,1071083519,1069480959,1073737727,1073741823,1073741823,1073741823,1073741823,1073741823:k5
1073741823,1073741823,1073741823,1071644671,1073217535,1071251455,1073135615,1071083263,1069481983,1073737727,1073741823,1073741823,1073741823,1073741823,1073741823:k5
1073741823,1073741823,1073741823,1071644671,1073217535,1071251199,1073135615,1071083519,1069481983,1073737727,1073741823,1073741823,1073741823,1073741823,1073741823:k5
1073741823,1073741823,1073741823,1071644671,1073217535,1071251455,1073134591,1071083519,1069481983,1073737727,1073741823,1073741823,1073741823,1073741823,1073741823:k5
1073741823,1073741823,1073741823,1071644671,1073217535,1071247359,1073135615,1071083519,1069481983,1073737727,1073741823,1073741823,1073741823,1073741823,1073741823:k5
1073741823,1073741823,1073741823,1071640575,1073217535,1071251455,1073135615,1071083519,1069481983,1073737727,1073741823,1073741823,1073741823,1073741823,1073741823:k5
1073741823,1073741823,1073741823,1071644671,1073201151,1071251455,1073135615,1071083519,1069481983,1073737727,1073741823,1073741823,1073741823,1073741823,1073741823:k5
1073741823,1073741823,1073741823,1071579135,1073217535,1071251455,1073135615,1071083519,1069481983,1073737727,1073741823,1073741823,1073741823,1073741823,1073741823:k5
1073741823,1073741823,1073741823,1071644671,1073217535,1071251455,1073135615,1071083519,1069481983,1073737727,1073737727,1073741823,1073741823,1073741823,1073741823:k5
1073741823,1073741823,1073741823,1071644671,1073217535,1071251455,1073135615,1071083519,1069481983,1073737727,1072693247,1073741823,1073741823,1073741823,1073741823:k5
1073741823,1073741823,1073741823,1071644671,1073217535,1071251455,1073135615,1071083519,1069481983,1073737727,1073676287,1073741823,1073741823,1073741823,1073741823:k5
1073741823,1073741823,1073741823,1071644671,1073217535,1071251455,1073135615,1071083519,1069481983,1073672191,1073741823,1073741823,1073741823,1073741823,1073741823:k5
1073741823,1073741823,1073741823,1071644671,1073217535,1067057151,1073135615,1071083519,1069481983,1073737727,1073741823,1073741823,1073741823,1073741823,1073741823:k5
1073741823,1073741823,1073741823,1071644671,1073217535,1071251455,1073135615,1066889215,1069481983,1073737727,1073741823,1073741823,1073741823,1073741823,1073741823:k5
1073741823,1073741823,1073741823,1071644671,1073217535,1071251455,1073135615,1071083519,1069481983,1069543423,1073741823,1073741823,1073741823,1073741823,1073741823:k5
1073741823,1073741823,1073741823,1071644671,1073217535,1071251455,1073135615,1071083519,1069219839,1073737727,1073741823,1073741823,1073741823,1073741823,1073741823:k5
1073741823,1073741823,1073741823,1071644671,1073213439,1071251455,1073135615,1071083519,1069481983,1073737727,1073741823,1073741823,1073741823,1073741823,1073741823:k5
1073741823,1073741823,1073741823,1071644671,1073151999,1071251455,1073135615,1071083519,1069481983,1073737727,1073741823,1073741823,1073741823,1073741823,1073741823:m8
1073741823,1073741823,1073741823,1071644671,1072168959,1071251455,1073135615,1071083519,1069481983,1073737727,1073741823,1073741823,1073741823,1073741823,1073741823:m8
1073741823,1073741823,1073741823,1071644671,1073217535,1071251455,1072087039,1071083519,1069481983,1073737727,1073741823,1073741823,1073741823,1073741823,1073741823:m8
1073741823,1073741823,1073741823,1071644671,1073217535,1071251455,1073135615,1071083519,1068433407,1073737727,1073741823,1073741823,1073741823,1073741823,1073741823:k5
1073741823,1073741823,1073741823,1071644671,1073217535,1071251455,1073135615,1071083519,1069481983,1073736703,1073741823,1073741823,1073741823,1073741823,1073741823:k5
1073741823,1073741823,1073741823,1071644671,1073217535,1071251455,1073135615,1071083519,1069477887,1073737727,1073741823,1073741823,1073741823,1073741823,1073741823:k5
1073741823,1073741823,1073741823,1071644671,1073217535,1071251455,1073135615,1071082495,1069481983,1073737727,1073741823,1073741823,1073741823,1073741823,1073741823:k5
1073741823,1073741823,1073741823,1071644671,1073217535,1071250431,1073135615,1071083519,1069481983,1073737727,1073741823,1073741823,1073741823,1073741823,1073741823:k5
1073741823,1073741823,1073741823,1071644671,1073217535,1071251455,1073131519,1071083519,1069481983,1073737727,1073741823,1073741823,1073741823,1073741823,1073741823:k5
1073741823,1073741823,1073741823,1071644671,1073217535,1071235071,1073135615,1071083519,1069481983,1073737727,1073741823,1073741823,1073741823,1073741823,1073741823:k5
1073741823,1073741823,1073741823,1071644671,1073217535,1071251455,1073135615,1071017983,1069481983,1073737727,1073741823,1073741823,1073741823,1073741823,1073741823:k5
1073741823,1073741823,1073741823,1071644671,1073217535,1071251455,1073135615,1071083519,1069481983,1073475583,1073741823,1073741823,1073741823,1073741823,1073741823:k5
1073741823,1073741823,1073741823,1071644671,1073217535,1071251455,1073135615,1071083519,1069481983,1073721343,1073741823,1073741823,1073741823,1073741823,1073741823:k5
1073741823,1073741823,1073741823,1071644671,1073217535,1071251455,1073135615,1071083519,1069465599,1073737727,1073741823,1073741823,1073741823,1073741823,1073741823:k5
1073741823,1073741823,1073741823,1071644671,1073217535,1073348607,1073135615,1071083519,1073676287,1073737727,1073741823,1073741567,1073741823,1073741823,1073741823:h5
1073741823,1073741823,1073741823,1071644671,1073217535,1073348607,1073135615,1071083519,1073676287,1073737727,1073740799,1073741823,1073741823,1073741823,1073741823:h5
1073741823,1073741823,1073741823,1071644671,1073217535,1073348607,1073135615,1071083519,1073676287,1073737727,1073741823,1073676287,1073741823,1073741823,1073741823:h5
1073741823,1073741823,1073741823,1071644671,1073217535,1073348607,1073135615,1071083519,1073676287,1073737727,1073725439,1073741823,1073741823,1073741823,1073741823:h5
1073741823,1073741823,1073741823,1071644671,1073217535,1073348607,1073135615,1071083519,1073676287,1073737727,1073741823,1073737727,1073741823,1073741823,1073741823:h5
1073741823,1073741823,1073725439,1071644671,1073217535,1073348607,1073135615,1071083519,1073676287,1073737727,1073741823,1073741823,1073741823,1073741823,1073741823:h5
1073741823,1073741823,1073479679,1071644671,1073217535,1073348607,1073135615,1071083519,1073676287,1073737727,1073741823,1073741823,1073741823,1073741823,1073741823:h5
1073741823,1073741823,1073741823,1071382527,1073217535,1073348607,1073135615,1071083519,1073676287,1073737727,1073741823,1073741823,1073741823,1073741823,1073741823:h5
1073741823,1073741823,1069547519,1071644671,1073217535,1073348607,1073135615,1071083519,1073676287,1073737727,1073741823,1073741823,1073741823,1073741823,1073741823:h5
1073741823,1073741823,1073741823,1071644671,1069023231,1073348607,1073135615,1071083519,1073676287,1073737727,1073741823,1073741823,1073741823,1073741823,1073741823:h5
1073741823,1073741823,1073741823,1071644671,1073217535,1073348607,1068941311,1071083519,1073676287,1073737727,1073741823,1073741823,1073741823,1073741823,1073741823:h5
1073741823,1073741823,1073741823,1071644671,1073217535,1073348607,1073135615,1071083519,1073676287,1073737471,1073741823,1073741823,1073741823,1073741823,1073741823:h5
1073741823,1073741823,1073741823,1071644671,1073217535,1073348607,1073135615,1071083519,1073675263,1073737727,1073741823,1073741823,1073741823,1073741823,1073741823:h5
1073741823,1073741823,1073741823,1071644671,1073217535,1073348607,1073135615,1071083263,1073676287,1073737727,1073741823,1073741823,1073741823,1073741823,1073741823:h5
1073741823,1073741823,1073741823,1071644671,1073217535,1073348351,1073135615,1071083519,1073676287,1073737727,1073741823,1073741823,1073741823,1073741823,1073741823:h5
1073741823,1073741823,1073741823,1071644671,1073217535,1073348607,1073134591,1071083519,1073676287,1073737727,1073741823,1073741823,1073741823,1073741823,1073741823:h5
1073741823,1073741823,1073741823,1071644671,1073217535,1073344511,1073135615,1071083519,1073676287,1073737727,1073741823,1073741823,1073741823,1073741823,1073741823:h5
1073741823,1073741823,1073741823,1071640575,1073217535,1073348607,1073135615,1071083519,1073676287,1073737727,1073741823,1073741823,1073741823,1073741823,1073741823:l9
1073741823,1073741823,1073741823,1071644671,1073201151,1073348607,1073135615,1071083519,1073676287,1073737727,1073741823,1073741823,1073741823,1073741823,1073741823:i8
1073741823,1073676287,1073741823,1071644671,1073201151,1073348607,1073135615,1070952447,1073676287,1073737727,1073741823,1073741823,1073741823,1073741823,1073741823:l8
1073741823,1072693247,1073741823,1071644671,1073201151,1073348607,1073135615,1070952447,1073676287,1073737727,1073741823,1073741823,1073741823,1073741823,1073741823:l8
1073741823,1073741823,1072693247,1071644671,1073201151,1073348607,1073135615,1070952447,1073676287,1073737727,1073741823,1073741823,1073741823,1073741823,1073741823:l8
1073741823,1056964607,1073741823,1071644671,1073201151,1073348607,1073135615,1070952447,1073676287,1073737727,1073741823,1073741823,1073741823,1073741823,1073741823:l8
1073741823,1073741823,1073741823,1054867455,1073201151,1073348607,1073135615,1070952447,1073676287,1073737727,1073741823,1073741823,1073741823,1073741823,1073741823:l8
1073741823,1073741823,1073741823,1071644671,1073200127,1073348607,1073135615,1070952447,1073676287,1073737727,1073741823,1073741823,1073741823,1073741823,1073741823:l8
1073741823,1073741823,1073740799,1071644671,1073201151,1073348607,1073135615,1070952447,1073676287,1073737727,1073741823,1073741823,1073741823,1073741823,1073741823:l8
1073741823,1073741823,1073741823,1071644671,1073201151,1056571391,1073135615,1070952447,1073676287,1073737727,1073741823,1073741823,1073741823,1073741823,1073741823:l8
1073741823,1073741823,1073741823,1071644671,1073201151,1073348607,1073135615,1054175231,1073676287,1073737727,1073741823,1073741823,1073741823,1073741823,1073741823:l8
1073741823,1073741823,1073741823,1071644671,1073201151,1073348607,1073135615,1070952447,1073676287,1056960511,1073741823,1073741823,1073741823,1073741823,1073741823:l8
1073741823,1073741823,1073741823,1071644671,1073201151,1073348607,1073135615,1070952447,1073676287,1072689151,1073741823,1073741823,1073741823,1073741823,1073741823:l8
1073741823,1073741823,1073741823,1071628287,1073201151,1073348607,1073135615,1070952447,1073676287,1073737727,1073741823,1073741823,1073741823,1073741823,1073741823:l8
1073741823,1073741823,1073741823,1067450367,1073201151,1073348607,1073135615,1070952447,1073676287,1073737727,1073741823,1073741823,1073741823,1073741823,1073741823:l8
1073741823,1073741823,1073741823,1071644671,1073201151,1073348607,1073135615,1070952447,1069481983,1073737727,1073741823,1073741823,1073741823,1073741823,1073741823:l8
1073741823,1073741823,1073741823,1071644671,1073201151,1073348607,1073135615,1070952447,1073676287,1073737727,1073741823,1073741567,1073741823,1073741823,1073741823:l8
1073741823,1073741823,1073741823,1071644671,1073201151,1073348607,1073135615,1070952447,1073676287,1073737727,1073740799,1073741823,1073741823,1073741823,1073741823:l8
1073741823,1073741823,1073741823,1071644671,1073201151,1073348607,1073135615,1070952447,1073676287,1073737727,1073741823,1073676287,1073741823,1073741823,1073741823:l8
1073741823,1073741823,1073741823,1071644671,1073201151,1073348607,1073135615,1070952447,1073676287,1073737727,1073725439,1073741823,1073741823,1073741823,1073741823:l8
1073741823,1073741823,1073741823,1071644671,1073201151,1073348607,1073135615,1070952447,1073676287,1073737727,1073741823,1073737727,1073741823,1073741823,1073741823:l8
1073741823,1073741823,1073725439,1071644671,1073201151,1073348607,1073135615,1070952447,1073676287,1073737727,1073741823,1073741823,1073741823,1073741823,1073741823:l8
1073741823,1073741823,1073479679,1071644671,1073201151,1073348607,1073135615,1070952447,1073676287,1073737727,1073741823,1073741823,1073741823,1073741823,1073741823:l8
1073741823,1073741823,1073741823,1071382527,1073201151,1073348607,1073135615,1070952447,1073676287,1073737727,1073741823,1073741823,1073741823,1073741823,1073741823:l8
1073741823,1073741823,1069547519,1071644671,1073201151,1073348607,1073135615,1070952447,1073676287,1073737727,1073741823,1073741823,1073741823,1073741823,1073741823:l8
1073741823,1073741823,1073741823,1071644671,1069006847,1073348607,1073135615,1070952447,1073676287,1073737727,1073741823,1073741823,1073741823,1073741823,1073741823:l8
1073741823,1073741823,1073741823,1071644671,1073201151,1073348607,1068941311,1070952447,1073676287,1073737727,1073741823,1073741823,1073741823,1073741823,1073741823:l8
1073741823,1073741823,1073741823,1071644671,1073201151,1073348607,1073135615,1070952447,1073676287,1073737471,1073741823,1073741823,1073741823,1073741823,1073741823:l8
1073741823,1073741823,1073741823,1071644671,1073201151,1073348607,1073135615,1070952447,1073675263,1073737727,1073741823,1073741823,1073741823,1073741823,1073741823:l8
1073741823,1073741823,1073741823,1071644671,1073201151,1073348607,1073135615,1070952191,1073676287,1073737727,1073741823,1073741823,1073741823,1073741823,1073741823:l8
1073741823,1073741823,1073741823,1071644671,1073201151,1073348351,1073135615,1070952447,1073676287,1073737727,1073741823,1073741823,1073741823,1073741823,1073741823:l8
1073741823,1073741823,1073741823,1071644671,1073201151,1073348607,1073134591,1070952447,1073676287,1073737727,1073741823,1073741823,1073741823,1073741823,1073741823:l8
1073741823,1073741823,1073741823,1071644671,1073201151,1073344511,1073135615,1070952447,1073676287,1073737727,1073741823,1073741823,1073741823,1073741823,1073741823:l8
1073741823,1073741823,1073741823,1071640575,1073201151,1073348607,1073135615,1070952447,1073676287,1073737727,1073741823,1073741823,1073741823,1073741823,1073741823:l8
1073741823,1073741823,1073741823,1071579135,1073201151,1073348607,1073135615,1070952447,1073676287,1073737727,1073741823,1073741823,1073741823,1073741823,1073741823:l8
1073741823,1073741823,1073741823,1071644671,1073201151,1072300031,1073135615,1070952447,1073676287,1073737727,1073741823,1073741823,1073741823,1073741823,1073741823:l8
1073741823,1073741823,1073741823,1071644671,1073201151,1073348607,1073135615,1070952447,1073676287,1073737727,1073737727,1073741823,1073741823,1073741823,1073741823:l8
1073741823,1073741823,1073741823,1071644671,1073201151,1073348607,1073135615,1070952447,1073676287,1073737727,1072693247,1073741823,1073741823,1073741823,1073741823:l8
1073741823,1073741823,1073741823,1071644671,1073201151,1073348607,1073135615,1070952447,1073676287,1073737727,1073676287,1073741823,1073741823,1073741823,1073741823:l8
1073741823,1073741823,1073741823,1071644671,1073201151,1073348607,1073135615,1070952447,1073676287,1073672191,1073741823,1073741823,1073741823,1073741823,1073741823:l8
1073741823,1073741823,1073741823,1071644671,1073201151,1069154303,1073135615,1070952447,1073676287,1073737727,1073741823,1073741823,1073741823,1073741823,1073741823:l8
1073741823,1073741823,1073741823,1071644671,1073201151,1073348607,1073135615,1066758143,1073676287,1073737727,1073741823,1073741823,1073741823,1073741823,1073741823:k6
1073741823,1073741823,1073741823,1071644671,1073201151,1004142591,1073135615,1066758143,1073676287,1073737727,1073741823,1073741823,1073741823,1073741823,1073741823:k5
1073741823,1073741823,1073741823,1071644671,1073201151,1071251455,1056358399,1066758143,1073676287,1073737727,1073741823,1073741823,1073741823,1073741823,1073741823:k5
1073741823,1073741823,1073741823,1071644671,1073201151,1071251455,1073135615,999649279,1073676287,1073737727,1073741823,1073741823,1073741823,1073741823,1073741823:k5
1073741823,1073741823,1073741823,1071644671,1073201151,1071251455,1073135615,1066758143,1073676287,1006628863,1073741823,1073741823,1073741823,1073741823,1073741823:l5
1073741823,1073741823,1073741823,1071644671,1073201151,1071251455,1073135615,1066758143,1056899071,1073737727,1073741823,1073741823,1073741823,1073741823,1073741823:l5
1073741823,1073741823,1073740799,1071644671,1073201151,1071251455,1073135615,1066758143,1073676287,1073737727,1073741823,1073741823,1073741823,1073741823,1073741823:k5
1073741823,1073741823,1073741823,1071644671,1073201151,1071251455,1073135615,1049980927,1073676287,1073737727,1073741823,1073741823,1073741823,1073741823,1073741823:k5
1073741823,1073741823,1073741823,1071644671,1073201151,1071251455,1073135615,1066758143,1073676287,1056960511,1073741823,1073741823,1073741823,1073741823,1073741823:k5
1073741823,1073741823,1073741823,1071644671,1073201151,1071251455,1073135615,1066758143,1073676287,1072689151,1073741823,1073741823,1073741823,1073741823,1073741823:k5
1073741823,1073741823,1073741823,1071628287,1073201151,1071251455,1073135615,1066758143,1073676287,1073737727,1073741823,1073741823,1073741823,1073741823,1073741823:l5
1073741823,1073741823,1073741823,1071644671,1073201151,1071251455,1073135615,1066758143,1069481983,1073737727,1073741823,1073741823,1073741823,1073741823,1073741823:k5
1073741823,1073741823,1073741823,1071644671,1073200127,1071251455,1073135615,1066758143,1073676287,1073737727,1073741823,1073741823,1073741823,1073741823,1073741823:k5
1073741823,1073676287,1073741823,1071644671,1073201151,1071251455,1073135615,1066758143,1073676287,1073737727,1073741823,1073741823,1073741823,1073741823,1073741823:k5
1073741823,1072693247,1073741823,1071644671,1073201151,1071251455,1073135615,1066758143,1073676287,1073737727,1073741823,1073741823,1073741823,1073741823,1073741823:k5
1073741823,1073741823,1072693247,1071644671,1073201151,1071251455,1073135615,1066758143,1073676287,1073737727,1073741823,1073741823,1073741823,1073741823,1073741823:k5
1073741823,1056964607,1073741823,1071644671,1073201151,1071251455,1073135615,1066758143,1073676287,1073737727,1073741823,1073741823,1073741823,1073741823,1073741823:k5
1073741823,1073741823,1073741823,1054867455,1073201151,1071251455,1073135615,1066758143,1073676287,1073737727,1073741823,1073741823,1073741823,1073741823,1073741823:k5
1073741823,1073741823,1073741823,1067450367,1073201151,1071251455,1073135615,1066758143,1073676287,1073737727,1073741823,1073741823,1073741823,1073741823,1073741823:k5
1073741823,1073741823,1073741823,1071644671,1073201151,1054474239,1073135615,1066758143,1073676287,1073737727,1073741823,1073741823,1073741823,1073741823,1073741823:k5
1073741823,1073741823,1073741823,1071644671,1073201151,1071251455,1073135615,1066758143,1073676287,1073737727,1073741823,1073741567,1073741823,1073741823,1073741823:k5
1073741823,1073741823,1073741823,1071644671,1073201151,1071251455,1073135615,1066758143,1073676287,1073737727,1073740799,1073741823,1073741823,1073741823,1073741823:k5
1073741823,1073741823,1073741823,1071644671,1073201151,1071251455,1073135615,1066758143,1073676287,1073737727,1073741823,1073676287,1073741823,1073741823,1073741823:k5
1073741823,1073741823,1073741823,1071644671,1073201151,1071251455,1073135615,1066758143,1073676287,1073737727,1073725439,1073741823,1073741823,1073741823,1073741823:k5
1073741823,1073741823,1073741823,1071644671,1073201151,1071251455,1073135615,1066758143,1073676287,1073737727,1073741823,1073737727,1073741823,1073741823,1073741823:k5
1073741823,1073741823,1073725439,1071644671,1073201151,1071251455,1073135615,1066758143,1073676287,1073737727,1073741823,1073741823,1073741823,1073741823,1073741823:k5
1073741823,1073741823,1073479679,1071644671,1073201151,1071251455,1073135615,1066758143,1073676287,1073737727,1073741823,1073741823,1073741823,1073741823,1073741823:k5
1073741823,1073741823,1073741823,1071382527,1073201151,1071251455,1073135615,1066758143,1073676287,1073737727,1073741823,1073741823,1073741823,1073741823,1073741823:k5
1073741823,1073741823,1069547519,1071644671,1073201151,1071251455,1073135615,1066758143,1073676287,1073737727,1073741823,1073741823,1073741823,1073741823,1073741823:k5
1073741823,1073741823,1073741823,1071644671,1069006847,1071251455,1073135615,1066758143,1073676287,1073737727,1073741823,1073741823,1073741823,1073741823,1073741823:l3
1073741823,1073741823,1073741823,1071644671,1073201151,1071251455,1068941311,1066758143,1073676287,1073737727,1073741823,1073741823,1073741823,1073741823,1073741823:k5
1073741823,1073741823,1073741823,1071644671,1073201151,1071251455,1073135615,1066758143,1073676287,1073737471,1073741823,1073741823,1073741823,1073741823,1073741823:k5
1073741823,1073741823,1073741823,1071644671,1073201151,1071251455,1073135615,1066758143,1073675263,1073737727,1073741823,1073741823,1073741823,1073741823,1073741823:k5
1073741823,1073741823,1073741823,1071644671,1073201151,1071251455,1073135615,1066757887,1073676287,1073737727,1073741823,1073741823,1073741823,1073741823,1073741823:k5
1073741823,1073741823,1073741823,1071644671,1073201151,1071251199,1073135615,1066758143,1073676287,1073737727,1073741823,1073741823,1073741823,1073741823,1073741823:k5
1073741823,1073741823,1073741823,1071644671,1073201151,1071251455,1073134591,1066758143,1073676287,1073737727,1073741823,1073741823,1073741823,1073741823,1073741823:k5
1073741823,1073741823,1073741823,1071644671,1073201151,1071247359,1073135615,1066758143,1073676287,1073737727,1073741823,1073741823,1073741823,1073741823,1073741823:k5
1073741823,1073741823,1073741823,1071640575,1073201151,1071251455,1073135615,1066758143,1073676287,1073737727,1073741823,1073741823,1073741823,1073741823,1073741823:k5
1073741823,1073741823,1073741823,1071579135,1073201151,1071251455,1073135615,1066758143,1073676287,1073737727,1073741823,1073741823,1073741823,1073741823,1073741823:k5
1073741823,1073741823,1073741823,1071644671,1073201151,1071251455,1073135615,1066758143,1073676287,1073737727,1073737727,1073741823,1073741823,1073741823,1073741823:k5
1073741823,1073741823,1073741823,1071644671,1073201151,1071251455,1073135615,1066758143,1073676287,1073737727,1072693247,1073741823,1073741823,1073741823,1073741823:k5
1073741823,1073741823,1073741823,1071644671,1073201151,1071251455,1073135615,1066758143,1073676287,1073737727,1073676287,1073741823,1073741823,1073741823,1073741823:k5
1073741823,1073741823,1073741823,1071644671,1073201151,1071251455,1073135615,1066758143,1073676287,1073672191,1073741823,1073741823,1073741823,1073741823,1073741823:k5
1073741823,1073741823,1073741823,1071644671,1073201151,1067057151,1073135615,1066758143,1073676287,1073737727,1073741823,1073741823,1073741823,1073741823,1073741823:k5
1073741823,1073741823,1073741823,1071644671,1073201151,1071251455,1073135615,1066758143,1073676287,1069543423,1073741823,1073741823,1073741823,1073741823,1073741823:k5
1073741823,1073741823,1073741823,1071644671,1073201151,1071251455,1073135615,1066758143,1073414143,1073737727,1073741823,1073741823,1073741823,1073741823,1073741823:k5
1073741823,1073741823,1073741823,1071644671,1073197055,1071251455,1073135615,1066758143,1073676287,1073737727,1073741823,1073741823,1073741823,1073741823,1073741823:k5
1073741823,1073741823,1073741823,1071644671,1073135615,1071251455,1073135615,1066758143,1073676287,1073737727,1073741823,1073741823,1073741823,1073741823,1073741823:l5
1073741823,1073741823,1073741823,1071644671,1072152575,1071251455,1073135615,1066758143,1073676287,1073737727,1073741823,1073741823,1073741823,1073741823,1073741823:l7
1073741823,1073741823,1073741823,1071644671,1073201151,1071251455,1072087039,1066758143,1073676287,1073737727,1073741823,1073741823,1073741823,1073741823,1073741823:l5
1073741823,1073741823,1073741823,1071644671,1073201151,1071251455,1073135615,1066758143,1072627711,1073737727,1073741823,1073741823,1073741823,1073741823,1073741823:k5
1073741823,1073741823,1073741823,1071644671,1073201151,1071251455,1073135615,1066758143,1073676287,1073736703,1073741823,1073741823,1073741823,1073741823,1073741823:k5
1073741823,1073741823,1073741823,1071644671,1073201151,1071251455,1073135615,1066758143,1073672191,1073737727,1073741823,1073741823,1073741823,1073741823,1073741823:k5
1073741823,1073741823,1073741823,1071644671,1073201151,1071251455,1073135615,1066757119,1073676287,1073737727,1073741823,1073741823,1073741823,1073741823,1073741823:k5
1073741823,1073741823,1073741823,1071644671,1073201151,1071250431,1073135615,1066758143,1073676287,1073737727,1073741823,1073741823,1073741823,1073741823,1073741823:k5
1073741823,1073741823,1073741823,1071644671,1073201151,1071251455,1073131519,1066758143,1073676287,1073737727,1073741823,1073741823,1073741823,1073741823,1073741823:k5
1073741823,1073741823,1073741823,1071644671,1073201151,1071235071,1073135615,1066758143,1073676287,1073737727,1073741823,1073741823,1073741823,1073741823,1073741823:k5
1073741823,1073741823,1073741823,1071644671,1073201151,1071251455,1073135615,1066758143,1073676287,1073475583,1073741823,1073741823,1073741823,1073741823,1073741823:k5
1073741823,1073741823,1073741823,1071644671,1073201151,1071251455,1073135615,1066758143,1073676287,1073721343,1073741823,1073741823,1073741823,1073741823,1073741823:k5
1073741823,1073741823,1073741823,1071644671,1073201151,1071251455,1073135615,1066758143,1073659903,1073737727,1073741823,1073741823,1073741823,1073741823,1073741823:k5
1073741823,1073741823,1073741823,1071644671,1073201151,1073348607,1073135615,1070952447,1073676287,1069543423,1073741823,1073741823,1073741823,1073741823,1073741823:l8
1073741823,1073741823,1073741823,1071644671,1073201151,1073348607,1073135615,1070952447,1073414143,1073737727,1073741823,1073741823,1073741823,1073741823,1073741823:l8
1073741823,1073741823,1073741823,1071644671,1073197055,1073348607,1073135615,1070952447,1073676287,1073737727,1073741823,1073741823,1073741823,1073741823,1073741823:l8
1073741823,1073741823,1073741823,1071644671,1073135615,1073348607,1073135615,1070952447,1073676287,1073737727,1073741823,1073741823,1073741823,1073741823,1073741823:l8
1073741823,1073741823,1073741823,1071644671,1072152575,1073348607,1073135615,1070952447,1073676287,1073737727,1073741823,1073741823,1073741823,1073741823,1073741823:l8
1073741823,1073741823,1073741823,1071644671,1073201151,1073348607,1072087039,1070952447,1073676287,1073737727,1073741823,1073741823,1073741823,1073741823,1073741823:l8
1073741823,1073741823,1073741823,1071644671,1073201151,1073348607,1073135615,1070952447,1072627711,1073737727,1073741823,1073741823,1073741823,1073741823,1073741823:l8
1073741823,1073741823,1073741823,1071644671,1073201151,1073348607,1073135615,1070952447,1073676287,1073736703,1073741823,1073741823,1073741823,1073741823,1073741823:l8
1073741823,1073741823,1073741823,1071644671,1073201151,1073348607,1073135615,1070952447,1073672191,1073737727,1073741823,1073741823,1073741823,1073741823,1073741823:l8
1073741823,1073741823,1073741823,1071644671,1073201151,1073348607,1073135615,1070951423,1073676287,1073737727,1073741823,1073741823,1073741823,1073741823,1073741823:l8
1073741823,1073741823,1073741823,1071644671,1073201151,1073347583,1073135615,1070952447,1073676287,1073737727,1073741823,1073741823,1073741823,1073741823,1073741823:l8
1073741823,1073741823,1073741823,1071644671,1073201151,1073348607,1073131519,1070952447,1073676287,1073737727,1073741823,1073741823,1073741823,1073741823,1073741823:l8
1073741823,1073741823,1073741823,1071644671,1073201151,1073332223,1073135615,1070952447,1073676287,1073737727,1073741823,1073741823,1073741823,1073741823,1073741823:l8
1073741823,1073741823,1073741823,1071644671,1073201151,1073348607,1073135615,1070952447,1073676287,1073475583,1073741823,1073741823,1073741823,1073741823,1073741823:l8
1073741823,1073741823,1073741823,1071644671,1073201151,1073348607,1073135615,1070952447,1073676287,1073721343,1073741823,1073741823,1073741823,1073741823,1073741823:l8
1073741823,1073741823,1073741823,1071644671,1073201151,1073348607,1073135615,1070952447,1073659903,1073737727,1073741823,1073741823,1073741823,1073741823,1073741823:l8
1073741823,1073741823,1073741823,1071579135,1073217535,1073348607,1073135615,1071083519,1073676287,1073737727,1073741823,1073741823,1073741823,1073741823,1073741823:h5
1073741823,1073741823,1073741823,1071644671,1073217535,1072300031,1073135615,1071083519,1073676287,1073737727,1073741823,1073741823,1073741823,1073741823,1073741823:h5
1073741823,1073741823,1073741823,1071644671,1073217535,1073348607,1073135615,1071083519,1073676287,1073737727,1073737727,1073741823,1073741823,1073741823,1073741823:h5
1073741823,1073741823,1073741823,1071644671,1073217535,1073348607,1073135615,1071083519,1073676287,1073737727,1072693247,1073741823,1073741823,1073741823,1073741823:h5
1073741823,1073741823,1073741823,1071644671,1073217535,1073348607,1073135615,1071083519,1073676287,1073737727,1073676287,1073741823,1073741823,1073741823,1073741823:h5
1073741823,1073741823,1073741823,1071644671,1073217535,1073348607,1073135615,1071083519,1073676287,1073672191,1073741823,1073741823,1073741823,1073741823,1073741823:h5
1073741823,1073741823,1073741823,1071644671,1073217535,1069154303,1073135615,1071083519,1073676287,1073737727,1073741823,1073741823,1073741823,1073741823,1073741823:h5
1073741823,1073741823,1073741823,1071644671,1073217535,1073348607,1073135615,1066889215,1073676287,1073737727,1073741823,1073741823,1073741823,1073741823,1073741823:h5
1073741823,1073741823,1073741823,1071644671,1073217535,1073348607,1073135615,1071083519,1073676287,1069543423,1073741823,1073741823,1073741823,1073741823,1073741823:h5
1073741823,1073741823,1073741823,1071644671,1073217535,1073348607,1073135615,1071083519,1073414143,1073737727,1073741823,1073741823,1073741823,1073741823,1073741823:h5
1073741823,1073741823,1073741823,1071644671,1073213439,1073348607,1073135615,1071083519,1073676287,1073737727,1073741823,1073741823,1073741823,1073741823,1073741823:h5
1073741823,1073741823,1073741823,1071644671,1073151999,1073348607,1073135615,1071083519,1073676287,1073737727,1073741823,1073741823,1073741823,1073741823,1073741823:h5
1073741823,1073741823,1073741823,1071644671,1072168959,1073348607,1073135615,1071083519,1073676287,1073737727,1073741823,1073741823,1073741823,1073741823,1073741823:h5
1073741823,1073741823,1073741823,1071644671,1073217535,1073348607,1072087039,1071083519,1073676287,1073737727,1073741823,1073741823,1073741823,1073741823,1073741823:h5
1073741823,1073741823,1073741823,1071644671,1073217535,1073348607,1073135615,1071083519,1072627711,1073737727,1073741823,1073741823,1073741823,1073741823,1073741823:h5
1073741823,1073741823,1073741823,1071644671,1073217535,1073348607,1073135615,1071083519,1073676287,1073736703,1073741823,1073741823,1073741823,1073741823,1073741823:h5
1073741823,1073741823,1073741823,1071644671,1073217535,1073348607,1073135615,1071083519,1073672191,1073737727,1073741823,1073741823,1073741823,1073741823,1073741823:h5
1073741823,1073741823,1073741823,1071644671,1073217535,1073348607,1073135615,1071082495,1073676287,1073737727,1073741823,1073741823,1073741823,1073741823,1073741823:h5
1073741823,1073741823,1073741823,1071644671,1073217535,1073347583,1073135615,1071083519,1073676287,1073737727,1073741823,1073741823,1073741823,1073741823,1073741823:h5
1073741823,1073741823,1073741823,1071644671,1073217535,1073348607,1073131519,1071083519,1073676287,1073737727,1073741823,1073741823,1073741823,1073741823,1073741823:h5
1073741823,1073741823,1073741823,1071644671,1073217535,1073332223,1073135615,1071083519,1073676287,1073737727,1073741823,1073741823,1073741823,1073741823,1073741823:h5
1073741823,1073741823,1073741823,1071644671,1073217535,1073348607,1073135615,1071017983,1073676287,1073737727,1073741823,1073741823,1073741823,1073741823,1073741823:h5
1073741823,1073741823,1073741823,1071644671,1073217535,1073348607,1073135615,1071083519,1073676287,1073475583,1073741823,1073741823,1073741823,1073741823,1073741823:h5
1073741823,1073741823,1073741823,1071644671,1073217535,1073348607,1073135615,1071083519,1073676287,1073721343,1073741823,1073741823,1073741823,1073741823,1073741823:h5
1073741823,1073741823,1073741823,1071644671,1073217535,1073348607,1073135615,1071083519,1073659903,1073737727,1073741823,1073741823,1073741823,1073741823,1073741823:h5
1073741823,1073741823,1073741823,1071644671,1073217535,1073610751,1073135615,1073115135,1073676287,1073737727,1073741823,1073741823,1073741823,1073741823,1073741823:j6
1073741823,1073741823,1073741823,1071644671,1073217535,1073610751,1073135615,1073180671,1073676287,1073475583,1073741823,1073741823,1073741823,1073741823,1073741823:j6
1073741823,1073741823,1073741823,1071644671,1073217535,1073610751,1073135615,1073180671,1073676287,1073721343,1073741823,1073741823,1073741823,1073741823,1073741823:j6
1073741823,1073741823,1073741823,1071644671,1073217535,1073610751,1073135615,1073180671,1073659903,1073737727,1073741823,1073741823,1073741823,1073741823,1073741823:j6
1073741823,1073741823,1073741823,1071644671,1073217535,1073348607,1073676287,1073180671,1073676287,1073737727,1073741823,1073741823,1073741823,1073741823,1073741823:l3
1073741823,1073741823,1073741823,1071644671,1073217535,1073610751,1073676287,1073115135,1073676287,1073737727,1073741823,1073741823,1073741823,1073741823,1073741823:l3
1073741823,1073741823,1073741823,1071644671,1073217535,1073610751,1073676287,1073180671,1073676287,1073475583,1073741823,1073741823,1073741823,1073741823,1073741823:l3
1073741823,1073741823,1073741823,1071644671,1073217535,1073610751,1073676287,1073180671,1073676287,1073721343,1073741823,1073741823,1073741823,1073741823,1073741823:l3
1073741823,1073741823,1073741823,1071644671,1073217535,1073610751,1073676287,1073180671,1073659903,1073737727,1073741823,1073741823,1073741823,1073741823,1073741823:l3
