1073741823,1073741823,1073741823,1073741823,1073217535,1073610495,1073676287,1073180671,1073676287,1073741823,1073741823,1073741823,1073741823,1073741823,1073741823:j7
1073741823,1073741823,1073741823,1073741823,1073217535,1073610495,1073151999,1073180671,1069481983,1073741823,1073741823,1073741823,1073741823,1073741823,1073741823:j6
1073741823,1073741823,1073741823,1073741823,1073217535,1073610495,1073151999,1073180655,1073676287,1073741823,1073741823,1073741823,1073741823,1073741823,1073741823:j6
1073741823,1073741823,1073741823,1073741823,1073217535,1073610495,1073151935,1073180671,1073676287,1073741823,1073741823,1073741823,1073741823,1073741823,1073741823:j6
1073741823,1073741823,1073741823,1073741823,1073217535,1073610479,1073151999,1073180671,1073676287,1073741823,1073741823,1073741823,1073741823,1073741823,1073741823:j6
1073741823,1073741823,1073741823,1073741823,1073217535,1073610431,1073151999,1073180671,1073676287,1073741823,1073741823,1073741823,1073741823,1073741823,1073741823:j6
1073741823,1073741823,1073741823,1073741807,1073217535,1073610495,1073151999,1073180671,1073676287,1073741823,1073741823,1073741823,1073741823,1073741823,1073741823:j6
1073741823,1073741823,1073741823,1073741823,1073217471,1073610495,1073151999,1073180671,1073676287,1073741823,1073741823,1073741823,1073741823,1073741823,1073741823:j6
1073741823,1073741823,1073741823,1073741567,1073217535,1073610495,1073151999,1073180671,1073676287,1073741823,1073741823,1073741823,1073741823,1073741823,1073741823:j6
1073741823,1073741823,1073741823,1073741823,1073217279,1073610495,1073151999,1073180671,1073676287,1073741823,1073741823,1073741823,1073741823,1073741823,1073741823:j6
1073741823,1073741823,1073741823,1073741823,1073216511,1073610495,1073151999,1073180671,1073676287,1073741823,1073741823,1073741823,1073741823,1073741823,1073741823:j6
1073741823,1073741823,1073741823,1073741823,1073217535,1073610495,1073151743,1073180671,1073676287,1073741823,1073741823,1073741823,1073741823,1073741823,1073741823:j6
1073741823,1073741823,1073725439,1073741823,1073217535,1073610495,1073151999,1073180671,1073676287,1073741823,1073741823,1073741823,1073741823,1073741823,1073741823:j6
1073741823,1073741823,1073479679,1073741823,1073217535,1073610495,1073151999,1073180671,1073676287,1073741823,1073741823,1073741823,1073741823,1073741823,1073741823:j6
1073741823,1073741823,1073741823,1073479679,1073217535,1073610495,1073151999,1073180671,1073676287,1073741823,1073741823,1073741823,1073741823,1073741823,1073741823:j6
1073741823,1073741823,1069547519,1073741823,1073217535,1073610495,1073151999,1073180671,1073676287,1073741823,1073741823,1073741823,1073741823,1073741823,1073741823:j6
1073741823,1073741823,1073741823,1073741823,1069023231,1073610495,1073151999,1073180671,1073676287,1073741823,1073741823,1073741823,1073741823,1073741823,1073741823:j6
1073741823,1073741823,1073741823,1073741823,1073217535,1073610495,1068957695,1073180671,1073676287,1073741823,1073741823,1073741823,1073741823,1073741823,1073741823:j6
1073741823,1073741823,1073741823,1073741823,1073217535,1073610495,1073151999,1073180671,1073676287,1073741567,1073741823,1073741823,1073741823,1073741823,1073741823:j6
1073741823,1073741823,1073741823,1073741823,1073217535,1073610495,1073151999,1073180671,1073675263,1073741823,1073741823,1073741823,1073741823,1073741823,1073741823:j6
1073741823,1073741823,1073741823,1073741823,1073217535,1073610495,1073151999,1073180415,1073676287,1073741823,1073741823,1073741823,1073741823,1073741823,1073741823:j6
1073741823,1073741823,1073741823,1073741823,1073217535,1073610495,1073150975,1073180671,1073676287,1073741823,1073741823,1073741823,1073741823,1073741823,1073741823:j6
1073741823,1073741823,1073741823,1073741823,1073217535,1073610495,1073151999,1073180671,1073676287,1073737727,1073741823,1073741823,1073741823,1073741823,1073741823:j6
1073741823,1073741823,1073741823,1073741823,1073217535,1073606399,1073151999,1073180671,1073676287,1073741823,1073741823,1073741823,1073741823,1073741823,1073741823:j6
1073741823,1073741823,1073741823,1073737727,1073217535,1073610495,1073151999,1073180671,1073676287,1073741823,1073741823,1073741823,1073741823,1073741823,1073741823:j6
1073741823,1073741823,1073741823,1073741823,1073201151,1073610495,1073151999,1073180671,1073676287,1073741823,1073741823,1073741823,1073741823,1073741823,1073741823:j6
1073741823,1073741823,1073741823,1073676287,1073217535,1073610495,1073151999,1073180671,1073676287,1073741823,1073741823,1073741823,1073741823,1073741823,1073741823:j6
1073741823,1073741823,1073741823,1072693247,1073217535,1073610495,1073151999,1073180671,1073676287,1073741823,1073741823,1073741823,1073741823,1073741823,1073741823:j6
1073741823,1073741823,1073741823,1073741823,1073217535,1072561919,1073151999,1073180671,1073676287,1073741823,1073741823,1073741823,1073741823,1073741823,1073741823:j6
1073741823,1073741823,1073741823,1073741823,1073217535,1073610495,1073151999,1073180671,1073676287,1073741823,1073737727,1073741823,1073741823,1073741823,1073741823:j6
1073741823,1073741823,1073741823,1073741823,1073217535,1073610495,1073151999,1073180671,1073676287,1073741823,1072693247,1073741823,1073741823,1073741823,1073741823:j6
1073741823,1073741823,1073741823,1073741823,1073217535,1073610495,1073151999,1073180671,1073676287,1073741823,1073676287,1073741823,1073741823,1073741823,1073741823:j6
1073741823,1073741823,1073741823,1073741823,1073217535,1073610495,1073151999,1073180671,1073676287,1073676287,1073741823,1073741823,1073741823,1073741823,1073741823:j6
1073741823,1073741823,1073741823,1073741823,1073217535,1069416191,1073151999,1073180671,1073676287,1073741823,1073741823,1073741823,1073741823,1073741823,1073741823:j6
1073741823,1073741823,1073741823,1073741823,1073217535,1073610495,1073151999,1068986367,1073676287,1073741823,1073741823,1073741823,1073741823,1073741823,1073741823:j6
1073741823,1073741823,1073741823,1073741823,1073217535,1073610495,1073151999,1072132095,1073676287,1073741823,1073741823,1073741823,1073741823,1073741823,1073741823:j6
1073741823,1073741823,1073741823,1073741823,1073217535,1073610495,1073151999,1073180671,1073676287,1069547519,1073741823,1073741823,1073741823,1073741823,1073741823:j6
1073741823,1073741823,1073741823,1073741823,1073217535,1073610495,1073151999,1073180671,1073414143,1073741823,1073741823,1073741823,1073741823,1073741823,1073741823:j6
1073741823,1073741823,1073741823,1073741823,1073213439,1073610495,1073151999,1073180671,1073676287,1073741823,1073741823,1073741823,1073741823,1073741823,1073741823:j6
1073741823,1073741823,1073741823,1073741823,1073151999,1073610495,1073151999,1073180671,1073676287,1073741823,1073741823,1073741823,1073741823,1073741823,1073741823:j6
1073741823,1073741823,1073741823,1073741823,1072168959,1073610495,1073151999,1073180671,1073676287,1073741823,1073741823,1073741823,1073741823,1073741823,1073741823:j6
1073741823,1073741823,1073741823,1073741823,1073217535,1073610495,1072103423,1073180671,1073676287,1073741823,1073741823,1073741823,1073741823,1073741823,1073741823:j6
1073741823,1073741823,1073741823,1073741823,1073217535,1073610495,1073151999,1073180671,1072627711,1073741823,1073741823,1073741823,1073741823,1073741823,1073741823:j6
1073741823,1073741823,1073741823,1073741823,1073217535,1073610495,1073151999,1073180671,1073676287,1073740799,1073741823,1073741823,1073741823,1073741823,1073741823:j6
1073741823,1073741823,1073741823,1073741823,1073217535,1073610495,1073151999,1073180671,1073672191,1073741823,1073741823,1073741823,1073741823,1073741823,1073741823:j6
1073741823,1073741823,1073741823,1073741823,1073217535,1073610495,1073151999,1073179647,1073676287,1073741823,1073741823,1073741823,1073741823,1073741823,1073741823:j6
1073741823,1073741823,1073741823,1073741823,1073217535,1073609471,1073151999,1073180671,1073676287,1073741823,1073741823,1073741823,1073741823,1073741823,1073741823:j6
1073741823,1073741823,1073741823,1073741823,1073217535,1073610495,1073147903,1073180671,1073676287,1073741823,1073741823,1073741823,1073741823,1073741823,1073741823:j6
1073741823,1073741823,1073741823,1073741823,1073217535,1073594111,1073151999,1073180671,1073676287,1073741823,1073741823,1073741823,1073741823,1073741823,1073741823:j6
1073741823,1073741823,1073741823,1073741823,1073217535,1073610495,1073135615,1073180671,1073676287,1073741823,1073741823,1073741823,1073741823,1073741823,1073741823:j6
1073741823,1073741823,1073741823,1073741823,1073217535,1073348351,1073151999,1073180671,1073676287,1073741823,1073741823,1073741823,1073741823,1073741823,1073741823:h5
1073741823,1073741823,1073740799,1073741823,1073184767,1073348351,1073151999,1073180671,1073676287,1073741823,1073741823,1073741823,1073741823,1073741823,1073741823:k8
1073741823,1073741823,1073741823,1073725439,1073184767,1073348351,1073151999,1073180671,1073676287,1073741823,1073741823,1073741823,1073741823,1073741823,1073741823:g4
1073741823,1073741823,1073741823,1069547519,1073184767,1073348351,1073151999,1073180671,1073676287,1073741823,1073741823,1073741823,1073741823,1073741823,1073741823:g4
1073741823,1073741823,1073741823,1073741823,1073184767,1073348351,1073151999,1073180671,1069481983,1073741823,1073741823,1073741823,1073741823,1073741823,1073741823:g4
1073741823,1073741823,1073741823,1073741823,1073184767,1073348351,1073151999,1073180655,1073676287,1073741823,1073741823,1073741823,1073741823,1073741823,1073741823:g4
1073741823,1073741823,1073741823,1073741823,1073184767,1073348351,1073151935,1073180671,1073676287,1073741823,1073741823,1073741823,1073741823,1073741823,1073741823:g4
1073741823,1073741823,1073741823,1073741823,1073184767,1073348335,1073151999,1073180671,1073676287,1073741823,1073741823,1073741823,1073741823,1073741823,1073741823:g4
1073741823,1073741823,1073741823,1073741823,1073184767,1073348287,1073151999,1073180671,1073676287,1073741823,1073741823,1073741823,1073741823,1073741823,1073741823:g4
1073741823,1073741823,1073741823,1073741807,1073184767,1073348351,1073151999,1073180671,1073676287,1073741823,1073741823,1073741823,1073741823,1073741823,1073741823:g4
1073741823,1073741823,1073741823,1073741823,1073184703,1073348351,1073151999,1073180671,1073676287,1073741823,1073741823,1073741823,1073741823,1073741823,1073741823:g4
1073741823,1073741823,1073741823,1073741567,1073184767,1073348351,1073151999,1073180671,1073676287,1073741823,1073741823,1073741823,1073741823,1073741823,1073741823:g4
1073741823,1073741823,1073741823,1073741823,1073184511,1073348351,1073151999,1073180671,1073676287,1073741823,1073741823,1073741823,1073741823,1073741823,1073741823:g4
1073741823,1073741823,1073741823,1073741823,1073183743,1073348351,1073151999,1073180671,1073676287,1073741823,1073741823,1073741823,1073741823,1073741823,1073741823:g4
1073741823,1073741823,1073741823,1073741823,1073184767,1073348351,1073151743,1073180671,1073676287,1073741823,1073741823,1073741823,1073741823,1073741823,1073741823:g4
1073741823,1073741823,1073725439,1073741823,1073184767,1073348351,1073151999,1073180671,1073676287,1073741823,1073741823,1073741823,1073741823,1073741823,1073741823:g4
1073741823,1073741823,1073479679,1073741823,1073184767,1073348351,1073151999,1073180671,1073676287,1073741823,1073741823,1073741823,1073741823,1073741823,1073741823:g4
1073741823,1073741823,1073741823,1073479679,1073184767,1073348351,1073151999,1073180671,1073676287,1073741823,1073741823,1073741823,1073741823,1073741823,1073741823:g4
1073741823,1073741823,1069547519,1073741823,1073184767,1073348351,1073151999,1073180671,1073676287,1073741823,1073741823,1073741823,1073741823,1073741823,1073741823:g4
1073741823,1073741823,1073741823,1073741823,1068990463,1073348351,1073151999,1073180671,1073676287,1073741823,1073741823,1073741823,1073741823,1073741823,1073741823:g4
1073741823,1073741823,1073741823,1073741823,1073184767,1073348351,1068957695,1073180671,1073676287,1073741823,1073741823,1073741823,1073741823,1073741823,1073741823:g4
1073741823,1073741823,1073741823,1073741823,1073184767,1073348351,1073151999,1073180671,1073676287,1073741567,1073741823,1073741823,1073741823,1073741823,1073741823:g4
1073741823,1073741823,1073741823,1073741823,1073184767,1073348351,1073151999,1073180671,1073675263,1073741823,1073741823,1073741823,1073741823,1073741823,1073741823:g4
1073741823,1073741823,1073741823,1073741823,1073184767,1073348351,1073151999,1073180415,1073676287,1073741823,1073741823,1073741823,1073741823,1073741823,1073741823:g4
1073741823,1073741823,1073741823,1073741823,1073184767,1073348351,1073150975,1073180671,1073676287,1073741823,1073741823,1073741823,1073741823,1073741823,1073741823:g4
1073741823,1073741823,1073741823,1073741823,1073184767,1073348351,1073151999,1073180671,1073676287,1073737727,1073741823,1073741823,1073741823,1073741823,1073741823:g4
1073741823,1073741823,1073741823,1073741823,1073184767,1073344255,1073151999,1073180671,1073676287,1073741823,1073741823,1073741823,1073741823,1073741823,1073741823:g4
1073741823,1073741823,1073741823,1073737727,1073184767,1073348351,1073151999,1073180671,1073676287,1073741823,1073741823,1073741823,1073741823,1073741823,1073741823:k8
1073741823,1073741823,1073741823,1073676287,1073184767,1073348351,1073151999,1073180671,1073676287,1073741823,1073741823,1073741823,1073741823,1073741823,1073741823:g4
1073741823,1073741823,1073741823,1072693247,1073184767,1073348351,1073151999,1073180671,1073676287,1073741823,1073741823,1073741823,1073741823,1073741823,1073741823:g4
1073741823,1073741823,1073741823,1073741823,1073184767,1072299775,1073151999,1073180671,1073676287,1073741823,1073741823,1073741823,1073741823,1073741823,1073741823:g4
1073741823,1073741823,1073741823,1073741823,1073184767,1073348351,1073151999,1073180671,1073676287,1073741823,1073737727,1073741823,1073741823,1073741823,1073741823:g4
1073741823,1073741823,1073741823,1073741823,1073184767,1073348351,1073151999,1073180671,1073676287,1073741823,1072693247,1073741823,1073741823,1073741823,1073741823:g4
1073741823,1073741823,1073741823,1073741823,1073184767,1073348351,1073151999,1073180671,1073676287,1073741823,1073676287,1073741823,1073741823,1073741823,1073741823:g4
1073741823,1073741823,1073741823,1073741823,1073184767,1073348351,1073151999,1073180671,1073676287,1073676287,1073741823,1073741823,1073741823,1073741823,1073741823:g4
1073741823,1073741823,1073741823,1073741823,1073184767,1069154047,1073151999,1073180671,1073676287,1073741823,1073741823,1073741823,1073741823,1073741823,1073741823:g4
1073741823,1073741823,1073741823,1073741823,1073184767,1073348351,1073151999,1068986367,1073676287,1073741823,1073741823,1073741823,1073741823,1073741823,1073741823:g4
1073741823,1073741823,1073741823,1073741823,1073184767,1073348351,1073151999,1072132095,1073676287,1073741823,1073741823,1073741823,1073741823,1073741823,1073741823:g4
1073741823,1073741823,1073741823,1073732607,1073184767,1073348351,1073151999,1072132095,1073676287,1073741823,1073741823,1073741823,1073741823,1073741823,1073741823:f3
1073741823,1073741567,1073741823,1073733631,1073184767,1073348351,1073151999,1072132095,1073676287,1073741823,1073741823,1073741823,1073741823,1073741823,1073741823:f3
1073741823,1073737727,1073741823,1073733631,1073184767,1073348351,1073151999,1072132095,1073676287,1073741823,1073741823,1073741823,1073741823,1073741823,1073741823:f3
1073741823,1073741823,1073737727,1073733631,1073184767,1073348351,1073151999,1072132095,1073676287,1073741823,1073741823,1073741823,1073741823,1073741823,1073741823:f3
1073741823,1073676287,1073741823,1073733631,1073184767,1073348351,1073151999,1072132095,1073676287,1073741823,1073741823,1073741823,1073741823,1073741823,1073741823:f3
1073741823,1073741823,1073741823,1073733631,1073184767,1056571135,1073151999,1072132095,1073676287,1073741823,1073741823,1073741823,1073741823,1073741823,1073741823:f3
1073741823,1073741823,1073741823,1073733631,1073184767,1073348351,1073151999,1055354879,1073676287,1073741823,1073741823,1073741823,1073741823,1073741823,1073741823:f3
1073741823,1073741823,1073741823,1073733631,1073184767,1073348351,1073151999,1072132095,1073676287,1056964607,1073741823,1073741823,1073741823,1073741823,1073741823:f3
1073741823,1073741823,1073741823,1073733631,1073184767,1073348351,1073151999,1072132095,1073676287,1072693247,1073741823,1073741823,1073741823,1073741823,1073741823:f3
1073741823,1073741823,1073740799,1073733631,1073184767,1073348351,1073151999,1072132095,1073676287,1073741823,1073741823,1073741823,1073741823,1073741823,1073741823:k4
1073741823,1072693247,1073740799,1071636479,1073184767,1073348351,1073151999,1072132095,1073676287,1073741823,1073741823,1073741823,1073741823,1073741823,1073741823:l3
1073741823,1073741823,1072692223,1071636479,1073184767,1073348351,1073151999,1072132095,1073676287,1073741823,1073741823,1073741823,1073741823,1073741823,1073741823:l3
1073741823,1056964607,1073740799,1071636479,1073184767,1073348351,1073151999,1072132095,1073676287,1073741823,1073741823,1073741823,1073741823,1073741823,1073741823:h7
1073741823,1073741823,1073740799,1054859263,1073184767,1073348351,1073151999,1072132095,1073676287,1073741823,1073741823,1073741823,1073741823,1073741823,1073741823:l3
1073741823,1073741823,1073740735,1071636479,1073184767,1073348351,1073151999,1072132095,1073676287,1073741823,1073741823,1073741823,1073741823,1073741823,1073741823:l3
1073741823,1073741823,1073740543,1071636479,1073184767,1073348351,1073151999,1072132095,1073676287,1073741823,1073741823,1073741823,1073741823,1073741823,1073741823:l3
1073741759,1073741823,1073740799,1071636479,1073184767,1073348351,1073151999,1072132095,1073676287,1073741823,1073741823,1073741823,1073741823,1073741823,1073741823:l3
1073740799,1073741823,1073740799,1071636479,1073184767,1073348351,1073151999,1072132095,1073676287,1073741823,1073741823,1073741823,1073741823,1073741823,1073741823:l3
1073741823,1073740799,1073740799,1071636479,1073184767,1073348351,1073151999,1072132095,1073676287,1073741823,1073741823,1073741823,1073741823,1073741823,1073741823:l3
1073725439,1073741823,1073740799,1071636479,1073184767,1073348351,1073151999,1072132095,1073676287,1073741823,1073741823,1073741823,1073741823,1073741823,1073741823:l3
1073741823,1073741823,1073740799,1071635455,1073184767,1073348351,1073151999,1072132095,1073676287,1073741823,1073741823,1073741823,1073741823,1073741823,1073741823:l3
1073741823,1073741567,1073740799,1071636479,1073184767,1073348351,1073151999,1072132095,1073676287,1073741823,1073741823,1073741823,1073741823,1073741823,1073741823:l3
1073741823,1073737727,1073740799,1071636479,1073184767,1073348351,1073151999,1072132095,1073676287,1073741823,1073741823,1073741823,1073741823,1073741823,1073741823:l3
1073741823,1073741823,1073736703,1071636479,1073184767,1073348351,1073151999,1072132095,1073676287,1073741823,1073741823,1073741823,1073741823,1073741823,1073741823:l3
1073741823,1073676287,1073740799,1071636479,1073184767,1073348351,1073151999,1072132095,1073676287,1073741823,1073741823,1073741823,1073741823,1073741823,1073741823:l3
1073741823,1073741823,1073740799,1071636479,1073184767,1056571135,1073151999,1072132095,1073676287,1073741823,1073741823,1073741823,1073741823,1073741823,1073741823:l3
1073741823,1073741823,1073740799,1071636479,1073184767,1073348351,1073151999,1055354879,1073676287,1073741823,1073741823,1073741823,1073741823,1073741823,1073741823:l3
1073741823,1073741823,1073740799,1071636479,1073184767,1073348351,1073151999,1072132095,1073676287,1056964607,1073741823,1073741823,1073741823,1073741823,1073741823:l3
1073741823,1073741823,1073740799,1071636479,1073184767,1073348351,1073151999,1072132095,1073676287,1072693247,1073741823,1073741823,1073741823,1073741823,1073741823:l3
1073741823,1073741823,1073740799,1071620095,1073184767,1073348351,1073151999,1072132095,1073676287,1073741823,1073741823,1073741823,1073741823,1073741823,1073741823:l3
1073741823,1073741823,1073740799,1067442175,1073184767,1073348351,1073151999,1072132095,1073676287,1073741823,1073741823,1073741823,1073741823,1073741823,1073741823:l3
1073741823,1073741823,1073740799,1071636479,1073184767,1073348351,1073151999,1072132095,1069481983,1073741823,1073741823,1073741823,1073741823,1073741823,1073741823:l3
1073741823,1073741823,1073740799,1071636479,1073184767,1073348351,1073151999,1072132079,1073676287,1073741823,1073741823,1073741823,1073741823,1073741823,1073741823:l3
1073741823,1073741823,1073740799,1071636479,1073184767,1073348351,1073151935,1072132095,1073676287,1073741823,1073741823,1073741823,1073741823,1073741823,1073741823:l3
1073741823,1073741823,1073740799,1071636479,1073184767,1073348335,1073151999,1072132095,1073676287,1073741823,1073741823,1073741823,1073741823,1073741823,1073741823:l3
1073741823,1073741823,1073740799,1071636479,1073184767,1073348287,1073151999,1072132095,1073676287,1073741823,1073741823,1073741823,1073741823,1073741823,1073741823:l3
1073741823,1073741823,1073740799,1071636463,1073184767,1073348351,1073151999,1072132095,1073676287,1073741823,1073741823,1073741823,1073741823,1073741823,1073741823:l3
1073741823,1073741823,1073740799,1071636479,1073184703,1073348351,1073151999,1072132095,1073676287,1073741823,1073741823,1073741823,1073741823,1073741823,1073741823:l3
1073741823,1073741823,1073740799,1071636223,1073184767,1073348351,1073151999,1072132095,1073676287,1073741823,1073741823,1073741823,1073741823,1073741823,1073741823:l3
1073741823,1073741823,1073740799,1071636479,1073184511,1073348351,1073151999,1072132095,1073676287,1073741823,1073741823,1073741823,1073741823,1073741823,1073741823:l3
1073741823,1073741823,1073740799,1071636479,1073183743,1073348351,1073151999,1072132095,1073676287,1073741823,1073741823,1073741823,1073741823,1073741823,1073741823:l3
1073741823,1073741823,1073740799,1071636479,1073184767,1073348351,1073151743,1072132095,1073676287,1073741823,1073741823,1073741823,1073741823,1073741823,1073741823:l3
1073741823,1073741823,1073724415,1071636479,1073184767,1073348351,1073151999,1072132095,1073676287,1073741823,1073741823,1073741823,1073741823,1073741823,1073741823:l3
1073741823,1073741823,1073478655,1071636479,1073184767,1073348351,1073151999,1072132095,1073676287,1073741823,1073741823,1073741823,1073741823,1073741823,1073741823:l3
1073741823,1073741823,1073740799,1071374335,1073184767,1073348351,1073151999,1072132095,1073676287,1073741823,1073741823,1073741823,1073741823,1073741823,1073741823:l3
1073741823,1073741823,1069546495,1071636479,1073184767,1073348351,1073151999,1072132095,1073676287,1073741823,1073741823,1073741823,1073741823,1073741823,1073741823:i4
1073741823,1073741823,1069480959,1071505407,1073184767,1073348351,1073151999,1072132095,1073676287,1073741823,1073741823,1073741823,1073741823,1073741823,1073741823:h4
1073479679,1073741823,1069546495,1071505407,1073184767,1073348351,1073151999,1072132095,1073676287,1073741823,1073741823,1073741823,1073741823,1073741823,1073741823:h4
1069547519,1073741823,1069546495,1071505407,1073184767,1073348351,1073151999,1072132095,1073676287,1073741823,1073741823,1073741823,1073741823,1073741823,1073741823:h4
1073741823,1069547519,1069546495,1071505407,1073184767,1073348351,1073151999,1072132095,1073676287,1073741823,1073741823,1073741823,1073741823,1073741823,1073741823:h4
1006632959,1073741823,1069546495,1071505407,1073184767,1073348351,1073151999,1072132095,1073676287,1073741823,1073741823,1073741823,1073741823,1073741823,1073741823:h4
1073741823,1073741823,1002437631,1071505407,1073184767,1073348351,1073151999,1072132095,1073676287,1073741823,1073741823,1073741823,1073741823,1073741823,1073741823:h4
1073741823,1073741823,1052769279,1071505407,1073184767,1073348351,1073151999,1072132095,1073676287,1073741823,1073741823,1073741823,1073741823,1073741823,1073741823:h4
1073741823,1073741823,1069546495,1071505407,1006075903,1073348351,1073151999,1072132095,1073676287,1073741823,1073741823,1073741823,1073741823,1073741823,1073741823:h4
1073741823,1072693247,1069546495,1071505407,1073184767,1073348351,1073151999,1072132095,1073676287,1073741823,1073741823,1073741823,1073741823,1073741823,1073741823:h4
1073741823,1073741823,1068497919,1071505407,1073184767,1073348351,1073151999,1072132095,1073676287,1073741823,1073741823,1073741823,1073741823,1073741823,1073741823:h4
1073741823,1056964607,1069546495,1071505407,1073184767,1073348351,1073151999,1072132095,1073676287,1073741823,1073741823,1073741823,1073741823,1073741823,1073741823:h4
1073741823,1073741823,1069546495,1054728191,1073184767,1073348351,1073151999,1072132095,1073676287,1073741823,1073741823,1073741823,1073741823,1073741823,1073741823:h4
1073741823,1073741823,1069546431,1071505407,1073184767,1073348351,1073151999,1072132095,1073676287,1073741823,1073741823,1073741823,1073741823,1073741823,1073741823:h4
1073741823,1073741823,1069546239,1071505407,1073184767,1073348351,1073151999,1072132095,1073676287,1073741823,1073741823,1073741823,1073741823,1073741823,1073741823:h4
1073741759,1073741823,1069546495,1071505407,1073184767,1073348351,1073151999,1072132095,1073676287,1073741823,1073741823,1073741823,1073741823,1073741823,1073741823:h4
1073740799,1073741823,1069546495,1071505407,1073184767,1073348351,1073151999,1072132095,1073676287,1073741823,1073741823,1073741823,1073741823,1073741823,1073741823:h4
1073741823,1073740799,1069546495,1071505407,1073184767,1073348351,1073151999,1072132095,1073676287,1073741823,1073741823,1073741823,1073741823,1073741823,1073741823:h4
1073725439,1073741823,1069546495,1071505407,1073184767,1073348351,1073151999,1072132095,1073676287,1073741823,1073741823,1073741823,1073741823,1073741823,1073741823:h4
1073741823,1073741823,1069546495,1071504383,1073184767,1073348351,1073151999,1072132095,1073676287,1073741823,1073741823,1073741823,1073741823,1073741823,1073741823:h4
1073741823,1073741567,1069546495,1071505407,1073184767,1073348351,1073151999,1072132095,1073676287,1073741823,1073741823,1073741823,1073741823,1073741823,1073741823:h4
1073741823,1073737727,1069546495,1071505407,1073184767,1073348351,1073151999,1072132095,1073676287,1073741823,1073741823,1073741823,1073741823,1073741823,1073741823:h4
1073741823,1073741823,1069542399,1071505407,1073184767,1073348351,1073151999,1072132095,1073676287,1073741823,1073741823,1073741823,1073741823,1073741823,1073741823:h4
1073741823,1073676287,1069546495,1071505407,1073184767,1073348351,1073151999,1072132095,1073676287,1073741823,1073741823,1073741823,1073741823,1073741823,1073741823:h4
1073741823,1073741823,1069546495,1071505407,1073184767,1056571135,1073151999,1072132095,1073676287,1073741823,1073741823,1073741823,1073741823,1073741823,1073741823:h4
1073741823,1073741823,1069546495,1071505407,1073184767,1073348351,1073151999,1055354879,1073676287,1073741823,1073741823,1073741823,1073741823,1073741823,1073741823:h4
1073741823,1073741823,1069546495,1071505407,1073184767,1073348351,1073151999,1072132095,1073676287,1056964607,1073741823,1073741823,1073741823,1073741823,1073741823:h4
1073741823,1073741823,1069546495,1071505407,1073184767,1073348351,1073151999,1072132095,1073676287,1072693247,1073741823,1073741823,1073741823,1073741823,1073741823:h4
1073741823,1073741823,1069546495,1071489023,1073184767,1073348351,1073151999,1072132095,1073676287,1073741823,1073741823,1073741823,1073741823,1073741823,1073741823:g2
1073741823,1073741823,1069546495,1067311103,1073184767,1073348351,1073151999,1072132095,1073676287,1073741823,1073741823,1073741823,1073741823,1073741823,1073741823:h4
1073741823,1073741823,1069546495,1071505407,1073184767,1073348351,1073151999,1072132095,1069481983,1073741823,1073741823,1073741823,1073741823,1073741823,1073741823:h4
1073741823,1073741823,1069546495,1071505407,1073184767,1073348351,1073151999,1072132079,1073676287,1073741823,1073741823,1073741823,1073741823,1073741823,1073741823:h4
1073741823,1073741823,1069546495,1071505407,1073184767,1073348351,1073151935,1072132095,1073676287,1073741823,1073741823,1073741823,1073741823,1073741823,1073741823:h4
1073741823,1073741823,1069546495,1071505407,1073184767,1073348335,1073151999,1072132095,1073676287,1073741823,1073741823,1073741823,1073741823,1073741823,1073741823:h4
1073741823,1073741823,1069546495,1071505407,1073184767,1073348287,1073151999,1072132095,1073676287,1073741823,1073741823,1073741823,1073741823,1073741823,1073741823:h4
1073741823,1073741823,1069546495,1071505391,1073184767,1073348351,1073151999,1072132095,1073676287,1073741823,1073741823,1073741823,1073741823,1073741823,1073741823:h4
1073741823,1073741823,1069546495,1071505407,1073184703,1073348351,1073151999,1072132095,1073676287,1073741823,1073741823,1073741823,1073741823,1073741823,1073741823:h4
1073741823,1073741823,1069546495,1071505151,1073184767,1073348351,1073151999,1072132095,1073676287,1073741823,1073741823,1073741823,1073741823,1073741823,1073741823:h4
1073741823,1073741823,1069546495,1071505407,1073184511,1073348351,1073151999,1072132095,1073676287,1073741823,1073741823,1073741823,1073741823,1073741823,1073741823:h4
1073741823,1073741823,1069546495,1071505407,1073183743,1073348351,1073151999,1072132095,1073676287,1073741823,1073741823,1073741823,1073741823,1073741823,1073741823:h4
1073741823,1073741823,1069546495,1071505407,1073184767,1073348351,1073151743,1072132095,1073676287,1073741823,1073741823,1073741823,1073741823,1073741823,1073741823:h4
1073741823,1073741823,1069530111,1071505407,1073184767,1073348351,1073151999,1072132095,1073676287,1073741823,1073741823,1073741823,1073741823,1073741823,1073741823:j3
1073741823,1073741823,1069284351,1071505407,1073184767,1073348351,1073151999,1072132095,1073676287,1073741823,1073741823,1073741823,1073741823,1073741823,1073741823:h4
1073741823,1073741823,1069546495,1071243263,1073184767,1073348351,1073151999,1072132095,1073676287,1073741823,1073741823,1073741823,1073741823,1073741823,1073741823:g2
1073741823,1073741823,1069546495,1071505407,1068990463,1073348351,1073151999,1072132095,1073676287,1073741823,1073741823,1073741823,1073741823,1073741823,1073741823:h4
1073741823,1073741823,1069546495,1071505407,1073184767,1073348351,1068957695,1072132095,1073676287,1073741823,1073741823,1073741823,1073741823,1073741823,1073741823:h4
1073741823,1073741823,1069546495,1071505407,1073184767,1073348351,1073151999,1072132095,1073676287,1073741567,1073741823,1073741823,1073741823,1073741823,1073741823:h4
1073741823,1073741823,1069546495,1071505407,1073184767,1073348351,1073151999,1072132095,1073675263,1073741823,1073741823,1073741823,1073741823,1073741823,1073741823:h4
1073741823,1073741823,1069546495,1071505407,1073184767,1073348351,1073151999,1072131839,1073676287,1073741823,1073741823,1073741823,1073741823,1073741823,1073741823:h4
1073741823,1073741823,1069546495,1071505407,1073184767,1073348351,1073150975,1072132095,1073676287,1073741823,1073741823,1073741823,1073741823,1073741823,1073741823:h4
1073741823,1073741823,1069546495,1071505407,1073184767,1073348351,1073151999,1072132095,1073676287,1073737727,1073741823,1073741823,1073741823,1073741823,1073741823:h4
1073741823,1073741823,1069546495,1071505407,1073184767,1073344255,1073151999,1072132095,1073676287,1073741823,1073741823,1073741823,1073741823,1073741823,1073741823:h4
1073741823,1073741823,1069546495,1071505407,1073184767,1072299775,1073151999,1072132095,1073676287,1073741823,1073741823,1073741823,1073741823,1073741823,1073741823:h4
1073741823,1073741823,1069546495,1071505407,1073184767,1073348351,1073151999,1072132095,1073676287,1073741823,1073737727,1073741823,1073741823,1073741823,1073741823:h4
1073741823,1073741823,1069546495,1071505407,1073184767,1073348351,1073151999,1072132095,1073676287,1073741823,1072693247,1073741823,1073741823,1073741823,1073741823:h4
1073741823,1073741823,1069546495,1071505407,1073184767,1073348351,1073151999,1072132095,1073676287,1073741823,1073676287,1073741823,1073741823,1073741823,1073741823:h4
1073741823,1073741823,1069546495,1071505407,1073184767,1073348351,1073151999,1072132095,1073676287,1073676287,1073741823,1073741823,1073741823,1073741823,1073741823:h4
1073741823,1073741823,1069546495,1071505407,1073184767,1069154047,1073151999,1072132095,1073676287,1073741823,1073741823,1073741823,1073741823,1073741823,1073741823:h4
1073741823,1073741823,1069546495,1071505407,1073184767,1073348351,1073151999,1067937791,1073676287,1073741823,1073741823,1073741823,1073741823,1073741823,1073741823:h4
1073741823,1073741823,1069546495,1071505407,1073184767,1073348351,1073151999,1072132095,1073676287,1069547519,1073741823,1073741823,1073741823,1073741823,1073741823:h4
1073741823,1073741823,1069546495,1071505407,1073184767,1073348351,1073151999,1072132095,1073414143,1073741823,1073741823,1073741823,1073741823,1073741823,1073741823:h4
1073741823,1073741823,1069546495,1071505407,1073180671,1073348351,1073151999,1072132095,1073676287,1073741823,1073741823,1073741823,1073741823,1073741823,1073741823:h4
1073741823,1073741823,1069546495,1071505407,1073119231,1073348351,1073151999,1072132095,1073676287,1073741823,1073741823,1073741823,1073741823,1073741823,1073741823:h4
1073741823,1073741823,1069546495,1071505407,1072136191,1073348351,1073151999,1072132095,1073676287,1073741823,1073741823,1073741823,1073741823,1073741823,1073741823:h4
1073741823,1073741823,1069546495,1071505407,1073184767,1073348351,1072103423,1072132095,1073676287,1073741823,1073741823,1073741823,1073741823,1073741823,1073741823:h4
1073741823,1073741823,1069546495,1071505407,1073184767,1073348351,1073151999,1072132095,1072627711,1073741823,1073741823,1073741823,1073741823,1073741823,1073741823:h4
1073741823,1073741823,1069546495,1071505407,1073184767,1073348351,1073151999,1072132095,1073676287,1073740799,1073741823,1073741823,1073741823,1073741823,1073741823:h4
1073741823,1073741823,1069546495,1071505407,1073184767,1073348351,1073151999,1072132095,1073672191,1073741823,1073741823,1073741823,1073741823,1073741823,1073741823:h4
1073741823,1073741823,1069546495,1071505407,1073184767,1073348351,1073151999,1072131071,1073676287,1073741823,1073741823,1073741823,1073741823,1073741823,1073741823:h4
1073741823,1073741823,1069546495,1071505407,1073184767,1073347327,1073151999,1072132095,1073676287,1073741823,1073741823,1073741823,1073741823,1073741823,1073741823:h4
1073741823,1073741823,1069546495,1071505407,1073184767,1073348351,1073147903,1072132095,1073676287,1073741823,1073741823,1073741823,1073741823,1073741823,1073741823:h4
1073741823,1073741823,1069546495,1071505407,1073184767,1073331967,1073151999,1072132095,1073676287,1073741823,1073741823,1073741823,1073741823,1073741823,1073741823:g2
1073741823,1073741823,1069546495,1071505407,1073184767,1073348351,1073135615,1072132095,1073676287,1073741823,1073741823,1073741823,1073741823,1073741823,1073741823:h4
1073741823,1073741823,1069546495,1071505407,1073184767,1073348351,1073151999,1072066559,1073676287,1073741823,1073741823,1073741823,1073741823,1073741823,1073741823:h4
1073741823,1073741823,1069546495,1071505407,1073184767,1073348351,1073151999,1072132095,1073676287,1073479679,1073741823,1073741823,1073741823,1073741823,1073741823:h4
1073741823,1073741823,1069546495,1071505407,1073184767,1073348351,1073151999,1072132095,1073676287,1073725439,1073741823,1073741823,1073741823,1073741823,1073741823:h4
1073741823,1073741823,1069546495,1071505407,1073184767,1073348351,1073151999,1072132095,1073659903,1073741823,1073741823,1073741823,1073741823,1073741823,1073741823:h4
1073741823,1073741823,1073740799,1071636479,1068990463,1073348351,1073151999,1072132095,1073676287,1073741823,1073741823,1073741823,1073741823,1073741823,1073741823:l3
1073741823,1073741823,1073740799,1071636479,1073184767,1073348351,1068957695,1072132095,1073676287,1073741823,1073741823,1073741823,1073741823,1073741823,1073741823:l3
1073741823,1073741823,1073740799,1071636479,1073184767,1073348351,1073151999,1072132095,1073676287,1073741567,1073741823,1073741823,1073741823,1073741823,1073741823:l3
1073741823,1073741823,1073740799,1071636479,1073184767,1073348351,1073151999,1072132095,1073675263,1073741823,1073741823,1073741823,1073741823,1073741823,1073741823:l3
1073741823,1073741823,1073740799,1071636479,1073184767,1073348351,1073151999,1072131839,1073676287,1073741823,1073741823,1073741823,1073741823,1073741823,1073741823:l3
1073741823,1073741823,1073740799,1071636479,1073184767,1073348351,1073150975,1072132095,1073676287,1073741823,1073741823,1073741823,1073741823,1073741823,1073741823:l3
1073741823,1073741823,1073740799,1071636479,1073184767,1073348351,1073151999,1072132095,1073676287,1073737727,1073741823,1073741823,1073741823,1073741823,1073741823:l3
1073741823,1073741823,1073740799,1071636479,1073184767,1073344255,1073151999,1072132095,1073676287,1073741823,1073741823,1073741823,1073741823,1073741823,1073741823:l3
1073741823,1073741823,1073740799,1071570943,1073184767,1073348351,1073151999,1072132095,1073676287,1073741823,1073741823,1073741823,1073741823,1073741823,1073741823:l3
1073741823,1073741823,1073740799,1071636479,1073184767,1072299775,1073151999,1072132095,1073676287,1073741823,1073741823,1073741823,1073741823,1073741823,1073741823:l3
1073741823,1073741823,1073740799,1071636479,1073184767,1073348351,1073151999,1072132095,1073676287,1073741823,1073737727,1073741823,1073741823,1073741823,1073741823:l3
1073741823,1073741823,1073740799,1071636479,1073184767,1073348351,1073151999,1072132095,1073676287,1073741823,1072693247,1073741823,1073741823,1073741823,1073741823:l3
1073741823,1073741823,1073740799,1071636479,1073184767,1073348351,1073151999,1072132095,1073676287,1073741823,1073676287,1073741823,1073741823,1073741823,1073741823:l3
1073741823,1073741823,1073740799,1071636479,1073184767,1073348351,1073151999,1072132095,1073676287,1073676287,1073741823,1073741823,1073741823,1073741823,1073741823:l3
1073741823,1073741823,1073740799,1071636479,1073184767,1069154047,1073151999,1072132095,1073676287,1073741823,1073741823,1073741823,1073741823,1073741823,1073741823:l3
1073741823,1073741823,1073740799,1071636479,1073184767,1073348351,1073151999,1067937791,1073676287,1073741823,1073741823,1073741823,1073741823,1073741823,1073741823:l3
1073741823,1073741823,1073740799,1071636479,1073184767,1073348351,1073151999,1072132095,1073676287,1069547519,1073741823,1073741823,1073741823,1073741823,1073741823:l3
1073741823,1073741823,1073740799,1071636479,1073184767,1073348351,1073151999,1072132095,1073414143,1073741823,1073741823,1073741823,1073741823,1073741823,1073741823:l3
1073741823,1073741823,1073740799,1071636479,1073180671,1073348351,1073151999,1072132095,1073676287,1073741823,1073741823,1073741823,1073741823,1073741823,1073741823:l3
1073741823,1073741823,1073740799,1071636479,1073119231,1073348351,1073151999,1072132095,1073676287,1073741823,1073741823,1073741823,1073741823,1073741823,1073741823:l3
1073741823,1073741823,1073740799,1071636479,1072136191,1073348351,1073151999,1072132095,1073676287,1073741823,1073741823,1073741823,1073741823,1073741823,1073741823:l3
1073741823,1073741823,1073740799,1071636479,1073184767,1073348351,1072103423,1072132095,1073676287,1073741823,1073741823,1073741823,1073741823,1073741823,1073741823:l3
1073741823,1073741823,1073740799,1071636479,1073184767,1073348351,1073151999,1072132095,1072627711,1073741823,1073741823,1073741823,1073741823,1073741823,1073741823:l3
1073741823,1073741823,1073740799,1071636479,1073184767,1073348351,1073151999,1072132095,1073676287,1073740799,1073741823,1073741823,1073741823,1073741823,1073741823:l3
1073741823,1073741823,1073740799,1071636479,1073184767,1073348351,1073151999,1072132095,1073672191,1073741823,1073741823,1073741823,1073741823,1073741823,1073741823:l3
1073741823,1073741823,1073740799,1071636479,1073184767,1073348351,1073151999,1072131071,1073676287,1073741823,1073741823,1073741823,1073741823,1073741823,1073741823:l3
1073741823,1073741823,1073740799,1071636479,1073184767,1073347327,1073151999,1072132095,1073676287,1073741823,1073741823,1073741823,1073741823,1073741823,1073741823:l3
1073741823,1073741823,1073740799,1071636479,1073184767,1073348351,1073147903,1072132095,1073676287,1073741823,1073741823,1073741823,1073741823,1073741823,1073741823:l3
1073741823,1073741823,1073740799,1071636479,1073184767,1073331967,1073151999,1072132095,1073676287,1073741823,1073741823,1073741823,1073741823,1073741823,1073741823:l3
1073741823,1073741823,1073740799,1071636479,1073184767,1073348351,1073135615,1072132095,1073676287,1073741823,1073741823,1073741823,1073741823,1073741823,1073741823:k5
1073741823,1073741823,1073740799,1071636479,1073184767,1073348351,1073151999,1072066559,1073676287,1073741823,1073741823,1073741823,1073741823,1073741823,1073741823:l3
1073741823,1073741823,1073740799,1071636479,1073184767,1073348351,1073151999,1072132095,1073676287,1073479679,1073741823,1073741823,1073741823,1073741823,1073741823:l3
1073741823,1073741823,1073740799,1071636479,1073184767,1073348351,1073151999,1072132095,1073676287,1073725439,1073741823,1073741823,1073741823,1073741823,1073741823:l3
1073741823,1073741823,1073740799,1071636479,1073184767,1073348351,1073151999,1072132095,1073659903,1073741823,1073741823,1073741823,1073741823,1073741823,1073741823:l3
1073741823,1073741823,1073741823,1073717247,1073184767,1073348351,1073151999,1072132095,1073676287,1073741823,1073741823,1073741823,1073741823,1073741823,1073741823:f3
1073741823,1073741823,1073741823,1069539327,1073184767,1073348351,1073151999,1072132095,1073676287,1073741823,1073741823,1073741823,1073741823,1073741823,1073741823:f3
1073741823,1073741823,1073741823,1073733631,1073184767,1073348351,1073151999,1072132095,1069481983,1073741823,1073741823,1073741823,1073741823,1073741823,1073741823:f3
1073741823,1073741823,1073741823,1073733631,1073184767,1073348351,1073151999,1072132079,1073676287,1073741823,1073741823,1073741823,1073741823,1073741823,1073741823:f3
1073741823,1073741823,1073741823,1073733631,1073184767,1073348351,1073151935,1072132095,1073676287,1073741823,1073741823,1073741823,1073741823,1073741823,1073741823:f3
1073741823,1073741823,1073741823,1073733631,1073184767,1073348335,1073151999,1072132095,1073676287,1073741823,1073741823,1073741823,1073741823,1073741823,1073741823:f3
1073741823,1073741823,1073741823,1073733631,1073184767,1073348287,1073151999,1072132095,1073676287,1073741823,1073741823,1073741823,1073741823,1073741823,1073741823:f3
1073741823,1073741823,1073741823,1073733615,1073184767,1073348351,1073151999,1072132095,1073676287,1073741823,1073741823,1073741823,1073741823,1073741823,1073741823:f3
1073741823,1073741823,1073741823,1073733631,1073184703,1073348351,1073151999,1072132095,1073676287,1073741823,1073741823,1073741823,1073741823,1073741823,1073741823:f3
1073741823,1073741823,1073741823,1073733375,1073184767,1073348351,1073151999,1072132095,1073676287,1073741823,1073741823,1073741823,1073741823,1073741823,1073741823:f3
1073741823,1073741823,1073741823,1073733631,1073184511,1073348351,1073151999,1072132095,1073676287,1073741823,1073741823,1073741823,1073741823,1073741823,1073741823:f3
1073741823,1073741823,1073741823,1073733631,1073183743,1073348351,1073151999,1072132095,1073676287,1073741823,1073741823,1073741823,1073741823,1073741823,1073741823:f3
1073741823,1073741823,1073741823,1073733631,1073184767,1073348351,1073151743,1072132095,1073676287,1073741823,1073741823,1073741823,1073741823,1073741823,1073741823:f3
1073741823,1073741823,1073725439,1073733631,1073184767,1073348351,1073151999,1072132095,1073676287,1073741823,1073741823,1073741823,1073741823,1073741823,1073741823:f3
1073741823,1073741823,1073479679,1073733631,1073184767,1073348351,1073151999,1072132095,1073676287,1073741823,1073741823,1073741823,1073741823,1073741823,1073741823:f3
1073741823,1073741823,1073741823,1073471487,1073184767,1073348351,1073151999,1072132095,1073676287,1073741823,1073741823,1073741823,1073741823,1073741823,1073741823:f3
1073741823,1073741823,1069547519,1073733631,1073184767,1073348351,1073151999,1072132095,1073676287,1073741823,1073741823,1073741823,1073741823,1073741823,1073741823:f3
1073741823,1073741823,1073741823,1073733631,1068990463,1073348351,1073151999,1072132095,1073676287,1073741823,1073741823,1073741823,1073741823,1073741823,1073741823:f3
1073741823,1073741823,1073741823,1073733631,1073184767,1073348351,1068957695,1072132095,1073676287,1073741823,1073741823,1073741823,1073741823,1073741823,1073741823:f3
1073741823,1073741823,1073741823,1073733631,1073184767,1073348351,1073151999,1072132095,1073676287,1073741567,1073741823,1073741823,1073741823,1073741823,1073741823:f3
1073741823,1073741823,1073741823,1073733631,1073184767,1073348351,1073151999,1072132095,1073675263,1073741823,1073741823,1073741823,1073741823,1073741823,1073741823:f3
1073741823,1073741823,1073741823,1073733631,1073184767,1073348351,1073151999,1072131839,1073676287,1073741823,1073741823,1073741823,1073741823,1073741823,1073741823:f3
1073741823,1073741823,1073741823,1073733631,1073184767,1073348351,1073150975,1072132095,1073676287,1073741823,1073741823,1073741823,1073741823,1073741823,1073741823:f3
1073741823,1073741823,1073741823,1073733631,1073184767,1073348351,1073151999,1072132095,1073676287,1073737727,1073741823,1073741823,1073741823,1073741823,1073741823:f3
1073741823,1073741823,1073741823,1073733631,1073184767,1073344255,1073151999,1072132095,1073676287,1073741823,1073741823,1073741823,1073741823,1073741823,1073741823:f3
1073741823,1073741823,1073741823,1073668095,1073184767,1073348351,1073151999,1072132095,1073676287,1073741823,1073741823,1073741823,1073741823,1073741823,1073741823:f3
1073741823,1073741823,1073741823,1072685055,1073184767,1073348351,1073151999,1072132095,1073676287,1073741823,1073741823,1073741823,1073741823,1073741823,1073741823:f3
1073741823,1073741823,1073741823,1073733631,1073184767,1072299775,1073151999,1072132095,1073676287,1073741823,1073741823,1073741823,1073741823,1073741823,1073741823:f3
1073741823,1073741823,1073741823,1073733631,1073184767,1073348351,1073151999,1072132095,1073676287,1073741823,1073737727,1073741823,1073741823,1073741823,1073741823:f3
1073741823,1073741823,1073741823,1073733631,1073184767,1073348351,1073151999,1072132095,1073676287,1073741823,1072693247,1073741823,1073741823,1073741823,1073741823:f3
1073741823,1073741823,1073741823,1073733631,1073184767,1073348351,1073151999,1072132095,1073676287,1073741823,1073676287,1073741823,1073741823,1073741823,1073741823:f3
1073741823,1073741823,1073741823,1073733631,1073184767,1073348351,1073151999,1072132095,1073676287,1073676287,1073741823,1073741823,1073741823,1073741823,1073741823:f3
1073741823,1073741823,1073741823,1073733631,1073184767,1069154047,1073151999,1072132095,1073676287,1073741823,1073741823,1073741823,1073741823,1073741823,1073741823:f3
1073741823,1073741823,1073741823,1073733631,1073184767,1073348351,1073151999,1067937791,1073676287,1073741823,1073741823,1073741823,1073741823,1073741823,1073741823:f3
1073741823,1073741823,1073741823,1073733631,1073184767,1073348351,1073151999,1072132095,1073676287,1069547519,1073741823,1073741823,1073741823,1073741823,1073741823:f3
1073741823,1073741823,1073741823,1073733631,1073184767,1073348351,1073151999,1072132095,1073414143,1073741823,1073741823,1073741823,1073741823,1073741823,1073741823:f3
1073741823,1073741823,1073741823,1073733631,1073180671,1073348351,1073151999,1072132095,1073676287,1073741823,1073741823,1073741823,1073741823,1073741823,1073741823:f3
1073741823,1073741823,1073741823,1073733631,1073119231,1073348351,1073151999,1072132095,1073676287,1073741823,1073741823,1073741823,1073741823,1073741823,1073741823:f3
1073741823,1073741823,1073741823,1073733631,1072136191,1073348351,1073151999,1072132095,1073676287,1073741823,1073741823,1073741823,1073741823,1073741823,1073741823:f3
1073741823,1073741823,1073741823,1073733631,1073184767,1073348351,1072103423,1072132095,1073676287,1073741823,1073741823,1073741823,1073741823,1073741823,1073741823:f3
1073741823,1073741823,1073741823,1073733631,1073184767,1073348351,1073151999,1072132095,1072627711,1073741823,1073741823,1073741823,1073741823,1073741823,1073741823:f3
1073741823,1073741823,1073741823,1073733631,1073184767,1073348351,1073151999,1072132095,1073676287,1073740799,1073741823,1073741823,1073741823,1073741823,1073741823:f3
1073741823,1073741823,1073741823,1073733631,1073184767,1073348351,1073151999,1072132095,1073672191,1073741823,1073741823,1073741823,1073741823,1073741823,1073741823:f3
1073741823,1073741823,1073741823,1073733631,1073184767,1073348351,1073151999,1072131071,1073676287,1073741823,1073741823,1073741823,1073741823,1073741823,1073741823:f3
1073741823,1073741823,1073741823,1073733631,1073184767,1073347327,1073151999,1072132095,1073676287,1073741823,1073741823,1073741823,1073741823,1073741823,1073741823:f3
1073741823,1073741823,1073741823,1073733631,1073184767,1073348351,1073147903,1072132095,1073676287,1073741823,1073741823,1073741823,1073741823,1073741823,1073741823:f3
1073741823,1073741823,1073741823,1073733631,1073184767,1073331967,1073151999,1072132095,1073676287,1073741823,1073741823,1073741823,1073741823,1073741823,1073741823:f3
1073741823,1073741823,1073741823,1073733631,1073184767,1073348351,1073135615,1072132095,1073676287,1073741823,1073741823,1073741823,1073741823,1073741823,1073741823:f3
1073741823,1073741823,1073741823,1073733631,1073184767,1073348351,1073151999,1072066559,1073676287,1073741823,1073741823,1073741823,1073741823,1073741823,1073741823:f3
1073741823,1073741823,1073741823,1073733631,1073184767,1073348351,1073151999,1072132095,1073676287,1073479679,1073741823,1073741823,1073741823,1073741823,1073741823:f3
1073741823,1073741823,1073741823,1073733631,1073184767,1073348351,1073151999,1072132095,1073676287,1073725439,1073741823,1073741823,1073741823,1073741823,1073741823:f3
1073741823,1073741823,1073741823,1073733631,1073184767,1073348351,1073151999,1072132095,1073659903,1073741823,1073741823,1073741823,1073741823,1073741823,1073741823:f3
1073741823,1073741823,1073741823,1073741823,1073184767,1073348351,1073151999,1073180671,1073676287,1069547519,1073741823,1073741823,1073741823,1073741823,1073741823:g4
1073741823,1073741823,1073741823,1073741823,1073184767,1073348351,1073151999,1073180671,1073414143,1073741823,1073741823,1073741823,1073741823,1073741823,1073741823:g4
1073741823,1073741823,1073741823,1073741823,1073180671,1073348351,1073151999,1073180671,1073676287,1073741823,1073741823,1073741823,1073741823,1073741823,1073741823:g4
1073741823,1073741823,1073741823,1073741823,1073119231,1073348351,1073151999,1073180671,1073676287,1073741823,1073741823,1073741823,1073741823,1073741823,1073741823:g4
1073741823,1073741823,1073741823,1073741823,1072136191,1073348351,1073151999,1073180671,1073676287,1073741823,1073741823,1073741823,1073741823,1073741823,1073741823:g4
1073741823,1073741823,1073741823,1073741823,1073184767,1073348351,1072103423,1073180671,1073676287,1073741823,1073741823,1073741823,1073741823,1073741823,1073741823:g4
1073741823,1073741823,1073741823,1073741823,1073184767,1073348351,1073151999,1073180671,1072627711,1073741823,1073741823,1073741823,1073741823,1073741823,1073741823:g4
1073741823,1073741823,1073741823,1073741823,1073184767,1073348351,1073151999,1073180671,1073676287,1073740799,1073741823,1073741823,1073741823,1073741823,1073741823:g4
1073741823,1073741823,1073741823,1073741823,1073184767,1073348351,1073151999,1073180671,1073672191,1073741823,1073741823,1073741823,1073741823,1073741823,1073741823:g4
1073741823,1073741823,1073741823,1073741823,1073184767,1073348351,1073151999,1073179647,1073676287,1073741823,1073741823,1073741823,1073741823,1073741823,1073741823:g4
1073741823,1073741823,1073741823,1073741823,1073184767,1073347327,1073151999,1073180671,1073676287,1073741823,1073741823,1073741823,1073741823,1073741823,1073741823:g4
1073741823,1073741823,1073741823,1073741823,1073184767,1073348351,1073147903,1073180671,1073676287,1073741823,1073741823,1073741823,1073741823,1073741823,1073741823:g4
1073741823,1073741823,1073741823,1073741823,1073184767,1073331967,1073151999,1073180671,1073676287,1073741823,1073741823,1073741823,1073741823,1073741823,1073741823:g4
1073741823,1073741823,1073741823,1073741823,1073184767,1073348351,1073135615,1073180671,1073676287,1073741823,1073741823,1073741823,1073741823,1073741823,1073741823:g4
1073741823,1073741823,1073741823,1073741823,1073184767,1073348351,1073151999,1073115135,1073676287,1073741823,1073741823,1073741823,1073741823,1073741823,1073741823:g4
1073741823,1073741823,1073741823,1073741823,1073184767,1073348351,1073151999,1073180671,1073676287,1073479679,1073741823,1073741823,1073741823,1073741823,1073741823:g4
1073741823,1073741823,1073741823,1073741823,1073184767,1073348351,1073151999,1073180671,1073676287,1073725439,1073741823,1073741823,1073741823,1073741823,1073741823:g4
1073741823,1073741823,1073741823,1073741823,1073184767,1073348351,1073151999,1073180671,1073659903,1073741823,1073741823,1073741823,1073741823,1073741823,1073741823:g4
1073741823,1073741823,1073741823,1073741823,1073217535,1073610495,1073151999,1073115135,1073676287,1073741823,1073741823,1073741823,1073741823,1073741823,1073741823:j6
1073741823,1073741823,1073741823,1073741823,1073217535,1073610495,1073151999,1073180671,1073676287,1073479679,1073741823,1073741823,1073741823,1073741823,1073741823:j6
1073741823,1073741823,1073741823,1073741823,1073217535,1073610495,1073151999,1073180671,1073676287,1073725439,1073741823,1073741823,1073741823,1073741823,1073741823:j6
1073741823,1073741823,1073741823,1073741823,1073217535,1073610495,1073151999,1073180671,1073659903,1073741823,1073741823,1073741823,1073741823,1073741823,1073741823:j6
