1073741823,1073741823,1073741823,1073741823,1073739775,1073737727,1072087039,1073119231,1073340415,1071349759,1073717247,1073740799,1073741823,1073741823,1073741823:f8
1073741823,1073741823,1073741823,1073741823,1073739775,1073737727,1072087039,1073117119,1073340415,1071349759,1073717247,1073740799,1073741823,1073741823,1073741823:e7
1073741823,1073741823,1073741823,1073741823,1073739775,1073737663,1072087039,1073117183,1073340415,1071349759,1073717247,1073740799,1073741823,1073741823,1073741823:i11
1073741823,1073741823,1073741823,1073741823,1073739775,1073737727,1072087039,1073117183,1073340415,1071349759,1073717247,1073740799,1073479679,1073741823,1073741823:e7
1073741823,1073741823,1073741823,1073741823,1073739775,1073737727,1072087039,1073117183,1073340415,1071349759,1073717247,1073740799,1073725439,1073741823,1073741823:e7
1073741823,1073741823,1073741823,1073741823,1073739775,1073737727,1072086975,1073117183,1073340415,1071349759,1073717247,1073740799,1073741823,1073741823,1073741823:e7
1073741823,1073741823,1073741823,1073741823,1073739711,1073737727,1072087039,1073117183,1073340415,1071349759,1073717247,1073740799,1073741823,1073741823,1073741823:e7
1073741823,1073741823,1073741823,1073741823,1073739519,1073737727,1072087039,1073117183,1073340415,1071349759,1073717247,1073740799,1073741823,1073741823,1073741823:e7
1073741823,1073741823,1073741759,1073741823,1073739775,1073737727,1072087039,1073117183,1073340415,1071349759,1073717247,1073740799,1073741823,1073741823,1073741823:e7
1073741823,1073741823,1073740799,1073741823,1073739775,1073737727,1072087039,1073117183,1073340415,1071349759,1073717247,1073740799,1073741823,1073741823,1073741823:e7
1073741823,1073741823,1073741823,1073740799,1073739775,1073737727,1072087039,1073117183,1073340415,1071349759,1073717247,1073740799,1073741823,1073741823,1073741823:e7
1073741823,1073741823,1073725439,1073741823,1073739775,1073737727,1072087039,1073117183,1073340415,1071349759,1073717247,1073740799,1073741823,1073741823,1073741823:e7
1073741823,1073741823,1073741823,1073741823,1073739775,1073737727,1072087039,1073116927,1073340415,1071349759,1073717247,1073740799,1073741823,1073741823,1073741823:e7
1073741823,1073741823,1073741823,1073741823,1073739775,1073737471,1072087039,1073117183,1073340415,1071349759,1073717247,1073740799,1073741823,1073741823,1073741823:e7
1073741823,1073741823,1073741823,1073741567,1073739775,1073737727,1072087039,1073117183,1073340415,1071349759,1073717247,1073740799,1073741823,1073741823,1073741823:e7
1073741823,1073741823,1073741823,1073737727,1073739775,1073737727,1072087039,1073117183,1073340415,1071349759,1073717247,1073740799,1073741823,1073741823,1073741823:e7
1073741823,1073741823,1073741823,1073676287,1073739775,1073737727,1072087039,1073117183,1073340415,1071349759,1073717247,1073740799,1073741823,1073741823,1073741823:e7
1073741823,1073741823,1073741823,1073741823,1073739775,1073737727,1072087039,1073117183,1073340415,1071349759,1073717247,1073675263,1073741823,1073741823,1073741823:e7
1073741823,1073741823,1073741823,1073741823,1073739775,1073737727,1072087039,1056339967,1073340415,1071349759,1073717247,1073740799,1073741823,1073741823,1073741823:e7
1073741823,1073741823,1073741823,1073741823,1073739775,1073737727,1072087039,1073117183,1073340415,1054572543,1073717247,1073740799,1073741823,1073741823,1073741823:e7
1073741823,1073741823,1073741823,1073741823,1073739775,1073737727,1072087039,1073117183,1073340415,1071349759,1073717247,1056963583,1073741823,1073741823,1073741823:e7
1073741823,1073741823,1073741823,1073741823,1073739775,1073737727,1072087039,1073117183,1073340415,1071349759,1073717247,1072692223,1073741823,1073741823,1073741823:e7
1073741823,1073741823,1073741823,1073741823,1073739775,1073737727,1072087039,1073117183,1073340415,1071349759,1073717247,1073740799,1073741823,1073741759,1073741823:e7
1073741823,1073741823,1073741823,1073741823,1073739775,1073737727,1072087039,1073117183,1073340415,1071349759,1073717247,1073740735,1073741823,1073741823,1073741823:e7
1073741823,1073741823,1073741823,1073741823,1073739775,1073737727,1072087039,1073117183,1073340415,1071349759,1073717247,1073740543,1073741823,1073741823,1073741823:e7
1073741823,1073741823,1073741823,1073741823,1073739775,1073737727,1072087039,1073117183,1073340415,1071349695,1073717247,1073740799,1073741823,1073741823,1073741823:e7
1073741823,1073741823,1073741823,1073741823,1073739775,1073737727,1072087039,1073117183,1073340415,1071349759,1073717247,1073740799,1073741823,1073725439,1073741823:e7
1073741823,1073741823,1073741823,1073741823,1073739775,1073737727,1072087039,1073117183,1073340415,1071349759,1073717247,1073740799,1073741823,1073740799,1073741823:e7
1073741823,1073741823,1073741823,1073741823,1073739775,1073737727,1072087039,1073117183,1073340415,1071349759,1073717247,1073740799,1073740799,1073741823,1073741823:e7
1073741823,1073741823,1073741823,1073741823,1073739775,1073737727,1072087039,1073117183,1073340415,1071349759,1073717247,1073740799,1073741567,1073741823,1073741823:e7
1073741823,1073741823,1073741823,1073741823,1073739775,1073737727,1072087039,1073117183,1073340415,1071349759,1073716223,1073740799,1073741823,1073741823,1073741823:e7
1073741823,1073741823,1073741823,1073741823,1073739775,1073737727,1072087039,1073117183,1073340415,1071349759,1073717247,1073740799,1073676287,1073741823,1073741823:e7
1073741823,1073741823,1073741823,1073741823,1073739775,1073737727,1072087039,1073117183,1073340415,1071349759,1073717247,1073740799,1073737727,1073741823,1073741823:e7
1073741823,1073741823,1073741823,1073741823,1073739775,1073737727,1072087039,1073117183,1073340415,1071349759,1073717247,1073736703,1073741823,1073741823,1073741823:e7
1073741823,1073741823,1073741823,1073741823,1073739775,1073737727,1072087039,1073117183,1073340415,1071349759,1069522943,1073740799,1073741823,1073741823,1073741823:e7
1073741823,1073741823,1073741823,1073741823,1069545471,1073737727,1072087039,1073117183,1073340415,1071349759,1073717247,1073740799,1073741823,1073741823,1073741823:e7
1073741823,1073741823,1073741823,1073741823,1073739775,1073737727,1072087039,1073117183,1069146111,1071349759,1073717247,1073740799,1073741823,1073741823,1073741823:e7
1073741823,1073741823,1073741823,1073741823,1073739775,1073737727,1072086015,1073117183,1073340415,1071349759,1073717247,1073740799,1073741823,1073741823,1073741823:e7
1073741823,1073741823,1073741823,1073741823,1073723391,1073737727,1072087039,1073117183,1073340415,1071349759,1073717247,1073740799,1073741823,1073741823,1073741823:e7
1073741823,1073741823,1073741823,1073741823,1073477631,1073737727,1072087039,1073117183,1073340415,1071349759,1073717247,1073740799,1073741823,1073741823,1073741823:e7
1073741823,1073741823,1073741823,1073741823,1073739775,1073737727,1072087039,1073117183,1073340415,1071349759,1073716991,1073740799,1073741823,1073741823,1073741823:e7
1073741823,1073741823,1073741823,1073741823,1073739775,1073737727,1072087039,1073117183,1073340159,1071349759,1073717247,1073740799,1073741823,1073741823,1073741823:e7
1073741823,1073741823,1073741823,1073741823,1073739775,1073737727,1072087039,1073117183,1073339391,1071349759,1073717247,1073740799,1073741823,1073741823,1073741823:e7
1073741823,1073741823,1073741823,1073741823,1073739775,1073737727,1072086783,1073117183,1073340415,1071349759,1073717247,1073740799,1073741823,1073741823,1073741823:f6
1073741823,1073741823,1073741823,1073741759,1073739775,1073735679,1072086783,1073117183,1073340415,1071349759,1073717247,1073740799,1073741823,1073741823,1073741823:f7
1073741823,1073741823,1073741823,1073725439,1073739775,1073735679,1072086783,1073117183,1073340415,1071349759,1073717247,1073740799,1073741823,1073741823,1073741823:f7
1073741823,1073741823,1073741823,1073741823,1073739775,1073735679,1072086783,1073117183,1073340399,1071349759,1073717247,1073740799,1073741823,1073741823,1073741823:f7
1073741823,1073741823,1073741823,1073741823,1073739775,1073735679,1072086767,1073117183,1073340415,1071349759,1073717247,1073740799,1073741823,1073741823,1073741823:f7
1073741823,1073741823,1073741823,1073741823,1073739759,1073735679,1072086783,1073117183,1073340415,1071349759,1073717247,1073740799,1073741823,1073741823,1073741823:f7
1073741823,1073741823,1073741823,1073741823,1073739775,1073735679,1072086783,1073117119,1073340415,1071349759,1073717247,1073740799,1073741823,1073741823,1073741823:f7
1073741823,1073741823,1073741823,1073741823,1073739775,1073735615,1072086783,1073117183,1073340415,1071349759,1073717247,1073740799,1073741823,1073741823,1073741823:f7
1073741823,1073741823,1073741823,1073741823,1073739775,1073735679,1072086783,1073117183,1073340415,1071349759,1073717247,1073740799,1073479679,1073741823,1073741823:f7
1073741823,1073741823,1073741823,1073741823,1073739775,1073735679,1072086783,1073117183,1073340415,1071349759,1073717247,1073740799,1073725439,1073741823,1073741823:f7
1073741823,1073741823,1073741823,1073741823,1073739775,1073735679,1072086719,1073117183,1073340415,1071349759,1073717247,1073740799,1073741823,1073741823,1073741823:f7
1073741823,1073741823,1073741823,1073741823,1073739711,1073735679,1072086783,1073117183,1073340415,1071349759,1073717247,1073740799,1073741823,1073741823,1073741823:f7
1073741823,1073741823,1073741823,1073741823,1073739519,1073735679,1072086783,1073117183,1073340415,1071349759,1073717247,1073740799,1073741823,1073741823,1073741823:f7
1073741823,1073741823,1073741759,1073741823,1073739775,1073735679,1072086783,1073117183,1073340415,1071349759,1073717247,1073740799,1073741823,1073741823,1073741823:f7
1073741823,1073741823,1073740799,1073741823,1073739775,1073735679,1072086783,1073117183,1073340415,1071349759,1073717247,1073740799,1073741823,1073741823,1073741823:f7
1073741823,1073741823,1073741823,1073740799,1073739775,1073735679,1072086783,1073117183,1073340415,1071349759,1073717247,1073740799,1073741823,1073741823,1073741823:g7
1073741823,1073741823,1073725439,1073741823,1073739775,1073735679,1072086783,1073117183,1073340415,1071349759,1073717247,1073740799,1073741823,1073741823,1073741823:f7
1073741823,1073741823,1073741823,1073741823,1073739775,1073735679,1072086783,1073116927,1073340415,1071349759,1073717247,1073740799,1073741823,1073741823,1073741823:f7
1073741823,1073741823,1073741823,1073741823,1073739775,1073735423,1072086783,1073117183,1073340415,1071349759,1073717247,1073740799,1073741823,1073741823,1073741823:f7
1073741823,1073741823,1073741823,1073741567,1073739775,1073735679,1072086783,1073117183,1073340415,1071349759,1073717247,1073740799,1073741823,1073741823,1073741823:f7
1073741823,1073741823,1073741823,1073737727,1073739775,1073735679,1072086783,1073117183,1073340415,1071349759,1073717247,1073740799,1073741823,1073741823,1073741823:f7
1073741823,1073741823,1073741823,1073676287,1073739775,1073735679,1072086783,1073117183,1073340415,1071349759,1073717247,1073740799,1073741823,1073741823,1073741823:f7
1073741823,1073741823,1073741823,1073741823,1073739775,1073735679,1072086783,1073117183,1073340415,1071349759,1073717247,1073675263,1073741823,1073741823,1073741823:f7
1073741823,1073741823,1073741823,1073741823,1073739775,1073735679,1072086783,1056339967,1073340415,1071349759,1073717247,1073740799,1073741823,1073741823,1073741823:f7
1073741823,1073741823,1073741823,1073741823,1073739775,1073735679,1072086783,1073117183,1073340415,1054572543,1073717247,1073740799,1073741823,1073741823,1073741823:f7
1073741823,1073741823,1073741823,1073741823,1073739775,1073735679,1072086783,1073117183,1073340415,1071349759,1073717247,1056963583,1073741823,1073741823,1073741823:f7
1073741823,1073741823,1073741823,1073741823,1073739775,1073735679,1072086783,1073117183,1073340415,1071349759,1073717247,1072692223,1073741823,1073741823,1073741823:f7
1073741823,1073741823,1073741823,1073741823,1073739775,1073735679,1072086783,1073117183,1073340415,1071349759,1073717247,1073740799,1073741823,1073741759,1073741823:f7
1073741823,1073741823,1073741823,1073741823,1073739775,1073735679,1072086783,1073117183,1073340415,1071349759,1073717247,1073740735,1073741823,1073741823,1073741823:f7
1073741823,1073741823,1073741823,1073741823,1073739775,1073735679,1072086783,1073117183,1073340415,1071349759,1073717247,1073740543,1073741823,1073741823,1073741823:f7
1073741823,1073741823,1073741823,1073741823,1073739775,1073735679,1072086783,1073117183,1073340415,1071349695,1073717247,1073740799,1073741823,1073741823,1073741823:f7
1073741823,1073741823,1073741823,1073741823,1073739775,1073735679,1072086783,1073117183,1073340415,1071349759,1073717247,1073740799,1073741823,1073725439,1073741823:f7
1073741823,1073741823,1073741823,1073741823,1073739775,1073735679,1072086783,1073117183,1073340415,1071349759,1073717247,1073740799,1073741823,1073740799,1073741823:f7
1073741823,1073741823,1073741823,1073741823,1073739775,1073735679,1072086783,1073117183,1073340415,1071349759,1073717247,1073740799,1073740799,1073741823,1073741823:f7
1073741823,1073741823,1073741823,1073741823,1073739775,1073735679,1072086783,1073117183,1073340415,1071349759,1073717247,1073740799,1073741567,1073741823,1073741823:f7
1073741823,1073741823,1073741823,1073741823,1073739775,1073735679,1072086783,1073117183,1073340415,1071349759,1073716223,1073740799,1073741823,1073741823,1073741823:f7
1073741823,1073741823,1073741823,1073741823,1073739775,1073735679,1072086783,1073117183,1073340415,1071349759,1073717247,1073740799,1073676287,1073741823,1073741823:f7
1073741823,1073741823,1073741823,1073741823,1073739775,1073735679,1072086783,1073117183,1073340415,1071349759,1073717247,1073740799,1073737727,1073741823,1073741823:f7
1073741823,1073741823,1073741823,1073741823,1073739775,1073735679,1072086783,1073117183,1073340415,1071349759,1073717247,1073736703,1073741823,1073741823,1073741823:f7
1073741823,1073741823,1073741823,1073741823,1073739775,1073735679,1072086783,1073117183,1073340415,1071349759,1069522943,1073740799,1073741823,1073741823,1073741823:f7
1073741823,1073741823,1073741823,1073741823,1069545471,1073735679,1072086783,1073117183,1073340415,1071349759,1073717247,1073740799,1073741823,1073741823,1073741823:f7
1073741823,1073741823,1073741823,1073741823,1073739775,1073735679,1072086783,1073117183,1069146111,1071349759,1073717247,1073740799,1073741823,1073741823,1073741823:f7
1073741823,1073741823,1073741823,1073741823,1073739775,1073735679,1072085759,1073117183,1073340415,1071349759,1073717247,1073740799,1073741823,1073741823,1073741823:g7
1073741823,1073741823,1073741823,1073741823,1073723391,1073735679,1072086783,1073117183,1073340415,1071349759,1073717247,1073740799,1073741823,1073741823,1073741823:f7
1073741823,1073741823,1073741823,1073741823,1073477631,1073735679,1072086783,1073117183,1073340415,1071349759,1073717247,1073740799,1073741823,1073741823,1073741823:f7
1073741823,1073741823,1073741823,1073741823,1073739775,1073735679,1072086783,1073117183,1073340415,1071349759,1073716991,1073740799,1073741823,1073741823,1073741823:f7
1073741823,1073741823,1073741823,1073741823,1073739775,1073735679,1072086783,1073117183,1073340159,1071349759,1073717247,1073740799,1073741823,1073741823,1073741823:f7
1073741823,1073741823,1073741823,1073741823,1073739775,1073735679,1072086783,1073117183,1073339391,1071349759,1073717247,1073740799,1073741823,1073741823,1073741823:g7
1073741823,1073741823,1073741823,1073741823,1056962559,1073735679,1072086783,1073117183,1073340415,1071349759,1073717247,1073740799,1073741823,1073741823,1073741823:f7
1073741823,1073741823,1073741823,1073741823,1073739775,1073735679,1055309567,1073117183,1073340415,1071349759,1073717247,1073740799,1073741823,1073741823,1073741823:f7
1073741823,1073741823,1073741823,1073741823,1073739775,1073735679,1067892479,1073117183,1073340415,1071349759,1073717247,1073740799,1073741823,1073741823,1073741823:f7
1073741823,1073741823,1073741823,1073741823,1073739775,1073735679,1072086783,1073117183,1056563199,1071349759,1073717247,1073740799,1073741823,1073741823,1073741823:f7
1073741823,1073741823,1073741823,1073741823,1073739775,1073735679,1072086783,1073117183,1073340415,1071349759,1073717247,1073724415,1073741823,1073741823,1073741823:f7
1073741823,1073741823,1073741823,1073741823,1073739775,1073735679,1072086783,1073117183,1073340415,1071349759,1073717247,1069546495,1073741823,1073741823,1073741823:f7
1073741823,1073741823,1073741823,1073741823,1073739775,1073735679,1072086783,1073117183,1073340415,1071349759,1073717247,1073478655,1073741823,1073741823,1073741823:f7
1073741823,1073741823,1073741823,1073741823,1073739775,1073735679,1072086783,1073117183,1073340415,1071349759,1073455103,1073740799,1073741823,1073741823,1073741823:f7
1073741823,1073741823,1073741823,1073741823,1073739775,1073735679,1072086783,1073117183,1073340415,1071349759,1072668671,1073740799,1073741823,1073741823,1073741823:f7
1073741823,1073741823,1073741823,1073741823,1073739775,1073735679,1072086783,1073117183,1073340415,1071349759,1073651711,1073740799,1073741823,1073741823,1073741823:f7
1073741823,1073741823,1073741823,1073741823,1073739775,1073735679,1072086783,1073117183,1073340415,1071345663,1073717247,1073740799,1073741823,1073741823,1073741823:f7
1073741823,1073741823,1073741823,1073741823,1073739775,1072687103,1072086783,1073117183,1073340415,1071349759,1073717247,1073740799,1073741823,1073741823,1073741823:f7
1073741823,1073741823,1073741823,1073741823,1073739775,1073735679,1072086783,1073117183,1073340415,1071284223,1073717247,1073740799,1073741823,1073741823,1073741823:f7
1073741823,1073741823,1073741823,1073741823,1073739775,1069541375,1072086783,1073117183,1073340415,1071349759,1073717247,1073740799,1073741823,1073741823,1073741823:f7
1073741823,1073741823,1073741823,1073741823,1073739775,1073735679,1072086783,1068922879,1073340415,1071349759,1073717247,1073740799,1073741823,1073741823,1073741823:f7
1073741823,1073741823,1073741823,1073741823,1073739775,1073735679,1072086783,1072068607,1073340415,1071349759,1073717247,1073740799,1073741823,1073741823,1073741823:f7
1073741823,1073741823,1073741823,1073741823,1073739775,1073735679,1072086783,1073117183,1073340415,1067155455,1073717247,1073740799,1073741823,1073741823,1073741823:f7
1073741823,1073741823,1073741823,1073741823,1073735679,1073735679,1072086783,1073117183,1073340415,1071349759,1073717247,1073740799,1073741823,1073741823,1073741823:f7
1073741823,1073741823,1073741823,1073741823,1073674239,1073735679,1072086783,1073117183,1073340415,1071349759,1073717247,1073740799,1073741823,1073741823,1073741823:f7
1073741823,1073741823,1073741823,1073741823,1073739775,1073670143,1072086783,1073117183,1073340415,1071349759,1073717247,1073740799,1073741823,1073741823,1073741823:f7
1073741823,1073741823,1073741823,1073741823,1072691199,1073735679,1072086783,1073117183,1073340415,1071349759,1073717247,1073740799,1073741823,1073741823,1073741823:f7
1073741823,1073741823,1073741823,1073741823,1073739775,1073735679,1072086783,1073117183,1072291839,1071349759,1073717247,1073740799,1073741823,1073741823,1073741823:f7
1073741823,1073741823,1073741823,1073741823,1073739775,1073735679,1072086783,1073117183,1073340415,1071348735,1073717247,1073740799,1073741823,1073741823,1073741823:f7
1073741823,1073741823,1073741823,1073741823,1073739775,1073735679,1072086783,1073113087,1073340415,1071349759,1073717247,1073740799,1073741823,1073741823,1073741823:f7
1073741823,1073741823,1073741823,1073741823,1073739775,1073735679,1072082687,1073117183,1073340415,1071349759,1073717247,1073740799,1073741823,1073741823,1073741823:f7
1073741823,1073741823,1073741823,1073741823,1073739775,1073719295,1072086783,1073117183,1073340415,1071349759,1073717247,1073740799,1073741823,1073741823,1073741823:f7
1073741823,1073741823,1073741823,1073741823,1073739775,1073473535,1072086783,1073117183,1073340415,1071349759,1073717247,1073740799,1073741823,1073741823,1073741823:f7
1073741823,1073741823,1073741823,1073741823,1073739775,1073735679,1072086783,1073117183,1073324031,1071349759,1073717247,1073740799,1073741823,1073741823,1073741823:f7
1073741823,1073741823,1073741823,1073741823,1056962559,1073737727,1072087039,1073117183,1073340415,1071349759,1073717247,1073740799,1073741823,1073741823,1073741823:e7
1073741823,1073741823,1073741823,1073741823,1073739775,1073737727,1055309823,1073117183,1073340415,1071349759,1073717247,1073740799,1073741823,1073741823,1073741823:e7
1073741823,1073741823,1073741823,1073741823,1073739775,1073737727,1067892735,1073117183,1073340415,1071349759,1073717247,1073740799,1073741823,1073741823,1073741823:e7
1073741823,1073741823,1073741823,1073741823,1073739775,1073737727,1072087039,1073117183,1056563199,1071349759,1073717247,1073740799,1073741823,1073741823,1073741823:e7
1073741823,1073741823,1073741823,1073741823,1073739775,1073737727,1072087039,1073117183,1073340415,1071349759,1073717247,1073724415,1073741823,1073741823,1073741823:e7
1073741823,1073741823,1073741823,1073741823,1073739775,1073737727,1072087039,1073117183,1073340415,1071349759,1073717247,1069546495,1073741823,1073741823,1073741823:e7
1073741823,1073741823,1073741823,1073741823,1073739775,1073737727,1072087039,1073117183,1073340415,1071349759,1073717247,1073478655,1073741823,1073741823,1073741823:e7
1073741823,1073741823,1073741823,1073741823,1073739775,1073737727,1072087039,1073117183,1073340415,1071349759,1073455103,1073740799,1073741823,1073741823,1073741823:e7
1073741823,1073741823,1073741823,1073741823,1073739775,1073737727,1072087039,1073117183,1073340415,1071349759,1072668671,1073740799,1073741823,1073741823,1073741823:e7
1073741823,1073741823,1073741823,1073741823,1073739775,1073737727,1072087039,1073117183,1073340415,1071349759,1073651711,1073740799,1073741823,1073741823,1073741823:f6
1073741823,1073741823,1073741823,1073741759,1073739775,1073735679,1072087039,1073117183,1073340415,1071349759,1073651711,1073740799,1073741823,1073741823,1073741823:f7
1073741823,1073741823,1073741823,1073725439,1073739775,1073735679,1072087039,1073117183,1073340415,1071349759,1073651711,1073740799,1073741823,1073741823,1073741823:f7
1073741823,1073741823,1073741823,1073741823,1073739775,1073735679,1072087039,1073117183,1073340415,1071349759,1073651711,1073740799,1072693247,1073741823,1073741823:f7
1073741823,1073741823,1073741823,1073741823,1073739775,1073735679,1072087039,1073117119,1073340415,1071349759,1073651711,1073740799,1073741823,1073741823,1073741823:f7
1073741823,1073741823,1073741823,1073741823,1073739775,1073735615,1072087039,1073117183,1073340415,1071349759,1073651711,1073740799,1073741823,1073741823,1073741823:f7
1073741823,1073741823,1073741823,1073741823,1073739775,1073735679,1072087039,1073117183,1073340415,1071349759,1073651711,1073740799,1073479679,1073741823,1073741823:f7
1073741823,1073741823,1073741823,1073741823,1073739775,1073735679,1072087039,1073117183,1073340415,1071349759,1073651711,1073740799,1073725439,1073741823,1073741823:f7
1073741823,1073741823,1073741823,1073741823,1073739775,1073735679,1072086975,1073117183,1073340415,1071349759,1073651711,1073740799,1073741823,1073741823,1073741823:f7
1073741823,1073741823,1073741823,1073741823,1073739711,1073735679,1072087039,1073117183,1073340415,1071349759,1073651711,1073740799,1073741823,1073741823,1073741823:f7
1073741823,1073741823,1073741823,1073741823,1073739519,1073735679,1072087039,1073117183,1073340415,1071349759,1073651711,1073740799,1073741823,1073741823,1073741823:f7
1073741823,1073741823,1073741759,1073741823,1073739775,1073735679,1072087039,1073117183,1073340415,1071349759,1073651711,1073740799,1073741823,1073741823,1073741823:f7
1073741823,1073741823,1073740799,1073741823,1073739775,1073735679,1072087039,1073117183,1073340415,1071349759,1073651711,1073740799,1073741823,1073741823,1073741823:f7
1073741823,1073741823,1073741823,1073740799,1073739775,1073735679,1072087039,1073117183,1073340415,1071349759,1073651711,1073740799,1073741823,1073741823,1073741823:f9
1073741823,1073741823,1073725439,1073741823,1073739775,1073735679,1072087039,1073117183,1073340415,1071349759,1073651711,1073740799,1073741823,1073741823,1073741823:f7
1073741823,1073741823,1073741823,1073741823,1073739775,1073735679,1072087039,1073116927,1073340415,1071349759,1073651711,1073740799,1073741823,1073741823,1073741823:f7
1073741823,1073741823,1073741823,1073741823,1073739775,1073735423,1072087039,1073117183,1073340415,1071349759,1073651711,1073740799,1073741823,1073741823,1073741823:f7
1073741823,1073741823,1073741823,1073741567,1073739775,1073735679,1072087039,1073117183,1073340415,1071349759,1073651711,1073740799,1073741823,1073741823,1073741823:f7
1073741823,1073741823,1073741823,1073737727,1073739775,1073735679,1072087039,1073117183,1073340415,1071349759,1073651711,1073740799,1073741823,1073741823,1073741823:f7
1073741823,1073741823,1073741823,1073676287,1073739775,1073735679,1072087039,1073117183,1073340415,1071349759,1073651711,1073740799,1073741823,1073741823,1073741823:f7
1073741823,1073741823,1073741823,1073741823,1073739775,1073735679,1072087039,1073117183,1073340415,1071349759,1073651711,1073675263,1073741823,1073741823,1073741823:f7
1073741823,1073741823,1073741823,1073741823,1073739775,1073735679,1072087039,1056339967,1073340415,1071349759,1073651711,1073740799,1073741823,1073741823,1073741823:f7
1073741823,1073741823,1073741823,1073741823,1073739775,1073735679,1072087039,1073117183,1073340415,1054572543,1073651711,1073740799,1073741823,1073741823,1073741823:f7
1073741823,1073741823,1073741823,1073741823,1073739775,1073735679,1072087039,1073117183,1073340415,1071349759,1073651711,1056963583,1073741823,1073741823,1073741823:f7
1073741823,1073741823,1073741823,1073741823,1073739775,1073735679,1072087039,1073117183,1073340415,1071349759,1073651711,1072692223,1073741823,1073741823,1073741823:f7
1073741823,1073741823,1073741823,1073741823,1073739775,1073735679,1072087039,1073117183,1073340415,1071349759,1073651711,1073740799,1073741823,1073741759,1073741823:f7
1073741823,1073741823,1073741823,1073741823,1073739775,1073735679,1072087039,1073117183,1073340415,1071349759,1073651711,1073740735,1073741823,1073741823,1073741823:f7
1073741823,1073741823,1073741823,1073741823,1073739775,1073735679,1072087039,1073117183,1073340415,1071349759,1073651711,1073740543,1073741823,1073741823,1073741823:f7
1073741823,1073741823,1073741823,1073741823,1073739775,1073735679,1072087039,1073117183,1073340415,1071349695,1073651711,1073740799,1073741823,1073741823,1073741823:f7
1073741823,1073741823,1073741823,1073741823,1073739775,1073735679,1072087039,1073117183,1073340415,1071349759,1073651711,1073740799,1073741823,1073725439,1073741823:f7
1073741823,1073741823,1073741823,1073741823,1073739775,1073735679,1072087039,1073117183,1073340415,1071349759,1073651711,1073740799,1073741823,1073740799,1073741823:f7
1073741823,1073741823,1073741823,1073741823,1073739775,1073735679,1072087039,1073117183,1073340415,1071349759,1073651711,1073740799,1073740799,1073741823,1073741823:f7
1073741823,1073741823,1073741823,1073741823,1073739775,1073735679,1072087039,1073117183,1073340415,1071349759,1073651711,1073740799,1073741567,1073741823,1073741823:f7
1073741823,1073741823,1073741823,1073741823,1073739775,1073735679,1072087039,1073117183,1073340415,1071349759,1073650687,1073740799,1073741823,1073741823,1073741823:f7
1073741823,1073741823,1073741823,1073741823,1073739775,1073735679,1072087039,1073117183,1073340415,1071349759,1073651711,1073740799,1073676287,1073741823,1073741823:f7
1073741823,1073741823,1073741823,1073741823,1073739775,1073735679,1072087039,1073117183,1073340415,1071349759,1073651711,1073740799,1073737727,1073741823,1073741823:f7
1073741823,1073741823,1073741823,1073741823,1073739775,1073735679,1072087039,1073117183,1073340415,1071349759,1073651711,1073736703,1073741823,1073741823,1073741823:f7
1073741823,1073741823,1073741823,1073741823,1073739775,1073735679,1072087039,1073117183,1073340415,1071349759,1069457407,1073740799,1073741823,1073741823,1073741823:f7
1073741823,1073741823,1073741823,1073741823,1069545471,1073735679,1072087039,1073117183,1073340415,1071349759,1073651711,1073740799,1073741823,1073741823,1073741823:f7
1073741823,1073741823,1073741823,1073741823,1073739775,1073735679,1072087039,1073117183,1069146111,1071349759,1073651711,1073740799,1073741823,1073741823,1073741823:f7
1073741823,1073741823,1073741823,1073741823,1073739775,1073735679,1072086015,1073117183,1073340415,1071349759,1073651711,1073740799,1073741823,1073741823,1073741823:g7
1073741823,1073741823,1073741823,1073741823,1073723391,1073735679,1072087039,1073117183,1073340415,1071349759,1073651711,1073740799,1073741823,1073741823,1073741823:f7
1073741823,1073741823,1073741823,1073741823,1073477631,1073735679,1072087039,1073117183,1073340415,1071349759,1073651711,1073740799,1073741823,1073741823,1073741823:f7
1073741823,1073741823,1073741823,1073741823,1073739775,1073735679,1072087039,1073117183,1073340415,1071349759,1073651455,1073740799,1073741823,1073741823,1073741823:f7
1073741823,1073741823,1073741823,1073741823,1073739775,1073735679,1072087039,1073117183,1073340159,1071349759,1073651711,1073740799,1073741823,1073741823,1073741823:f7
1073741823,1073741823,1073741823,1073741823,1073739775,1073735679,1072087039,1073117183,1073339391,1071349759,1073651711,1073740799,1073741823,1073741823,1073741823:g7
1073741823,1073741823,1073741823,1073741823,1073739775,1073735679,1072086783,1073117183,1073340415,1071349759,1073651711,1073740799,1073741823,1073741823,1073741823:f7
1073741823,1073741823,1073741823,1073741823,1056962559,1073735679,1072087039,1073117183,1073340415,1071349759,1073651711,1073740799,1073741823,1073741823,1073741823:f7
1073741823,1073741823,1073741823,1073741823,1073739775,1073735679,1055309823,1073117183,1073340415,1071349759,1073651711,1073740799,1073741823,1073741823,1073741823:f7
1073741823,1073741823,1073741823,1073741823,1073739775,1073735679,1067892735,1073117183,1073340415,1071349759,1073651711,1073740799,1073741823,1073741823,1073741823:f7
1073741823,1073741823,1073741823,1073741823,1073739775,1073735679,1072087039,1073117183,1056563199,1071349759,1073651711,1073740799,1073741823,1073741823,1073741823:f7
1073741823,1073741823,1073741823,1073741823,1073739775,1073735679,1072087039,1073117183,1073340415,1071349759,1073651711,1073724415,1073741823,1073741823,1073741823:f7
1073741823,1073741823,1073741823,1073741823,1073739775,1073735679,1072087039,1073117183,1073340415,1071349759,1073651711,1069546495,1073741823,1073741823,1073741823:f7
1073741823,1073741823,1073741823,1073741823,1073739775,1073735679,1072087039,1073117183,1073340415,1071349759,1073651711,1073478655,1073741823,1073741823,1073741823:f7
1073741823,1073741823,1073741823,1073741823,1073739775,1073735679,1072087039,1073117183,1073340415,1071349759,1073389567,1073740799,1073741823,1073741823,1073741823:f7
1073741823,1073741823,1073741823,1073741823,1073739775,1073735679,1072087039,1073117183,1073340415,1071349759,1072603135,1073740799,1073741823,1073741823,1073741823:f7
1073741823,1073741823,1073741823,1073741823,1073739775,1073735679,1072087039,1073117183,1073340415,1071345663,1073651711,1073740799,1073741823,1073741823,1073741823:f7
1073741823,1073741823,1073741823,1073741823,1073739775,1072687103,1072087039,1073117183,1073340415,1071349759,1073651711,1073740799,1073741823,1073741823,1073741823:f7
1073741823,1073741823,1073741823,1073741823,1073739775,1073735679,1072087039,1073117183,1073340415,1071284223,1073651711,1073740799,1073741823,1073741823,1073741823:f7
1073741823,1073741823,1073741823,1073741823,1073739775,1069541375,1072087039,1073117183,1073340415,1071349759,1073651711,1073740799,1073741823,1073741823,1073741823:f7
1073741823,1073741823,1073741823,1073741823,1073739775,1073735679,1072087039,1068922879,1073340415,1071349759,1073651711,1073740799,1073741823,1073741823,1073741823:f7
1073741823,1073741823,1073741823,1073741823,1073739775,1073735679,1072087039,1072068607,1073340415,1071349759,1073651711,1073740799,1073741823,1073741823,1073741823:f7
1073741823,1073741823,1073741823,1073741823,1073739775,1073735679,1072087039,1073117183,1073340415,1067155455,1073651711,1073740799,1073741823,1073741823,1073741823:f7
1073741823,1073741823,1073741823,1073741823,1073735679,1073735679,1072087039,1073117183,1073340415,1071349759,1073651711,1073740799,1073741823,1073741823,1073741823:f7
1073741823,1073741823,1073741823,1073741823,1073674239,1073735679,1072087039,1073117183,1073340415,1071349759,1073651711,1073740799,1073741823,1073741823,1073741823:f7
1073741823,1073741823,1073741823,1073741823,1073739775,1073670143,1072087039,1073117183,1073340415,1071349759,1073651711,1073740799,1073741823,1073741823,1073741823:f7
1073741823,1073741823,1073741823,1073741823,1072691199,1073735679,1072087039,1073117183,1073340415,1071349759,1073651711,1073740799,1073741823,1073741823,1073741823:f7
1073741823,1073741823,1073741823,1073741823,1073739775,1073735679,1072087039,1073117183,1072291839,1071349759,1073651711,1073740799,1073741823,1073741823,1073741823:f7
1073741823,1073741823,1073741823,1073741823,1073739775,1073735679,1072087039,1073117183,1073340415,1071348735,1073651711,1073740799,1073741823,1073741823,1073741823:f7
1073741823,1073741823,1073741823,1073741823,1073739775,1073735679,1072087039,1073113087,1073340415,1071349759,1073651711,1073740799,1073741823,1073741823,1073741823:f7
1073741823,1073741823,1073741823,1073741823,1073739775,1073735679,1072082943,1073117183,1073340415,1071349759,1073651711,1073740799,1073741823,1073741823,1073741823:f7
1073741823,1073741823,1073741823,1073741823,1073739775,1073719295,1072087039,1073117183,1073340415,1071349759,1073651711,1073740799,1073741823,1073741823,1073741823:f7
1073741823,1073741823,1073741823,1073741823,1073739775,1073473535,1072087039,1073117183,1073340415,1071349759,1073651711,1073740799,1073741823,1073741823,1073741823:f7
1073741823,1073741823,1073741823,1073741823,1073739775,1073735679,1072087039,1073117183,1073324031,1071349759,1073651711,1073740799,1073741823,1073741823,1073741823:f7
1073741823,1073741823,1073741823,1073741823,1073739775,1073737727,1072087039,1073117183,1073340415,1071345663,1073717247,1073740799,1073741823,1073741823,1073741823:e7
1073741823,1073741823,1073741823,1073741823,1073739775,1072689151,1072087039,1073117183,1073340415,1071349759,1073717247,1073740799,1073741823,1073741823,1073741823:e7
1073741823,1073741823,1073741823,1073741823,1073739775,1073737727,1072087039,1073117183,1073340415,1071284223,1073717247,1073740799,1073741823,1073741823,1073741823:e7
1073741823,1073741823,1073741823,1073741823,1073739775,1069543423,1072087039,1073117183,1073340415,1071349759,1073717247,1073740799,1073741823,1073741823,1073741823:e7
1073741823,1073741823,1073741823,1073741823,1073739775,1073737727,1072087039,1068922879,1073340415,1071349759,1073717247,1073740799,1073741823,1073741823,1073741823:e7
1073741823,1073741823,1073741823,1073741823,1073739775,1073737727,1072087039,1072068607,1073340415,1071349759,1073717247,1073740799,1073741823,1073741823,1073741823:e7
1073741823,1073741823,1073741823,1073741823,1073739775,1073737727,1072087039,1073117183,1073340415,1067155455,1073717247,1073740799,1073741823,1073741823,1073741823:e7
1073741823,1073741823,1073741823,1073741823,1073735679,1073737727,1072087039,1073117183,1073340415,1071349759,1073717247,1073740799,1073741823,1073741823,1073741823:e7
1073741823,1073741823,1073741823,1073741823,1073674239,1073737727,1072087039,1073117183,1073340415,1071349759,1073717247,1073740799,1073741823,1073741823,1073741823:e7
1073741823,1073741823,1073741823,1073741823,1073739775,1073672191,1072087039,1073117183,1073340415,1071349759,1073717247,1073740799,1073741823,1073741823,1073741823:e7
1073741823,1073741823,1073741823,1073741823,1072691199,1073737727,1072087039,1073117183,1073340415,1071349759,1073717247,1073740799,1073741823,1073741823,1073741823:e7
1073741823,1073741823,1073741823,1073741823,1073739775,1073737727,1072087039,1073117183,1072291839,1071349759,1073717247,1073740799,1073741823,1073741823,1073741823:e7
1073741823,1073741823,1073741823,1073741823,1073739775,1073737727,1072087039,1073117183,1073340415,1071348735,1073717247,1073740799,1073741823,1073741823,1073741823:e7
1073741823,1073741823,1073741823,1073741823,1073739775,1073737727,1072087039,1073113087,1073340415,1071349759,1073717247,1073740799,1073741823,1073741823,1073741823:e7
1073741823,1073741823,1073741823,1073741823,1073739775,1073736703,1072087039,1073117183,1073340415,1071349759,1073717247,1073740799,1073741823,1073741823,1073741823:e7
1073741823,1073741823,1073741823,1073741823,1073739775,1073737727,1072082943,1073117183,1073340415,1071349759,1073717247,1073740799,1073741823,1073741823,1073741823:e7
1073741823,1073741823,1073741823,1073741823,1073739775,1073721343,1072087039,1073117183,1073340415,1071349759,1073717247,1073740799,1073741823,1073741823,1073741823:e7
1073741823,1073741823,1073741823,1073741823,1073739775,1073475583,1072087039,1073117183,1073340415,1071349759,1073717247,1073740799,1073741823,1073741823,1073741823:e7
1073741823,1073741823,1073741823,1073741823,1073739775,1073737727,1072087039,1073117183,1073324031,1071349759,1073717247,1073740799,1073741823,1073741823,1073741823:e7
