1073741823,1073741823,1073741823,1073741823,1073741823,1073741823,1006567423,1073184767,1073348607,1073741823,1073741823,1073741823,1073741823,1073741823,1073741823:g7
1073741823,1073741823,1073741823,1073741823,1073741823,1073741823,1006559231,1073184767,1073348351,1073741823,1073741823,1073741823,1073741823,1073741823,1073741823:f6
1073741823,1073741823,1073741823,1073741823,1073741823,1073741823,1006558975,1073184767,1073348607,1073741823,1073741823,1073741823,1073741823,1073741823,1073741823:f6
1073741823,1073741823,1073741823,1073741823,1073741823,1073741823,1006558207,1073184767,1073348607,1073741823,1073741823,1073741823,1073741823,1073741823,1073741823:f6
1073741823,1073741823,1073741823,1073741823,1073741567,1073741823,1006559231,1073184767,1073348607,1073741823,1073741823,1073741823,1073741823,1073741823,1073741823:j10
1073741823,1073741823,1073741823,1073741823,1073741823,1073737727,1006559231,1073184767,1073348607,1073741823,1073741823,1073741823,1073741823,1073741823,1073741823:f6
1073741823,1073741823,1073741823,1073741823,1073741823,1073741823,1006559231,1056407551,1073348607,1073741823,1073741823,1073741823,1073741823,1073741823,1073741823:f6
1073741823,1073741823,1073741823,1073741823,1073741823,1073741823,989782015,1073184767,1073348607,1073741823,1073741823,1073741823,1073741823,1073741823,1073741823:f6
1073741823,1073741823,1073741823,1073741823,1069547519,1073741823,1006559231,1073184767,1073348607,1073741823,1073741823,1073741823,1073741823,1073741823,1073741823:f6
1073741823,1073741823,1073741823,1073741823,1073741823,1056964607,1006559231,1073184767,1073348607,1073741823,1073741823,1073741823,1073741823,1073741823,1073741823:f6
1073741823,1073741823,1073741823,1073741823,1006632959,1073741823,1006559231,1073184767,1073348607,1073741823,1073741823,1073741823,1073741823,1073741823,1073741823:f6
1073741823,1073741823,1073741823,1073741823,1073741823,1006632959,1006559231,1073184767,1073348607,1073741823,1073741823,1073741823,1073741823,1073741823,1073741823:f6
1073741823,1073741823,1073741823,1073741823,1073741823,805306367,1006559231,1073184767,1073348607,1073741823,1073741823,1073741823,1073741823,1073741823,1073741823:f6
1073741823,1073741823,1073741823,1073741823,1073741823,1073741823,738123775,1073184767,1073348607,1073741823,1073741823,1073741823,1073741823,1073741823,1073741823:f6
1073741823,1073741823,1073741823,1073741823,1073741823,1073741823,1006559231,804749311,1073348607,1073741823,1073741823,1073741823,1073741823,1073741823,1073741823:f6
1073741823,1073741823,1073741823,1073741823,1073741823,1073741823,1006559231,1073184767,1006239743,1073741823,1073741823,1073741823,1073741823,1073741823,1073741823:f6
1073741823,1073741823,1073741823,1073741823,1073741823,1073741823,1006559231,1006075903,1073348607,1073741823,1073741823,1073741823,1073741823,1073741823,1073741823:f6
1073741823,1073741823,1073741823,1073741823,1073741823,1073741823,1006559231,1073184767,1073348607,1073741823,1073737727,1073741823,1073741823,1073741823,1073741823:f6
1073741823,1073741823,1073741823,1073741823,1073741823,1073741823,1006559231,1073184767,1073348607,1073741823,1072693247,1073741823,1073741823,1073741823,1073741823:f6
1073741823,1073741823,1073741823,1073741823,1073741823,1073741823,1006559231,1073184767,1073348607,1073741823,1073676287,1073741823,1073741823,1073741823,1073741823:f6
1073741823,1073741823,1073741823,1073741823,1073741823,1073741823,1006559231,1073184767,1073348607,1073741823,1073725439,1073741823,1073741823,1073741823,1073741823:f6
1073741823,1073741823,1073741823,1073741823,1073741823,1073741823,1006559231,1073184767,1073348607,1073676287,1073741823,1073741823,1073741823,1073741823,1073741823:f6
1073741823,1073741823,1073741823,1073741823,1073741823,1073741823,1002364927,1073184767,1073348607,1073741823,1073741823,1073741823,1073741823,1073741823,1073741823:f6
1073741823,1073741823,1073741823,1073741823,1073741823,1073741823,1006559231,1073184767,1069154303,1073741823,1073741823,1073741823,1073741823,1073741823,1073741823:f6
1073741823,1073741823,1073741823,1073741823,1073741823,1073741823,1006559231,1073184767,1073348607,1073741823,1069547519,1073741823,1073741823,1073741823,1073741823:f6
1073741823,1073741823,1073741823,1073741823,1073741823,1073741823,1006559231,1073184767,1073348607,1072693247,1073741823,1073741823,1073741823,1073741823,1073741823:f6
1073741823,1073741823,1073741823,1073741823,1073741823,1073741823,1006559231,1073184767,1073348607,1073741823,1073479679,1073741823,1073741823,1073741823,1073741823:f6
1073741823,1073741823,1073741823,1073741823,1073741823,1069547519,1006559231,1073184767,1073348607,1073741823,1073741823,1073741823,1073741823,1073741823,1073741823:f6
1073741823,1073741823,1073741823,1073741823,1073741823,1073741823,1006559231,1068990463,1073348607,1073741823,1073741823,1073741823,1073741823,1073741823,1073741823:f6
1073741823,1073741823,1073741823,1073741823,1073741823,1073741823,1006559231,1072136191,1073348607,1073741823,1073741823,1073741823,1073741823,1073741823,1073741823:f6
1073741823,1073741823,1073741823,1073741823,1073741823,1073741823,1006559231,1073184767,1073348607,1069547519,1073741823,1073741823,1073741823,1073741823,1073741823:f6
1073741823,1073741823,1073741823,1073741823,1073737727,1073741823,1006559231,1073184767,1073348607,1073741823,1073741823,1073741823,1073741823,1073741823,1073741823:f6
1073741823,1073741823,1073741823,1073741823,1073676287,1073741823,1006559231,1073184767,1073348607,1073741823,1073741823,1073741823,1073741823,1073741823,1073741823:f6
1073741823,1073741823,1073741823,1073741823,1073741823,1073676287,1006559231,1073184767,1073348607,1073741823,1073741823,1073741823,1073741823,1073741823,1073741823:f6
1073741823,1073741823,1073741823,1073741823,1072693247,1073741823,1006559231,1073184767,1073348607,1073741823,1073741823,1073741823,1073741823,1073741823,1073741823:f6
1073741823,1073741823,1073741823,1073741823,1073741823,1073741823,1005510655,1073184767,1073348607,1073741823,1073741823,1073741823,1073741823,1073741823,1073741823:f6
1073741823,1073741823,1073741823,1073741823,1073741823,1073741823,1006297087,1073184767,1073348607,1073741823,1073741823,1073741823,1073741823,1073741823,1073741823:f6
1073741823,1073741823,1073741823,1073741823,1073741823,1073741823,1006559231,1073184767,1072300031,1073741823,1073741823,1073741823,1073741823,1073741823,1073741823:f6
1073741823,1073741823,1073741823,1073741823,1073741823,1073741823,1006559231,1073184767,1073348607,1073740799,1073741823,1073741823,1073741823,1073741823,1073741823:f6
1073741823,1073741823,1073741823,1073741823,1073741823,1073741823,1006559231,1073184767,1073344511,1073741823,1073741823,1073741823,1073741823,1073741823,1073741823:f6
1073741823,1073741823,1073741823,1073741823,1073741823,1073741823,1006559231,1073183743,1073348607,1073741823,1073741823,1073741823,1073741823,1073741823,1073741823:f6
1073741823,1073741823,1073741823,1073741823,1073741823,1073741823,1006559231,1073180671,1073348607,1073741823,1073741823,1073741823,1073741823,1073741823,1073741823:f6
1073741823,1073741823,1073741823,1073741823,1073741823,1073740799,1006559231,1073184767,1073348607,1073741823,1073741823,1073741823,1073741823,1073741823,1073741823:i8
1073741823,1073741823,1073741823,1073741823,1073741823,1073725439,1006559231,1073184767,1073348607,1073741823,1073741823,1073741823,1073741823,1073741823,1073741823:f6
1073741823,1073741823,1073741823,1073741823,1073741823,1073741823,1006542847,1073184767,1073348607,1073741823,1073741823,1073741823,1073741823,1073741823,1073741823:f6
1073741823,1073741823,1073741823,1073741823,1073741823,1073479679,1006559231,1073184767,1073348607,1073741823,1073741823,1073741823,1073741823,1073741823,1073741823:f6
1073741823,1073741823,1073741823,1073741823,1073741823,1073741823,1006559231,1073119231,1073348607,1073741823,1073741823,1073741823,1073741823,1073741823,1073741823:f6
1073741823,1073741823,1073741823,1073741823,1073741823,1073741823,1006559231,1073184767,1073348607,1073479679,1073741823,1073741823,1073741823,1073741823,1073741823:h7
1073741823,1073741823,1073741823,1073741823,1073741823,1073741823,1006526463,1073184767,1073347583,1073479679,1073741823,1073741823,1073741823,1073741823,1073741823:h10
1073741823,1073741823,1073741823,1073741823,1073740799,1073741823,1006526463,1073184767,1073348607,1073479679,1073741823,1073741823,1073741823,1073741823,1073741823:h10
1073741823,1073741823,1073741823,1073741823,1073725439,1073741823,1006526463,1073184767,1073348607,1073479679,1073741823,1073741823,1073741823,1073741823,1073741823:h10
1073741823,1073741823,1073741823,1073741823,1073479679,1073741823,1006526463,1073184767,1073348607,1073479679,1073741823,1073741823,1073741823,1073741823,1073741823:h10
1073741823,1073741823,1073741823,1073741823,1073741823,1073741823,1006526463,1073184767,1073348607,1073479679,1073741823,1073725439,1073741823,1073741823,1073741823:h6
1073741823,1073741823,1073741823,1073741823,1073741823,1073741823,1006526463,1073184767,1073348607,1073479679,1073741823,1069547519,1073741823,1073741823,1073741823:h6
1073741823,1073741823,1073741823,1073741823,1073741823,1073741823,1006526463,1073184767,1073348607,1073479679,1073741823,1073479679,1073741823,1073741823,1073741823:h10
1073741823,1073741823,1073741823,1073741823,1073741823,1073741823,1006526463,1073184767,1073348351,1073479679,1073741823,1073741823,1073741823,1073741823,1073741823:h10
1073741823,1073741823,1073741823,1073741823,1073741823,1073741823,1006526207,1073184767,1073348607,1073479679,1073741823,1073741823,1073741823,1073741823,1073741823:h6
1073741823,1073741823,1073741823,1073741823,1073741823,1073741823,1006525439,1073184767,1073348607,1073479679,1073741823,1073741823,1073741823,1073741823,1073741823:h6
1073741823,1073741823,1073741823,1073741823,1073741567,1073741823,1006526463,1073184767,1073348607,1073479679,1073741823,1073741823,1073741823,1073741823,1073741823:h10
1073741823,1073741823,1073741823,1073741823,1073741823,1073737727,1006526463,1073184767,1073348607,1073479679,1073741823,1073741823,1073741823,1073741823,1073741823:h10
1073741823,1073741823,1073741823,1073741823,1073741823,1073741823,1006526463,1056407551,1073348607,1073479679,1073741823,1073741823,1073741823,1073741823,1073741823:h6
1073741823,1073741823,1073741823,1073741823,1073741823,1073741823,989749247,1073184767,1073348607,1073479679,1073741823,1073741823,1073741823,1073741823,1073741823:h6
1073741823,1073741823,1073741823,1073741823,1069547519,1073741823,1006526463,1073184767,1073348607,1073479679,1073741823,1073741823,1073741823,1073741823,1073741823:h10
1073741823,1073741823,1073741823,1073741823,1073741823,1056964607,1006526463,1073184767,1073348607,1073479679,1073741823,1073741823,1073741823,1073741823,1073741823:h6
1073741823,1073741823,1073741823,1073741823,1006632959,1073741823,1006526463,1073184767,1073348607,1073479679,1073741823,1073741823,1073741823,1073741823,1073741823:h6
1073741823,1073741823,1073741823,1073741823,1073741823,1006632959,1006526463,1073184767,1073348607,1073479679,1073741823,1073741823,1073741823,1073741823,1073741823:h6
1073741823,1073741823,1073741823,1073741823,1073741823,805306367,1006526463,1073184767,1073348607,1073479679,1073741823,1073741823,1073741823,1073741823,1073741823:h6
1073741823,1073741823,1073741823,1073741823,1073741823,1073741823,738091007,1073184767,1073348607,1073479679,1073741823,1073741823,1073741823,1073741823,1073741823:h6
1073741823,1073741823,1073741823,1073741823,1073741823,1073741823,1006526463,804749311,1073348607,1073479679,1073741823,1073741823,1073741823,1073741823,1073741823:h6
1073741823,1073741823,1073741823,1073741823,1073741823,1073741823,1006526463,1073184767,1006239743,1073479679,1073741823,1073741823,1073741823,1073741823,1073741823:h6
1073741823,1073741823,1073741823,1073741823,1073741823,1073741823,1006526463,1006075903,1073348607,1073479679,1073741823,1073741823,1073741823,1073741823,1073741823:h6
1073741823,1073741823,1073741823,1073741823,1073741823,1073741823,1006526463,1073184767,1073348607,1073479679,1073737727,1073741823,1073741823,1073741823,1073741823:h6
1073741823,1073741823,1073741823,1073741823,1073741823,1073741823,1006526463,1073184767,1073348607,1073479679,1072693247,1073741823,1073741823,1073741823,1073741823:h6
1073741823,1073741823,1073741823,1073741823,1073741823,1073741823,1006526463,1073184767,1073348607,1073479679,1073676287,1073741823,1073741823,1073741823,1073741823:h6
1073741823,1073741823,1073741823,1073741823,1073741823,1073741823,1006526463,1073184767,1073348607,1073479679,1073725439,1073741823,1073741823,1073741823,1073741823:h6
1073741823,1073741823,1073741823,1073741823,1073741823,1073741823,1006526463,1073184767,1073348607,1073414143,1073741823,1073741823,1073741823,1073741823,1073741823:h6
1073741823,1073741823,1073741823,1073741823,1073741823,1073741823,1002332159,1073184767,1073348607,1073479679,1073741823,1073741823,1073741823,1073741823,1073741823:h6
1073741823,1073741823,1073741823,1073741823,1073741823,1073741823,1006526463,1073184767,1069154303,1073479679,1073741823,1073741823,1073741823,1073741823,1073741823:h6
1073741823,1073741823,1073741823,1073741823,1073741823,1073741823,1006526463,1073184767,1073348607,1073479679,1069547519,1073741823,1073741823,1073741823,1073741823:h10
1073741823,1073741823,1073741823,1073741823,1073741823,1073741823,1006526463,1073184767,1073348607,1072431103,1073741823,1073741823,1073741823,1073741823,1073741823:h6
1073741823,1073741823,1073741823,1073741823,1073741823,1073741823,1006526463,1073184767,1073348607,1073479679,1073479679,1073741823,1073741823,1073741823,1073741823:h6
1073741823,1073741823,1073741823,1073741823,1073741823,1069547519,1006526463,1073184767,1073348607,1073479679,1073741823,1073741823,1073741823,1073741823,1073741823:h6
1073741823,1073741823,1073741823,1073741823,1073741823,1073741823,1006526463,1068990463,1073348607,1073479679,1073741823,1073741823,1073741823,1073741823,1073741823:h6
1073741823,1073741823,1073741823,1073741823,1073741823,1073741823,1006526463,1072136191,1073348607,1073479679,1073741823,1073741823,1073741823,1073741823,1073741823:h6
1073741823,1073741823,1073741823,1073741823,1073741823,1073741823,1006526463,1073184767,1073348607,1069285375,1073741823,1073741823,1073741823,1073741823,1073741823:h6
1073741823,1073741823,1073741823,1073741823,1073737727,1073741823,1006526463,1073184767,1073348607,1073479679,1073741823,1073741823,1073741823,1073741823,1073741823:h10
1073741823,1073741823,1073741823,1073741823,1073676287,1073741823,1006526463,1073184767,1073348607,1073479679,1073741823,1073741823,1073741823,1073741823,1073741823:h10
1073741823,1073741823,1073741823,1073741823,1073741823,1073676287,1006526463,1073184767,1073348607,1073479679,1073741823,1073741823,1073741823,1073741823,1073741823:h10
1073741823,1073741823,1073741823,1073741823,1072693247,1073741823,1006526463,1073184767,1073348607,1073479679,1073741823,1073741823,1073741823,1073741823,1073741823:h10
1073741823,1073741823,1073741823,1073741823,1073741823,1073741823,1005477887,1073184767,1073348607,1073479679,1073741823,1073741823,1073741823,1073741823,1073741823:h6
1073741823,1073741823,1073741823,1073741823,1073741823,1073741823,1006264319,1073184767,1073348607,1073479679,1073741823,1073741823,1073741823,1073741823,1073741823:h10
1073741823,1073741823,1073741823,1073741823,1073741823,1073741823,1006526463,1073184767,1072300031,1073479679,1073741823,1073741823,1073741823,1073741823,1073741823:h6
1073741823,1073741823,1073741823,1073741823,1073741823,1073741823,1006526463,1073184767,1073348607,1073478655,1073741823,1073741823,1073741823,1073741823,1073741823:h6
1073741823,1073741823,1073741823,1073741823,1073741823,1073741823,1006526463,1073184767,1073344511,1073479679,1073741823,1073741823,1073741823,1073741823,1073741823:h10
1073741823,1073741823,1073741823,1073741823,1073741823,1073741823,1006526463,1073183743,1073348607,1073479679,1073741823,1073741823,1073741823,1073741823,1073741823:h10
1073741823,1073741823,1073741823,1073741823,1073741823,1073741823,1006526463,1073180671,1073348607,1073479679,1073741823,1073741823,1073741823,1073741823,1073741823:h10
1073741823,1073741823,1073741823,1073741823,1073741823,1073740799,1006526463,1073184767,1073348607,1073479679,1073741823,1073741823,1073741823,1073741823,1073741823:h10
1073741823,1073741823,1073741823,1073741823,1073741823,1073725439,1006526463,1073184767,1073348607,1073479679,1073741823,1073741823,1073741823,1073741823,1073741823:g8
1073741823,1073741823,1073741823,1073741823,1073741823,1073479679,1006526463,1073184767,1073348607,1073479679,1073741823,1073741823,1073741823,1073741823,1073741823:h10
1073741823,1073741823,1073741823,1073741823,1073741823,1073741823,1006526463,1073119231,1073348607,1073479679,1073741823,1073741823,1073741823,1073741823,1073741823:h10
1073741823,1073741823,1073741823,1073741823,1073741823,1073741823,1006526463,1073184767,1073348607,1073463295,1073741823,1073741823,1073741823,1073741823,1073741823:h6
1073741823,1073741823,1073741823,1073741823,1073741823,1073741823,1006526463,1073184767,1073332223,1073479679,1073741823,1073741823,1073741823,1073741823,1073741823:f6
1073741823,1073741823,1073741823,1073741823,1073741823,1073741823,1006559231,1073184767,1073348607,1073725439,1073741823,1073741823,1073741823,1073741823,1073741823:f6
1073741823,1073741823,1073741823,1073741823,1073741823,1073741823,1006559231,1073184767,1073332223,1073741823,1073741823,1073741823,1073741823,1073741823,1073741823:f6
