1073741823,1073741823,1073741823,1073741823,1073741823,1073737727,1073676287,1073119231,1073610751,1073741823,1073741823,1073741823,1073741823,1073741823,1073741823:j10
1073741823,1073741823,1073741823,1073741823,1073741823,1073737727,1073676287,1073119231,1073610751,1073217535,1073741823,1073725439,1073741823,1073741823,1073741823:g7
1073741823,1073741823,1073741823,1073741823,1073741823,1073737727,1073676287,1073119231,1073610751,1073217535,1073741823,1069547519,1073741823,1073741823,1073741823:g7
1073741823,1073741823,1073741823,1073741823,1073741823,1073737727,1073676287,1073119231,1073610751,1073217535,1073741823,1073479679,1073741823,1073741823,1073741823:g7
1073741823,1073741823,1073741823,1073741823,1073741823,1073737727,1073676287,1073119231,1073610751,1073217535,1073479679,1073741823,1073741823,1073741823,1073741823:g7
1073741823,1073741823,1073741823,1073741823,1073741823,1073737727,1073676287,1073118975,1073610751,1073217535,1073741823,1073741823,1073741823,1073741823,1073741823:g7
1073741823,1073741823,1073741823,1073741823,1073741823,1073737727,1073675263,1073119231,1073610751,1073217535,1073741823,1073741823,1073741823,1073741823,1073741823:g7
1073741823,1073741823,1073741823,1073741823,1073741823,1073737471,1073676287,1073119231,1073610751,1073217535,1073741823,1073741823,1073741823,1073741823,1073741823:g7
1073741823,1073741823,1073741823,1073741567,1073741823,1073737727,1073676287,1073119231,1073610751,1073217535,1073741823,1073741823,1073741823,1073741823,1073741823:g7
1073741823,1073741823,1073741823,1073741823,1073740799,1073737727,1073676287,1073119231,1073610751,1073217535,1073741823,1073741823,1073741823,1073741823,1073741823:g7
1073741823,1073741823,1073741823,1073737727,1073741823,1073737727,1073676287,1073119231,1073610751,1073217535,1073741823,1073741823,1073741823,1073741823,1073741823:g7
1073741823,1073741823,1073741823,1073676287,1073741823,1073737727,1073676287,1073119231,1073610751,1073217535,1073741823,1073741823,1073741823,1073741823,1073741823:g7
1073741823,1073741823,1073741823,1073741823,1073725439,1073737727,1073676287,1073119231,1073610751,1073217535,1073741823,1073741823,1073741823,1073741823,1073741823:g7
1073741823,1073741823,1073741823,1073741823,1073741823,1073737727,1073676287,1073119231,1073610751,1073217535,1073737727,1073741823,1073741823,1073741823,1073741823:g7
1073741823,1073741823,1073741823,1073741823,1073741823,1073737727,1073676287,1073119231,1073610751,1073217535,1072693247,1073741823,1073741823,1073741823,1073741823:j9
1073741823,1073741823,1073741823,1073741823,1073741823,1073737727,1073676287,1073119231,1073610751,1073217535,1073676287,1073741823,1073741823,1073741823,1073741823:g7
1073741823,1073741823,1073741823,1073741823,1073741823,1073737727,1073676287,1073119231,1073610751,1073213439,1073741823,1073741823,1073741823,1073741823,1073741823:g7
1073741823,1073741823,1073741823,1073741823,1073741823,1072689151,1073676287,1073119231,1073610751,1073217535,1073741823,1073741823,1073741823,1073741823,1073741823:g7
1073741823,1073741823,1073741823,1073741823,1073741823,1073737727,1073676287,1073119231,1073610751,1072168959,1073741823,1073741823,1073741823,1073741823,1073741823:g7
1073741823,1073741823,1073741823,1073741823,1073741823,1073737727,1073676287,1073119231,1073610751,1073151999,1073741823,1073741823,1073741823,1073741823,1073741823:g7
1073741823,1073741823,1073741823,1073741823,1073741823,1069543423,1073676287,1073119231,1073610751,1073217535,1073741823,1073741823,1073741823,1073741823,1073741823:g7
1073741823,1073741823,1073741823,1073741823,1073741823,1073737727,1073676287,1068924927,1073610751,1073217535,1073741823,1073741823,1073741823,1073741823,1073741823:g7
1073741823,1073741823,1073741823,1073741823,1073741823,1073737727,1073676287,1072070655,1073610751,1073217535,1073741823,1073741823,1073741823,1073741823,1073741823:g7
1073741823,1073741823,1073741823,1073741823,1073741823,1073737727,1073676287,1073119231,1073610751,1069023231,1073741823,1073741823,1073741823,1073741823,1073741823:g7
1073741823,1073741823,1073741823,1073741823,1073741823,1073737727,1073676287,1073119231,1073348607,1073217535,1073741823,1073741823,1073741823,1073741823,1073741823:g7
1073741823,1073741823,1073741823,1073741823,1073737727,1073737727,1073676287,1073119231,1073610751,1073217535,1073741823,1073741823,1073741823,1073741823,1073741823:g7
1073741823,1073741823,1073741823,1073741823,1073676287,1073737727,1073676287,1073119231,1073610751,1073217535,1073741823,1073741823,1073741823,1073741823,1073741823:g7
1073741823,1073741823,1073741823,1073741823,1073741823,1073672191,1073676287,1073119231,1073610751,1073217535,1073741823,1073741823,1073741823,1073741823,1073741823:g7
1073741823,1073741823,1073741823,1073741823,1072693247,1073737727,1073676287,1073119231,1073610751,1073217535,1073741823,1073741823,1073741823,1073741823,1073741823:g7
1073741823,1073741823,1073741823,1073741823,1073741823,1073737727,1072627711,1073119231,1073610751,1073217535,1073741823,1073741823,1073741823,1073741823,1073741823:g7
1073741823,1073741823,1073741823,1073741823,1073741823,1073737727,1073414143,1073119231,1073610751,1073217535,1073741823,1073741823,1073741823,1073741823,1073741823:g7
1073741823,1073741823,1073741823,1073741823,1073741823,1073737727,1073676287,1073119231,1072562175,1073217535,1073741823,1073741823,1073741823,1073741823,1073741823:g7
1073741823,1073741823,1073741823,1073741823,1073741823,1073737727,1073676287,1073119231,1073610751,1073216511,1073741823,1073741823,1073741823,1073741823,1073741823:g7
1073741823,1073741823,1073741823,1073741823,1073741823,1073737727,1073676287,1073119231,1073606655,1073217535,1073741823,1073741823,1073741823,1073741823,1073741823:g7
1073741823,1073741823,1073741823,1073741823,1073741823,1073737727,1073676287,1073118207,1073610751,1073217535,1073741823,1073741823,1073741823,1073741823,1073741823:g7
1073741823,1073741823,1073741823,1073741823,1073741823,1073737727,1073676287,1073115135,1073610751,1073217535,1073741823,1073741823,1073741823,1073741823,1073741823:g7
1073741823,1073741823,1073741823,1073741823,1073741823,1073736703,1073676287,1073119231,1073610751,1073217535,1073741823,1073741823,1073741823,1073741823,1073741823:k11
1073741823,1073741823,1073741823,1073741823,1073741823,1073737727,1073672191,1073119231,1073610751,1073217535,1073741823,1073741823,1073741823,1073741823,1073741823:h10
1073741823,1073741823,1073741823,1073741823,1073741823,1073737727,1073672191,1073119231,1073610751,1073184767,1073741823,1073740799,1073741823,1073741823,1073741823:k7
1073741823,1073741823,1073741823,1073741823,1073741823,1073737727,1073672191,1073119231,1073610751,1073184767,1073725439,1073741823,1073741823,1073741823,1073741823:k7
1073741823,1073741823,1073741823,1073741823,1073741823,1073737727,1073672191,1073119231,1073610495,1073184767,1073741823,1073741823,1073741823,1073741823,1073741823:k7
1073741823,1073741823,1073741823,1073741823,1073741823,1073737727,1073671935,1073119231,1073610751,1073184767,1073741823,1073741823,1073741823,1073741823,1073741823:k7
1073741823,1073741823,1073741823,1073741823,1073741567,1073737727,1073672191,1073119231,1073610751,1073184767,1073741823,1073741823,1073741823,1073741823,1073741823:k7
1073741823,1073741823,1073741823,1073741823,1073741823,1073737727,1073672191,1073119231,1073610751,1073184767,1073741823,1073725439,1073741823,1073741823,1073741823:k7
1073741823,1073741823,1073741823,1073741823,1073741823,1073737727,1073672191,1073119231,1073610751,1073184767,1073741823,1069547519,1073741823,1073741823,1073741823:k7
1073741823,1073741823,1073741823,1073741823,1073741823,1073737727,1073672191,1073119231,1073610751,1073184767,1073741823,1073479679,1073741823,1073741823,1073741823:k7
1073741823,1073741823,1073741823,1073741823,1073741823,1073737727,1073672191,1073119231,1073610751,1073184767,1073479679,1073741823,1073741823,1073741823,1073741823:k7
1073741823,1073741823,1073741823,1073741823,1073741823,1073737727,1073672191,1073118975,1073610751,1073184767,1073741823,1073741823,1073741823,1073741823,1073741823:k7
1073741823,1073741823,1073741823,1073741823,1073741823,1073737727,1073671167,1073119231,1073610751,1073184767,1073741823,1073741823,1073741823,1073741823,1073741823:k7
1073741823,1073741823,1073741823,1073741823,1073741823,1073737471,1073672191,1073119231,1073610751,1073184767,1073741823,1073741823,1073741823,1073741823,1073741823:k7
1073741823,1073741823,1073741823,1073741567,1073741823,1073737727,1073672191,1073119231,1073610751,1073184767,1073741823,1073741823,1073741823,1073741823,1073741823:k7
1073741823,1073741823,1073741823,1073741823,1073740799,1073737727,1073672191,1073119231,1073610751,1073184767,1073741823,1073741823,1073741823,1073741823,1073741823:k7
1073741823,1073741823,1073741823,1073737727,1073741823,1073737727,1073672191,1073119231,1073610751,1073184767,1073741823,1073741823,1073741823,1073741823,1073741823:k7
1073741823,1073741823,1073741823,1073676287,1073741823,1073737727,1073672191,1073119231,1073610751,1073184767,1073741823,1073741823,1073741823,1073741823,1073741823:k7
1073741823,1073741823,1073741823,1073741823,1073725439,1073737727,1073672191,1073119231,1073610751,1073184767,1073741823,1073741823,1073741823,1073741823,1073741823:k7
1073741823,1073741823,1073741823,1073741823,1073741823,1073737727,1073672191,1073119231,1073610751,1073184767,1073737727,1073741823,1073741823,1073741823,1073741823:k10
1073741823,1073741823,1073741823,1073741823,1073741823,1073737727,1073672191,1073119231,1073610751,1071087615,1073737727,1073676287,1073741823,1073741823,1073741823:k11
1073741823,1073741823,1073741823,1073741823,1073741823,1073737727,1073672191,1056342015,1073610751,1071087615,1073737727,1073741823,1073741823,1073741823,1073741823:k11
1073741823,1073741823,1073741823,1073741823,1073741823,1073737727,1073672191,1073119231,1069416447,1071087615,1073737727,1073741823,1073741823,1073741823,1073741823:k11
1073741823,1073741823,1073741823,1073741823,1073741823,1073737727,1073672191,1073119231,1073610751,1054310399,1073737727,1073741823,1073741823,1073741823,1073741823:k11
1073741823,1073741823,1073741823,1073741823,1073741823,1073737727,1073672191,1073119231,1073610751,1071087615,1073737727,1056964607,1073741823,1073741823,1073741823:k11
1073741823,1073741823,1073741823,1073741823,1073741823,1073737727,1073672191,1073119231,1073610751,1071087615,1069543423,1073741823,1073741823,1073741823,1073741823:k11
1073741823,1073741823,1073741823,1073741823,1073741823,1073737727,1073672191,1073119231,1073610751,1071087615,1073737727,1072693247,1073741823,1073741823,1073741823:k7
1073741823,1073741823,1073741823,1073741823,1073741823,1073737727,1073672191,1073119231,1073610751,1071087615,1073737727,1073741823,1073741567,1073741823,1073741823:k11
1073741823,1073741823,1073741823,1073741823,1073741823,1073737727,1073672191,1073119231,1073610751,1071087615,1073737471,1073741823,1073741823,1073741823,1073741823:k11
1073741823,1073741823,1073741823,1073741823,1073741823,1073737727,1073672191,1073119231,1073610751,1071087615,1073736703,1073741823,1073741823,1073741823,1073741823:k11
1073741823,1073741823,1073741823,1073741823,1073741823,1073737727,1073672191,1073119231,1073610751,1071087615,1073737727,1073741823,1073676287,1073741823,1073741823:k11
1073741823,1073741823,1073741823,1073741823,1073741823,1073737727,1073672191,1073119231,1073610751,1071087615,1073737727,1073741823,1073737727,1073741823,1073741823:k11
1073741823,1073741823,1073741823,1073741823,1073741823,1073737727,1073672191,1073119231,1073610751,1071087615,1073737727,1073737727,1073741823,1073741823,1073741823:k11
1073741823,1073741823,1073741823,1073741823,1073741823,1073737727,1073672191,1073119231,1073610751,1071087615,1073737727,1073740799,1073741823,1073741823,1073741823:k11
1073741823,1073741823,1073741823,1073741823,1073741823,1073737727,1073672191,1073119231,1073610751,1071087615,1073721343,1073741823,1073741823,1073741823,1073741823:k11
1073741823,1073741823,1073741823,1073741823,1073741823,1073737727,1073672191,1073119231,1073610495,1071087615,1073737727,1073741823,1073741823,1073741823,1073741823:k11
1073741823,1073741823,1073741823,1073741823,1073741823,1073737727,1073671935,1073119231,1073610751,1071087615,1073737727,1073741823,1073741823,1073741823,1073741823:i10
1073741823,1073741823,1073741823,1073741823,1073741567,1073737727,1073672191,1073119231,1073610751,1071087615,1073737727,1073741823,1073741823,1073741823,1073741823:k11
1073741823,1073741823,1073741823,1073741823,1073741823,1073737727,1073672191,1073119231,1073610751,1071087615,1073737727,1073725439,1073741823,1073741823,1073741823:k11
1073741823,1073741823,1073741823,1073741823,1073741823,1073737727,1073672191,1073119231,1073610751,1071087615,1073737727,1069547519,1073741823,1073741823,1073741823:k7
1073741823,1073741823,1073741823,1073741823,1073741823,1073737727,1073672191,1073119231,1073610751,1071087615,1073737727,1073479679,1073741823,1073741823,1073741823:k7
1073741823,1073741823,1073741823,1073741823,1073741823,1073737727,1073672191,1073119231,1073610751,1071087615,1073475583,1073741823,1073741823,1073741823,1073741823:k11
1073741823,1073741823,1073741823,1073741823,1073741823,1073737727,1073672191,1073118975,1073610751,1071087615,1073737727,1073741823,1073741823,1073741823,1073741823:k11
1073741823,1073741823,1073741823,1073741823,1073741823,1073737727,1073671167,1073119231,1073610751,1071087615,1073737727,1073741823,1073741823,1073741823,1073741823:i10
1073741823,1073741823,1073741823,1073741823,1073741823,1073737471,1073672191,1073119231,1073610751,1071087615,1073737727,1073741823,1073741823,1073741823,1073741823:k11
1073741823,1073741823,1073741823,1073741567,1073741823,1073737727,1073672191,1073119231,1073610751,1071087615,1073737727,1073741823,1073741823,1073741823,1073741823:i10
1073741823,1073741823,1073741823,1073741823,1073740799,1073737727,1073672191,1073119231,1073610751,1071087615,1073737727,1073741823,1073741823,1073741823,1073741823:i10
1073741823,1073741823,1073741823,1073737727,1073741823,1073737727,1073672191,1073119231,1073610751,1071087615,1073737727,1073741823,1073741823,1073741823,1073741823:i10
1073741823,1073741823,1073741823,1073676287,1073741823,1073737727,1073672191,1073119231,1073610751,1071087615,1073737727,1073741823,1073741823,1073741823,1073741823:i10
1073741823,1073741823,1073741823,1073741823,1073725439,1073737727,1073672191,1073119231,1073610751,1071087615,1073737727,1073741823,1073741823,1073741823,1073741823:k11
1073741823,1073741823,1073741823,1073741823,1073741823,1073737727,1073672191,1073119231,1073610751,1071087615,1072689151,1073741823,1073741823,1073741823,1073741823:i10
1073741823,1073741823,1073741823,1073741823,1073741823,1073737727,1073672191,1073119231,1073610751,1071087615,1073672191,1073741823,1073741823,1073741823,1073741823:k11
1073741823,1073741823,1073741823,1073741823,1073741823,1073737727,1073672191,1073119231,1073610751,1071083519,1073737727,1073741823,1073741823,1073741823,1073741823:k11
1073741823,1073741823,1073741823,1073741823,1073741823,1072689151,1073672191,1073119231,1073610751,1071087615,1073737727,1073741823,1073741823,1073741823,1073741823:k11
1073741823,1073741823,1073741823,1073741823,1073741823,1073737727,1073672191,1073119231,1073610751,1071022079,1073737727,1073741823,1073741823,1073741823,1073741823:k11
1073741823,1073741823,1073741823,1073741823,1073741823,1069543423,1073672191,1073119231,1073610751,1071087615,1073737727,1073741823,1073741823,1073741823,1073741823:k11
1073741823,1073741823,1073741823,1073741823,1073741823,1073737727,1073672191,1068924927,1073610751,1071087615,1073737727,1073741823,1073741823,1073741823,1073741823:k11
1073741823,1073741823,1073741823,1073741823,1073741823,1073737727,1073672191,1072070655,1073610751,1071087615,1073737727,1073741823,1073741823,1073741823,1073741823:k11
1073741823,1073741823,1073741823,1073741823,1073741823,1073737727,1073672191,1073119231,1073610751,1066893311,1073737727,1073741823,1073741823,1073741823,1073741823:k11
1073741823,1073741823,1073741823,1073741823,1073741823,1073737727,1073672191,1073119231,1073348607,1071087615,1073737727,1073741823,1073741823,1073741823,1073741823:i10
1073741823,1073741823,1073741823,1073741823,1073737727,1073737727,1073672191,1073119231,1073610751,1071087615,1073737727,1073741823,1073741823,1073741823,1073741823:i10
1073741823,1073741823,1073741823,1073741823,1073676287,1073737727,1073672191,1073119231,1073610751,1071087615,1073737727,1073741823,1073741823,1073741823,1073741823:i10
1073741823,1073741823,1073741823,1073741823,1073741823,1073672191,1073672191,1073119231,1073610751,1071087615,1073737727,1073741823,1073741823,1073741823,1073741823:i10
1073741823,1073741823,1073741823,1073741823,1072693247,1073737727,1073672191,1073119231,1073610751,1071087615,1073737727,1073741823,1073741823,1073741823,1073741823:k11
1073741823,1073741823,1073741823,1073741823,1073741823,1073737727,1072623615,1073119231,1073610751,1071087615,1073737727,1073741823,1073741823,1073741823,1073741823:i10
1073741823,1073741823,1073741823,1073741823,1073741823,1073737727,1073410047,1073119231,1073610751,1071087615,1073737727,1073741823,1073741823,1073741823,1073741823:i10
1073741823,1073741823,1073741823,1073741823,1073741823,1073737727,1073672191,1073119231,1072562175,1071087615,1073737727,1073741823,1073741823,1073741823,1073741823:i10
1073741823,1073741823,1073741823,1073741823,1073741823,1073737727,1073672191,1073119231,1073610751,1071086591,1073737727,1073741823,1073741823,1073741823,1073741823:k11
1073741823,1073741823,1073741823,1073741823,1073741823,1073737727,1073672191,1073119231,1073606655,1071087615,1073737727,1073741823,1073741823,1073741823,1073741823:i10
1073741823,1073741823,1073741823,1073741823,1073741823,1073737727,1073672191,1073118207,1073610751,1071087615,1073737727,1073741823,1073741823,1073741823,1073741823:k11
1073741823,1073741823,1073741823,1073741823,1073741823,1073737727,1073672191,1073115135,1073610751,1071087615,1073737727,1073741823,1073741823,1073741823,1073741823:i10
1073741823,1073741823,1073741823,1073741823,1073741823,1073736703,1073672191,1073119231,1073610751,1071087615,1073737727,1073741823,1073741823,1073741823,1073741823:k11
1073741823,1073741823,1073741823,1073741823,1073741823,1073721343,1073672191,1073119231,1073610751,1071087615,1073737727,1073741823,1073741823,1073741823,1073741823:k11
1073741823,1073741823,1073741823,1073741823,1073741823,1073737727,1073655807,1073119231,1073610751,1071087615,1073737727,1073741823,1073741823,1073741823,1073741823:i10
1073741823,1073741823,1073741823,1073741823,1073741823,1073475583,1073672191,1073119231,1073610751,1071087615,1073737727,1073741823,1073741823,1073741823,1073741823:k11
1073741823,1073741823,1073741823,1073741823,1073741823,1073737727,1073672191,1073119231,1073594367,1071087615,1073737727,1073741823,1073741823,1073741823,1073741823:k11
1073741823,1073741823,1073741823,1073741823,1073741823,1073737727,1073672191,1073119231,1073610751,1073184767,1072693247,1073741823,1073741823,1073741823,1073741823:k7
1073741823,1073741823,1073741823,1073741823,1073741823,1073737727,1073672191,1073119231,1073610751,1073184767,1073676287,1073741823,1073741823,1073741823,1073741823:k7
1073741823,1073741823,1073741823,1073741823,1073741823,1073737727,1073672191,1073119231,1073610751,1073180671,1073741823,1073741823,1073741823,1073741823,1073741823:k7
1073741823,1073741823,1073741823,1073741823,1073741823,1072689151,1073672191,1073119231,1073610751,1073184767,1073741823,1073741823,1073741823,1073741823,1073741823:k7
1073741823,1073741823,1073741823,1073741823,1073741823,1073737727,1073672191,1073119231,1073610751,1072136191,1073741823,1073741823,1073741823,1073741823,1073741823:k7
1073741823,1073741823,1073741823,1073741823,1073741823,1073737727,1073672191,1073119231,1073610751,1073119231,1073741823,1073741823,1073741823,1073741823,1073741823:k7
1073741823,1073741823,1073741823,1073741823,1073741823,1069543423,1073672191,1073119231,1073610751,1073184767,1073741823,1073741823,1073741823,1073741823,1073741823:g11
1073741823,1073741823,1073741823,1073741823,1073741823,1073737727,1073672191,1068924927,1073610751,1073184767,1073741823,1073741823,1073741823,1073741823,1073741823:k7
1073741823,1073741823,1073741823,1073741823,1073741823,1073737727,1073672191,1072070655,1073610751,1073184767,1073741823,1073741823,1073741823,1073741823,1073741823:k7
1073741823,1073741823,1073741823,1073741823,1073741823,1073737727,1073672191,1073119231,1073610751,1068990463,1073741823,1073741823,1073741823,1073741823,1073741823:k7
1073741823,1073741823,1073741823,1073741823,1073741823,1073737727,1073672191,1073119231,1073348607,1073184767,1073741823,1073741823,1073741823,1073741823,1073741823:k7
1073741823,1073741823,1073741823,1073741823,1073737727,1073737727,1073672191,1073119231,1073610751,1073184767,1073741823,1073741823,1073741823,1073741823,1073741823:k7
1073741823,1073741823,1073741823,1073741823,1073676287,1073737727,1073672191,1073119231,1073610751,1073184767,1073741823,1073741823,1073741823,1073741823,1073741823:k7
1073741823,1073741823,1073741823,1073741823,1073741823,1073672191,1073672191,1073119231,1073610751,1073184767,1073741823,1073741823,1073741823,1073741823,1073741823:k7
1073741823,1073741823,1073741823,1073741823,1072693247,1073737727,1073672191,1073119231,1073610751,1073184767,1073741823,1073741823,1073741823,1073741823,1073741823:k7
1073741823,1073741823,1073741823,1073741823,1073741823,1073737727,1072623615,1073119231,1073610751,1073184767,1073741823,1073741823,1073741823,1073741823,1073741823:h7
1073741823,1073741823,1073741823,1073741823,1073741823,1073737727,1072590847,1073119231,1073609727,1073184767,1073741823,1073741823,1073741823,1073741823,1073741823:h9
1073741823,1073741823,1073741823,1073741823,1073479679,1073737727,1072590847,1073119231,1073610751,1073184767,1073741823,1073741823,1073741823,1073741823,1073741823:h9
1073741823,1073741823,1073741823,1073741823,1056964607,1073737727,1072590847,1073119231,1073610751,1073184767,1073741823,1073741823,1073741823,1073741823,1073741823:h9
1073741823,1073741823,1073741823,1073741823,1073741823,1073737727,1055813631,1073119231,1073610751,1073184767,1073741823,1073741823,1073741823,1073741823,1073741823:h9
1073741823,1073741823,1073741823,1073741823,1073741823,1073737727,1068396543,1073119231,1073610751,1073184767,1073741823,1073741823,1073741823,1073741823,1073741823:h9
1073741823,1073741823,1073741823,1073741823,1073741823,1073737727,1072590847,1073119231,1056833535,1073184767,1073741823,1073741823,1073741823,1073741823,1073741823:h9
1073741823,1073741823,1073741823,1073741823,1073741823,1073737727,1072590847,1073119231,1073610751,1073184767,1073741823,1073740799,1073741823,1073741823,1073741823:h9
1073741823,1073741823,1073741823,1073741823,1073741823,1073737727,1072590847,1073119231,1073610751,1073184767,1073725439,1073741823,1073741823,1073741823,1073741823:h9
1073741823,1073741823,1073741823,1073741823,1073741823,1073737727,1072590847,1073119231,1073610495,1073184767,1073741823,1073741823,1073741823,1073741823,1073741823:h9
1073741823,1073741823,1073741823,1073741823,1073741823,1073737727,1072590591,1073119231,1073610751,1073184767,1073741823,1073741823,1073741823,1073741823,1073741823:h9
1073741823,1073741823,1073741823,1073741823,1073741567,1073737727,1072590847,1073119231,1073610751,1073184767,1073741823,1073741823,1073741823,1073741823,1073741823:h9
1073741823,1073741823,1073741823,1073741823,1073741823,1073737727,1072590847,1073119231,1073610751,1073184767,1073741823,1073725439,1073741823,1073741823,1073741823:h9
1073741823,1073741823,1073741823,1073741823,1073741823,1073737727,1072590847,1073119231,1073610751,1073184767,1073741823,1069547519,1073741823,1073741823,1073741823:h9
1073741823,1073741823,1073741823,1073741823,1073741823,1073737727,1072590847,1073119231,1073610751,1073184767,1073741823,1073479679,1073741823,1073741823,1073741823:h9
1073741823,1073741823,1073741823,1073741823,1073741823,1073737727,1072590847,1073119231,1073610751,1073184767,1073479679,1073741823,1073741823,1073741823,1073741823:h9
1073741823,1073741823,1073741823,1073741823,1073741823,1073737727,1072590847,1073118975,1073610751,1073184767,1073741823,1073741823,1073741823,1073741823,1073741823:h9
1073741823,1073741823,1073741823,1073741823,1073741823,1073737727,1072589823,1073119231,1073610751,1073184767,1073741823,1073741823,1073741823,1073741823,1073741823:h9
1073741823,1073741823,1073741823,1073741823,1073741823,1073737471,1072590847,1073119231,1073610751,1073184767,1073741823,1073741823,1073741823,1073741823,1073741823:h9
1073741823,1073741823,1073741823,1073741567,1073741823,1073737727,1072590847,1073119231,1073610751,1073184767,1073741823,1073741823,1073741823,1073741823,1073741823:h9
1073741823,1073741823,1073741823,1073741823,1073740799,1073737727,1072590847,1073119231,1073610751,1073184767,1073741823,1073741823,1073741823,1073741823,1073741823:h9
1073741823,1073741823,1073741823,1073737727,1073741823,1073737727,1072590847,1073119231,1073610751,1073184767,1073741823,1073741823,1073741823,1073741823,1073741823:h9
1073741823,1073741823,1073741823,1073676287,1073741823,1073737727,1072590847,1073119231,1073610751,1073184767,1073741823,1073741823,1073741823,1073741823,1073741823:h9
1073741823,1073741823,1073741823,1073741823,1073725439,1073737727,1072590847,1073119231,1073610751,1073184767,1073741823,1073741823,1073741823,1073741823,1073741823:h9
1073741823,1073741823,1073741823,1073741823,1073741823,1073737727,1072590847,1073119231,1073610751,1073184767,1073737727,1073741823,1073741823,1073741823,1073741823:h9
1073741823,1073741823,1073741823,1073741823,1073741823,1073737727,1072590847,1073119231,1073610751,1073184767,1072693247,1073741823,1073741823,1073741823,1073741823:h9
1073741823,1073741823,1073741823,1073741823,1073741823,1073737727,1072590847,1073119231,1073610751,1073184767,1073676287,1073741823,1073741823,1073741823,1073741823:h9
1073741823,1073741823,1073741823,1073741823,1073741823,1073737727,1072590847,1073119231,1073610751,1073180671,1073741823,1073741823,1073741823,1073741823,1073741823:h9
1073741823,1073741823,1073741823,1073741823,1073741823,1072689151,1072590847,1073119231,1073610751,1073184767,1073741823,1073741823,1073741823,1073741823,1073741823:h9
1073741823,1073741823,1073741823,1073741823,1073741823,1073737727,1072590847,1073119231,1073610751,1072136191,1073741823,1073741823,1073741823,1073741823,1073741823:h9
1073741823,1073741823,1073741823,1073741823,1073741823,1073737727,1072590847,1073119231,1073610751,1073119231,1073741823,1073741823,1073741823,1073741823,1073741823:h9
1073741823,1073741823,1073741823,1073741823,1073741823,1069543423,1072590847,1073119231,1073610751,1073184767,1073741823,1073741823,1073741823,1073741823,1073741823:h9
1073741823,1073741823,1073741823,1073741823,1073741823,1073737727,1072590847,1068924927,1073610751,1073184767,1073741823,1073741823,1073741823,1073741823,1073741823:h9
1073741823,1073741823,1073741823,1073741823,1073741823,1073737727,1072590847,1072070655,1073610751,1073184767,1073741823,1073741823,1073741823,1073741823,1073741823:h9
1073741823,1073741823,1073741823,1073741823,1073741823,1073737727,1072590847,1073119231,1073610751,1068990463,1073741823,1073741823,1073741823,1073741823,1073741823:h9
1073741823,1073741823,1073741823,1073741823,1073741823,1073737727,1072590847,1073119231,1073348607,1073184767,1073741823,1073741823,1073741823,1073741823,1073741823:h9
1073741823,1073741823,1073741823,1073741823,1073737727,1073737727,1072590847,1073119231,1073610751,1073184767,1073741823,1073741823,1073741823,1073741823,1073741823:h9
1073741823,1073741823,1073741823,1073741823,1073676287,1073737727,1072590847,1073119231,1073610751,1073184767,1073741823,1073741823,1073741823,1073741823,1073741823:h9
1073741823,1073741823,1073741823,1073741823,1073741823,1073672191,1072590847,1073119231,1073610751,1073184767,1073741823,1073741823,1073741823,1073741823,1073741823:h9
1073741823,1073741823,1073741823,1073741823,1072693247,1073737727,1072590847,1073119231,1073610751,1073184767,1073741823,1073741823,1073741823,1073741823,1073741823:h9
1073741823,1073741823,1073741823,1073741823,1073741823,1073737727,1072328703,1073119231,1073610751,1073184767,1073741823,1073741823,1073741823,1073741823,1073741823:h9
1073741823,1073741823,1073741823,1073741823,1073741823,1073737727,1072590847,1073119231,1072562175,1073184767,1073741823,1073741823,1073741823,1073741823,1073741823:h9
1073741823,1073741823,1073741823,1073741823,1073741823,1073737727,1072590847,1073119231,1073610751,1073183743,1073741823,1073741823,1073741823,1073741823,1073741823:h9
1073741823,1073741823,1073741823,1073741823,1073741823,1073737727,1072590847,1073119231,1073606655,1073184767,1073741823,1073741823,1073741823,1073741823,1073741823:h9
1073741823,1073741823,1073741823,1073741823,1073741823,1073737727,1072590847,1073118207,1073610751,1073184767,1073741823,1073741823,1073741823,1073741823,1073741823:h9
1073741823,1073741823,1073741823,1073741823,1073741823,1073737727,1072590847,1073115135,1073610751,1073184767,1073741823,1073741823,1073741823,1073741823,1073741823:h9
1073741823,1073741823,1073741823,1073741823,1073741823,1073736703,1072590847,1073119231,1073610751,1073184767,1073741823,1073741823,1073741823,1073741823,1073741823:h9
1073741823,1073741823,1073741823,1073741823,1073741823,1073721343,1072590847,1073119231,1073610751,1073184767,1073741823,1073741823,1073741823,1073741823,1073741823:h9
1073741823,1073741823,1073741823,1073741823,1073741823,1073475583,1072590847,1073119231,1073610751,1073184767,1073741823,1073741823,1073741823,1073741823,1073741823:h9
1073741823,1073741823,1073741823,1073741823,1073741823,1073737727,1072590847,1073119231,1073594367,1073184767,1073741823,1073741823,1073741823,1073741823,1073741823:k11
1073741823,1073741823,1073741823,1073741823,1073741823,1073737727,1072590847,1073119231,1073594367,1073184767,1071644671,1073741823,1073676287,1073741823,1073741823:l12
1073741823,1073741823,1073741823,1073741823,1073741823,1073737727,1072590847,1073119231,1073594367,1073184767,1054867455,1073741823,1073741823,1073741823,1073741823:l12
1073741823,1073741823,1073741823,1073741823,1073741823,1073737727,1072590847,1073119231,1073594367,1073184767,1067450367,1073741823,1073741823,1073741823,1073741823:l12
1073741823,1073741823,1073741823,1073741823,1073741823,1073737727,1072590847,1073119231,1073594367,1073184767,1071644671,1073741823,1056964607,1073741823,1073741823:l12
1073741823,1073741823,1073741823,1073741823,1073741823,1073737727,1072590847,1073119231,1073594367,1073184767,1071644671,1073741823,1072693247,1073741823,1073741823:l12
1073741823,1073741823,1073741823,1073741823,1073741823,1073737727,1072590847,1073119231,1073594367,1073184767,1071644671,1072693247,1073741823,1073741823,1073741823:l12
1073741823,1073741823,1073741823,1073741823,1073741823,1073737727,1072590847,1073119231,1073594111,1073184767,1071644671,1073741823,1073741823,1073741823,1073741823:l12
1073741823,1073741823,1073741823,1073741823,1073741823,1073737727,1072590591,1073119231,1073594367,1073184767,1071644671,1073741823,1073741823,1073741823,1073741823:l12
1073741823,1073741823,1073741823,1073741823,1073741567,1073737727,1072590847,1073119231,1073594367,1073184767,1071644671,1073741823,1073741823,1073741823,1073741823:l12
1073741823,1073741823,1073741823,1073741823,1073741823,1073737727,1072590847,1073119231,1073594367,1073184767,1071644671,1069547519,1073741823,1073741823,1073741823:i11
1073741823,1073741823,1073741823,1073741823,1073741823,1073737727,1072590847,1073119231,1073594367,1073184767,1071513599,1069547519,1073737727,1073741823,1073741823:j11
1073741823,1073741823,1073741823,1073741823,1073741823,1073737727,1072590847,1073119231,1073594367,1073184767,1071513599,1069481983,1073741823,1073741823,1073741823:j11
1073741823,1073741823,1073741823,1073741823,1073741823,1073737727,1072590847,1073119231,1073594367,1073184767,1071513599,1069547519,1073741823,1073479679,1073741823:j11
1073741823,1073741823,1073741823,1073741823,1073741823,1073737727,1072590847,1073119231,1073594367,1006075903,1071513599,1069547519,1073741823,1073741823,1073741823:j11
1073741823,1073741823,1073741823,1073741823,1073741823,1073737727,1072590847,1073119231,1073594367,1073184767,1071513599,1002438655,1073741823,1073741823,1073741823:j11
1073741823,1073741823,1073741823,1073741823,1073741823,1073737727,1072590847,1073119231,1073594367,1073184767,1071513599,1052770303,1073741823,1073741823,1073741823:j11
1073741823,1073741823,1073741823,1073741823,1073741823,1073737727,1072590847,1073119231,1073594367,1073184767,1071513599,1069547519,1073741823,1006632959,1073741823:j11
1073741823,1073741823,1073741823,1073741823,1073741823,1073737727,1072590847,1073119231,1073594367,1073184767,1071513599,1069547519,1073741823,1069547519,1073741823:j11
1073741823,1073741823,1073741823,1073741823,1073741823,1073737727,1072590847,1073119231,1073594367,1073184767,1071513599,1069547519,1069547519,1073741823,1073741823:j11
1073741823,1073741823,1073741823,1073741823,1073741823,1073737727,1072590847,1073119231,1073594367,1073184767,1071513599,1069547519,1073676287,1073741823,1073741823:j11
1073741823,1073741823,1073741823,1073741823,1073741823,1073737727,1072590847,1073119231,1073594367,1073184767,1054736383,1069547519,1073741823,1073741823,1073741823:j11
1073741823,1073741823,1073741823,1073741823,1073741823,1073737727,1072590847,1073119231,1073594367,1073184767,1067319295,1069547519,1073741823,1073741823,1073741823:j11
1073741823,1073741823,1073741823,1073741823,1073741823,1073737727,1072590847,1073119231,1073594367,1073184767,1071513599,1069547519,1056964607,1073741823,1073741823:j11
1073741823,1073741823,1073741823,1073741823,1073741823,1073737727,1072590847,1073119231,1073594367,1073184767,1071513599,1069547519,1072693247,1073741823,1073741823:j11
1073741823,1073741823,1073741823,1073741823,1073741823,1073737727,1072590847,1073119231,1073594367,1073184767,1071513599,1068498943,1073741823,1073741823,1073741823:j11
1073741823,1073741823,1073741823,1073741823,1073741823,1073737727,1072590847,1073119231,1073594111,1073184767,1071513599,1069547519,1073741823,1073741823,1073741823:j11
1073741823,1073741823,1073741823,1073741823,1073741823,1073737727,1072590591,1073119231,1073594367,1073184767,1071513599,1069547519,1073741823,1073741823,1073741823:j11
1073741823,1073741823,1073741823,1073741823,1073741567,1073737727,1072590847,1073119231,1073594367,1073184767,1071513599,1069547519,1073741823,1073741823,1073741823:j11
1073741823,1073741823,1073741823,1073741823,1073741823,1073737727,1072590847,1073119231,1073594367,1073184767,1071512575,1069547519,1073741823,1073741823,1073741823:g11
1073741823,1073741823,1073741823,1073741823,1073741823,1073737727,1072590847,1073119231,1073594367,1073184767,1071251455,1069547519,1073741823,1073741823,1073741823:k9
1073741823,1073741823,1073741823,1073741823,1073741823,1073737727,1072590847,1073119231,1073593343,1073184767,1071513599,1069547519,1073741823,1073741823,1073741823:j11
1073741823,1073741823,1073741823,1073741823,1073479679,1073737727,1072590847,1073119231,1073594367,1073184767,1071513599,1069547519,1073741823,1073741823,1073741823:j11
1073741823,1073741823,1073741823,1073741823,1056964607,1073737727,1072590847,1073119231,1073594367,1073184767,1071513599,1069547519,1073741823,1073741823,1073741823:j11
1073741823,1073741823,1073741823,1073741823,1073741823,1073737727,1055813631,1073119231,1073594367,1073184767,1071513599,1069547519,1073741823,1073741823,1073741823:g11
1073741823,1073741823,1073741823,1073741823,1073741823,1073737727,1068396543,1073119231,1073594367,1073184767,1071513599,1069547519,1073741823,1073741823,1073741823:g11
1073741823,1073741823,1073741823,1073741823,1073741823,1073737727,1072590847,1073119231,1056817151,1073184767,1071513599,1069547519,1073741823,1073741823,1073741823:j11
1073741823,1073741823,1073741823,1073741823,1073741823,1073737727,1072590847,1073119231,1073594367,1073184767,1071513599,1069546495,1073741823,1073741823,1073741823:j11
1073741823,1073741823,1073741823,1073741823,1073741823,1073737727,1072590847,1073119231,1073594367,1073184767,1071513599,1069285375,1073741823,1073741823,1073741823:g11
1073741823,1073741823,1073741823,1073741823,1073741823,1073737727,1072590847,1073119231,1073594367,1073184767,1071513599,1069531135,1073741823,1073741823,1073741823:j11
1073741823,1073741823,1073741823,1073741823,1073741823,1073737727,1072590847,1073119231,1073594367,1073184767,1071497215,1069547519,1073741823,1073741823,1073741823:k9
1073741823,1073741823,1073741823,1073741823,1073741823,1073737727,1072590847,1073118975,1073594367,1073184767,1071513599,1069547519,1073741823,1073741823,1073741823:j11
1073741823,1073741823,1073741823,1073741823,1073741823,1073737727,1072589823,1073119231,1073594367,1073184767,1071513599,1069547519,1073741823,1073741823,1073741823:j11
1073741823,1073741823,1073741823,1073741823,1073741823,1073737471,1072590847,1073119231,1073594367,1073184767,1071513599,1069547519,1073741823,1073741823,1073741823:j11
1073741823,1073741823,1073741823,1073741567,1073741823,1073737727,1072590847,1073119231,1073594367,1073184767,1071513599,1069547519,1073741823,1073741823,1073741823:j11
1073741823,1073741823,1073741823,1073741823,1073740799,1073737727,1072590847,1073119231,1073594367,1073184767,1071513599,1069547519,1073741823,1073741823,1073741823:j11
1073741823,1073741823,1073741823,1073737727,1073741823,1073737727,1072590847,1073119231,1073594367,1073184767,1071513599,1069547519,1073741823,1073741823,1073741823:g11
1073741823,1073741823,1073741823,1073676287,1073741823,1073737727,1072590847,1073119231,1073594367,1073184767,1071513599,1069547519,1073741823,1073741823,1073741823:g11
1073741823,1073741823,1073741823,1073741823,1073725439,1073737727,1072590847,1073119231,1073594367,1073184767,1071513599,1069547519,1073741823,1073741823,1073741823:j11
1073741823,1073741823,1073741823,1073741823,1073741823,1073737727,1072590847,1073119231,1073594367,1073184767,1071509503,1069547519,1073741823,1073741823,1073741823:j11
1073741823,1073741823,1073741823,1073741823,1073741823,1073737727,1072590847,1073119231,1073594367,1073180671,1071513599,1069547519,1073741823,1073741823,1073741823:g11
1073741823,1073741823,1073741823,1073741823,1073741823,1072689151,1072590847,1073119231,1073594367,1073184767,1071513599,1069547519,1073741823,1073741823,1073741823:g11
1073741823,1073741823,1073741823,1073741823,1073741823,1073737727,1072590847,1073119231,1073594367,1072136191,1071513599,1069547519,1073741823,1073741823,1073741823:j11
1073741823,1073741823,1073741823,1073741823,1073741823,1073737727,1072590847,1073119231,1073594367,1073119231,1071513599,1069547519,1073741823,1073741823,1073741823:j11
1073741823,1073741823,1073741823,1073741823,1073741823,1069543423,1072590847,1073119231,1073594367,1073184767,1071513599,1069547519,1073741823,1073741823,1073741823:j11
1073741823,1073741823,1073741823,1073741823,1073741823,1073737727,1072590847,1068924927,1073594367,1073184767,1071513599,1069547519,1073741823,1073741823,1073741823:j11
1073741823,1073741823,1073741823,1073741823,1073741823,1073737727,1072590847,1072070655,1073594367,1073184767,1071513599,1069547519,1073741823,1073741823,1073741823:j11
1073741823,1073741823,1073741823,1073741823,1073741823,1073737727,1072590847,1073119231,1073594367,1068990463,1071513599,1069547519,1073741823,1073741823,1073741823:j11
1073741823,1073741823,1073741823,1073741823,1073741823,1073737727,1072590847,1073119231,1073332223,1073184767,1071513599,1069547519,1073741823,1073741823,1073741823:k9
1073741823,1073741823,1073741823,1073741823,1073737727,1073737727,1072590847,1073119231,1073594367,1073184767,1071513599,1069547519,1073741823,1073741823,1073741823:g11
1073741823,1073741823,1073741823,1073741823,1073676287,1073737727,1072590847,1073119231,1073594367,1073184767,1071513599,1069547519,1073741823,1073741823,1073741823:g11
1073741823,1073741823,1073741823,1073741823,1073741823,1073672191,1072590847,1073119231,1073594367,1073184767,1071513599,1069547519,1073741823,1073741823,1073741823:g11
1073741823,1073741823,1073741823,1073741823,1072693247,1073737727,1072590847,1073119231,1073594367,1073184767,1071513599,1069547519,1073741823,1073741823,1073741823:j11
1073741823,1073741823,1073741823,1073741823,1073741823,1073737727,1072328703,1073119231,1073594367,1073184767,1071513599,1069547519,1073741823,1073741823,1073741823:g11
1073741823,1073741823,1073741823,1073741823,1073741823,1073737727,1072590847,1073119231,1072545791,1073184767,1071513599,1069547519,1073741823,1073741823,1073741823:j11
1073741823,1073741823,1073741823,1073741823,1073741823,1073737727,1072590847,1073119231,1073594367,1073183743,1071513599,1069547519,1073741823,1073741823,1073741823:j11
1073741823,1073741823,1073741823,1073741823,1073741823,1073737727,1072590847,1073119231,1073590271,1073184767,1071513599,1069547519,1073741823,1073741823,1073741823:g11
1073741823,1073741823,1073741823,1073741823,1073741823,1073737727,1072590847,1073118207,1073594367,1073184767,1071513599,1069547519,1073741823,1073741823,1073741823:j11
1073741823,1073741823,1073741823,1073741823,1073741823,1073737727,1072590847,1073115135,1073594367,1073184767,1071513599,1069547519,1073741823,1073741823,1073741823:g11
1073741823,1073741823,1073741823,1073741823,1073741823,1073736703,1072590847,1073119231,1073594367,1073184767,1071513599,1069547519,1073741823,1073741823,1073741823:j11
1073741823,1073741823,1073741823,1073741823,1073741823,1073721343,1072590847,1073119231,1073594367,1073184767,1071513599,1069547519,1073741823,1073741823,1073741823:j11
1073741823,1073741823,1073741823,1073741823,1073741823,1073475583,1072590847,1073119231,1073594367,1073184767,1071513599,1069547519,1073741823,1073741823,1073741823:j11
1073741823,1073741823,1073741823,1073741823,1073741823,1073737727,1072590847,1073119231,1073594367,1073184767,1071643647,1073741823,1073741823,1073741823,1073741823:l12
1073741823,1073741823,1073741823,1073741823,1073741823,1073737727,1072590847,1073119231,1073594367,1073184767,1071382527,1073741823,1073741823,1073741823,1073741823:l12
1073741823,1073741823,1073741823,1073741823,1073741823,1073737727,1072590847,1073119231,1073593343,1073184767,1071644671,1073741823,1073741823,1073741823,1073741823:l12
1073741823,1073741823,1073741823,1073741823,1073479679,1073737727,1072590847,1073119231,1073594367,1073184767,1071644671,1073741823,1073741823,1073741823,1073741823:l12
1073741823,1073741823,1073741823,1073741823,1056964607,1073737727,1072590847,1073119231,1073594367,1073184767,1071644671,1073741823,1073741823,1073741823,1073741823:l12
1073741823,1073741823,1073741823,1073741823,1073741823,1073737727,1055813631,1073119231,1073594367,1073184767,1071644671,1073741823,1073741823,1073741823,1073741823:l12
1073741823,1073741823,1073741823,1073741823,1073741823,1073737727,1068396543,1073119231,1073594367,1073184767,1071644671,1073741823,1073741823,1073741823,1073741823:l12
1073741823,1073741823,1073741823,1073741823,1073741823,1073737727,1072590847,1073119231,1056817151,1073184767,1071644671,1073741823,1073741823,1073741823,1073741823:l12
1073741823,1073741823,1073741823,1073741823,1073741823,1073737727,1072590847,1073119231,1073594367,1073184767,1071644671,1073740799,1073741823,1073741823,1073741823:l12
1073741823,1073741823,1073741823,1073741823,1073741823,1073737727,1072590847,1073119231,1073594367,1073184767,1071644671,1073479679,1073741823,1073741823,1073741823:l12
1073741823,1073741823,1073741823,1073741823,1073741823,1073737727,1072590847,1073119231,1073594367,1073184767,1071644671,1073725439,1073741823,1073741823,1073741823:l12
1073741823,1073741823,1073741823,1073741823,1073741823,1073737727,1072590847,1073119231,1073594367,1073184767,1071628287,1073741823,1073741823,1073741823,1073741823:l12
1073741823,1073741823,1073741823,1073741823,1073741823,1073737727,1072590847,1073118975,1073594367,1073184767,1071644671,1073741823,1073741823,1073741823,1073741823:l12
1073741823,1073741823,1073741823,1073741823,1073741823,1073737727,1072589823,1073119231,1073594367,1073184767,1071644671,1073741823,1073741823,1073741823,1073741823:l12
1073741823,1073741823,1073741823,1073741823,1073741823,1073737471,1072590847,1073119231,1073594367,1073184767,1071644671,1073741823,1073741823,1073741823,1073741823:l12
1073741823,1073741823,1073741823,1073741567,1073741823,1073737727,1072590847,1073119231,1073594367,1073184767,1071644671,1073741823,1073741823,1073741823,1073741823:l12
1073741823,1073741823,1073741823,1073741823,1073740799,1073737727,1072590847,1073119231,1073594367,1073184767,1071644671,1073741823,1073741823,1073741823,1073741823:l12
1073741823,1073741823,1073741823,1073737727,1073741823,1073737727,1072590847,1073119231,1073594367,1073184767,1071644671,1073741823,1073741823,1073741823,1073741823:l12
1073741823,1073741823,1073741823,1073676287,1073741823,1073737727,1072590847,1073119231,1073594367,1073184767,1071644671,1073741823,1073741823,1073741823,1073741823:l12
1073741823,1073741823,1073741823,1073741823,1073725439,1073737727,1072590847,1073119231,1073594367,1073184767,1071644671,1073741823,1073741823,1073741823,1073741823:l12
1073741823,1073741823,1073741823,1073741823,1073741823,1073737727,1072590847,1073119231,1073594367,1073184767,1071640575,1073741823,1073741823,1073741823,1073741823:l12
1073741823,1073741823,1073741823,1073741823,1073741823,1073737727,1072590847,1073119231,1073594367,1073184767,1071579135,1073741823,1073741823,1073741823,1073741823:l12
1073741823,1073741823,1073741823,1073741823,1073741823,1073737727,1072590847,1073119231,1073594367,1073180671,1071644671,1073741823,1073741823,1073741823,1073741823:l12
1073741823,1073741823,1073741823,1073741823,1073741823,1072689151,1072590847,1073119231,1073594367,1073184767,1071644671,1073741823,1073741823,1073741823,1073741823:l12
1073741823,1073741823,1073741823,1073741823,1073741823,1073737727,1072590847,1073119231,1073594367,1072136191,1071644671,1073741823,1073741823,1073741823,1073741823:l12
1073741823,1073741823,1073741823,1073741823,1073741823,1073737727,1072590847,1073119231,1073594367,1073119231,1071644671,1073741823,1073741823,1073741823,1073741823:l12
1073741823,1073741823,1073741823,1073741823,1073741823,1069543423,1072590847,1073119231,1073594367,1073184767,1071644671,1073741823,1073741823,1073741823,1073741823:l12
1073741823,1073741823,1073741823,1073741823,1073741823,1073737727,1072590847,1068924927,1073594367,1073184767,1071644671,1073741823,1073741823,1073741823,1073741823:l12
1073741823,1073741823,1073741823,1073741823,1073741823,1073737727,1072590847,1072070655,1073594367,1073184767,1071644671,1073741823,1073741823,1073741823,1073741823:l12
1073741823,1073741823,1073741823,1073741823,1073741823,1073737727,1072590847,1073119231,1073594367,1068990463,1071644671,1073741823,1073741823,1073741823,1073741823:l12
1073741823,1073741823,1073741823,1073741823,1073741823,1073737727,1072590847,1073119231,1073332223,1073184767,1071644671,1073741823,1073741823,1073741823,1073741823:l12
1073741823,1073741823,1073741823,1073741823,1073737727,1073737727,1072590847,1073119231,1073594367,1073184767,1071644671,1073741823,1073741823,1073741823,1073741823:l12
1073741823,1073741823,1073741823,1073741823,1073676287,1073737727,1072590847,1073119231,1073594367,1073184767,1071644671,1073741823,1073741823,1073741823,1073741823:l12
1073741823,1073741823,1073741823,1073741823,1073741823,1073672191,1072590847,1073119231,1073594367,1073184767,1071644671,1073741823,1073741823,1073741823,1073741823:l12
1073741823,1073741823,1073741823,1073741823,1072693247,1073737727,1072590847,1073119231,1073594367,1073184767,1071644671,1073741823,1073741823,1073741823,1073741823:l12
1073741823,1073741823,1073741823,1073741823,1073741823,1073737727,1072328703,1073119231,1073594367,1073184767,1071644671,1073741823,1073741823,1073741823,1073741823:l12
1073741823,1073741823,1073741823,1073741823,1073741823,1073737727,1072590847,1073119231,1072545791,1073184767,1071644671,1073741823,1073741823,1073741823,1073741823:l12
1073741823,1073741823,1073741823,1073741823,1073741823,1073737727,1072590847,1073119231,1073594367,1073183743,1071644671,1073741823,1073741823,1073741823,1073741823:l12
1073741823,1073741823,1073741823,1073741823,1073741823,1073737727,1072590847,1073119231,1073590271,1073184767,1071644671,1073741823,1073741823,1073741823,1073741823:l12
1073741823,1073741823,1073741823,1073741823,1073741823,1073737727,1072590847,1073118207,1073594367,1073184767,1071644671,1073741823,1073741823,1073741823,1073741823:l12
1073741823,1073741823,1073741823,1073741823,1073741823,1073737727,1072590847,1073115135,1073594367,1073184767,1071644671,1073741823,1073741823,1073741823,1073741823:l12
1073741823,1073741823,1073741823,1073741823,1073741823,1073736703,1072590847,1073119231,1073594367,1073184767,1071644671,1073741823,1073741823,1073741823,1073741823:l12
1073741823,1073741823,1073741823,1073741823,1073741823,1073721343,1072590847,1073119231,1073594367,1073184767,1071644671,1073741823,1073741823,1073741823,1073741823:l12
1073741823,1073741823,1073741823,1073741823,1073741823,1073475583,1072590847,1073119231,1073594367,1073184767,1071644671,1073741823,1073741823,1073741823,1073741823:l12
1073741823,1073741823,1073741823,1073741823,1073741823,1073737727,1073410047,1073119231,1073610751,1073184767,1073741823,1073741823,1073741823,1073741823,1073741823:k7
1073741823,1073741823,1073741823,1073741823,1073741823,1073737727,1073672191,1073119231,1072562175,1073184767,1073741823,1073741823,1073741823,1073741823,1073741823:k7
1073741823,1073741823,1073741823,1073741823,1073741823,1073737727,1073672191,1073119231,1073610751,1073183743,1073741823,1073741823,1073741823,1073741823,1073741823:k7
1073741823,1073741823,1073741823,1073741823,1073741823,1073737727,1073672191,1073119231,1073606655,1073184767,1073741823,1073741823,1073741823,1073741823,1073741823:k7
1073741823,1073741823,1073741823,1073741823,1073741823,1073737727,1073672191,1073118207,1073610751,1073184767,1073741823,1073741823,1073741823,1073741823,1073741823:k7
1073741823,1073741823,1073741823,1073741823,1073741823,1073737727,1073672191,1073115135,1073610751,1073184767,1073741823,1073741823,1073741823,1073741823,1073741823:k7
1073741823,1073741823,1073741823,1073741823,1073741823,1073736703,1073672191,1073119231,1073610751,1073184767,1073741823,1073741823,1073741823,1073741823,1073741823:k7
1073741823,1073741823,1073741823,1073741823,1073741823,1073721343,1073672191,1073119231,1073610751,1073184767,1073741823,1073741823,1073741823,1073741823,1073741823:k7
1073741823,1073741823,1073741823,1073741823,1073741823,1073737727,1073655807,1073119231,1073610751,1073184767,1073741823,1073741823,1073741823,1073741823,1073741823:k7
1073741823,1073741823,1073741823,1073741823,1073741823,1073475583,1073672191,1073119231,1073610751,1073184767,1073741823,1073741823,1073741823,1073741823,1073741823:k7
1073741823,1073741823,1073741823,1073741823,1073741823,1073737727,1073672191,1073119231,1073594367,1073184767,1073741823,1073741823,1073741823,1073741823,1073741823:k7
1073741823,1073741823,1073741823,1073741823,1073741823,1073721343,1073676287,1073119231,1073610751,1073217535,1073741823,1073741823,1073741823,1073741823,1073741823:g7
1073741823,1073741823,1073741823,1073741823,1073741823,1073737727,1073659903,1073119231,1073610751,1073217535,1073741823,1073741823,1073741823,1073741823,1073741823:g7
1073741823,1073741823,1073741823,1073741823,1073741823,1073475583,1073676287,1073119231,1073610751,1073217535,1073741823,1073741823,1073741823,1073741823,1073741823:g7
1073741823,1073741823,1073741823,1073741823,1073741823,1073737727,1073676287,1073119231,1073610751,1073201151,1073741823,1073741823,1073741823,1073741823,1073741823:g7
1073741823,1073741823,1073741823,1073741823,1073741823,1073737727,1073676287,1073119231,1073594367,1073217535,1073741823,1073741823,1073741823,1073741823,1073741823:g7
