1073741823,1073741823,1073741823,1073741823,1073741823,1073741823,1073676287,1073119231,1056833535,1073741823,1073741823,1073741823,1073741823,1073741823,1073741823:j9
1073741823,1073741823,1073741823,1073741823,1073741823,1073741823,1073676287,1073119231,1056309247,1073741823,1073725439,1073741823,1073741823,1073741823,1073741823:j10
1073741823,1073741823,1073741823,1073741823,1073741823,1073741823,1069481983,1073119231,1056309247,1073741823,1073741823,1073741823,1073741823,1073741823,1073741823:j10
1073741823,1073741823,1073741823,1073741823,1073741823,1073741823,1073676287,1073119231,1056309247,1073741823,1069547519,1073741823,1073741823,1073741823,1073741823:j10
1073741823,1073741823,1073741823,1073741823,1073741823,1073741823,1073676287,1073119231,1056309247,1073741823,1073479679,1073741823,1073741823,1073741823,1073741823:h10
1073741823,1073741823,1073741823,1073741823,1073741823,1073741823,1073676287,1073119231,1052114943,1073741823,1073741823,1073741823,1073741823,1073741823,1073741823:j10
1073741823,1073741823,1073741823,1073741823,1073741823,1073741823,1056899071,1073119231,1056309247,1073741823,1073741823,1073741823,1073741823,1073741823,1073741823:j10
1073741823,1073741823,1073741823,1073741823,1073741823,1073741823,1073676287,1056342015,1056309247,1073741823,1073741823,1073741823,1073741823,1073741823,1073741823:j10
1073741823,1073741823,1073741823,1073741823,1073741823,1073741823,805240831,1073119231,1056309247,1073741823,1073741823,1073741823,1073741823,1073741823,1073741823:j10
1073741823,1073741823,1073741823,1073741823,1073741823,1073741823,1073676287,1006010367,1056309247,1073741823,1073741823,1073741823,1073741823,1073741823,1073741823:j10
1073741823,1073741823,1073741823,1073741823,1073741823,1073741823,1073676287,1073119231,787873791,1073741823,1073741823,1073741823,1073741823,1073741823,1073741823:j10
1073741823,1073741823,1073741823,1073741823,1073741823,1073741823,1073676287,1073119231,989200383,1073741823,1073741823,1073741823,1073741823,1073741823,1073741823:j10
1073741823,1073741823,1073741823,1073741823,1073741823,1073741823,1073676287,1073119231,1056309247,1073741823,805306367,1073741823,1073741823,1073741823,1073741823:j10
1073741823,1073741823,1073741823,1073741823,1073741823,1073741823,1073676287,1073119231,1056309247,1006632959,1073741823,1073741823,1073741823,1073741823,1073741823:j10
1073741823,1073741823,1073741823,1073741823,1073741823,1073741823,1073676287,1073119231,1056309247,1073741823,1056964607,1073741823,1073741823,1073741823,1073741823:j10
1073741823,1073741823,1073741823,1073741823,1073741823,1073741823,1073676287,1073119231,1056309247,1056964607,1073741823,1073741823,1073741823,1073741823,1073741823:j10
1073741823,1073741823,1073741823,1073741823,1073741823,1073741823,1073676287,1073119231,1056309247,1073741823,1073737727,1073741823,1073741823,1073741823,1073741823:j10
1073741823,1073741823,1073741823,1073741823,1073741823,1073741823,1073676287,1073119231,1056309247,1073741823,1072693247,1073741823,1073741823,1073741823,1073741823:h10
1073741823,1073741823,1073741823,1073741823,1073741823,1073741823,1073676287,1073119231,1056309247,1073741823,1073676287,1073741823,1073741823,1073741823,1073741823:j10
1073741823,1073741823,1073741823,1073741823,1073741823,1073741823,1073676287,1073119231,1056309247,1073737727,1073741823,1073741823,1073741823,1073741823,1073741823:j10
1073741823,1073741823,1073741823,1073741823,1073741823,1073737727,1073676287,1073119231,1056309247,1073741823,1073741823,1073741823,1073741823,1073741823,1073741823:j10
1073741823,1073741823,1073741823,1073741823,1073741823,1072693247,1073676287,1073119231,1056309247,1073741823,1073741823,1073741823,1073741823,1073741823,1073741823:j10
1073741823,1073741823,1073741823,1073741823,1073741823,1073741823,1073676287,1073119231,1056309247,1072693247,1073741823,1073741823,1073741823,1073741823,1073741823:j10
1073741823,1073741823,1073741823,1073741823,1073741823,1073741823,1073676287,1073119231,1056309247,1073676287,1073741823,1073741823,1073741823,1073741823,1073741823:j10
1073741823,1073741823,1073741823,1073741823,1073741823,1069547519,1073676287,1073119231,1056309247,1073741823,1073741823,1073741823,1073741823,1073741823,1073741823:j10
1073741823,1073741823,1073741823,1073741823,1073741823,1073741823,1073676287,1068924927,1056309247,1073741823,1073741823,1073741823,1073741823,1073741823,1073741823:j10
1073741823,1073741823,1073741823,1073741823,1073741823,1073741823,1073676287,1072070655,1056309247,1073741823,1073741823,1073741823,1073741823,1073741823,1073741823:j10
1073741823,1073741823,1073741823,1073741823,1073741823,1073741823,1073676287,1073119231,1056309247,1069547519,1073741823,1073741823,1073741823,1073741823,1073741823:j10
1073741823,1073741823,1073741823,1073741823,1073737727,1073741823,1073676287,1073119231,1056309247,1073741823,1073741823,1073741823,1073741823,1073741823,1073741823:j10
1073741823,1073741823,1073741823,1073741823,1073676287,1073741823,1073676287,1073119231,1056309247,1073741823,1073741823,1073741823,1073741823,1073741823,1073741823:j10
1073741823,1073741823,1073741823,1073741823,1073741823,1073676287,1073676287,1073119231,1056309247,1073741823,1073741823,1073741823,1073741823,1073741823,1073741823:j10
1073741823,1073741823,1073741823,1073741823,1072693247,1073741823,1073676287,1073119231,1056309247,1073741823,1073741823,1073741823,1073741823,1073741823,1073741823:j10
1073741823,1073741823,1073741823,1073741823,1073741823,1073741823,1072627711,1073119231,1056309247,1073741823,1073741823,1073741823,1073741823,1073741823,1073741823:j10
1073741823,1073741823,1073741823,1073741823,1073741823,1073741823,1073414143,1073119231,1056309247,1073741823,1073741823,1073741823,1073741823,1073741823,1073741823:h9
1073741823,1073741823,1073741823,1073741823,1073741823,1073741823,1073676287,1073119231,1055260671,1073741823,1073741823,1073741823,1073741823,1073741823,1073741823:j10
1073741823,1073741823,1073741823,1073741823,1073741823,1073741823,1073676287,1073119231,1056309247,1073740799,1073741823,1073741823,1073741823,1073741823,1073741823:j10
1073741823,1073741823,1073741823,1073741823,1073741823,1073741823,1073676287,1073119231,1056305151,1073741823,1073741823,1073741823,1073741823,1073741823,1073741823:j10
1073741823,1073741823,1073741823,1073741823,1073741823,1073741823,1073676287,1073118207,1056309247,1073741823,1073741823,1073741823,1073741823,1073741823,1073741823:j10
1073741823,1073741823,1073741823,1073741823,1073741823,1073741823,1073676287,1073115135,1056309247,1073741823,1073741823,1073741823,1073741823,1073741823,1073741823:j10
1073741823,1073741823,1073741823,1073741823,1073741823,1073740799,1073676287,1073119231,1056309247,1073741823,1073741823,1073741823,1073741823,1073741823,1073741823:j10
1073741823,1073741823,1073741823,1073741823,1073741823,1073741823,1073672191,1073119231,1056309247,1073741823,1073741823,1073741823,1073741823,1073741823,1073741823:h9
1073741823,1073741823,1073741823,1073741823,1073741823,1073725439,1073676287,1073119231,1056309247,1073741823,1073741823,1073741823,1073741823,1073741823,1073741823:j10
1073741823,1073741823,1073741823,1073741823,1073741823,1073741823,1073659903,1073119231,1056309247,1073741823,1073741823,1073741823,1073741823,1073741823,1073741823:j10
1073741823,1073741823,1073741823,1073741823,1073741823,1073479679,1073676287,1073119231,1056309247,1073741823,1073741823,1073741823,1073741823,1073741823,1073741823:j10
1073741823,1073741823,1073741823,1073741823,1073741823,1073741823,1073676287,1073119231,1056309247,1073479679,1073741823,1073741823,1073741823,1073741823,1073741823:h10
1073741823,1073741823,1073741823,1073741823,1073741823,1073741823,1073676287,1073119231,1056309247,1073725439,1073741823,1073741823,1073741823,1073741823,1073741823:j10
1073741823,1073741823,1073741823,1073741823,1073741823,1073741823,1073676287,1073119231,1056292863,1073741823,1073741823,1073741823,1073741823,1073741823,1073741823:j10
