1073741823,1073741823,1073741823,1073741823,1073741823,1073741823,1073377279,1073119231,1071497215,1073192959,1070972927,1051705343,1073709055,1073741823,1073741823:j12
1073741823,1073741823,1073741823,1073741823,1073741823,1073741823,1073377279,1073119231,1071497215,804757503,1070972927,1051181055,1073709055,1073741823,1073741823:j9
1073741823,1073741823,1073741823,1073741823,1073741823,1073741823,1073377279,1073119231,1071497215,1073192959,1003864063,1051181055,1073709055,1073741823,1073741823:j9
1073741823,1073741823,1073741823,1073741823,1073741823,1073741823,1073377279,1073119231,1071497215,1073192959,1070972927,782745599,1073709055,1073741823,1073741823:j9
1073741823,1073741823,1073741823,1073741823,1073741823,1073741823,1073377279,1073119231,1071497215,1073192959,1070972927,1051181055,1073709055,805306367,1073741823:j9
1073741823,1073741823,1073741823,1073741823,1073741823,1073741823,1073377279,1073119231,1071497215,1073192959,1070972927,1051181055,1006600191,1073741823,1073741823:j9
1073741823,1073741823,1073741823,1073741823,1073741823,1073741823,1073377279,1073119231,1071497215,1073192959,1070972927,1051181055,1073709055,1073741823,1073740799:j9
1073741823,1073741823,1073741823,1073741823,1073741823,1073741823,1073377279,1073119231,1071497215,1073192959,1070972927,1051181055,1073709055,1073737727,1073741823:j9
1073741823,1073741823,1073741823,1073741823,1073741823,1073741823,1073377279,1073119231,1071497215,1073192959,1070972927,1051181055,1073709055,1073741823,1073479679:j9
1073741823,1073741823,1073741823,1073741823,1073741823,1073741823,1073377279,1073119231,1071497215,1073192959,1070972927,1051181055,1073709055,1073741823,1073725439:j9
1073741823,1073741823,1073741823,1073741823,1073741823,1073741823,1073377279,1073119231,1071497215,1073192959,1070972927,1051181055,1073708031,1073741823,1073741823:j9
1073741823,1073741823,1073741823,1073741823,1073741823,1073741823,1073377279,1073119231,1071497215,1073192959,1070972927,1051181055,1073709055,1073740799,1073741823:j9
1073741823,1073741823,1073741823,1073741823,1073741823,1073741823,1073377279,1073119231,1071497215,1073192959,1070972927,1051181055,1073709055,1073725439,1073741823:j9
1073741823,1073741823,1073741823,1073741823,1073741823,1073741823,1073377279,1073119231,1071497215,1073192959,1070972927,1051181055,1073704959,1073741823,1073741823:j9
1073741823,1073741823,1073741823,1073741823,1073741823,1073741823,1073377279,1073119231,1071497215,1073192959,1070972927,1051181055,1073709055,1073676287,1073741823:j9
1073741823,1073741823,1073741823,1073741823,1073741823,1073741823,1073377279,1073119231,1071497215,1073192959,1070972927,1051181055,1073446911,1073741823,1073741823:j9
1073741823,1073741823,1073741823,1073741823,1073741823,1073741823,1073377279,1073119231,1071497215,1056415743,1070972927,1051181055,1073709055,1073741823,1073741823:j9
1073741823,1073741823,1073741823,1073741823,1073741823,1073741823,1073377279,1073119231,1071497215,1073192959,1070972927,1051181055,1073709055,1056964607,1073741823:j9
1073741823,1073741823,1073741823,1073741823,1073741823,1073741823,1073377279,1073119231,1071497215,1073192959,1070972927,1051181055,1073709055,1072693247,1073741823:j9
1073741823,1073741823,1073741823,1073741823,1073741823,1073741823,1073377279,1073119231,1071497215,1073192959,1070972927,1051180799,1073709055,1073741823,1073741823:j9
1073741823,1073741823,1073741823,1073741823,1073741823,1073741823,1073377279,1073119231,1071497215,1073192703,1070972927,1051181055,1073709055,1073741823,1073741823:j9
1073741823,1073741823,1073741823,1073741823,1073741823,1073741823,1073377279,1073118975,1071497215,1073192959,1070972927,1051181055,1073709055,1073741823,1073741823:j9
1073741823,1073741823,1073741823,1073741823,1073741823,1073741823,1073377279,1073119231,1071497215,1073192959,1070972927,1051115519,1073709055,1073741823,1073741823:j9
1073741823,1073741823,1073741823,1073741823,1073741823,1073741823,1073377279,1073119231,1071497215,1073192959,1070972927,1051176959,1073709055,1073741823,1073741823:j9
1073741823,1073741823,1073741823,1073741823,1073741823,1073741823,1073377279,1073119231,1071497215,1073192959,1070972927,1051181055,1073709055,1073479679,1073741823:j9
1073741823,1073741823,1073741823,1073741823,1073741823,1073741823,1073377279,1073119231,1071497215,1006084095,1070972927,1051181055,1073709055,1073741823,1073741823:j9
1073741823,1073741823,1073741823,1073741823,1073741823,1073741823,1073377279,1073119231,1071497215,1073192959,1070972927,984072191,1073709055,1073741823,1073741823:j9
1073741823,1073741823,1073741823,1073741823,1073741823,1073741823,1073377279,1073119231,1071497215,1073192959,1070972927,1051181055,1073709055,1006632959,1073741823:j9
1073741823,1073741823,1073741823,1073741823,1073741823,1073741823,1073377279,1073119231,1071497215,1073192959,1070972927,1051181055,1073709055,1069547519,1073741823:j9
1073741823,1073741823,1073741823,1073741823,1073741823,1073741823,1073377279,1073119231,1071497215,1073192959,1070972927,1051181055,1069514751,1073741823,1073741823:j9
1073741823,1073741823,1073741823,1073741823,1073741823,1073741823,1073377279,1073119231,1071497215,1073192959,1070972927,1051181055,1073643519,1073741823,1073741823:j9
1073741823,1073741823,1073741823,1073741823,1073741823,1073741823,1073377279,1073119231,1071497215,1073192959,1066778623,1051181055,1073709055,1073741823,1073741823:j9
1073741823,1073741823,1073741823,1073741823,1073741823,1073741823,1073377279,1073119231,1071497215,1073192959,1070972927,1051181055,1056931839,1073741823,1073741823:j9
1073741823,1073741823,1073741823,1073741823,1073741823,1073741823,1073377279,1073119231,1071497215,1073192959,1070972927,1051181055,1072660479,1073741823,1073741823:j9
1073741823,1073741823,1073741823,1073741823,1073741823,1073741823,1073377279,1073119231,1071497215,1073192959,1070971903,1051181055,1073709055,1073741823,1073741823:j9
1073741823,1073741823,1073741823,1073741823,1073741823,1073741823,1073377279,1073119231,1071496191,1073192959,1070972927,1051181055,1073709055,1073741823,1073741823:j9
1073741823,1073741823,1073741823,1073741823,1073740799,1073741823,1073377279,1073119231,1071497215,1073192959,1070972927,1051181055,1073709055,1073741823,1073741823:j9
1073741823,1073741823,1073741823,1073741823,1073725439,1073741823,1073377279,1073119231,1071497215,1073192959,1070972927,1051181055,1073709055,1073741823,1073741823:j9
1073741823,1073741823,1073741823,1073741823,1073479679,1073741823,1073377279,1073119231,1071497215,1073192959,1070972927,1051181055,1073709055,1073741823,1073741823:j9
1073741823,1073741823,1073741823,1073741823,1069547519,1073741823,1073377279,1073119231,1071497215,1073192959,1070972927,1051181055,1073709055,1073741823,1073741823:j9
1073741823,1073741823,1073741823,1073741823,1073741823,1073741823,1069182975,1073119231,1071497215,1073192959,1070972927,1051181055,1073709055,1073741823,1073741823:j9
1073741823,1073741823,1073741823,1073741823,1073741823,1073741823,1056600063,1073119231,1071497215,1073192959,1070972927,1051181055,1073709055,1073741823,1073741823:j9
1073741823,1073741823,1073741823,1073741823,1073741823,1073741823,1073377279,1073119231,1054719999,1073192959,1070972927,1051181055,1073709055,1073741823,1073741823:j9
1073741823,1073741823,1073741823,1073741823,1073741823,1073741823,1073377279,1073119231,1067302911,1073192959,1070972927,1051181055,1073709055,1073741823,1073741823:j9
1073741823,1073741823,1073741823,1073741823,1073741823,1073741823,1073377279,1073119231,1071497215,1073192959,1054195711,1051181055,1073709055,1073741823,1073741823:j9
1073741823,1073741823,1073741823,1073741823,1073741823,1073741823,1073377279,1073119231,1071496959,1073192959,1070972927,1051181055,1073709055,1073741823,1073741823:j9
1073741823,1073741823,1073741823,1073741823,1073741823,1073741823,1073377023,1073119231,1071497215,1073192959,1070972927,1051181055,1073709055,1073741823,1073741823:j9
1073741823,1073741823,1073741823,1073741823,1073741823,1073741823,1073376255,1073119231,1071497215,1073192959,1070972927,1051181055,1073709055,1073741823,1073741823:j9
1073741823,1073741823,1073741823,1073741823,1073741567,1073741823,1073377279,1073119231,1071497215,1073192959,1070972927,1051181055,1073709055,1073741823,1073741823:j9
1073741823,1073741823,1073741823,1073741823,1073741823,1073741823,1073377279,1073119231,1071497215,1073192959,1070972927,1051180031,1073709055,1073741823,1073741823:j9
1073741823,1073741823,1073741823,1073741823,1073741823,1073741823,1073377279,1073119231,1071497215,1073192959,1070968831,1051181055,1073709055,1073741823,1073741823:j9
1073741823,1073741823,1073741823,1073741823,1073741823,1073737727,1073377279,1073119231,1071497215,1073192959,1070972927,1051181055,1073709055,1073741823,1073741823:j9
1073741823,1073741823,1073741823,1073741823,1073741823,1072693247,1073377279,1073119231,1071497215,1073192959,1070972927,1051181055,1073709055,1073741823,1073741823:j9
1073741823,1073741823,1073741823,1073741823,1073741823,1073741823,1073377279,1073119231,1071497215,1072144383,1070972927,1051181055,1073709055,1073741823,1073741823:j9
1073741823,1073741823,1073741823,1073741823,1073741823,1073741823,1073377279,1073119231,1071497215,1073127423,1070972927,1051181055,1073709055,1073741823,1073741823:j9
1073741823,1073741823,1073741823,1073741823,1073741823,1069547519,1073377279,1073119231,1071497215,1073192959,1070972927,1051181055,1073709055,1073741823,1073741823:j9
1073741823,1073741823,1073741823,1073741823,1073741823,1073741823,1073377279,1068924927,1071497215,1073192959,1070972927,1051181055,1073709055,1073741823,1073741823:j9
1073741823,1073741823,1073741823,1073741823,1073741823,1073741823,1073377279,1072070655,1071497215,1073192959,1070972927,1051181055,1073709055,1073741823,1073741823:j9
1073741823,1073741823,1073741823,1073741823,1073741823,1073741823,1073377279,1073119231,1071497215,1068998655,1070972927,1051181055,1073709055,1073741823,1073741823:j9
1073741823,1073741823,1073741823,1073741823,1073741823,1073741823,1073377279,1073119231,1071235071,1073192959,1070972927,1051181055,1073709055,1073741823,1073741823:k10
1073741823,1073741823,1073741823,1073741823,1073737727,1073741823,1073377279,1073119231,1071497215,1073192959,1070972927,1051181055,1073709055,1073741823,1073741823:j9
1073741823,1073741823,1073741823,1073741823,1073676287,1073741823,1073377279,1073119231,1071497215,1073192959,1070972927,1051181055,1073709055,1073741823,1073741823:j9
1073741823,1073741823,1073741823,1073741823,1073741823,1073676287,1073377279,1073119231,1071497215,1073192959,1070972927,1051181055,1073709055,1073741823,1073741823:j9
1073741823,1073741823,1073741823,1073741823,1072693247,1073741823,1073377279,1073119231,1071497215,1073192959,1070972927,1051181055,1073709055,1073741823,1073741823:j9
1073741823,1073741823,1073741823,1073741823,1073741823,1073741823,1072328703,1073119231,1071497215,1073192959,1070972927,1051181055,1073709055,1073741823,1073741823:j9
1073741823,1073741823,1073741823,1073741823,1073741823,1073741823,1073377279,1073119231,1071497215,1073191935,1070972927,1051181055,1073709055,1073741823,1073741823:j9
1073741823,1073741823,1073741823,1073741823,1073741823,1073741823,1073377279,1073119231,1071493119,1073192959,1070972927,1051181055,1073709055,1073741823,1073741823:j9
1073741823,1073741823,1073741823,1073741823,1073741823,1073741823,1073377279,1073118207,1071497215,1073192959,1070972927,1051181055,1073709055,1073741823,1073741823:j9
1073741823,1073741823,1073741823,1073741823,1073741823,1073741823,1073377279,1073115135,1071497215,1073192959,1070972927,1051181055,1073709055,1073741823,1073741823:j9
1073741823,1073741823,1073741823,1073741823,1073741823,1073740799,1073377279,1073119231,1071497215,1073192959,1070972927,1051181055,1073709055,1073741823,1073741823:j9
1073741823,1073741823,1073741823,1073741823,1073741823,1073725439,1073377279,1073119231,1071497215,1073192959,1070972927,1051181055,1073709055,1073741823,1073741823:j9
1073741823,1073741823,1073741823,1073741823,1073741823,1073479679,1073377279,1073119231,1071497215,1073192959,1070972927,1051181055,1073709055,1073741823,1073741823:j9
