1073741823,1073741823,1073741823,1073741567,1073741823,1069547519,1071579135,1073110527,1073594367,1073471487,1073737727,1073741823,1073741823,1073741823,1073741823:d7
1073741823,1073741823,1073741823,1073741567,1073741823,1069547519,1071579007,1073110527,1073594363,1073471487,1073737727,1073741823,1073741823,1073741823,1073741823:f9
1073741823,1073741823,1073741823,1073741567,1073741823,1069547519,1071579003,1073110527,1073594367,1073471487,1073737727,1073741823,1073741823,1073741823,1073741823:f9
1073741823,1073741823,1073741823,1073741567,1073741823,1069547519,1071578991,1073110527,1073594367,1073471487,1073737727,1073741823,1073741823,1073741823,1073741823:f9
1073741823,1073741823,1073741823,1073741567,1073741819,1069547519,1071579007,1073110527,1073594367,1073471487,1073737727,1073741823,1073741823,1073741823,1073741823:f9
1073741823,1073741823,1073741823,1073741567,1073741823,1069547455,1071579007,1073110527,1073594367,1073471487,1073737727,1073741823,1073741823,1073741823,1073741823:f9
1073741823,1073741823,1073741823,1073741567,1073741759,1069547519,1071579007,1073110527,1073594367,1073471487,1073737727,1073741823,1073741823,1073741823,1073741823:f9
1073741823,1073741823,1073741823,1073741551,1073741823,1069547519,1071579007,1073110527,1073594367,1073471487,1073737727,1073741823,1073741823,1073741823,1073741823:f9
1073741823,1073741823,1073741823,1073741503,1073741823,1069547519,1071579007,1073110527,1073594367,1073471487,1073737727,1073741823,1073741823,1073741823,1073741823:f9
1073741823,1073741807,1073741823,1073741567,1073741823,1069547519,1071579007,1073110527,1073594367,1073471487,1073737727,1073741823,1073741823,1073741823,1073741823:f9
1073741823,1073741823,1073741759,1073741567,1073741823,1069547519,1071579007,1073110527,1073594367,1073471487,1073737727,1073741823,1073741823,1073741823,1073741823:f9
1073741823,1073741567,1073741823,1073741567,1073741823,1069547519,1071579007,1073110527,1073594367,1073471487,1073737727,1073741823,1073741823,1073741823,1073741823:f9
1073741823,1073741823,1073741567,1073741567,1073741823,1069547519,1071579007,1073110527,1073594367,1073471487,1073737727,1073741823,1073741823,1073741823,1073741823:f9
1073741823,1073737727,1073741823,1073741567,1073741823,1069547519,1071579007,1073110527,1073594367,1073471487,1073737727,1073741823,1073741823,1073741823,1073741823:f9
1073741823,1073741823,1073740799,1073741567,1073741823,1069547519,1071579007,1073110527,1073594367,1073471487,1073737727,1073741823,1073741823,1073741823,1073741823:f9
1073741823,1073741823,1073741823,1073737471,1073741823,1069547519,1071579007,1073110527,1073594367,1073471487,1073737727,1073741823,1073741823,1073741823,1073741823:f9
1073741823,1073741823,1073741823,1073740543,1073741823,1069547519,1071579007,1073110527,1073594367,1073471487,1073737727,1073741823,1073741823,1073741823,1073741823:f9
1073741823,1073741823,1073741823,1073741567,1073740799,1069547519,1071579007,1073110527,1073594367,1073471487,1073737727,1073741823,1073741823,1073741823,1073741823:f9
1073741823,1073741823,1073741823,1073741567,1073741567,1069547519,1071579007,1073110527,1073594367,1073471487,1073737727,1073741823,1073741823,1073741823,1073741823:f9
1073741823,1073741823,1073741823,1073741567,1073741823,1069547519,1071579007,1073110527,1073594367,1073471471,1073737727,1073741823,1073741823,1073741823,1073741823:f9
1073741823,1073741823,1073741823,1073741567,1073741823,1069547519,1071579007,1073110527,1073594303,1073471487,1073737727,1073741823,1073741823,1073741823,1073741823:f9
1073741823,1073741823,1073741823,1073741567,1073741823,1069547519,1071579007,1073110511,1073594367,1073471487,1073737727,1073741823,1073741823,1073741823,1073741823:f9
1073741823,1073741823,1073741823,1073741567,1073741823,1069547519,1071579007,1073110463,1073594367,1073471487,1073737727,1073741823,1073741823,1073741823,1073741823:f9
1073741823,1073741823,1073741823,1073741567,1073741823,1069547503,1071579007,1073110527,1073594367,1073471487,1073737727,1073741823,1073741823,1073741823,1073741823:d8
1073741823,1073741823,1073741823,1073741567,1073741823,1069547519,1071578751,1073110527,1073594367,1073471487,1073737727,1073741823,1073741823,1073741823,1073741823:f9
1073741823,1073741823,1073741823,1073741567,1073741823,1069547519,1071579007,1073110527,1073594367,1073471487,1073737727,1073741823,1073741567,1073741823,1073741823:f9
1073741823,1073741823,1073741823,1073741567,1073741823,1069547519,1071579007,1073110527,1073594367,1073471487,1073737727,1073740799,1073741823,1073741823,1073741823:f9
1073741823,1073741823,1073741823,1073741567,1073741823,1069547519,1071579007,1073110527,1073594367,1073471487,1073737471,1073741823,1073741823,1073741823,1073741823:f9
1073741823,1073741823,1073741823,1073741567,1073741823,1069547519,1071579007,1073110527,1073594111,1073471487,1073737727,1073741823,1073741823,1073741823,1073741823:f9
1073741823,1073741823,1073741823,1073741567,1073741823,1069547519,1071579007,1073110527,1073594367,1073471487,1073737727,1073741823,1073676287,1073741823,1073741823:f9
1073741823,1073741823,1073741823,1073741567,1073741823,1069547519,1071579007,1073110527,1073594367,1073471487,1073737727,1073741823,1073737727,1073741823,1073741823:f9
1073741823,1073741823,1073741823,1073741567,1073741823,1069547519,1071579007,1073110527,1073594367,1073471487,1073737727,1073741567,1073741823,1073741823,1073741823:f9
1073741823,1073741823,1073741823,1073741567,1073741823,1069547519,1071579007,1073110527,1073594367,1073471487,1073737727,1073676287,1073741823,1073741823,1073741823:f9
1073741823,1073741823,1073741823,1073741567,1073741823,1069547519,1071579007,1073110527,1073594367,1073471487,1073737727,1073737727,1073741823,1073741823,1073741823:f9
1073741823,1073741823,1073741823,1073741567,1073741823,1069547519,1071579007,1073110527,1073594367,1073471231,1073737727,1073741823,1073741823,1073741823,1073741823:f9
1073741823,1073741823,1073741823,1073741567,1073741823,1069547263,1071579007,1073110527,1073594367,1073471487,1073737727,1073741823,1073741823,1073741823,1073741823:f9
1073741823,1073741823,1073741823,1073741567,1073741823,1069543423,1071579007,1073110527,1073594367,1073471487,1073737727,1073741823,1073741823,1073741823,1073741823:f9
1073741823,1073741823,1073741823,1073479423,1073741823,1069547519,1071579007,1073110527,1073594367,1073471487,1073737727,1073741823,1073741823,1073741823,1073741823:f9
1073741823,1073741823,1073741823,1069547263,1073741823,1069547519,1071579007,1073110527,1073594367,1073471487,1073737727,1073741823,1073741823,1073741823,1073741823:f9
1073741823,1073741823,1073741823,1073741567,1069547519,1069547519,1071579007,1073110527,1073594367,1073471487,1073737727,1073741823,1073741823,1073741823,1073741823:f9
1073741823,1073741823,1073741823,1006632703,1073741823,1069547519,1071579007,1073110527,1073594367,1073471487,1073737727,1073741823,1073741823,1073741823,1073741823:f9
1073741823,1073741823,1073741823,1073741567,1073741823,1002438655,1071579007,1073110527,1073594367,1073471487,1073737727,1073741823,1073741823,1073741823,1073741823:f9
1073741823,1073741823,1073741823,1073741567,1073741823,1052770303,1071579007,1073110527,1073594367,1073471487,1073737727,1073741823,1073741823,1073741823,1073741823:f9
1073741823,1073741823,1073741823,1073741567,1073741823,1069547519,1071579007,1006001663,1073594367,1073471487,1073737727,1073741823,1073741823,1073741823,1073741823:f9
1073741823,1073741823,1073741823,1073741567,1073741823,1068498943,1071579007,1073110527,1073594367,1073471487,1073737727,1073741823,1073741823,1073741823,1073741823:f9
1073741823,1073741823,1073741823,1073741567,1056964607,1069547519,1071579007,1073110527,1073594367,1073471487,1073737727,1073741823,1073741823,1073741823,1073741823:f9
1073741823,1073741823,1073741823,1073741567,1073741823,1069547519,1054801791,1073110527,1073594367,1073471487,1073737727,1073741823,1073741823,1073741823,1073741823:f9
1073741823,1073741823,1073741823,1073741567,1073741823,1069547519,1067384703,1073110527,1073594367,1073471487,1073737727,1073741823,1073741823,1073741823,1073741823:f9
1073741823,1073741823,1073741823,1073741567,1073741823,1069547519,1071579007,1073110527,1056817151,1073471487,1073737727,1073741823,1073741823,1073741823,1073741823:f9
1073741823,1073741823,1073741823,1073741567,1073741823,1069547519,1071579007,1073110527,1073594367,1073471487,1073737727,1073725439,1073741823,1073741823,1073741823:f9
1073741823,1073741823,1073741823,1073741567,1073741823,1069547519,1071579007,1073110527,1073594367,1072422911,1073737727,1073741823,1073741823,1073741823,1073741823:f9
1073741823,1073741823,1073741823,1073741567,1073741823,1069547519,1071579007,1073110527,1073594367,1073471487,1073737727,1069547519,1073741823,1073741823,1073741823:f9
1073741823,1073741823,1073741823,1073741567,1073741823,1069547519,1071579007,1073110527,1073594367,1073471487,1073737727,1073479679,1073741823,1073741823,1073741823:f9
1073741823,1073741823,1073741823,1073741567,1073741823,1069547519,1071579007,1073110527,1073594367,1073471487,1072689151,1073741823,1073741823,1073741823,1073741823:f9
1073741823,1073741823,1073741823,1073741567,1073741823,1069547519,1071579007,1073110527,1073594367,1073471487,1073672191,1073741823,1073741823,1073741823,1073741823:f9
1073741823,1073741823,1073741823,1073741567,1073741823,1069547519,1071579007,1073110527,1073594367,1073471487,1073736703,1073741823,1073741823,1073741823,1073741823:f9
1073741823,1073741823,1073741823,1073741567,1073741823,1069547519,1071579007,1073110527,1073593343,1073471487,1073737727,1073741823,1073741823,1073741823,1073741823:d8
1073741823,1073741823,1073741823,1073741567,1073741823,1069547519,1071577983,1073110527,1073594367,1073471487,1073737727,1073741823,1073741823,1073741823,1073741823:f9
1073741823,1073741823,1073741823,1073741567,1073741823,1069547519,1071579007,1073110527,1073594367,1073471487,1073475583,1073741823,1073741823,1073741823,1073741823:f9
1073741823,1073741823,1073741823,1073741567,1073741823,1069547519,1071579007,1073110527,1073594367,1073405951,1073737727,1073741823,1073741823,1073741823,1073741823:f9
1073741823,1073741823,1073741823,1073741567,1073741823,1069547519,1071579007,1073110527,1073594367,1073471487,1073721343,1073741823,1073741823,1073741823,1073741823:d8
1073741823,1073741823,1073741823,1073741567,1073741823,1069547519,1071579007,1068916223,1073594367,1073471487,1073737727,1073741823,1073741823,1073741823,1073741823:f9
1073741823,1073741823,1073741823,1073741567,1073741823,1069547519,1071579007,1072061951,1073594367,1073471487,1073737727,1073741823,1073741823,1073741823,1073741823:f9
1073741823,1073741823,1073741823,1073741567,1073741823,1069547519,1071579007,1073110527,1073594367,1069277183,1073737727,1073741823,1073741823,1073741823,1073741823:f9
1073741823,1073741823,1073741823,1073741567,1073741823,1069547519,1071579007,1073110527,1073332223,1073471487,1073737727,1073741823,1073741823,1073741823,1073741823:f9
1073741823,1073741823,1073741823,1073741567,1073737727,1069547519,1071579007,1073110527,1073594367,1073471487,1073737727,1073741823,1073741823,1073741823,1073741823:f9
1073741823,1073741823,1073741823,1073741567,1073676287,1069547519,1071579007,1073110527,1073594367,1073471487,1073737727,1073741823,1073741823,1073741823,1073741823:f9
1073741823,1073741823,1073741823,1073741567,1073741823,1069481983,1071579007,1073110527,1073594367,1073471487,1073737727,1073741823,1073741823,1073741823,1073741823:f9
1073741823,1073741823,1073741823,1073741567,1072693247,1069547519,1071579007,1073110527,1073594367,1073471487,1073737727,1073741823,1073741823,1073741823,1073741823:f9
1073741823,1073741823,1073741823,1073741567,1073741823,1069547519,1071316863,1073110527,1073594367,1073471487,1073737727,1073741823,1073741823,1073741823,1073741823:f9
1073741823,1073741823,1073741823,1073741567,1073741823,1069547519,1071579007,1073110527,1072545791,1073471487,1073737727,1073741823,1073741823,1073741823,1073741823:f9
1073741823,1073741823,1073741823,1073741567,1073741823,1069547519,1071579007,1073110527,1073594367,1073470463,1073737727,1073741823,1073741823,1073741823,1073741823:f9
1073741823,1073741823,1073741823,1073741567,1073741823,1069547519,1071579007,1073110527,1073590271,1073471487,1073737727,1073741823,1073741823,1073741823,1073741823:f9
1073741823,1073741823,1073741823,1073741567,1073741823,1069547519,1071579007,1073109503,1073594367,1073471487,1073737727,1073741823,1073741823,1073741823,1073741823:f9
1073741823,1073741823,1073741823,1073741567,1073741823,1069546495,1071579007,1073110527,1073594367,1073471487,1073737727,1073741823,1073741823,1073741823,1073741823:f9
1073741823,1073741823,1073741823,1073741567,1073741823,1069547519,1071574911,1073110527,1073594367,1073471487,1073737727,1073741823,1073741823,1073741823,1073741823:f9
1073741823,1073741823,1073741823,1073741567,1073741823,1069531135,1071579007,1073110527,1073594367,1073471487,1073737727,1073741823,1073741823,1073741823,1073741823:f9
1073741823,1073741823,1073741823,1073741567,1073741823,1069547519,1071562623,1073110527,1073594367,1073471487,1073737727,1073741823,1073741823,1073741823,1073741823:f9
1073741823,1073741823,1073741823,1073741567,1073741823,1069285375,1071579007,1073110527,1073594367,1073471487,1073737727,1073741823,1073741823,1073741823,1073741823:f9
1073741823,1073741823,1073741823,1073741567,1073741823,1069547519,1071579007,1073110527,1073594367,1073455103,1073737727,1073741823,1073741823,1073741823,1073741823:f9
