1073741823,1073741823,1073741823,1073741823,1073741823,1069547519,1071579135,1073110527,1073594367,1073471471,1073737727,1073741823,1073741823,1073741823,1073741823:f9
1073741823,1073741823,1073741823,1073741823,1073741823,1069547519,1071579135,1073110527,1073592319,1073471471,1073737727,1073741822,1073741823,1073741823,1073741823:f8
1073741823,1073741823,1073741823,1073741823,1073741823,1069547519,1071579135,1073110527,1073592319,1073471471,1073737723,1073741823,1073741823,1073741823,1073741823:f8
1073741823,1073741823,1073741823,1073741823,1073741823,1069547519,1071579135,1073110527,1073592319,1073471470,1073737727,1073741823,1073741823,1073741823,1073741823:f8
1073741823,1073741823,1073741823,1073741823,1073741823,1069547519,1071579135,1073110527,1073592319,1073471467,1073737727,1073741823,1073741823,1073741823,1073741823:f8
1073741823,1073741823,1073741823,1073741823,1073741823,1069547519,1071579135,1073110526,1073592319,1073471471,1073737727,1073741823,1073741823,1073741823,1073741823:f8
1073741823,1073741823,1073741823,1073741823,1073741823,1069547519,1071579135,1073110527,1073592315,1073471471,1073737727,1073741823,1073741823,1073741823,1073741823:f8
1073741823,1073741823,1073741823,1073741823,1073741823,1069547519,1071579135,1073110527,1073592303,1073471471,1073737727,1073741823,1073741823,1073741823,1073741823:f8
1073741823,1073741823,1073741823,1073741823,1073741823,1069547519,1071579135,1073110527,1073592319,1073471407,1073737727,1073741823,1073741823,1073741823,1073741823:d7
1073741823,1073741823,1073741823,1073741823,1073741823,1069547519,1071579135,1073110527,1073592319,1073471471,1073737663,1073741823,1073741823,1073741823,1073741823:d7
1073741823,1073741823,1073741823,1073741823,1073741823,1069547519,1071579135,1073110527,1073592319,1073471471,1073737727,1073741807,1073741823,1073741823,1073741823:f8
1073741823,1073741823,1073741823,1073741823,1073741823,1069547519,1071579135,1073110527,1073592319,1073471471,1073737711,1073741823,1073741823,1073741823,1073741823:d7
1073741823,1073741823,1073741823,1073741823,1073741823,1069547519,1071579135,1073110527,1073592255,1073471471,1073737727,1073741823,1073741823,1073741823,1073741823:f8
1073741823,1073741823,1073741823,1073741823,1073741823,1069547519,1071579135,1073110511,1073592319,1073471471,1073737727,1073741823,1073741823,1073741823,1073741823:f8
1073741823,1073741823,1073741823,1073741823,1073741823,1069547519,1071579135,1073110463,1073592319,1073471471,1073737727,1073741823,1073741823,1073741823,1073741823:d7
1073741823,1073741823,1073741823,1073741823,1073741823,1069547503,1071579135,1073110527,1073592319,1073471471,1073737727,1073741823,1073741823,1073741823,1073741823:f8
1073741823,1073741823,1073741823,1073741823,1073741823,1069547519,1071579071,1073110527,1073592319,1073471471,1073737727,1073741823,1073741823,1073741823,1073741823:f8
1073741823,1073741823,1073741823,1073741823,1073741823,1069547519,1071578879,1073110527,1073592319,1073471471,1073737727,1073741823,1073741823,1073741823,1073741823:d7
1073741823,1073741823,1073741823,1073741823,1073741823,1069547519,1071579135,1073110527,1073592319,1073471471,1073737727,1073741823,1073741567,1073741823,1073741823:f8
1073741823,1073741823,1073741823,1073741823,1073741823,1069547519,1071579135,1073110527,1073592319,1073471471,1073737727,1073740799,1073741823,1073741823,1073741823:f8
1073741823,1073741823,1073741823,1073741823,1073741823,1069547519,1071579135,1073110527,1073592319,1073471471,1073737471,1073741823,1073741823,1073741823,1073741823:d7
1073741823,1073741823,1073741823,1073741823,1073741823,1069547519,1071579135,1073110527,1073592063,1073471471,1073737727,1073741823,1073741823,1073741823,1073741823:f8
1073741823,1073741823,1073741823,1073741823,1073741823,1069547519,1071579135,1073110527,1073592319,1073471471,1073737727,1073741823,1073676287,1073741823,1073741823:f8
1073741823,1073741823,1073741823,1073741823,1073741823,1069547519,1071579135,1073110527,1073592319,1073471471,1073737727,1073741823,1073737727,1073741823,1073741823:f8
1073741823,1073741823,1073741823,1073741823,1073741823,1069547519,1071579135,1073110527,1073592319,1073471471,1073737727,1073741567,1073741823,1073741823,1073741823:f8
1073741823,1073741823,1073741823,1073741823,1073741823,1069547519,1071579135,1073110527,1073592319,1073471471,1073737727,1073676287,1073741823,1073741823,1073741823:f8
1073741823,1073741823,1073741823,1073741823,1073741823,1069547519,1071579135,1073110527,1073592319,1073471471,1073737727,1073737727,1073741823,1073741823,1073741823:f8
1073741823,1073741823,1073741823,1073741823,1073741823,1069547519,1071579135,1073110527,1073592319,1073471215,1073737727,1073741823,1073741823,1073741823,1073741823:d7
1073741823,1073741823,1073741823,1073741823,1073741823,1069547263,1071579135,1073110527,1073592319,1073471471,1073737727,1073741823,1073741823,1073741823,1073741823:f8
1073741823,1073741823,1073741823,1073741823,1073741823,1069543423,1071579135,1073110527,1073592319,1073471471,1073737727,1073741823,1073741823,1073741823,1073741823:f8
1073741823,1073741823,1073741823,1073479679,1073741823,1069547519,1071579135,1073110527,1073592319,1073471471,1073737727,1073741823,1073741823,1073741823,1073741823:f8
1073741823,1073741823,1073741823,1069547519,1073741823,1069547519,1071579135,1073110527,1073592319,1073471471,1073737727,1073741823,1073741823,1073741823,1073741823:f8
1073741823,1073741823,1073741823,1073741823,1069547519,1069547519,1071579135,1073110527,1073592319,1073471471,1073737727,1073741823,1073741823,1073741823,1073741823:d7
1073741823,1073741823,1073741823,1006632959,1073741823,1069547519,1071579135,1073110527,1073592319,1073471471,1073737727,1073741823,1073741823,1073741823,1073741823:f8
1073741823,1073741823,1073741823,1073741823,1073741823,1002438655,1071579135,1073110527,1073592319,1073471471,1073737727,1073741823,1073741823,1073741823,1073741823:f8
1073741823,1073741823,1073741823,1073741823,1073741823,1052770303,1071579135,1073110527,1073592319,1073471471,1073737727,1073741823,1073741823,1073741823,1073741823:f8
1073741823,1073741823,1073741823,1073741823,1073741823,1069547519,1071579135,1006001663,1073592319,1073471471,1073737727,1073741823,1073741823,1073741823,1073741823:f8
1073741823,1073741823,1073741823,1073741823,1073741823,1068498943,1071579135,1073110527,1073592319,1073471471,1073737727,1073741823,1073741823,1073741823,1073741823:d7
1073741823,1073741823,1073741823,1073741823,1056964607,1069547519,1071579135,1073110527,1073592319,1073471471,1073737727,1073741823,1073741823,1073741823,1073741823:f8
1073741823,1073741823,1073741823,1073741823,1073741823,1069547519,1054801919,1073110527,1073592319,1073471471,1073737727,1073741823,1073741823,1073741823,1073741823:f8
1073741823,1073741823,1073741823,1073741823,1073741823,1069547519,1067384831,1073110527,1073592319,1073471471,1073737727,1073741823,1073741823,1073741823,1073741823:f8
1073741823,1073741823,1073741823,1073741823,1073741823,1069547519,1071579135,1073110527,1056815103,1073471471,1073737727,1073741823,1073741823,1073741823,1073741823:f8
1073741823,1073741823,1073741823,1073741823,1073741823,1069547519,1071579135,1073110527,1073592319,1073471471,1073737727,1073725439,1073741823,1073741823,1073741823:f8
1073741823,1073741823,1073741823,1073741823,1073741823,1069547519,1071579135,1073110527,1073592319,1072422895,1073737727,1073741823,1073741823,1073741823,1073741823:f8
1073741823,1073741823,1073741823,1073741823,1073741823,1069547519,1071579135,1073110527,1073592319,1073471471,1073737727,1069547519,1073741823,1073741823,1073741823:f8
1073741823,1073741823,1073741823,1073741823,1073741823,1069547519,1071579135,1073110527,1073592319,1073471471,1073737727,1073479679,1073741823,1073741823,1073741823:f8
1073741823,1073741823,1073741823,1073741823,1073741823,1069547519,1071579135,1073110527,1073592319,1073471471,1072689151,1073741823,1073741823,1073741823,1073741823:f8
1073741823,1073741823,1073741823,1073741823,1073741823,1069547519,1071579135,1073110527,1073592319,1073471471,1073672191,1073741823,1073741823,1073741823,1073741823:f8
1073741823,1073741823,1073741823,1073741823,1073741823,1069547519,1071579135,1073110527,1073592319,1073471471,1073736703,1073741823,1073741823,1073741823,1073741823:f8
1073741823,1073741823,1073741823,1073741823,1073741823,1069547519,1071578111,1073110527,1073592319,1073471471,1073737727,1073741823,1073741823,1073741823,1073741823:d7
1073741823,1073741823,1073741823,1073741823,1073741823,1069547519,1071579135,1073110527,1073592319,1073471471,1073475583,1073741823,1073741823,1073741823,1073741823:f8
1073741823,1073741823,1073741823,1073741823,1073741823,1069547519,1071579135,1073110527,1073592319,1073405935,1073737727,1073741823,1073741823,1073741823,1073741823:f8
1073741823,1073741823,1073741823,1073741823,1073741823,1069547519,1071579135,1073110527,1073592319,1073471471,1073721343,1073741823,1073741823,1073741823,1073741823:f8
1073741823,1073741823,1073741823,1073741823,1073741823,1069547519,1071579135,1068916223,1073592319,1073471471,1073737727,1073741823,1073741823,1073741823,1073741823:f8
1073741823,1073741823,1073741823,1073741823,1073741823,1069547519,1071579135,1072061951,1073592319,1073471471,1073737727,1073741823,1073741823,1073741823,1073741823:f8
1073741823,1073741823,1073741823,1073741823,1073741823,1069547519,1071579135,1073110527,1073592319,1069277167,1073737727,1073741823,1073741823,1073741823,1073741823:f8
1073741823,1073741823,1073741823,1073741823,1073741823,1069547519,1071579135,1073110527,1073330175,1073471471,1073737727,1073741823,1073741823,1073741823,1073741823:f8
1073741823,1073741823,1073741823,1073741823,1073737727,1069547519,1071579135,1073110527,1073592319,1073471471,1073737727,1073741823,1073741823,1073741823,1073741823:f8
1073741823,1073741823,1073741823,1073741823,1073676287,1069547519,1071579135,1073110527,1073592319,1073471471,1073737727,1073741823,1073741823,1073741823,1073741823:d7
1073741823,1073741823,1073741823,1073741823,1073741823,1069481983,1071579135,1073110527,1073592319,1073471471,1073737727,1073741823,1073741823,1073741823,1073741823:f8
1073741823,1073741823,1073741823,1073741823,1072693247,1069547519,1071579135,1073110527,1073592319,1073471471,1073737727,1073741823,1073741823,1073741823,1073741823:f8
1073741823,1073741823,1073741823,1073741823,1073741823,1069547519,1071316991,1073110527,1073592319,1073471471,1073737727,1073741823,1073741823,1073741823,1073741823:d7
1073741823,1073741823,1073741823,1073741823,1073741823,1069547519,1071579135,1073110527,1072543743,1073471471,1073737727,1073741823,1073741823,1073741823,1073741823:f8
1073741823,1073741823,1073741823,1073741823,1073741823,1069547519,1071579135,1073110527,1073592319,1073470447,1073737727,1073741823,1073741823,1073741823,1073741823:d7
1073741823,1073741823,1073741823,1073741823,1073741823,1069547519,1071579135,1073110527,1073588223,1073471471,1073737727,1073741823,1073741823,1073741823,1073741823:f8
1073741823,1073741823,1073741823,1073741823,1073741823,1069547519,1071579135,1073109503,1073592319,1073471471,1073737727,1073741823,1073741823,1073741823,1073741823:d7
1073741823,1073741823,1073741823,1073741823,1073741823,1069546495,1071579135,1073110527,1073592319,1073471471,1073737727,1073741823,1073741823,1073741823,1073741823:f8
1073741823,1073741823,1073741823,1073741823,1073741823,1069547519,1071575039,1073110527,1073592319,1073471471,1073737727,1073741823,1073741823,1073741823,1073741823:d7
1073741823,1073741823,1073741823,1073741823,1073741823,1069531135,1071579135,1073110527,1073592319,1073471471,1073737727,1073741823,1073741823,1073741823,1073741823:f8
1073741823,1073741823,1073741823,1073741823,1073741823,1069547519,1071562751,1073110527,1073592319,1073471471,1073737727,1073741823,1073741823,1073741823,1073741823:d7
1073741823,1073741823,1073741823,1073741823,1073741823,1069285375,1071579135,1073110527,1073592319,1073471471,1073737727,1073741823,1073741823,1073741823,1073741823:f8
1073741823,1073741823,1073741823,1073741823,1073741823,1069547519,1071579135,1073110527,1073592319,1073455087,1073737727,1073741823,1073741823,1073741823,1073741823:f8
