1073741823,1073741823,1073741823,1073741823,1073741823,1073741823,1072332799,1073049599,1073217535,1072693247,1073741823,1073741823,1073741823,1073741823,1073741823:h9
1073741823,1073741823,1073741823,1073741823,1073741823,1073741823,1072332799,1073049599,1073184767,1072693247,1073740799,1073741823,1073741823,1073741823,1073741823:h6
1073741823,1073741823,1073741823,1073741823,1073741823,1073741823,1072332799,1073049599,1073184767,1072693247,1073741823,1073676287,1073741823,1073741823,1073741823:h6
1073741823,1073741823,1073741823,1073741823,1073741823,1073741823,1072332799,1056272383,1073184767,1072693247,1073741823,1073741823,1073741823,1073741823,1073741823:h6
1073741823,1073741823,1073741823,1073741823,1073741823,1073741823,1072332799,1073049599,1073184767,1055916031,1073741823,1073741823,1073741823,1073741823,1073741823:h6
1073741823,1073741823,1073741823,1073741823,1073741823,1073741823,1072332799,1073049599,1073184767,1072693247,1073741823,1056964607,1073741823,1073741823,1073741823:h6
1073741823,1073741823,1073741823,1073741823,1073741823,1073741823,1072332799,1073049599,1073184767,1072693247,1073741823,1072693247,1073741823,1073741823,1073741823:h6
1073741823,1073741823,1073741823,1073741823,1073741823,1073741823,1072332799,1073049599,1073184767,1072693247,1072693247,1073741823,1073741823,1073741823,1073741823:h6
1073741823,1073741823,1073741823,1073741823,1073740799,1073741823,1072332799,1073049599,1073184767,1072693247,1073741823,1073741823,1073741823,1073741823,1073741823:h6
1073741823,1073741823,1073741823,1073741823,1073725439,1073741823,1072332799,1073049599,1073184767,1072693247,1073741823,1073741823,1073741823,1073741823,1073741823:h10
1073741823,1073741823,1073741823,1073741823,1073479679,1073741823,1072332799,1073049599,1073184767,1072693247,1073741823,1073741823,1073741823,1073741823,1073741823:h6
1073741823,1073741823,1073741823,1073741823,1069547519,1073741823,1072332799,1073049599,1073184767,1072693247,1073741823,1073741823,1073741823,1073741823,1073741823:h6
1073741823,1073741823,1073741823,1073741823,1073741823,1073741823,1072332799,1073049599,1073184767,1072693247,1073725439,1073741823,1073741823,1073741823,1073741823:h6
1073741823,1073741823,1073741823,1073741823,1073741823,1073741823,1072332799,1073049599,1068990463,1072693247,1073741823,1073741823,1073741823,1073741823,1073741823:h6
1073741823,1073741823,1073741823,1073741823,1073741823,1073741823,1072332799,1073049599,1073184767,1072693247,1069547519,1073741823,1073741823,1073741823,1073741823:h6
1073741823,1073741823,1073741823,1073741823,1073741823,1073741823,1072332799,1073049599,1073184767,1072693247,1073479679,1073741823,1073741823,1073741823,1073741823:h6
1073741823,1073741823,1073741823,1073741823,1073741823,1073741823,1072332799,1073049599,1073184767,1072692991,1073741823,1073741823,1073741823,1073741823,1073741823:h6
1073741823,1073741823,1073741823,1073741823,1073741823,1073741823,1072332799,1073049599,1073183743,1072693247,1073741823,1073741823,1073741823,1073741823,1073741823:h6
1073741823,1073741823,1073741823,1073741823,1073741823,1073741823,1072332799,1073049343,1073184767,1072693247,1073741823,1073741823,1073741823,1073741823,1073741823:h6
1073741823,1073741823,1073741823,1073741823,1073741823,1073741567,1072332799,1073049599,1073184767,1072693247,1073741823,1073741823,1073741823,1073741823,1073741823:h6
1073741823,1073741823,1073741823,1073741823,1073741823,1073741823,1072331775,1073049599,1073184767,1072693247,1073741823,1073741823,1073741823,1073741823,1073741823:h6
1073741823,1073741823,1073741823,1073741823,1073741823,1073741823,1072332799,1073049599,1073184767,1072689151,1073741823,1073741823,1073741823,1073741823,1073741823:h6
1073741823,1073741823,1073741823,1073741823,1073741823,1073737727,1072332799,1073049599,1073184767,1072693247,1073741823,1073741823,1073741823,1073741823,1073741823:h6
1073741823,1073741823,1073741823,1073741823,1073741823,1073741823,1072332799,1073049599,1073184767,1072627711,1073741823,1073741823,1073741823,1073741823,1073741823:h6
1073741823,1073741823,1073741823,1073741823,1073741823,1072693247,1072332799,1073049599,1073184767,1072693247,1073741823,1073741823,1073741823,1073741823,1073741823:h6
1073741823,1073741823,1073741823,1073741823,1056964607,1073741823,1072332799,1073049599,1073184767,1072693247,1073741823,1073741823,1073741823,1073741823,1073741823:h6
1073741823,1073741823,1073741823,1073741823,1073741823,1073741823,1055555583,1073049599,1073184767,1072693247,1073741823,1073741823,1073741823,1073741823,1073741823:l7
1073741823,1073741823,1073741823,1073741823,1006632959,1073741823,1047166975,1073049599,1073184767,1072693247,1073741823,1073741823,1073741823,1073741823,1073741823:h6
1073741823,1073741823,1073741823,1073741823,1073741823,1073741823,1047166975,1073049599,1006075903,1072693247,1073741823,1073741823,1073741823,1073741823,1073741823:h6
1073741823,1073741823,1073741823,1073741823,1073741823,1056964607,1047166975,1073049599,1073184767,1072693247,1073741823,1073741823,1073741823,1073741823,1073741823:h6
1073741823,1073741823,1073741823,1073741823,805306367,1073741823,1047166975,1073049599,1073184767,1072693247,1073741823,1073741823,1073741823,1073741823,1073741823:h6
1073741823,1073741823,1073741823,1073741823,1073741823,1006632959,1047166975,1073049599,1073184767,1072693247,1073741823,1073741823,1073741823,1073741823,1073741823:h6
1073741823,1073741823,1073741823,1073741823,1073741823,1073741823,778731519,1073049599,1073184767,1072693247,1073741823,1073741823,1073741823,1073741823,1073741823:h6
1073741823,1073741823,1073741823,1073741823,1073741823,1073741823,980058111,1073049599,1073184767,1072693247,1073741823,1073741823,1073741823,1073741823,1073741823:h6
1073741823,1073741823,1073741823,1073741823,1073741823,1073741823,1047166975,1073049599,804749311,1072693247,1073741823,1073741823,1073741823,1073741823,1073741823:h6
1073741823,1073741823,1073741823,1073741823,1073741823,1073741823,1047166975,1005940735,1073184767,1072693247,1073741823,1073741823,1073741823,1073741823,1073741823:h6
1073741823,1073741823,1073741823,1073741823,1073741823,1073741823,1047166975,1073049599,1073184767,1072693247,1073740799,1073741823,1073741823,1073741823,1073741823:h6
1073741823,1073741823,1073741823,1073741823,1073741823,1073741823,1047166975,1073049599,1073184767,1072693247,1073741823,1073676287,1073741823,1073741823,1073741823:h6
1073741823,1073741823,1073741823,1073741823,1073741823,1073741823,1047166975,1056272383,1073184767,1072693247,1073741823,1073741823,1073741823,1073741823,1073741823:h6
1073741823,1073741823,1073741823,1073741823,1073741823,1073741823,1047166975,1073049599,1073184767,1055916031,1073741823,1073741823,1073741823,1073741823,1073741823:h6
1073741823,1073741823,1073741823,1073741823,1073741823,1073741823,1047166975,1073049599,1073184767,1072693247,1073741823,1056964607,1073741823,1073741823,1073741823:h6
1073741823,1073741823,1073741823,1073741823,1073741823,1073741823,1047166975,1073049599,1073184767,1072693247,1073741823,1072693247,1073741823,1073741823,1073741823:h6
1073741823,1073741823,1073741823,1073741823,1073741823,1073741823,1047166975,1073049599,1073184767,1072693247,1072693247,1073741823,1073741823,1073741823,1073741823:h6
1073741823,1073741823,1073741823,1073741823,1073740799,1073741823,1047166975,1073049599,1073184767,1072693247,1073741823,1073741823,1073741823,1073741823,1073741823:h6
1073741823,1073741823,1073741823,1073741823,1073725439,1073741823,1047166975,1073049599,1073184767,1072693247,1073741823,1073741823,1073741823,1073741823,1073741823:h10
1073741823,1073741823,1073741823,1073741823,1073479679,1073741823,1047166975,1073049599,1073184767,1072693247,1073741823,1073741823,1073741823,1073741823,1073741823:h6
1073741823,1073741823,1073741823,1073741823,1069547519,1073741823,1047166975,1073049599,1073184767,1072693247,1073741823,1073741823,1073741823,1073741823,1073741823:h6
1073741823,1073741823,1073741823,1073741823,1073741823,1073741823,1047166975,1073049599,1073184767,1072693247,1073725439,1073741823,1073741823,1073741823,1073741823:h6
1073741823,1073741823,1073741823,1073741823,1073741823,1073741823,1047166975,1073049599,1068990463,1072693247,1073741823,1073741823,1073741823,1073741823,1073741823:h6
1073741823,1073741823,1073741823,1073741823,1073741823,1073741823,1047166975,1073049599,1073184767,1072693247,1069547519,1073741823,1073741823,1073741823,1073741823:h6
1073741823,1073741823,1073741823,1073741823,1073741823,1073741823,1047166975,1073049599,1073184767,1072693247,1073479679,1073741823,1073741823,1073741823,1073741823:h6
1073741823,1073741823,1073741823,1073741823,1073741823,1073741823,1047166975,1073049599,1073184767,1072692991,1073741823,1073741823,1073741823,1073741823,1073741823:h6
1073741823,1073741823,1073741823,1073741823,1073741823,1073741823,1047166975,1073049599,1073183743,1072693247,1073741823,1073741823,1073741823,1073741823,1073741823:h6
1073741823,1073741823,1073741823,1073741823,1073741823,1073741823,1047166975,1073049343,1073184767,1072693247,1073741823,1073741823,1073741823,1073741823,1073741823:h6
1073741823,1073741823,1073741823,1073741823,1073741823,1073741567,1047166975,1073049599,1073184767,1072693247,1073741823,1073741823,1073741823,1073741823,1073741823:h6
1073741823,1073741823,1073741823,1073741823,1073741823,1073741823,1047165951,1073049599,1073184767,1072693247,1073741823,1073741823,1073741823,1073741823,1073741823:h6
1073741823,1073741823,1073741823,1073741823,1073741823,1073741823,1047166975,1073049599,1073184767,1072689151,1073741823,1073741823,1073741823,1073741823,1073741823:h6
1073741823,1073741823,1073741823,1073741823,1073741823,1073737727,1047166975,1073049599,1073184767,1072693247,1073741823,1073741823,1073741823,1073741823,1073741823:h6
1073741823,1073741823,1073741823,1073741823,1073741823,1073741823,1047166975,1073049599,1073184767,1072627711,1073741823,1073741823,1073741823,1073741823,1073741823:h6
1073741823,1073741823,1073741823,1073741823,1073741823,1072693247,1047166975,1073049599,1073184767,1072693247,1073741823,1073741823,1073741823,1073741823,1073741823:h6
1073741823,1073741823,1073741823,1073741823,1056964607,1073741823,1047166975,1073049599,1073184767,1072693247,1073741823,1073741823,1073741823,1073741823,1073741823:h6
1073741823,1073741823,1073741823,1073741823,1073741823,1073741823,1047166975,1073049599,1056407551,1072693247,1073741823,1073741823,1073741823,1073741823,1073741823:h6
1073741823,1073741823,1073741823,1073741823,1073741823,1069547519,1047166975,1073049599,1073184767,1072693247,1073741823,1073741823,1073741823,1073741823,1073741823:h6
1073741823,1073741823,1073741823,1073741823,1073741823,1073741823,1047166975,1068855295,1073184767,1072693247,1073741823,1073741823,1073741823,1073741823,1073741823:h6
1073741823,1073741823,1073741823,1073741823,1073741823,1073741823,1047166975,1072001023,1073184767,1072693247,1073741823,1073741823,1073741823,1073741823,1073741823:h6
1073741823,1073741823,1073741823,1073741823,1073741823,1073741823,1047166975,1073049599,1073184767,1068498943,1073741823,1073741823,1073741823,1073741823,1073741823:h6
1073741823,1073741823,1073741823,1073741823,1073737727,1073741823,1047166975,1073049599,1073184767,1072693247,1073741823,1073741823,1073741823,1073741823,1073741823:h6
1073741823,1073741823,1073741823,1073741823,1073676287,1073741823,1047166975,1073049599,1073184767,1072693247,1073741823,1073741823,1073741823,1073741823,1073741823:h6
1073741823,1073741823,1073741823,1073741823,1073741823,1073676287,1047166975,1073049599,1073184767,1072693247,1073741823,1073741823,1073741823,1073741823,1073741823:h6
1073741823,1073741823,1073741823,1073741823,1072693247,1073741823,1047166975,1073049599,1073184767,1072693247,1073741823,1073741823,1073741823,1073741823,1073741823:h6
1073741823,1073741823,1073741823,1073741823,1073741823,1073741823,1047166975,1073049599,1072136191,1072693247,1073741823,1073741823,1073741823,1073741823,1073741823:h6
1073741823,1073741823,1073741823,1073741823,1073741823,1073741823,1047166975,1073049599,1073184767,1072692223,1073741823,1073741823,1073741823,1073741823,1073741823:h6
1073741823,1073741823,1073741823,1073741823,1073741823,1073741823,1047166975,1073049599,1073180671,1072693247,1073741823,1073741823,1073741823,1073741823,1073741823:h6
1073741823,1073741823,1073741823,1073741823,1073741823,1073741823,1047166975,1073048575,1073184767,1072693247,1073741823,1073741823,1073741823,1073741823,1073741823:h6
1073741823,1073741823,1073741823,1073741823,1073741823,1073740799,1047166975,1073049599,1073184767,1072693247,1073741823,1073741823,1073741823,1073741823,1073741823:h6
1073741823,1073741823,1073741823,1073741823,1073741823,1073741823,1047162879,1073049599,1073184767,1072693247,1073741823,1073741823,1073741823,1073741823,1073741823:h6
1073741823,1073741823,1073741823,1073741823,1073741823,1073725439,1047166975,1073049599,1073184767,1072693247,1073741823,1073741823,1073741823,1073741823,1073741823:h11
1073741823,1073741823,1073741823,1073741823,1073741823,1073479679,1047166975,1073049599,1073184767,1072693247,1073741823,1073741823,1073741823,1073741823,1073741823:h6
1073741823,1073741823,1073741823,1073741823,1073741823,1073741823,1047166975,1073049599,1073184767,1072431103,1073741823,1073741823,1073741823,1073741823,1073741823:h6
1073741823,1073741823,1073741823,1073741823,1073741823,1073741823,1047166975,1073049599,1073119231,1072693247,1073741823,1073741823,1073741823,1073741823,1073741823:h6
1073741823,1073741823,1073741823,1073741823,1073741823,1073741823,1047166975,1073049599,1073184767,1072676863,1073741823,1073741823,1073741823,1073741823,1073741823:k8
1073741823,1073741823,1073741823,1073741823,1073741823,1073741823,1068138495,1073049599,1073184767,1072693247,1073741823,1073741823,1073741823,1073741823,1073741823:m7
1073741823,1073741823,1073741823,1073741823,805306367,1073741823,1034584063,1073049599,1073184767,1072693247,1073741823,1073741823,1073741823,1073741823,1073741823:h6
1073741823,1073741823,1073741823,1073741823,1073741823,1006632959,1034584063,1073049599,1073184767,1072693247,1073741823,1073741823,1073741823,1073741823,1073741823:h6
1073741823,1073741823,1073741823,1073741823,1073741823,1073741823,766148607,1073049599,1073184767,1072693247,1073741823,1073741823,1073741823,1073741823,1073741823:h6
1073741823,1073741823,1073741823,1073741823,1073741823,1073741823,1034584063,1073049599,804749311,1072693247,1073741823,1073741823,1073741823,1073741823,1073741823:h6
1073741823,1073741823,1073741823,1073741823,1073741823,1073741823,1034584063,1005940735,1073184767,1072693247,1073741823,1073741823,1073741823,1073741823,1073741823:h6
1073741823,1073741823,1073741823,1073741823,1006632959,1073741823,1034584063,1073049599,1073184767,1072693247,1073741823,1073741823,1073741823,1073741823,1073741823:h6
1073741823,1073741823,1073741823,1073741823,1073741823,1056964607,1034584063,1073049599,1073184767,1072693247,1073741823,1073741823,1073741823,1073741823,1073741823:h6
1073741823,1073741823,1073741823,1073741823,1073741823,1073741823,967475199,1073049599,1073184767,1072693247,1073741823,1073741823,1073741823,1073741823,1073741823:h6
1073741823,1073741823,1073741823,1073741823,1073741823,1073741823,1034584063,1073049599,1006075903,1072693247,1073741823,1073741823,1073741823,1073741823,1073741823:h6
1073741823,1073741823,1073741823,1073741823,1073741823,1073741823,1034584063,1073049599,1073184767,1072693247,1073740799,1073741823,1073741823,1073741823,1073741823:h6
1073741823,1073741823,1073741823,1073741823,1073741823,1073741823,1034584063,1073049599,1073184767,1072693247,1073741823,1073676287,1073741823,1073741823,1073741823:h6
1073741823,1073741823,1073741823,1073741823,1073741823,1073741823,1034584063,1056272383,1073184767,1072693247,1073741823,1073741823,1073741823,1073741823,1073741823:h6
1073741823,1073741823,1073741823,1073741823,1073741823,1073741823,1034584063,1073049599,1073184767,1055916031,1073741823,1073741823,1073741823,1073741823,1073741823:h6
1073741823,1073741823,1073741823,1073741823,1073741823,1073741823,1034584063,1073049599,1073184767,1072693247,1073741823,1056964607,1073741823,1073741823,1073741823:h6
1073741823,1073741823,1073741823,1073741823,1073741823,1073741823,1034584063,1073049599,1073184767,1072693247,1073741823,1072693247,1073741823,1073741823,1073741823:h6
1073741823,1073741823,1073741823,1073741823,1073741823,1073741823,1034584063,1073049599,1073184767,1072693247,1072693247,1073741823,1073741823,1073741823,1073741823:h6
1073741823,1073741823,1073741823,1073741823,1073740799,1073741823,1034584063,1073049599,1073184767,1072693247,1073741823,1073741823,1073741823,1073741823,1073741823:h6
1073741823,1073741823,1073741823,1073741823,1073725439,1073741823,1034584063,1073049599,1073184767,1072693247,1073741823,1073741823,1073741823,1073741823,1073741823:h10
1073741823,1073741823,1073741823,1073741823,1073479679,1073741823,1034584063,1073049599,1073184767,1072693247,1073741823,1073741823,1073741823,1073741823,1073741823:h6
1073741823,1073741823,1073741823,1073741823,1069547519,1073741823,1034584063,1073049599,1073184767,1072693247,1073741823,1073741823,1073741823,1073741823,1073741823:h6
1073741823,1073741823,1073741823,1073741823,1073741823,1073741823,1034584063,1073049599,1073184767,1072693247,1073725439,1073741823,1073741823,1073741823,1073741823:h6
1073741823,1073741823,1073741823,1073741823,1073741823,1073741823,1034584063,1073049599,1068990463,1072693247,1073741823,1073741823,1073741823,1073741823,1073741823:h6
1073741823,1073741823,1073741823,1073741823,1073741823,1073741823,1034584063,1073049599,1073184767,1072693247,1069547519,1073741823,1073741823,1073741823,1073741823:h6
1073741823,1073741823,1073741823,1073741823,1073741823,1073741823,1034584063,1073049599,1073184767,1072693247,1073479679,1073741823,1073741823,1073741823,1073741823:h6
1073741823,1073741823,1073741823,1073741823,1073741823,1073741823,1034584063,1073049599,1073184767,1072692991,1073741823,1073741823,1073741823,1073741823,1073741823:h6
1073741823,1073741823,1073741823,1073741823,1073741823,1073741823,1034584063,1073049599,1073183743,1072693247,1073741823,1073741823,1073741823,1073741823,1073741823:h6
1073741823,1073741823,1073741823,1073741823,1073741823,1073741823,1034584063,1073049343,1073184767,1072693247,1073741823,1073741823,1073741823,1073741823,1073741823:h6
1073741823,1073741823,1073741823,1073741823,1073741823,1073741567,1034584063,1073049599,1073184767,1072693247,1073741823,1073741823,1073741823,1073741823,1073741823:h6
1073741823,1073741823,1073741823,1073741823,1073741823,1073741823,1034583039,1073049599,1073184767,1072693247,1073741823,1073741823,1073741823,1073741823,1073741823:h6
1073741823,1073741823,1073741823,1073741823,1073741823,1073741823,1034584063,1073049599,1073184767,1072689151,1073741823,1073741823,1073741823,1073741823,1073741823:h6
1073741823,1073741823,1073741823,1073741823,1073741823,1073737727,1034584063,1073049599,1073184767,1072693247,1073741823,1073741823,1073741823,1073741823,1073741823:h6
1073741823,1073741823,1073741823,1073741823,1073741823,1073741823,1034584063,1073049599,1073184767,1072627711,1073741823,1073741823,1073741823,1073741823,1073741823:h6
1073741823,1073741823,1073741823,1073741823,1073741823,1072693247,1034584063,1073049599,1073184767,1072693247,1073741823,1073741823,1073741823,1073741823,1073741823:h6
1073741823,1073741823,1073741823,1073741823,1056964607,1073741823,1034584063,1073049599,1073184767,1072693247,1073741823,1073741823,1073741823,1073741823,1073741823:h6
1073741823,1073741823,1073741823,1073741823,1073741823,1073741823,1034584063,1073049599,1056407551,1072693247,1073741823,1073741823,1073741823,1073741823,1073741823:h6
1073741823,1073741823,1073741823,1073741823,1073741823,1069547519,1034584063,1073049599,1073184767,1072693247,1073741823,1073741823,1073741823,1073741823,1073741823:h6
1073741823,1073741823,1073741823,1073741823,1073741823,1073741823,1034584063,1068855295,1073184767,1072693247,1073741823,1073741823,1073741823,1073741823,1073741823:h6
1073741823,1073741823,1073741823,1073741823,1073741823,1073741823,1034584063,1072001023,1073184767,1072693247,1073741823,1073741823,1073741823,1073741823,1073741823:h6
1073741823,1073741823,1073741823,1073741823,1073741823,1073741823,1034584063,1073049599,1073184767,1068498943,1073741823,1073741823,1073741823,1073741823,1073741823:h6
1073741823,1073741823,1073741823,1073741823,1073737727,1073741823,1034584063,1073049599,1073184767,1072693247,1073741823,1073741823,1073741823,1073741823,1073741823:h6
1073741823,1073741823,1073741823,1073741823,1073676287,1073741823,1034584063,1073049599,1073184767,1072693247,1073741823,1073741823,1073741823,1073741823,1073741823:h6
1073741823,1073741823,1073741823,1073741823,1073741823,1073676287,1034584063,1073049599,1073184767,1072693247,1073741823,1073741823,1073741823,1073741823,1073741823:h6
1073741823,1073741823,1073741823,1073741823,1072693247,1073741823,1034584063,1073049599,1073184767,1072693247,1073741823,1073741823,1073741823,1073741823,1073741823:h6
1073741823,1073741823,1073741823,1073741823,1073741823,1073741823,1034584063,1073049599,1072136191,1072693247,1073741823,1073741823,1073741823,1073741823,1073741823:h6
1073741823,1073741823,1073741823,1073741823,1073741823,1073741823,1034584063,1073049599,1073184767,1072692223,1073741823,1073741823,1073741823,1073741823,1073741823:h6
1073741823,1073741823,1073741823,1073741823,1073741823,1073741823,1034584063,1073049599,1073180671,1072693247,1073741823,1073741823,1073741823,1073741823,1073741823:h6
1073741823,1073741823,1073741823,1073741823,1073741823,1073741823,1034584063,1073048575,1073184767,1072693247,1073741823,1073741823,1073741823,1073741823,1073741823:h6
1073741823,1073741823,1073741823,1073741823,1073741823,1073740799,1034584063,1073049599,1073184767,1072693247,1073741823,1073741823,1073741823,1073741823,1073741823:h6
1073741823,1073741823,1073741823,1073741823,1073741823,1073741823,1034579967,1073049599,1073184767,1072693247,1073741823,1073741823,1073741823,1073741823,1073741823:h6
1073741823,1073741823,1073741823,1073741823,1073741823,1073725439,1034584063,1073049599,1073184767,1072693247,1073741823,1073741823,1073741823,1073741823,1073741823:l8
1073741823,1073741823,1073741823,1073741823,1073741823,1073479679,1034584063,1073049599,1073184767,1072693247,1073741823,1073741823,1073741823,1073741823,1073741823:h6
1073741823,1073741823,1073741823,1073741823,1073741823,1073741823,1034584063,1073049599,1073184767,1072431103,1073741823,1073741823,1073741823,1073741823,1073741823:h6
1073741823,1073741823,1073741823,1073741823,1073741823,1073741823,1034584063,1073049599,1073119231,1072693247,1073741823,1073741823,1073741823,1073741823,1073741823:h6
1073741823,1073741823,1073741823,1073741823,1073741823,1073741823,1034584063,1073049599,1073184767,1072676863,1073741823,1073741823,1073741823,1073741823,1073741823:l8
1073741823,1073741823,1073741823,1073741823,1073741823,1073741823,1072332799,1073049599,1056407551,1072693247,1073741823,1073741823,1073741823,1073741823,1073741823:h6
1073741823,1073741823,1073741823,1073741823,1073741823,1069547519,1072332799,1073049599,1073184767,1072693247,1073741823,1073741823,1073741823,1073741823,1073741823:h6
1073741823,1073741823,1073741823,1073741823,1073741823,1073741823,1072332799,1068855295,1073184767,1072693247,1073741823,1073741823,1073741823,1073741823,1073741823:h6
1073741823,1073741823,1073741823,1073741823,1073741823,1073741823,1072332799,1072001023,1073184767,1072693247,1073741823,1073741823,1073741823,1073741823,1073741823:h6
1073741823,1073741823,1073741823,1073741823,1073741823,1073741823,1072332799,1073049599,1073184767,1068498943,1073741823,1073741823,1073741823,1073741823,1073741823:h6
1073741823,1073741823,1073741823,1073741823,1073737727,1073741823,1072332799,1073049599,1073184767,1072693247,1073741823,1073741823,1073741823,1073741823,1073741823:h6
1073741823,1073741823,1073741823,1073741823,1073676287,1073741823,1072332799,1073049599,1073184767,1072693247,1073741823,1073741823,1073741823,1073741823,1073741823:h6
1073741823,1073741823,1073741823,1073741823,1073741823,1073676287,1072332799,1073049599,1073184767,1072693247,1073741823,1073741823,1073741823,1073741823,1073741823:h6
1073741823,1073741823,1073741823,1073741823,1072693247,1073741823,1072332799,1073049599,1073184767,1072693247,1073741823,1073741823,1073741823,1073741823,1073741823:h6
1073741823,1073741823,1073741823,1073741823,1073741823,1073741823,1072332799,1073049599,1072136191,1072693247,1073741823,1073741823,1073741823,1073741823,1073741823:h6
1073741823,1073741823,1073741823,1073741823,1073741823,1073741823,1072332799,1073049599,1073184767,1072692223,1073741823,1073741823,1073741823,1073741823,1073741823:h6
1073741823,1073741823,1073741823,1073741823,1073741823,1073741823,1072332799,1073049599,1073180671,1072693247,1073741823,1073741823,1073741823,1073741823,1073741823:h6
1073741823,1073741823,1073741823,1073741823,1073741823,1073741823,1072332799,1073048575,1073184767,1072693247,1073741823,1073741823,1073741823,1073741823,1073741823:h6
1073741823,1073741823,1073741823,1073741823,1073741823,1073740799,1072332799,1073049599,1073184767,1072693247,1073741823,1073741823,1073741823,1073741823,1073741823:h6
1073741823,1073741823,1073741823,1073741823,1073741823,1073741823,1072328703,1073049599,1073184767,1072693247,1073741823,1073741823,1073741823,1073741823,1073741823:h6
1073741823,1073741823,1073741823,1073741823,1073741823,1073725439,1072332799,1073049599,1073184767,1072693247,1073741823,1073741823,1073741823,1073741823,1073741823:h11
1073741823,1073741823,1073741823,1073741823,1073741823,1073479679,1072332799,1073049599,1073184767,1072693247,1073741823,1073741823,1073741823,1073741823,1073741823:h6
1073741823,1073741823,1073741823,1073741823,1073741823,1073741823,1072332799,1073049599,1073184767,1072431103,1073741823,1073741823,1073741823,1073741823,1073741823:h6
1073741823,1073741823,1073741823,1073741823,1073741823,1073741823,1072332799,1073049599,1073119231,1072693247,1073741823,1073741823,1073741823,1073741823,1073741823:h6
1073741823,1073741823,1073741823,1073741823,1073741823,1073741823,1072332799,1073049599,1073184767,1072676863,1073741823,1073741823,1073741823,1073741823,1073741823:f6
1073741823,1073741823,1073741823,1073741823,1073741823,1073739775,1072332799,1073049535,1073184767,1072676863,1073741823,1073741823,1073741823,1073741823,1073741823:i9
1073741823,1073741823,1073741823,1073741823,1073741823,1073739775,1072332543,1073049599,1073184767,1072676863,1073741823,1073741823,1073741823,1073741823,1073741823:i9
1073741823,1073741823,1073741823,1073741823,1073741823,1073739711,1072332799,1073049599,1073184767,1072676863,1073741823,1073741823,1073741823,1073741823,1073741823:i9
1073741823,1073741823,1073741823,1073741759,1073741823,1073739775,1072332799,1073049599,1073184767,1072676863,1073741823,1073741823,1073741823,1073741823,1073741823:i9
1073741823,1073741823,1073741823,1073741823,1073741567,1073739775,1072332799,1073049599,1073184767,1072676863,1073741823,1073741823,1073741823,1073741823,1073741823:h6
1073741823,1073741823,1073741823,1073740799,1073741823,1073739775,1072332799,1073049599,1073184767,1072676863,1073741823,1073741823,1073741823,1073741823,1073741823:i9
1073741823,1073741823,1073741823,1073725439,1073741823,1073739775,1072332799,1073049599,1073184767,1072676863,1073741823,1073741823,1073741823,1073741823,1073741823:i9
1073741823,1073741823,1073741823,1073741823,1073741823,1073739775,1072332799,1073049599,1073184767,1072676863,1073741823,1073740799,1073741823,1073741823,1073741823:i9
1073741823,1073741823,1073741823,1073741823,1073741823,1073739775,1072332799,1073049599,1073184767,1072676863,1073737727,1073741823,1073741823,1073741823,1073741823:i9
1073741823,1073741823,1073741823,1073741823,1073741823,1073739775,1072332799,1073049599,1073184767,1072676863,1073741823,1073479679,1073741823,1073741823,1073741823:i9
1073741823,1073741823,1073741823,1073741823,1073741823,1073739775,1072332799,1073049599,1073184767,1072676863,1073676287,1073741823,1073741823,1073741823,1073741823:i9
1073741823,1073741823,1073741823,1073741823,1073741823,1073739775,1072332799,1073049599,1073184767,1072676863,1073741823,1073725439,1073741823,1073741823,1073741823:i9
1073741823,1073741823,1073741823,1073741823,1073741823,1073739775,1072332799,1073049599,1073184767,1072676863,1073740799,1073741823,1073741823,1073741823,1073741823:i9
1073741823,1073741823,1073741823,1073741823,1073741823,1073739775,1072332799,1073049599,1073184767,1072676863,1073741823,1073676287,1073741823,1073741823,1073741823:i9
1073741823,1073741823,1073741823,1073741823,1073741823,1073739775,1072332799,1056272383,1073184767,1072676863,1073741823,1073741823,1073741823,1073741823,1073741823:h6
1073741823,1073741823,1073741823,1073741823,1073741823,1073739775,1072332799,1073049599,1073184767,1055899647,1073741823,1073741823,1073741823,1073741823,1073741823:h6
1073741823,1073741823,1073741823,1073741823,1073741823,1073739775,1072332799,1073049599,1073184767,1072676863,1073741823,1056964607,1073741823,1073741823,1073741823:i9
1073741823,1073741823,1073741823,1073741823,1073741823,1073739775,1072332799,1073049599,1073184767,1072676863,1073741823,1072693247,1073741823,1073741823,1073741823:i9
1073741823,1073741823,1073741823,1073741823,1073741823,1073739775,1072332799,1073049599,1073184767,1072676863,1072693247,1073741823,1073741823,1073741823,1073741823:h6
1073741823,1073741823,1073741823,1073741823,1073740799,1073739775,1072332799,1073049599,1073184767,1072676863,1073741823,1073741823,1073741823,1073741823,1073741823:i9
1073741823,1073741823,1073741823,1073741823,1073725439,1073739775,1072332799,1073049599,1073184767,1072676863,1073741823,1073741823,1073741823,1073741823,1073741823:i9
1073741823,1073741823,1073741823,1073741823,1073479679,1073739775,1072332799,1073049599,1073184767,1072676863,1073741823,1073741823,1073741823,1073741823,1073741823:h6
1073741823,1073741823,1073741823,1073741823,1069547519,1073739775,1072332799,1073049599,1073184767,1072676863,1073741823,1073741823,1073741823,1073741823,1073741823:h6
1073741823,1073741823,1073741823,1073741823,1073741823,1073739775,1072332799,1073049599,1073184767,1072676863,1073725439,1073741823,1073741823,1073741823,1073741823:i9
1073741823,1073741823,1073741823,1073741823,1073741823,1073739775,1072332799,1073049599,1068990463,1072676863,1073741823,1073741823,1073741823,1073741823,1073741823:h6
1073741823,1073741823,1073741823,1073741823,1073741823,1073739775,1072332799,1073049599,1073184767,1072676863,1069547519,1073741823,1073741823,1073741823,1073741823:i9
1073741823,1073741823,1073741823,1073741823,1073741823,1073739775,1072332799,1073049599,1073184767,1072676863,1073479679,1073741823,1073741823,1073741823,1073741823:i9
1073741823,1073741823,1073741823,1073741823,1073741823,1073739775,1072332799,1073049599,1073184767,1072676607,1073741823,1073741823,1073741823,1073741823,1073741823:i9
1073741823,1073741823,1073741823,1073741823,1073741823,1073739775,1072332799,1073049599,1073183743,1072676863,1073741823,1073741823,1073741823,1073741823,1073741823:i9
1073741823,1073741823,1073741823,1073741823,1073741823,1073739775,1072332799,1073049343,1073184767,1072676863,1073741823,1073741823,1073741823,1073741823,1073741823:i9
1073741823,1073741823,1073741823,1073741823,1073741823,1073739519,1072332799,1073049599,1073184767,1072676863,1073741823,1073741823,1073741823,1073741823,1073741823:i9
1073741823,1073741823,1073741823,1073741823,1073741823,1073739775,1072331775,1073049599,1073184767,1072676863,1073741823,1073741823,1073741823,1073741823,1073741823:i9
1073741823,1073741823,1073741823,1073741823,1073741823,1073739775,1072332799,1073049599,1073184767,1072672767,1073741823,1073741823,1073741823,1073741823,1073741823:h6
1073741823,1073741823,1073741823,1073741823,1073741823,1073735679,1072332799,1073049599,1073184767,1072676863,1073741823,1073741823,1073741823,1073741823,1073741823:i9
1073741823,1073741823,1073741823,1073741823,1073741823,1073739775,1072332799,1073049599,1073184767,1072611327,1073741823,1073741823,1073741823,1073741823,1073741823:h6
1073741823,1073741823,1073741823,1073741823,1073741823,1072691199,1072332799,1073049599,1073184767,1072676863,1073741823,1073741823,1073741823,1073741823,1073741823:h6
1073741823,1073741823,1073741823,1073741823,1056964607,1073739775,1072332799,1073049599,1073184767,1072676863,1073741823,1073741823,1073741823,1073741823,1073741823:h6
1073741823,1073741823,1073741823,1073741823,1073741823,1073739775,1055555583,1073049599,1073184767,1072676863,1073741823,1073741823,1073741823,1073741823,1073741823:l7
1073741823,1073741823,1073741823,1073741823,1006632959,1073739775,1047166975,1073049599,1073184767,1072676863,1073741823,1073741823,1073741823,1073741823,1073741823:i9
1073741823,1073741823,1073741823,1073741823,1073741823,1073739775,1047166975,1073049599,1006075903,1072676863,1073741823,1073741823,1073741823,1073741823,1073741823:i9
1073741823,1073741823,1073741823,1073741823,1073741823,1056962559,1047166975,1073049599,1073184767,1072676863,1073741823,1073741823,1073741823,1073741823,1073741823:i9
1073741823,1073741823,1073741823,1073741823,805306367,1073739775,1047166975,1073049599,1073184767,1072676863,1073741823,1073741823,1073741823,1073741823,1073741823:i9
1073741823,1073741823,1073741823,1073741823,1073741823,1006630911,1047166975,1073049599,1073184767,1072676863,1073741823,1073741823,1073741823,1073741823,1073741823:i9
1073741823,1073741823,1073741823,1073741823,1073741823,1073739775,778731519,1073049599,1073184767,1072676863,1073741823,1073741823,1073741823,1073741823,1073741823:i9
1073741823,1073741823,1073741823,1073741823,1073741823,1073739775,980058111,1073049599,1073184767,1072676863,1073741823,1073741823,1073741823,1073741823,1073741823:i9
1073741823,1073741823,1073741823,1073741823,1073741823,1073739775,1047166975,1073049599,804749311,1072676863,1073741823,1073741823,1073741823,1073741823,1073741823:i9
1073741823,1073741823,1073741823,1073741823,1073741823,1073739775,1047166975,1005940735,1073184767,1072676863,1073741823,1073741823,1073741823,1073741823,1073741823:i9
1073741823,1073741823,1073741823,1073741823,1073741823,1073739775,1047166975,1073049535,1073184767,1072676863,1073741823,1073741823,1073741823,1073741823,1073741823:i9
1073741823,1073741823,1073741823,1073741823,1073741823,1073739775,1047166719,1073049599,1073184767,1072676863,1073741823,1073741823,1073741823,1073741823,1073741823:i9
1073741823,1073741823,1073741823,1073741823,1073741823,1073739711,1047166975,1073049599,1073184767,1072676863,1073741823,1073741823,1073741823,1073741823,1073741823:i9
1073741823,1073741823,1073741823,1073741759,1073741823,1073739775,1047166975,1073049599,1073184767,1072676863,1073741823,1073741823,1073741823,1073741823,1073741823:i9
1073741823,1073741823,1073741823,1073741823,1073741567,1073739775,1047166975,1073049599,1073184767,1072676863,1073741823,1073741823,1073741823,1073741823,1073741823:h6
1073741823,1073741823,1073741823,1073740799,1073741823,1073739775,1047166975,1073049599,1073184767,1072676863,1073741823,1073741823,1073741823,1073741823,1073741823:i9
1073741823,1073741823,1073741823,1073725439,1073741823,1073739775,1047166975,1073049599,1073184767,1072676863,1073741823,1073741823,1073741823,1073741823,1073741823:i9
1073741823,1073741823,1073741823,1073741823,1073741823,1073739775,1047166975,1073049599,1073184767,1072676863,1073741823,1073740799,1073741823,1073741823,1073741823:i9
1073741823,1073741823,1073741823,1073741823,1073741823,1073739775,1047166975,1073049599,1073184767,1072676863,1073737727,1073741823,1073741823,1073741823,1073741823:i9
1073741823,1073741823,1073741823,1073741823,1073741823,1073739775,1047166975,1073049599,1073184767,1072676863,1073741823,1073479679,1073741823,1073741823,1073741823:i9
1073741823,1073741823,1073741823,1073741823,1073741823,1073739775,1047166975,1073049599,1073184767,1072676863,1073676287,1073741823,1073741823,1073741823,1073741823:i9
1073741823,1073741823,1073741823,1073741823,1073741823,1073739775,1047166975,1073049599,1073184767,1072676863,1073741823,1073725439,1073741823,1073741823,1073741823:i9
1073741823,1073741823,1073741823,1073741823,1073741823,1073739775,1047166975,1073049599,1073184767,1072676863,1073740799,1073741823,1073741823,1073741823,1073741823:i9
1073741823,1073741823,1073741823,1073741823,1073741823,1073739775,1047166975,1073049599,1073184767,1072676863,1073741823,1073676287,1073741823,1073741823,1073741823:i9
1073741823,1073741823,1073741823,1073741823,1073741823,1073739775,1047166975,1056272383,1073184767,1072676863,1073741823,1073741823,1073741823,1073741823,1073741823:i9
1073741823,1073741823,1073741823,1073741823,1073741823,1073739775,1047166975,1073049599,1073184767,1055899647,1073741823,1073741823,1073741823,1073741823,1073741823:i9
1073741823,1073741823,1073741823,1073741823,1073741823,1073739775,1047166975,1073049599,1073184767,1072676863,1073741823,1056964607,1073741823,1073741823,1073741823:i9
1073741823,1073741823,1073741823,1073741823,1073741823,1073739775,1047166975,1073049599,1073184767,1072676863,1073741823,1072693247,1073741823,1073741823,1073741823:i9
1073741823,1073741823,1073741823,1073741823,1073741823,1073739775,1047166975,1073049599,1073184767,1072676863,1072693247,1073741823,1073741823,1073741823,1073741823:h6
1073741823,1073741823,1073741823,1073741823,1073740799,1073739775,1047166975,1073049599,1073184767,1072676863,1073741823,1073741823,1073741823,1073741823,1073741823:i9
1073741823,1073741823,1073741823,1073741823,1073725439,1073739775,1047166975,1073049599,1073184767,1072676863,1073741823,1073741823,1073741823,1073741823,1073741823:i9
1073741823,1073741823,1073741823,1073741823,1073479679,1073739775,1047166975,1073049599,1073184767,1072676863,1073741823,1073741823,1073741823,1073741823,1073741823:i9
1073741823,1073741823,1073741823,1073741823,1069547519,1073739775,1047166975,1073049599,1073184767,1072676863,1073741823,1073741823,1073741823,1073741823,1073741823:i9
1073741823,1073741823,1073741823,1073741823,1073741823,1073739775,1047166975,1073049599,1073184767,1072676863,1073725439,1073741823,1073741823,1073741823,1073741823:i9
1073741823,1073741823,1073741823,1073741823,1073741823,1073739775,1047166975,1073049599,1068990463,1072676863,1073741823,1073741823,1073741823,1073741823,1073741823:i9
1073741823,1073741823,1073741823,1073741823,1073741823,1073739775,1047166975,1073049599,1073184767,1072676863,1069547519,1073741823,1073741823,1073741823,1073741823:i9
1073741823,1073741823,1073741823,1073741823,1073741823,1073739775,1047166975,1073049599,1073184767,1072676863,1073479679,1073741823,1073741823,1073741823,1073741823:i9
1073741823,1073741823,1073741823,1073741823,1073741823,1073739775,1047166975,1073049599,1073184767,1072676607,1073741823,1073741823,1073741823,1073741823,1073741823:i9
1073741823,1073741823,1073741823,1073741823,1073741823,1073739775,1047166975,1073049599,1073183743,1072676863,1073741823,1073741823,1073741823,1073741823,1073741823:i9
1073741823,1073741823,1073741823,1073741823,1073741823,1073739775,1047166975,1073049343,1073184767,1072676863,1073741823,1073741823,1073741823,1073741823,1073741823:i9
1073741823,1073741823,1073741823,1073741823,1073741823,1073739519,1047166975,1073049599,1073184767,1072676863,1073741823,1073741823,1073741823,1073741823,1073741823:i9
1073741823,1073741823,1073741823,1073741823,1073741823,1073739775,1047165951,1073049599,1073184767,1072676863,1073741823,1073741823,1073741823,1073741823,1073741823:i9
1073741823,1073741823,1073741823,1073741823,1073741823,1073739775,1047166975,1073049599,1073184767,1072672767,1073741823,1073741823,1073741823,1073741823,1073741823:h6
1073741823,1073741823,1073741823,1073741823,1073741823,1073735679,1047166975,1073049599,1073184767,1072676863,1073741823,1073741823,1073741823,1073741823,1073741823:i9
1073741823,1073741823,1073741823,1073741823,1073741823,1073739775,1047166975,1073049599,1073184767,1072611327,1073741823,1073741823,1073741823,1073741823,1073741823:h6
1073741823,1073741823,1073741823,1073741823,1073741823,1072691199,1047166975,1073049599,1073184767,1072676863,1073741823,1073741823,1073741823,1073741823,1073741823:h6
1073741823,1073741823,1073741823,1073741823,1056964607,1073739775,1047166975,1073049599,1073184767,1072676863,1073741823,1073741823,1073741823,1073741823,1073741823:i9
1073741823,1073741823,1073741823,1073741823,1073741823,1073739775,1047166975,1073049599,1056407551,1072676863,1073741823,1073741823,1073741823,1073741823,1073741823:i9
1073741823,1073741823,1073741823,1073741823,1073741823,1069545471,1047166975,1073049599,1073184767,1072676863,1073741823,1073741823,1073741823,1073741823,1073741823:i9
1073741823,1073741823,1073741823,1073741823,1073741823,1073739775,1047166975,1068855295,1073184767,1072676863,1073741823,1073741823,1073741823,1073741823,1073741823:i9
1073741823,1073741823,1073741823,1073741823,1073741823,1073739775,1047166975,1072001023,1073184767,1072676863,1073741823,1073741823,1073741823,1073741823,1073741823:h6
1073741823,1073741823,1073741823,1073741823,1073741823,1073739775,1047166975,1073049599,1073184767,1068482559,1073741823,1073741823,1073741823,1073741823,1073741823:h6
1073741823,1073741823,1073741823,1073741823,1073737727,1073739775,1047166975,1073049599,1073184767,1072676863,1073741823,1073741823,1073741823,1073741823,1073741823:i9
1073741823,1073741823,1073741823,1073741823,1073676287,1073739775,1047166975,1073049599,1073184767,1072676863,1073741823,1073741823,1073741823,1073741823,1073741823:i9
1073741823,1073741823,1073741823,1073741823,1073741823,1073674239,1047166975,1073049599,1073184767,1072676863,1073741823,1073741823,1073741823,1073741823,1073741823:i9
1073741823,1073741823,1073741823,1073741823,1072693247,1073739775,1047166975,1073049599,1073184767,1072676863,1073741823,1073741823,1073741823,1073741823,1073741823:i9
1073741823,1073741823,1073741823,1073741823,1073741823,1073739775,1047166975,1073049599,1072136191,1072676863,1073741823,1073741823,1073741823,1073741823,1073741823:h6
1073741823,1073741823,1073741823,1073741823,1073741823,1073739775,1047166975,1073049599,1073184767,1072675839,1073741823,1073741823,1073741823,1073741823,1073741823:i9
1073741823,1073741823,1073741823,1073741823,1073741823,1073739775,1047166975,1073049599,1073180671,1072676863,1073741823,1073741823,1073741823,1073741823,1073741823:h6
1073741823,1073741823,1073741823,1073741823,1073741823,1073739775,1047166975,1073048575,1073184767,1072676863,1073741823,1073741823,1073741823,1073741823,1073741823:i9
1073741823,1073741823,1073741823,1073741823,1073741823,1073739775,1047162879,1073049599,1073184767,1072676863,1073741823,1073741823,1073741823,1073741823,1073741823:h6
1073741823,1073741823,1073741823,1073741823,1073741823,1073723391,1047166975,1073049599,1073184767,1072676863,1073741823,1073741823,1073741823,1073741823,1073741823:i9
1073741823,1073741823,1073741823,1073741823,1073741823,1073477631,1047166975,1073049599,1073184767,1072676863,1073741823,1073741823,1073741823,1073741823,1073741823:i9
1073741823,1073741823,1073741823,1073741823,1073741823,1073739775,1047166975,1073049599,1073184767,1072414719,1073741823,1073741823,1073741823,1073741823,1073741823:h6
1073741823,1073741823,1073741823,1073741823,1073741823,1073739775,1047166975,1073049599,1073119231,1072676863,1073741823,1073741823,1073741823,1073741823,1073741823:h6
1073741823,1073741823,1073741823,1073741823,1073741823,1073739775,1068138495,1073049599,1073184767,1072676863,1073741823,1073741823,1073741823,1073741823,1073741823:m7
1073741823,1073741823,1073741823,1073741823,805306367,1073739775,1034584063,1073049599,1073184767,1072676863,1073741823,1073741823,1073741823,1073741823,1073741823:i9
1073741823,1073741823,1073741823,1073741823,1073741823,1006630911,1034584063,1073049599,1073184767,1072676863,1073741823,1073741823,1073741823,1073741823,1073741823:i9
1073741823,1073741823,1073741823,1073741823,1073741823,1073739775,766148607,1073049599,1073184767,1072676863,1073741823,1073741823,1073741823,1073741823,1073741823:i9
1073741823,1073741823,1073741823,1073741823,1073741823,1073739775,1034584063,1073049599,804749311,1072676863,1073741823,1073741823,1073741823,1073741823,1073741823:i9
1073741823,1073741823,1073741823,1073741823,1073741823,1073739775,1034584063,1005940735,1073184767,1072676863,1073741823,1073741823,1073741823,1073741823,1073741823:i9
1073741823,1073741823,1073741823,1073741823,1006632959,1073739775,1034584063,1073049599,1073184767,1072676863,1073741823,1073741823,1073741823,1073741823,1073741823:i9
1073741823,1073741823,1073741823,1073741823,1073741823,1056962559,1034584063,1073049599,1073184767,1072676863,1073741823,1073741823,1073741823,1073741823,1073741823:i9
1073741823,1073741823,1073741823,1073741823,1073741823,1073739775,967475199,1073049599,1073184767,1072676863,1073741823,1073741823,1073741823,1073741823,1073741823:i9
1073741823,1073741823,1073741823,1073741823,1073741823,1073739775,1034584063,1073049599,1006075903,1072676863,1073741823,1073741823,1073741823,1073741823,1073741823:i9
1073741823,1073741823,1073741823,1073741823,1073741823,1073739775,1034584063,1073049535,1073184767,1072676863,1073741823,1073741823,1073741823,1073741823,1073741823:i9
1073741823,1073741823,1073741823,1073741823,1073741823,1073739775,1034583807,1073049599,1073184767,1072676863,1073741823,1073741823,1073741823,1073741823,1073741823:i9
1073741823,1073741823,1073741823,1073741823,1073741823,1073739711,1034584063,1073049599,1073184767,1072676863,1073741823,1073741823,1073741823,1073741823,1073741823:i9
1073741823,1073741823,1073741823,1073741759,1073741823,1073739775,1034584063,1073049599,1073184767,1072676863,1073741823,1073741823,1073741823,1073741823,1073741823:i9
1073741823,1073741823,1073741823,1073741823,1073741567,1073739775,1034584063,1073049599,1073184767,1072676863,1073741823,1073741823,1073741823,1073741823,1073741823:h6
1073741823,1073741823,1073741823,1073740799,1073741823,1073739775,1034584063,1073049599,1073184767,1072676863,1073741823,1073741823,1073741823,1073741823,1073741823:i9
1073741823,1073741823,1073741823,1073725439,1073741823,1073739775,1034584063,1073049599,1073184767,1072676863,1073741823,1073741823,1073741823,1073741823,1073741823:i9
1073741823,1073741823,1073741823,1073741823,1073741823,1073739775,1034584063,1073049599,1073184767,1072676863,1073741823,1073740799,1073741823,1073741823,1073741823:i9
1073741823,1073741823,1073741823,1073741823,1073741823,1073739775,1034584063,1073049599,1073184767,1072676863,1073737727,1073741823,1073741823,1073741823,1073741823:i9
1073741823,1073741823,1073741823,1073741823,1073741823,1073739775,1034584063,1073049599,1073184767,1072676863,1073741823,1073479679,1073741823,1073741823,1073741823:i9
1073741823,1073741823,1073741823,1073741823,1073741823,1073739775,1034584063,1073049599,1073184767,1072676863,1073676287,1073741823,1073741823,1073741823,1073741823:i9
1073741823,1073741823,1073741823,1073741823,1073741823,1073739775,1034584063,1073049599,1073184767,1072676863,1073741823,1073725439,1073741823,1073741823,1073741823:i9
1073741823,1073741823,1073741823,1073741823,1073741823,1073739775,1034584063,1073049599,1073184767,1072676863,1073740799,1073741823,1073741823,1073741823,1073741823:i9
1073741823,1073741823,1073741823,1073741823,1073741823,1073739775,1034584063,1073049599,1073184767,1072676863,1073741823,1073676287,1073741823,1073741823,1073741823:i9
1073741823,1073741823,1073741823,1073741823,1073741823,1073739775,1034584063,1056272383,1073184767,1072676863,1073741823,1073741823,1073741823,1073741823,1073741823:i9
1073741823,1073741823,1073741823,1073741823,1073741823,1073739775,1034584063,1073049599,1073184767,1055899647,1073741823,1073741823,1073741823,1073741823,1073741823:i9
1073741823,1073741823,1073741823,1073741823,1073741823,1073739775,1034584063,1073049599,1073184767,1072676863,1073741823,1056964607,1073741823,1073741823,1073741823:i9
1073741823,1073741823,1073741823,1073741823,1073741823,1073739775,1034584063,1073049599,1073184767,1072676863,1073741823,1072693247,1073741823,1073741823,1073741823:i9
1073741823,1073741823,1073741823,1073741823,1073741823,1073739775,1034584063,1073049599,1073184767,1072676863,1072693247,1073741823,1073741823,1073741823,1073741823:h6
1073741823,1073741823,1073741823,1073741823,1073740799,1073739775,1034584063,1073049599,1073184767,1072676863,1073741823,1073741823,1073741823,1073741823,1073741823:i9
1073741823,1073741823,1073741823,1073741823,1073725439,1073739775,1034584063,1073049599,1073184767,1072676863,1073741823,1073741823,1073741823,1073741823,1073741823:i9
1073741823,1073741823,1073741823,1073741823,1073479679,1073739775,1034584063,1073049599,1073184767,1072676863,1073741823,1073741823,1073741823,1073741823,1073741823:i9
1073741823,1073741823,1073741823,1073741823,1069547519,1073739775,1034584063,1073049599,1073184767,1072676863,1073741823,1073741823,1073741823,1073741823,1073741823:i9
1073741823,1073741823,1073741823,1073741823,1073741823,1073739775,1034584063,1073049599,1073184767,1072676863,1073725439,1073741823,1073741823,1073741823,1073741823:i9
1073741823,1073741823,1073741823,1073741823,1073741823,1073739775,1034584063,1073049599,1068990463,1072676863,1073741823,1073741823,1073741823,1073741823,1073741823:i9
1073741823,1073741823,1073741823,1073741823,1073741823,1073739775,1034584063,1073049599,1073184767,1072676863,1069547519,1073741823,1073741823,1073741823,1073741823:i9
1073741823,1073741823,1073741823,1073741823,1073741823,1073739775,1034584063,1073049599,1073184767,1072676863,1073479679,1073741823,1073741823,1073741823,1073741823:i9
1073741823,1073741823,1073741823,1073741823,1073741823,1073739775,1034584063,1073049599,1073184767,1072676607,1073741823,1073741823,1073741823,1073741823,1073741823:i9
1073741823,1073741823,1073741823,1073741823,1073741823,1073739775,1034584063,1073049599,1073183743,1072676863,1073741823,1073741823,1073741823,1073741823,1073741823:i9
1073741823,1073741823,1073741823,1073741823,1073741823,1073739775,1034584063,1073049343,1073184767,1072676863,1073741823,1073741823,1073741823,1073741823,1073741823:i9
1073741823,1073741823,1073741823,1073741823,1073741823,1073739519,1034584063,1073049599,1073184767,1072676863,1073741823,1073741823,1073741823,1073741823,1073741823:i9
1073741823,1073741823,1073741823,1073741823,1073741823,1073739775,1034583039,1073049599,1073184767,1072676863,1073741823,1073741823,1073741823,1073741823,1073741823:i9
1073741823,1073741823,1073741823,1073741823,1073741823,1073739775,1034584063,1073049599,1073184767,1072672767,1073741823,1073741823,1073741823,1073741823,1073741823:h6
1073741823,1073741823,1073741823,1073741823,1073741823,1073735679,1034584063,1073049599,1073184767,1072676863,1073741823,1073741823,1073741823,1073741823,1073741823:i9
1073741823,1073741823,1073741823,1073741823,1073741823,1073739775,1034584063,1073049599,1073184767,1072611327,1073741823,1073741823,1073741823,1073741823,1073741823:h6
1073741823,1073741823,1073741823,1073741823,1073741823,1072691199,1034584063,1073049599,1073184767,1072676863,1073741823,1073741823,1073741823,1073741823,1073741823:h6
1073741823,1073741823,1073741823,1073741823,1056964607,1073739775,1034584063,1073049599,1073184767,1072676863,1073741823,1073741823,1073741823,1073741823,1073741823:i9
1073741823,1073741823,1073741823,1073741823,1073741823,1073739775,1034584063,1073049599,1056407551,1072676863,1073741823,1073741823,1073741823,1073741823,1073741823:i9
1073741823,1073741823,1073741823,1073741823,1073741823,1069545471,1034584063,1073049599,1073184767,1072676863,1073741823,1073741823,1073741823,1073741823,1073741823:i9
1073741823,1073741823,1073741823,1073741823,1073741823,1073739775,1034584063,1068855295,1073184767,1072676863,1073741823,1073741823,1073741823,1073741823,1073741823:i9
1073741823,1073741823,1073741823,1073741823,1073741823,1073739775,1034584063,1072001023,1073184767,1072676863,1073741823,1073741823,1073741823,1073741823,1073741823:h6
1073741823,1073741823,1073741823,1073741823,1073741823,1073739775,1034584063,1073049599,1073184767,1068482559,1073741823,1073741823,1073741823,1073741823,1073741823:h6
1073741823,1073741823,1073741823,1073741823,1073737727,1073739775,1034584063,1073049599,1073184767,1072676863,1073741823,1073741823,1073741823,1073741823,1073741823:i9
1073741823,1073741823,1073741823,1073741823,1073676287,1073739775,1034584063,1073049599,1073184767,1072676863,1073741823,1073741823,1073741823,1073741823,1073741823:i9
1073741823,1073741823,1073741823,1073741823,1073741823,1073674239,1034584063,1073049599,1073184767,1072676863,1073741823,1073741823,1073741823,1073741823,1073741823:i9
1073741823,1073741823,1073741823,1073741823,1072693247,1073739775,1034584063,1073049599,1073184767,1072676863,1073741823,1073741823,1073741823,1073741823,1073741823:i9
1073741823,1073741823,1073741823,1073741823,1073741823,1073739775,1034584063,1073049599,1072136191,1072676863,1073741823,1073741823,1073741823,1073741823,1073741823:h6
1073741823,1073741823,1073741823,1073741823,1073741823,1073739775,1034584063,1073049599,1073184767,1072675839,1073741823,1073741823,1073741823,1073741823,1073741823:i9
1073741823,1073741823,1073741823,1073741823,1073741823,1073739775,1034584063,1073049599,1073180671,1072676863,1073741823,1073741823,1073741823,1073741823,1073741823:h6
1073741823,1073741823,1073741823,1073741823,1073741823,1073739775,1034584063,1073048575,1073184767,1072676863,1073741823,1073741823,1073741823,1073741823,1073741823:i9
1073741823,1073741823,1073741823,1073741823,1073741823,1073739775,1034579967,1073049599,1073184767,1072676863,1073741823,1073741823,1073741823,1073741823,1073741823:h6
1073741823,1073741823,1073741823,1073741823,1073741823,1073723391,1034584063,1073049599,1073184767,1072676863,1073741823,1073741823,1073741823,1073741823,1073741823:i9
1073741823,1073741823,1073741823,1073741823,1073741823,1073477631,1034584063,1073049599,1073184767,1072676863,1073741823,1073741823,1073741823,1073741823,1073741823:i9
1073741823,1073741823,1073741823,1073741823,1073741823,1073739775,1034584063,1073049599,1073184767,1072414719,1073741823,1073741823,1073741823,1073741823,1073741823:h6
1073741823,1073741823,1073741823,1073741823,1073741823,1073739775,1034584063,1073049599,1073119231,1072676863,1073741823,1073741823,1073741823,1073741823,1073741823:h6
1073741823,1073741823,1073741823,1073741823,1073741823,1073739775,1072332799,1073049599,1056407551,1072676863,1073741823,1073741823,1073741823,1073741823,1073741823:h6
1073741823,1073741823,1073741823,1073741823,1073741823,1069545471,1072332799,1073049599,1073184767,1072676863,1073741823,1073741823,1073741823,1073741823,1073741823:h6
1073741823,1073741823,1073741823,1073741823,1073741823,1073739775,1072332799,1068855295,1073184767,1072676863,1073741823,1073741823,1073741823,1073741823,1073741823:h6
1073741823,1073741823,1073741823,1073741823,1073741823,1073739775,1072332799,1072001023,1073184767,1072676863,1073741823,1073741823,1073741823,1073741823,1073741823:h6
1073741823,1073741823,1073741823,1073741823,1073741823,1073739775,1072332799,1073049599,1073184767,1068482559,1073741823,1073741823,1073741823,1073741823,1073741823:h6
1073741823,1073741823,1073741823,1073741823,1073737727,1073739775,1072332799,1073049599,1073184767,1072676863,1073741823,1073741823,1073741823,1073741823,1073741823:i9
1073741823,1073741823,1073741823,1073741823,1073676287,1073739775,1072332799,1073049599,1073184767,1072676863,1073741823,1073741823,1073741823,1073741823,1073741823:i9
1073741823,1073741823,1073741823,1073741823,1073741823,1073674239,1072332799,1073049599,1073184767,1072676863,1073741823,1073741823,1073741823,1073741823,1073741823:i9
1073741823,1073741823,1073741823,1073741823,1072693247,1073739775,1072332799,1073049599,1073184767,1072676863,1073741823,1073741823,1073741823,1073741823,1073741823:i9
1073741823,1073741823,1073741823,1073741823,1073741823,1073739775,1072332799,1073049599,1072136191,1072676863,1073741823,1073741823,1073741823,1073741823,1073741823:h6
1073741823,1073741823,1073741823,1073741823,1073741823,1073739775,1072332799,1073049599,1073184767,1072675839,1073741823,1073741823,1073741823,1073741823,1073741823:i9
1073741823,1073741823,1073741823,1073741823,1073741823,1073739775,1072332799,1073049599,1073180671,1072676863,1073741823,1073741823,1073741823,1073741823,1073741823:h6
1073741823,1073741823,1073741823,1073741823,1073741823,1073739775,1072332799,1073048575,1073184767,1072676863,1073741823,1073741823,1073741823,1073741823,1073741823:i9
1073741823,1073741823,1073741823,1073741823,1073741823,1073739775,1072328703,1073049599,1073184767,1072676863,1073741823,1073741823,1073741823,1073741823,1073741823:h6
1073741823,1073741823,1073741823,1073741823,1073741823,1073723391,1072332799,1073049599,1073184767,1072676863,1073741823,1073741823,1073741823,1073741823,1073741823:i9
1073741823,1073741823,1073741823,1073741823,1073741823,1073477631,1072332799,1073049599,1073184767,1072676863,1073741823,1073741823,1073741823,1073741823,1073741823:i9
1073741823,1073741823,1073741823,1073741823,1073741823,1073739775,1072332799,1073049599,1073184767,1072414719,1073741823,1073741823,1073741823,1073741823,1073741823:h6
1073741823,1073741823,1073741823,1073741823,1073741823,1073739775,1072332799,1073049599,1073119231,1072676863,1073741823,1073741823,1073741823,1073741823,1073741823:h6
