1073741823,1073741823,1073741823,1073741823,1073741823,1071513599,1073414143,1072070655,1066795007,1073201087,1072562175,1073725439,1073741823,1073741823,1073741823:h9
1073741823,1073741823,1073741823,1073741823,1073741823,1071513599,1073414143,1072070655,1066762239,1073201087,1072561151,1073725439,1073741823,1073741823,1073741823:g9
1073741823,1073741823,1073741823,1073741823,1073741823,1071513599,1073414143,1072070655,1066761215,1073201087,1072562175,1073725439,1073741823,1073741823,1073741823:g9
1073741823,1073741823,1073741823,1073741823,1073741823,1071513599,1073413119,1072070655,1066762239,1073201087,1072562175,1073725439,1073741823,1073741823,1073741823:g9
1073741823,1073741823,1073741823,1073741823,1073741823,1071513599,1073414143,1072070655,1066762239,1073201087,1072562175,1073725435,1073741823,1073741823,1073741823:g9
1073741823,1073741823,1073741823,1073741823,1073741823,1071513599,1073414143,1072070655,1066762239,1073201087,1072562159,1073725439,1073741823,1073741823,1073741823:g9
1073741823,1073741823,1073741823,1073741823,1073741823,1071513599,1073414143,1072070655,1066762239,1073201083,1072562175,1073725439,1073741823,1073741823,1073741823:g9
1073741823,1073741823,1073741823,1073741823,1073741823,1071513599,1073414143,1072070655,1066762239,1073201071,1072562175,1073725439,1073741823,1073741823,1073741823:g9
1073741823,1073741823,1073741823,1073741823,1073741823,1071513599,1073414143,1072070651,1066762239,1073201087,1072562175,1073725439,1073741823,1073741823,1073741823:g9
1073741823,1073741823,1073741823,1073741823,1073741823,1071513599,1073414143,1072070655,1066762223,1073201087,1072562175,1073725439,1073741823,1073741823,1073741823:g9
1073741823,1073741823,1073741823,1073741823,1073741823,1071513599,1073414143,1072070591,1066762239,1073201087,1072562175,1073725439,1073741823,1073741823,1073741823:g9
1073741823,1073741823,1073741823,1073741823,1073741823,1071513599,1073414143,1072070655,1066762175,1073201087,1072562175,1073725439,1073741823,1073741823,1073741823:g9
1073741823,1073741823,1073741823,1073741823,1073741823,1071513599,1073414143,1072070655,1066761983,1073201087,1072562175,1073725439,1073741823,1073741823,1073741823:g9
1073741823,1073741823,1073741823,1073741823,1073741823,1071513599,1073414143,1072070655,1066762239,1073200831,1072562175,1073725439,1073741823,1073741823,1073741823:g9
1073741823,1073741823,1073741823,1073741823,1073741823,1071513599,1073414143,1072070655,1066762239,1073201087,1072561919,1073725439,1073741823,1073741823,1073741823:g9
1073741823,1073741823,1073741823,1073741823,1073741823,1071513599,1073414143,1072070655,1066762239,1073201087,1072562175,1073725375,1073741823,1073741823,1073741823:g9
1073741823,1073741823,1073741823,1073741823,1073741823,1071513599,1073414143,1072070655,1066762239,1073201087,1072562111,1073725439,1073741823,1073741823,1073741823:g9
1073741823,1073741823,1073741823,1073737727,1073741823,1071513599,1073414143,1072070655,1066762239,1073201087,1072562175,1073725439,1073741823,1073741823,1073741823:g9
1073741823,1073741823,1073741823,1073676287,1073741823,1071513599,1073414143,1072070655,1066762239,1073201087,1072562175,1073725439,1073741823,1073741823,1073741823:g9
1073741823,1073741823,1073741823,1072693247,1073741823,1071513599,1073414143,1072070655,1066762239,1073201087,1072562175,1073725439,1073741823,1073741823,1073741823:g9
1073741823,1073741823,1073741823,1056964607,1073741823,1071513599,1073414143,1072070655,1066762239,1073201087,1072562175,1073725439,1073741823,1073741823,1073741823:g9
1073741823,1073741823,1073741823,1073741823,1073741823,1054736383,1073414143,1072070655,1066762239,1073201087,1072562175,1073725439,1073741823,1073741823,1073741823:g9
1073741823,1073741823,1073741823,1073741823,1073741823,1071513599,1073414143,1072070655,1066762239,1073201087,1072562175,1073725439,1073741823,1073740799,1073741823:g9
1073741823,1073741823,1073741823,1073741823,1073741823,1071513599,1073414143,1072070655,1066762239,1073201087,1072562175,1073721343,1073741823,1073741823,1073741823:g9
1073741823,1073741823,1073741823,1073741823,1073741823,1071513599,1073414143,1072070655,1066762239,1073201087,1072562175,1073725439,1073741823,1073479679,1073741823:g9
1073741823,1073741823,1073741823,1073741823,1073741823,1071513599,1073414143,1072070655,1066762239,1073201087,1072562175,1073725439,1073741823,1073725439,1073741823:g9
1073741823,1073741823,1073741823,1073741823,1073741823,1071513599,1073414143,1072070655,1066762239,1073201087,1072562175,1073725439,1073725439,1073741823,1073741823:g9
1073741823,1073741823,1073741823,1073741823,1073741823,1071513599,1073414143,1072070655,1066762239,1073201087,1072562175,1073725439,1073737727,1073741823,1073741823:g9
1073741823,1073741823,1073741823,1073741823,1073741823,1071513599,1073414143,1072070655,1066762239,1073201087,1072562175,1073659903,1073741823,1073741823,1073741823:g9
1073741823,1073741823,1073741823,1073741823,1073741823,1071513599,1006305279,1072070655,1066762239,1073201087,1072562175,1073725439,1073741823,1073741823,1073741823:g9
1073741823,1073741823,1073741823,1073741823,1073741823,1071513599,1073414143,1055293439,1066762239,1073201087,1072562175,1073725439,1073741823,1073741823,1073741823:g9
1073741823,1073741823,1073741823,1073741823,1073741823,1071513599,1073414143,1072070655,999653375,1073201087,1072562175,1073725439,1073741823,1073741823,1073741823:g9
1073741823,1073741823,1073741823,1073741823,1073741823,1071513599,1073414143,1072070655,1066762239,1073201087,1005453311,1073725439,1073741823,1073741823,1073741823:g9
1073741823,1073741823,1073741823,1073741823,1073741823,1071513599,1073414143,1072070655,1066762239,1056423871,1072562175,1073725439,1073741823,1073741823,1073741823:g9
1073741823,1073741823,1073741823,1073741823,1073741823,1071513599,1056636927,1072070655,1066762239,1073201087,1072562175,1073725439,1073741823,1073741823,1073741823:g9
1073741823,1073741823,1073741823,1073741823,1073725439,1071513599,1073414143,1072070655,1066762239,1073201087,1072562175,1073725439,1073741823,1073741823,1073741823:g9
1073741823,1073741823,1073741823,1073741823,1073479679,1071513599,1073414143,1072070655,1066762239,1073201087,1072562175,1073725439,1073741823,1073741823,1073741823:g9
1073741823,1073741823,1073741823,1073741823,1069547519,1071513599,1073414143,1072070655,1066762239,1073201087,1072562175,1073725439,1073741823,1073741823,1073741823:g9
1073741823,1073741823,1073741823,1073741823,1073741823,1071513599,1069219839,1072070655,1066762239,1073201087,1072562175,1073725439,1073741823,1073741823,1073741823:g9
1073741823,1073741823,1073741823,1073741823,1073741823,1071513599,1073414143,1072070655,1066762239,1073201087,1072562175,1073725439,1073676287,1073741823,1073741823:g9
1073741823,1073741823,1073741823,1073741823,1073741823,1071513599,1073414143,1072070655,1049985023,1073201087,1072562175,1073725439,1073741823,1073741823,1073741823:g9
1073741823,1073741823,1073741823,1073741823,1073741823,1071513599,1073414143,1072070655,1066762239,1073201087,1055784959,1073725439,1073741823,1073741823,1073741823:g9
1073741823,1073741823,1073741823,1073741823,1073741823,1071513599,1073414143,1072070655,1066762239,1073201087,1068367871,1073725439,1073741823,1073741823,1073741823:g9
1073741823,1073741823,1073741823,1073741823,1073741823,1071513599,1073414143,1072070655,1066762239,1073201087,1072562175,1073725439,1056964607,1073741823,1073741823:g9
1073741823,1073741823,1073741823,1073741823,1073741823,1071513599,1073414143,1072070655,1066762239,1073201087,1072562175,1073725439,1072693247,1073741823,1073741823:g9
1073741823,1073741823,1073741823,1073741823,1073741823,1071513599,1073414143,1072070655,1066762239,1073201087,1072562175,1072676863,1073741823,1073741823,1073741823:g9
1073741823,1073741823,1073741823,1073741823,1073741823,1071513599,1073414143,1072070655,1066762239,1073201087,1072562175,1069531135,1073741823,1073741823,1073741823:g9
1073741823,1073741823,1073741823,1073741823,1073741823,1071513599,1073414143,1072070655,1066762239,1073201087,1072300031,1073725439,1073741823,1073741823,1073741823:g9
1073741823,1073741823,1073741823,1073741823,1073741823,1071513599,1073414143,1072070655,1066762239,1073201087,1072562175,1073724415,1073741823,1073741823,1073741823:g9
1073741823,1073741823,1073741823,1073741823,1073741823,1071513599,1073414143,1072070655,1066762239,1073201087,1072562175,1073463295,1073741823,1073741823,1073741823:g9
1073741823,1073741823,1073741823,1073741823,1073741823,1071513599,1073414143,1072070655,1066762239,1073201087,1072545791,1073725439,1073741823,1073741823,1073741823:g9
1073741823,1073741823,1073741823,1073741823,1073741823,1071513599,1073414143,1072070655,1066762239,1073201087,1072558079,1073725439,1073741823,1073741823,1073741823:g9
1073741823,1073741823,1073741823,1073741823,1073741823,1071513599,1073414143,1072070655,1066762239,1073196991,1072562175,1073725439,1073741823,1073741823,1073741823:g9
1073741823,1073741823,1073741823,1073741823,1073741823,1071509503,1073414143,1072070655,1066762239,1073201087,1072562175,1073725439,1073741823,1073741823,1073741823:g9
1073741823,1073741823,1073741823,1073741823,1073741823,1071513599,1073414143,1072070655,1066762239,1072152511,1072562175,1073725439,1073741823,1073741823,1073741823:g9
1073741823,1073741823,1073741823,1073741823,1073741823,1071513599,1073414143,1072070655,1066762239,1073135551,1072562175,1073725439,1073741823,1073741823,1073741823:g9
1073741823,1073741823,1073741823,1073741823,1073741823,1067319295,1073414143,1072070655,1066762239,1073201087,1072562175,1073725439,1073741823,1073741823,1073741823:g9
1073741823,1073741823,1073741823,1073741823,1073741823,1071513599,1073414143,1067876351,1066762239,1073201087,1072562175,1073725439,1073741823,1073741823,1073741823:g9
1073741823,1073741823,1073741823,1073741823,1073741823,1071513599,1073414143,1072070655,1066762239,1069006783,1072562175,1073725439,1073741823,1073741823,1073741823:g9
1073741823,1073741823,1073741823,1073741823,1073737727,1071513599,1073414143,1072070655,1066762239,1073201087,1072562175,1073725439,1073741823,1073741823,1073741823:g9
1073741823,1073741823,1073741823,1073741823,1073676287,1071513599,1073414143,1072070655,1066762239,1073201087,1072562175,1073725439,1073741823,1073741823,1073741823:g9
1073741823,1073741823,1073741823,1073741823,1072693247,1071513599,1073414143,1072070655,1066762239,1073201087,1072562175,1073725439,1073741823,1073741823,1073741823:g9
1073741823,1073741823,1073741823,1073741823,1073741823,1071513599,1072365567,1072070655,1066762239,1073201087,1072562175,1073725439,1073741823,1073741823,1073741823:g9
1073741823,1073741823,1073741823,1073741823,1073741823,1071513599,1073414143,1072070655,1066762239,1073200063,1072562175,1073725439,1073741823,1073741823,1073741823:g9
1073741823,1073741823,1073741823,1073741823,1073741823,1071513599,1073414143,1072070655,1066758143,1073201087,1072562175,1073725439,1073741823,1073741823,1073741823:j11
1073741823,1073741823,1073741823,1073741823,1073741823,1071513599,1073414143,1072070655,1066758143,1073201087,1072037887,1073725439,1069547519,1073741823,1073741823:j12
1073741823,1073741823,1073741823,1073741823,1073741823,1071513599,1073414143,1072070655,1066758143,1073201087,1072037887,1073725439,1073479679,1073741823,1073741823:j12
1073741823,1073741823,1073741823,1073741823,1073741823,1071513599,1073413887,1072070655,1066758143,1073201087,1072037887,1073725439,1073741823,1073741823,1073741823:j12
1073741823,1073741823,1073741823,1073741823,1073741823,1071513599,1073414143,1072070655,1066758143,1073201087,1072036863,1073725439,1073741823,1073741823,1073741823:j12
1073741823,1073741823,1073741823,1073741823,1073741823,1071513599,1073414143,1072070655,1066757119,1073201087,1072037887,1073725439,1073741823,1073741823,1073741823:j12
1073741823,1073741823,1073741823,1073741823,1073741823,1071513599,1073413119,1072070655,1066758143,1073201087,1072037887,1073725439,1073741823,1073741823,1073741823:j12
1073741823,1073741823,1073741823,1073741823,1073741823,1071513599,1073414143,1072070655,1066758143,1073201087,1072037887,1073725435,1073741823,1073741823,1073741823:j12
1073741823,1073741823,1073741823,1073741823,1073741823,1071513599,1073414143,1072070655,1066758143,1073201087,1072037871,1073725439,1073741823,1073741823,1073741823:j12
1073741823,1073741823,1073741823,1073741823,1073741823,1071513599,1073414143,1072070655,1066758143,1073201083,1072037887,1073725439,1073741823,1073741823,1073741823:j12
1073741823,1073741823,1073741823,1073741823,1073741823,1071513599,1073414143,1072070655,1066758143,1073201071,1072037887,1073725439,1073741823,1073741823,1073741823:j12
1073741823,1073741823,1073741823,1073741823,1073741823,1071513599,1073414143,1072070651,1066758143,1073201087,1072037887,1073725439,1073741823,1073741823,1073741823:j12
1073741823,1073741823,1073741823,1073741823,1073741823,1071513599,1073414143,1072070655,1066758127,1073201087,1072037887,1073725439,1073741823,1073741823,1073741823:j12
1073741823,1073741823,1073741823,1073741823,1073741823,1071513599,1073414143,1072070591,1066758143,1073201087,1072037887,1073725439,1073741823,1073741823,1073741823:j12
1073741823,1073741823,1073741823,1073741823,1073741823,1071513599,1073414143,1072070655,1066758079,1073201087,1072037887,1073725439,1073741823,1073741823,1073741823:j12
1073741823,1073741823,1073741823,1073741823,1073741823,1071513599,1073414143,1072070655,1066757887,1073201087,1072037887,1073725439,1073741823,1073741823,1073741823:j12
1073741823,1073741823,1073741823,1073741823,1073741823,1071513599,1073414143,1072070655,1066758143,1073200831,1072037887,1073725439,1073741823,1073741823,1073741823:j12
1073741823,1073741823,1073741823,1073741823,1073741823,1071513599,1073414143,1072070655,1066758143,1073201087,1072037631,1073725439,1073741823,1073741823,1073741823:j12
1073741823,1073741823,1073741823,1073741823,1073741823,1071513599,1073414143,1072070655,1066758143,1073201087,1072037887,1073725375,1073741823,1073741823,1073741823:j12
1073741823,1073741823,1073741823,1073741823,1073741823,1071513599,1073414143,1072070655,1066758143,1073201087,1072037823,1073725439,1073741823,1073741823,1073741823:j12
1073741823,1073741823,1073741823,1073737727,1073741823,1071513599,1073414143,1072070655,1066758143,1073201087,1072037887,1073725439,1073741823,1073741823,1073741823:j12
1073741823,1073741823,1073741823,1073676287,1073741823,1071513599,1073414143,1072070655,1066758143,1073201087,1072037887,1073725439,1073741823,1073741823,1073741823:j12
1073741823,1073741823,1073741823,1072693247,1073741823,1071513599,1073414143,1072070655,1066758143,1073201087,1072037887,1073725439,1073741823,1073741823,1073741823:j12
1073741823,1073741823,1073741823,1056964607,1073741823,1071513599,1073414143,1072070655,1066758143,1073201087,1072037887,1073725439,1073741823,1073741823,1073741823:j12
1073741823,1073741823,1073741823,1073741823,1073741823,1054736383,1073414143,1072070655,1066758143,1073201087,1072037887,1073725439,1073741823,1073741823,1073741823:j12
1073741823,1073741823,1073741823,1073741823,1073741823,1071513599,1073414143,1072070655,1066758143,1073201087,1072037887,1073725439,1073741823,1073740799,1073741823:j12
1073741823,1073741823,1073741823,1073741823,1073741823,1071513599,1073414143,1072070655,1066758143,1073201087,1072037887,1073721343,1073741823,1073741823,1073741823:j12
1073741823,1073741823,1073741823,1073741823,1073741823,1071513599,1073414143,1072070655,1066758143,1073201087,1072037887,1073725439,1073741823,1073479679,1073741823:j12
1073741823,1073741823,1073741823,1073741823,1073741823,1071513599,1073414143,1072070655,1066758143,1073201087,1072037887,1073725439,1073741823,1073725439,1073741823:j12
1073741823,1073741823,1073741823,1073741823,1073741823,1071513599,1073414143,1072070655,1066758143,1073201087,1072037887,1073725439,1073725439,1073741823,1073741823:j12
1073741823,1073741823,1073741823,1073741823,1073741823,1071513599,1073414143,1072070655,1066758143,1073201087,1072037887,1073725439,1073737727,1073741823,1073741823:j12
1073741823,1073741823,1073741823,1073741823,1073741823,1071513599,1073414143,1072070655,1066758143,1073201087,1072037887,1073659903,1073741823,1073741823,1073741823:j12
1073741823,1073741823,1073741823,1073741823,1073741823,1071513599,1006305279,1072070655,1066758143,1073201087,1072037887,1073725439,1073741823,1073741823,1073741823:j12
1073741823,1073741823,1073741823,1073741823,1073741823,1071513599,1073414143,1055293439,1066758143,1073201087,1072037887,1073725439,1073741823,1073741823,1073741823:j12
1073741823,1073741823,1073741823,1073741823,1073741823,1071513599,1073414143,1072070655,999649279,1073201087,1072037887,1073725439,1073741823,1073741823,1073741823:j12
1073741823,1073741823,1073741823,1073741823,1073741823,1071513599,1073414143,1072070655,1066758143,1073201087,1004929023,1073725439,1073741823,1073741823,1073741823:j12
1073741823,1073741823,1073741823,1073741823,1073741823,1071513599,1073414143,1072070655,1066758143,1056423871,1072037887,1073725439,1073741823,1073741823,1073741823:j12
1073741823,1073741823,1073741823,1073741823,1073741823,1071513599,1056636927,1072070655,1066758143,1073201087,1072037887,1073725439,1073741823,1073741823,1073741823:j12
1073741823,1073741823,1073741823,1073741823,1073725439,1071513599,1073414143,1072070655,1066758143,1073201087,1072037887,1073725439,1073741823,1073741823,1073741823:j12
1073741823,1073741823,1073741823,1073741823,1073479679,1071513599,1073414143,1072070655,1066758143,1073201087,1072037887,1073725439,1073741823,1073741823,1073741823:j12
1073741823,1073741823,1073741823,1073741823,1069547519,1071513599,1073414143,1072070655,1066758143,1073201087,1072037887,1073725439,1073741823,1073741823,1073741823:j12
1073741823,1073741823,1073741823,1073741823,1073741823,1071513599,1069219839,1072070655,1066758143,1073201087,1072037887,1073725439,1073741823,1073741823,1073741823:j12
1073741823,1073741823,1073741823,1073741823,1073741823,1071513599,1073414143,1072070655,1066758143,1073201087,1072037887,1073725439,1073676287,1073741823,1073741823:j12
1073741823,1073741823,1073741823,1073741823,1073741823,1071513599,1073414143,1072070655,1049980927,1073201087,1072037887,1073725439,1073741823,1073741823,1073741823:j12
1073741823,1073741823,1073741823,1073741823,1073741823,1071513599,1073414143,1072070655,1066758143,1073201087,1055260671,1073725439,1073741823,1073741823,1073741823:j12
1073741823,1073741823,1073741823,1073741823,1073741823,1071513599,1073414143,1072070655,1066758143,1073201087,1067843583,1073725439,1073741823,1073741823,1073741823:j12
1073741823,1073741823,1073741823,1073741823,1073741823,1071513599,1073414143,1072070655,1066758143,1073201087,1072037887,1073725439,1056964607,1073741823,1073741823:j12
1073741823,1073741823,1073741823,1073741823,1073741823,1071513599,1073414143,1072070655,1066758143,1073201087,1072037887,1073725439,1072693247,1073741823,1073741823:j12
1073741823,1073741823,1073741823,1073741823,1073741823,1071513599,1073414143,1072070655,1066758143,1073201087,1072037887,1072676863,1073741823,1073741823,1073741823:j12
1073741823,1073741823,1073741823,1073741823,1073741823,1071513599,1073414143,1072070655,1066758143,1073201087,1072037887,1069531135,1073741823,1073741823,1073741823:j12
1073741823,1073741823,1073741823,1073741823,1073741823,1071513599,1073414143,1072070655,1066758143,1073201087,1072037887,1073724415,1073741823,1073741823,1073741823:j12
1073741823,1073741823,1073741823,1073741823,1073741823,1071513599,1073414143,1072070655,1066758143,1073201087,1072037887,1073463295,1073741823,1073741823,1073741823:h6
1073741823,1073741823,1073741823,1073741823,1073741823,1071513599,1073414143,1072070655,1066758143,1073201087,1072021503,1073725439,1073741823,1073741823,1073741823:j12
1073741823,1073741823,1073741823,1073741823,1073741823,1071513599,1073414143,1072070655,1066758143,1073201087,1072033791,1073725439,1073741823,1073741823,1073741823:j12
1073741823,1073741823,1073741823,1073741823,1073741823,1071513599,1073414143,1072070655,1066758143,1073196991,1072037887,1073725439,1073741823,1073741823,1073741823:j12
1073741823,1073741823,1073741823,1073741823,1073741823,1071509503,1073414143,1072070655,1066758143,1073201087,1072037887,1073725439,1073741823,1073741823,1073741823:j12
1073741823,1073741823,1073741823,1073741823,1073741823,1071513599,1073414143,1072070655,1066758143,1072152511,1072037887,1073725439,1073741823,1073741823,1073741823:j12
1073741823,1073741823,1073741823,1073741823,1073741823,1071513599,1073414143,1072070655,1066758143,1073135551,1072037887,1073725439,1073741823,1073741823,1073741823:j12
1073741823,1073741823,1073741823,1073741823,1073741823,1067319295,1073414143,1072070655,1066758143,1073201087,1072037887,1073725439,1073741823,1073741823,1073741823:j12
1073741823,1073741823,1073741823,1073741823,1073741823,1071513599,1073414143,1067876351,1066758143,1073201087,1072037887,1073725439,1073741823,1073741823,1073741823:j12
1073741823,1073741823,1073741823,1073741823,1073741823,1071513599,1073414143,1072070655,1066758143,1069006783,1072037887,1073725439,1073741823,1073741823,1073741823:j12
1073741823,1073741823,1073741823,1073741823,1073737727,1071513599,1073414143,1072070655,1066758143,1073201087,1072037887,1073725439,1073741823,1073741823,1073741823:j12
1073741823,1073741823,1073741823,1073741823,1073676287,1071513599,1073414143,1072070655,1066758143,1073201087,1072037887,1073725439,1073741823,1073741823,1073741823:j12
1073741823,1073741823,1073741823,1073741823,1072693247,1071513599,1073414143,1072070655,1066758143,1073201087,1072037887,1073725439,1073741823,1073741823,1073741823:j12
1073741823,1073741823,1073741823,1073741823,1073741823,1071513599,1072365567,1072070655,1066758143,1073201087,1072037887,1073725439,1073741823,1073741823,1073741823:j12
1073741823,1073741823,1073741823,1073741823,1073741823,1071513599,1073414143,1072070655,1066758143,1073200063,1072037887,1073725439,1073741823,1073741823,1073741823:j12
1073741823,1073741823,1073741823,1073741823,1073741823,1071513599,1073414143,1072069631,1066758143,1073201087,1072037887,1073725439,1073741823,1073741823,1073741823:j12
1073741823,1073741823,1073741823,1073741823,1073741823,1071513599,1073414143,1072066559,1066758143,1073201087,1072037887,1073725439,1073741823,1073741823,1073741823:j12
1073741823,1073741823,1073741823,1073741823,1073741823,1071512575,1073414143,1072070655,1066758143,1073201087,1072037887,1073725439,1073741823,1073741823,1073741823:j12
1073741823,1073741823,1073741823,1073741823,1073741823,1071513599,1073410047,1072070655,1066758143,1073201087,1072037887,1073725439,1073741823,1073741823,1073741823:j12
1073741823,1073741823,1073741823,1073741823,1073741823,1071497215,1073414143,1072070655,1066758143,1073201087,1072037887,1073725439,1073741823,1073741823,1073741823:j12
1073741823,1073741823,1073741823,1073741823,1073741823,1071513599,1073397759,1072070655,1066758143,1073201087,1072037887,1073725439,1073741823,1073741823,1073741823:j12
1073741823,1073741823,1073741823,1073741823,1073741823,1071251455,1073414143,1072070655,1066758143,1073201087,1072037887,1073725439,1073741823,1073741823,1073741823:j12
1073741823,1073741823,1073741823,1073741823,1073741823,1071513599,1073414143,1072069631,1066762239,1073201087,1072562175,1073725439,1073741823,1073741823,1073741823:g9
1073741823,1073741823,1073741823,1073741823,1073741823,1071513599,1073414143,1072066559,1066762239,1073201087,1072562175,1073725439,1073741823,1073741823,1073741823:g9
1073741823,1073741823,1073741823,1073741823,1073741823,1071512575,1073414143,1072070655,1066762239,1073201087,1072562175,1073725439,1073741823,1073741823,1073741823:g9
1073741823,1073741823,1073741823,1073741823,1073741823,1071513599,1073410047,1072070655,1066762239,1073201087,1072562175,1073725439,1073741823,1073741823,1073741823:g9
1073741823,1073741823,1073741823,1073741823,1073741823,1071497215,1073414143,1072070655,1066762239,1073201087,1072562175,1073725439,1073741823,1073741823,1073741823:g9
1073741823,1073741823,1073741823,1073741823,1073741823,1071513599,1073397759,1072070655,1066762239,1073201087,1072562175,1073725439,1073741823,1073741823,1073741823:g9
1073741823,1073741823,1073741823,1073741823,1073741823,1071251455,1073414143,1072070655,1066762239,1073201087,1072562175,1073725439,1073741823,1073741823,1073741823:g9
