1073741823,1073741823,1073741823,1073741823,1073741807,1069539327,1071562751,1073111039,1073610751,1073479679,1073741823,1073741823,1073741823,1073741823,1073741823:g7
1073741823,1073741823,1073741823,1073741823,1073741807,1069539327,1071554559,1073111039,1073610495,1073479679,1073741823,1073741823,1073741823,1073741823,1073741823:g5
1073741823,1073741823,1073741823,1073741823,1073741807,1069539327,1071554558,1073111039,1073610751,1073479679,1073741823,1073741823,1073741823,1073741823,1073741823:g5
1073741823,1073741823,1073741823,1073741823,1073741807,1069539323,1071554559,1073111039,1073610751,1073479679,1073741823,1073741823,1073741823,1073741823,1073741823:g5
1073741823,1073741823,1073741823,1073741823,1073741806,1069539327,1071554559,1073111039,1073610751,1073479679,1073741823,1073741823,1073741823,1073741823,1073741823:g5
1073741823,1073741823,1073741823,1073741823,1073741803,1069539327,1071554559,1073111039,1073610751,1073479679,1073741823,1073741823,1073741823,1073741823,1073741823:g5
1073741823,1073741823,1073741822,1073741823,1073741807,1069539327,1071554559,1073111039,1073610751,1073479679,1073741823,1073741823,1073741823,1073741823,1073741823:g5
1073741823,1073741823,1073741823,1073741819,1073741807,1069539327,1071554559,1073111039,1073610751,1073479679,1073741823,1073741823,1073741823,1073741823,1073741823:g5
1073741823,1073741823,1073741807,1073741823,1073741807,1069539327,1071554559,1073111039,1073610751,1073479679,1073741823,1073741823,1073741823,1073741823,1073741823:g5
1073741823,1073741823,1073741823,1073741807,1073741807,1069539327,1071554559,1073111039,1073610751,1073479679,1073741823,1073741823,1073741823,1073741823,1073741823:g5
1073741823,1073741823,1073741567,1073741823,1073741807,1069539327,1071554559,1073111039,1073610751,1073479679,1073741823,1073741823,1073741823,1073741823,1073741823:g5
1073741823,1073741823,1073741823,1073741759,1073741807,1069539327,1071554559,1073111039,1073610751,1073479679,1073741823,1073741823,1073741823,1073741823,1073741823:g5
1073741823,1073741823,1073741823,1073741823,1073741551,1069539327,1071554559,1073111039,1073610751,1073479679,1073741823,1073741823,1073741823,1073741823,1073741823:g5
1073741823,1073741823,1073741823,1073741823,1073741743,1069539327,1071554559,1073111039,1073610751,1073479679,1073741823,1073741823,1073741823,1073741823,1073741823:g5
1073741823,1073741823,1073741823,1073741823,1073741807,1069539327,1071554303,1073111039,1073610751,1073479679,1073741823,1073741823,1073741823,1073741823,1073741823:g5
1073741823,1073741823,1073741823,1073741823,1073741807,1069539263,1071554559,1073111039,1073610751,1073479679,1073741823,1073741823,1073741823,1073741823,1073741823:g5
1073741823,1073741823,1073741823,1073741823,1073741807,1069539327,1071554543,1073111039,1073610751,1073479679,1073741823,1073741823,1073741823,1073741823,1073741823:g5
1073741823,1073741823,1073741823,1073741823,1073741807,1069539311,1071554559,1073111039,1073610751,1073479679,1073741823,1073741823,1073741823,1073741823,1073741823:g5
1073741823,1073741823,1073741823,1073741567,1073741807,1069539327,1071554559,1073111039,1073610751,1073479679,1073741823,1073741823,1073741823,1073741823,1073741823:g5
1073741823,1073741823,1073741823,1073737727,1073741807,1069539327,1071554559,1073111039,1073610751,1073479679,1073741823,1073741823,1073741823,1073741823,1073741823:g9
1073741823,1073741823,1073741823,1073676287,1073741807,1069539327,1071554559,1073111039,1073610751,1073479679,1073741823,1073741823,1073741823,1073741823,1073741823:g5
1073741823,1073741823,1073741823,1073741823,1073741807,1069539327,1071554559,1073111039,1073610751,1073479423,1073741823,1073741823,1073741823,1073741823,1073741823:g5
1073741823,1073741823,1073741823,1073741823,1073741807,1069539327,1071554559,1073110783,1073610751,1073479679,1073741823,1073741823,1073741823,1073741823,1073741823:g5
1073741823,1073741823,1073741823,1073741823,1073741807,1069539071,1071554559,1073111039,1073610751,1073479679,1073741823,1073741823,1073741823,1073741823,1073741823:g5
1073741823,1073741823,1073741823,1073741823,1073741807,1069539327,1071554559,1073111039,1073610751,1073475583,1073741823,1073741823,1073741823,1073741823,1073741823:g5
1073741823,1073741823,1073741823,1073479679,1073741807,1069539327,1071554559,1073111039,1073610751,1073479679,1073741823,1073741823,1073741823,1073741823,1073741823:g5
1073741823,1073741823,1073741823,1069547519,1073741807,1069539327,1071554559,1073111039,1073610751,1073479679,1073741823,1073741823,1073741823,1073741823,1073741823:g5
1073741823,1073741823,1073741823,1073741823,1069547503,1069539327,1071554559,1073111039,1073610751,1073479679,1073741823,1073741823,1073741823,1073741823,1073741823:g5
1073741823,1073741823,1073741823,1006632959,1073741807,1069539327,1071554559,1073111039,1073610751,1073479679,1073741823,1073741823,1073741823,1073741823,1073741823:g5
1073741823,1073741823,1073741823,1073741823,1073741807,1002430463,1071554559,1073111039,1073610751,1073479679,1073741823,1073741823,1073741823,1073741823,1073741823:g5
1073741823,1073741823,1073741823,1073741823,1073741807,1052762111,1071554559,1073111039,1073610751,1073479679,1073741823,1073741823,1073741823,1073741823,1073741823:g5
1073741823,1073741823,1073741823,1073741823,1073741807,1069539327,1071554559,1006002175,1073610751,1073479679,1073741823,1073741823,1073741823,1073741823,1073741823:g5
1073741823,1073741823,1073741823,1073741823,1073741807,1068490751,1071554559,1073111039,1073610751,1073479679,1073741823,1073741823,1073741823,1073741823,1073741823:g5
1073741823,1073741823,1073741823,1073741823,1056964591,1069539327,1071554559,1073111039,1073610751,1073479679,1073741823,1073741823,1073741823,1073741823,1073741823:g5
1073741823,1073741823,1073741823,1073741823,1073741807,1069539327,1054777343,1073111039,1073610751,1073479679,1073741823,1073741823,1073741823,1073741823,1073741823:g5
1073741823,1073741823,1073741823,1073741823,1073741807,1069539327,1067360255,1073111039,1073610751,1073479679,1073741823,1073741823,1073741823,1073741823,1073741823:g5
1073741823,1073741823,1073741823,1073741823,1073741807,1069539327,1071554559,1073111039,1056833535,1073479679,1073741823,1073741823,1073741823,1073741823,1073741823:g5
1073741823,1073741823,1073741823,1073741823,1073741807,1069539327,1071554559,1073111039,1073610751,1073479679,1073741823,1073725439,1073741823,1073741823,1073741823:g5
1073741823,1073741823,1073741823,1073741823,1073741807,1069539327,1071554559,1073111039,1073610751,1072431103,1073741823,1073741823,1073741823,1073741823,1073741823:g5
1073741823,1073741823,1073741823,1073741823,1073741807,1069539327,1071554559,1073111039,1073610751,1073479679,1073741823,1069547519,1073741823,1073741823,1073741823:g5
1073741823,1073741823,1073741823,1073741823,1073741807,1069539327,1071554559,1073111039,1073610751,1073479679,1073741823,1073479679,1073741823,1073741823,1073741823:g5
1073741823,1073741823,1073741823,1073741823,1073741807,1069539327,1071554559,1073111039,1073610751,1073479679,1073479679,1073741823,1073741823,1073741823,1073741823:g5
1073741823,1073741823,1073741823,1073741823,1073741807,1069539327,1071554559,1073111039,1073610751,1073479679,1073737727,1073741823,1073741823,1073741823,1073741823:g5
1073741823,1073741823,1073741823,1073741823,1073741807,1069539327,1071554559,1073111039,1073610751,1073479679,1072693247,1073741823,1073741823,1073741823,1073741823:g5
1073741823,1073741823,1073741823,1073741823,1073741807,1069539327,1071554559,1073111039,1073610751,1073479679,1073676287,1073741823,1073741823,1073741823,1073741823:g5
1073741823,1073741823,1073741823,1073741823,1073741807,1069539327,1071554559,1073111039,1073610751,1073414143,1073741823,1073741823,1073741823,1073741823,1073741823:g5
1073741823,1073741823,1073741823,1073741823,1073741807,1069539327,1071554559,1073111039,1073609727,1073479679,1073741823,1073741823,1073741823,1073741823,1073741823:g5
1073741823,1073741823,1073741823,1073741823,1073741807,1069539327,1071553535,1073111039,1073610751,1073479679,1073741823,1073741823,1073741823,1073741823,1073741823:g5
1073741823,1073741823,1073741823,1073741823,1073740783,1069539327,1071554559,1073111039,1073610751,1073479679,1073741823,1073741823,1073741823,1073741823,1073741823:g5
1073741823,1073741823,1073741823,1073741823,1073725423,1069539327,1071554559,1073111039,1073610751,1073479679,1073741823,1073741823,1073741823,1073741823,1073741823:g5
1073741823,1073741823,1073741823,1073741823,1073479663,1069539327,1071554559,1073111039,1073610751,1073479679,1073741823,1073741823,1073741823,1073741823,1073741823:g5
1073741823,1073741823,1073741823,1073741823,1073741807,1069539327,1071554559,1068916735,1073610751,1073479679,1073741823,1073741823,1073741823,1073741823,1073741823:g5
1073741823,1073741823,1073741823,1073741823,1073741807,1069539327,1071554559,1072062463,1073610751,1073479679,1073741823,1073741823,1073741823,1073741823,1073741823:g5
1073741823,1073741823,1073741823,1073741823,1073741807,1069539327,1071554559,1073111039,1073610751,1069285375,1073741823,1073741823,1073741823,1073741823,1073741823:g5
1073741823,1073741823,1073741823,1073741823,1073741807,1069539327,1071554559,1073111039,1073348607,1073479679,1073741823,1073741823,1073741823,1073741823,1073741823:g5
1073741823,1073741823,1073741823,1073741823,1073737711,1069539327,1071554559,1073111039,1073610751,1073479679,1073741823,1073741823,1073741823,1073741823,1073741823:g9
1073741823,1073741823,1073741823,1073741823,1073737711,1069539327,1071554559,1073111039,1073602559,1073479679,1073741567,1073741823,1073741823,1073741823,1073741823:g10
1073741823,1073741823,1073741823,1073740799,1073737711,1069539327,1071554559,1073111039,1073602559,1073479679,1073741823,1073741823,1073741823,1073741823,1073741823:g10
1073741823,1073741823,1073737727,1073741823,1073737711,1069539327,1071554559,1073111039,1073602559,1073479679,1073741823,1073741823,1073741823,1073741823,1073741823:g10
1073741823,1073741823,1073676287,1073741823,1073737711,1069539327,1071554559,1073111039,1073602559,1073479679,1073741823,1073741823,1073741823,1073741823,1073741823:g10
1073741823,1073741823,1073741823,1073725439,1073737711,1069539327,1071554559,1073111039,1073602559,1073479679,1073741823,1073741823,1073741823,1073741823,1073741823:g10
1073741823,1073741823,1073741823,1073741823,1073737711,1069539327,1071554559,1073111039,1073602303,1073479679,1073741823,1073741823,1073741823,1073741823,1073741823:g10
1073741823,1073741823,1073741823,1073741823,1073737711,1069539327,1071554558,1073111039,1073602559,1073479679,1073741823,1073741823,1073741823,1073741823,1073741823:g10
1073741823,1073741823,1073741823,1073741823,1073737711,1069539323,1071554559,1073111039,1073602559,1073479679,1073741823,1073741823,1073741823,1073741823,1073741823:g10
1073741823,1073741823,1073741823,1073741823,1073737710,1069539327,1071554559,1073111039,1073602559,1073479679,1073741823,1073741823,1073741823,1073741823,1073741823:g10
1073741823,1073741823,1073741823,1073741823,1073737707,1069539327,1071554559,1073111039,1073602559,1073479679,1073741823,1073741823,1073741823,1073741823,1073741823:g10
1073741823,1073741823,1073741822,1073741823,1073737711,1069539327,1071554559,1073111039,1073602559,1073479679,1073741823,1073741823,1073741823,1073741823,1073741823:g10
1073741823,1073741823,1073741823,1073741819,1073737711,1069539327,1071554559,1073111039,1073602559,1073479679,1073741823,1073741823,1073741823,1073741823,1073741823:g10
1073741823,1073741823,1073741807,1073741823,1073737711,1069539327,1071554559,1073111039,1073602559,1073479679,1073741823,1073741823,1073741823,1073741823,1073741823:g10
1073741823,1073741823,1073741823,1073741807,1073737711,1069539327,1071554559,1073111039,1073602559,1073479679,1073741823,1073741823,1073741823,1073741823,1073741823:g10
1073741823,1073741823,1073741567,1073741823,1073737711,1069539327,1071554559,1073111039,1073602559,1073479679,1073741823,1073741823,1073741823,1073741823,1073741823:g10
1073741823,1073741823,1073741823,1073741759,1073737711,1069539327,1071554559,1073111039,1073602559,1073479679,1073741823,1073741823,1073741823,1073741823,1073741823:g10
1073741823,1073741823,1073741823,1073741823,1073737455,1069539327,1071554559,1073111039,1073602559,1073479679,1073741823,1073741823,1073741823,1073741823,1073741823:g10
1073741823,1073741823,1073741823,1073741823,1073737647,1069539327,1071554559,1073111039,1073602559,1073479679,1073741823,1073741823,1073741823,1073741823,1073741823:g10
1073741823,1073741823,1073741823,1073741823,1073737711,1069539327,1071554303,1073111039,1073602559,1073479679,1073741823,1073741823,1073741823,1073741823,1073741823:g10
1073741823,1073741823,1073741823,1073741823,1073737711,1069539263,1071554559,1073111039,1073602559,1073479679,1073741823,1073741823,1073741823,1073741823,1073741823:g10
1073741823,1073741823,1073741823,1073741823,1073737711,1069539327,1071554543,1073111039,1073602559,1073479679,1073741823,1073741823,1073741823,1073741823,1073741823:g10
1073741823,1073741823,1073741823,1073741823,1073737711,1069539311,1071554559,1073111039,1073602559,1073479679,1073741823,1073741823,1073741823,1073741823,1073741823:g10
1073741823,1073741823,1073741823,1073741567,1073737711,1069539327,1071554559,1073111039,1073602559,1073479679,1073741823,1073741823,1073741823,1073741823,1073741823:g10
1073741823,1073741823,1073741823,1073737727,1073737711,1069539327,1071554559,1073111039,1073602559,1073479679,1073741823,1073741823,1073741823,1073741823,1073741823:g10
1073741823,1073741823,1073741823,1073676287,1073737711,1069539327,1071554559,1073111039,1073602559,1073479679,1073741823,1073741823,1073741823,1073741823,1073741823:g10
1073741823,1073741823,1073741823,1073741823,1073737711,1069539327,1071554559,1073111039,1073602559,1073479423,1073741823,1073741823,1073741823,1073741823,1073741823:g10
1073741823,1073741823,1073741823,1073741823,1073737711,1069539327,1071554559,1073110783,1073602559,1073479679,1073741823,1073741823,1073741823,1073741823,1073741823:g10
1073741823,1073741823,1073741823,1073741823,1073737711,1069539071,1071554559,1073111039,1073602559,1073479679,1073741823,1073741823,1073741823,1073741823,1073741823:g10
1073741823,1073741823,1073741823,1073741823,1073737711,1069539327,1071554559,1073111039,1073602559,1073475583,1073741823,1073741823,1073741823,1073741823,1073741823:h10
1073741823,1073741823,1073741823,1073479679,1073737711,1069539327,1071554559,1073111039,1073602559,1073479679,1073741823,1073741823,1073741823,1073741823,1073741823:g10
1073741823,1073741823,1073741823,1069547519,1073737711,1069539327,1071554559,1073111039,1073602559,1073479679,1073741823,1073741823,1073741823,1073741823,1073741823:g10
1073741823,1073741823,1073741823,1073741823,1069543407,1069539327,1071554559,1073111039,1073602559,1073479679,1073741823,1073741823,1073741823,1073741823,1073741823:g10
1073741823,1073741823,1073741823,1006632959,1073737711,1069539327,1071554559,1073111039,1073602559,1073479679,1073741823,1073741823,1073741823,1073741823,1073741823:g10
1073741823,1073741823,1073741823,1073741823,1073737711,1002430463,1071554559,1073111039,1073602559,1073479679,1073741823,1073741823,1073741823,1073741823,1073741823:g10
1073741823,1073741823,1073741823,1073741823,1073737711,1052762111,1071554559,1073111039,1073602559,1073479679,1073741823,1073741823,1073741823,1073741823,1073741823:g10
1073741823,1073741823,1073741823,1073741823,1073737711,1069539327,1071554559,1006002175,1073602559,1073479679,1073741823,1073741823,1073741823,1073741823,1073741823:g10
1073741823,1073741823,1073741823,1073741823,1073737711,1068490751,1071554559,1073111039,1073602559,1073479679,1073741823,1073741823,1073741823,1073741823,1073741823:g10
1073741823,1073741823,1073741823,1073741823,1056960495,1069539327,1071554559,1073111039,1073602559,1073479679,1073741823,1073741823,1073741823,1073741823,1073741823:g10
1073741823,1073741823,1073741823,1073741823,1073737711,1069539327,1054777343,1073111039,1073602559,1073479679,1073741823,1073741823,1073741823,1073741823,1073741823:g10
1073741823,1073741823,1073741823,1073741823,1073737711,1069539327,1067360255,1073111039,1073602559,1073479679,1073741823,1073741823,1073741823,1073741823,1073741823:g10
1073741823,1073741823,1073741823,1073741823,1073737711,1069539327,1071554559,1073111039,1056825343,1073479679,1073741823,1073741823,1073741823,1073741823,1073741823:g10
1073741823,1073741823,1073741823,1073741823,1073737711,1069539327,1071554559,1073111039,1073602559,1073479679,1073741823,1073725439,1073741823,1073741823,1073741823:g10
1073741823,1073741823,1073741823,1073741823,1073737711,1069539327,1071554559,1073111039,1073602559,1072431103,1073741823,1073741823,1073741823,1073741823,1073741823:g10
1073741823,1073741823,1073741823,1073741823,1073737711,1069539327,1071554559,1073111039,1073602559,1073479679,1073741823,1069547519,1073741823,1073741823,1073741823:g10
1073741823,1073741823,1073741823,1073741823,1073737711,1069539327,1071554559,1073111039,1073602559,1073479679,1073741823,1073479679,1073741823,1073741823,1073741823:g10
1073741823,1073741823,1073741823,1073741823,1073737711,1069539327,1071554559,1073111039,1073602559,1073479679,1073479679,1073741823,1073741823,1073741823,1073741823:g10
1073741823,1073741823,1073741823,1073741823,1073737711,1069539327,1071554559,1073111039,1073602559,1073479679,1073737727,1073741823,1073741823,1073741823,1073741823:g10
1073741823,1073741823,1073741823,1073741823,1073737711,1069539327,1071554559,1073111039,1073602559,1073479679,1072693247,1073741823,1073741823,1073741823,1073741823:g10
1073741823,1073741823,1073741823,1073741823,1073737711,1069539327,1071554559,1073111039,1073602559,1073479679,1073676287,1073741823,1073741823,1073741823,1073741823:g10
1073741823,1073741823,1073741823,1073741823,1073737711,1069539327,1071554559,1073111039,1073602559,1073414143,1073741823,1073741823,1073741823,1073741823,1073741823:g10
1073741823,1073741823,1073741823,1073741823,1073737711,1069539327,1071554559,1073111039,1073601535,1073479679,1073741823,1073741823,1073741823,1073741823,1073741823:g10
1073741823,1073741823,1073741823,1073741823,1073737711,1069539327,1071553535,1073111039,1073602559,1073479679,1073741823,1073741823,1073741823,1073741823,1073741823:g10
1073741823,1073741823,1073741823,1073741823,1073736687,1069539327,1071554559,1073111039,1073602559,1073479679,1073741823,1073741823,1073741823,1073741823,1073741823:g10
1073741823,1073741823,1073741823,1073741823,1073721327,1069539327,1071554559,1073111039,1073602559,1073479679,1073741823,1073741823,1073741823,1073741823,1073741823:g10
1073741823,1073741823,1073741823,1073741823,1073475567,1069539327,1071554559,1073111039,1073602559,1073479679,1073741823,1073741823,1073741823,1073741823,1073741823:g10
1073741823,1073741823,1073741823,1073741823,1073737711,1069539327,1071554559,1068916735,1073602559,1073479679,1073741823,1073741823,1073741823,1073741823,1073741823:g10
1073741823,1073741823,1073741823,1073741823,1073737711,1069539327,1071554559,1072062463,1073602559,1073479679,1073741823,1073741823,1073741823,1073741823,1073741823:g10
1073741823,1073741823,1073741823,1073741823,1073737711,1069539327,1071554559,1073111039,1073602559,1069285375,1073741823,1073741823,1073741823,1073741823,1073741823:g10
1073741823,1073741823,1073741823,1073741823,1073737711,1069539327,1071554559,1073111039,1073340415,1073479679,1073741823,1073741823,1073741823,1073741823,1073741823:g10
1073741823,1073741823,1073741823,1073741823,1073672175,1069539327,1071554559,1073111039,1073602559,1073479679,1073741823,1073741823,1073741823,1073741823,1073741823:g10
1073741823,1073741823,1073741823,1073741823,1073737711,1069473791,1071554559,1073111039,1073602559,1073479679,1073741823,1073741823,1073741823,1073741823,1073741823:g10
1073741823,1073741823,1073741823,1073741823,1072689135,1069539327,1071554559,1073111039,1073602559,1073479679,1073741823,1073741823,1073741823,1073741823,1073741823:g10
1073741823,1073741823,1073741823,1073741823,1073737711,1069539327,1071292415,1073111039,1073602559,1073479679,1073741823,1073741823,1073741823,1073741823,1073741823:g10
1073741823,1073741823,1073741823,1073741823,1073737711,1069539327,1071554559,1073111039,1072553983,1073479679,1073741823,1073741823,1073741823,1073741823,1073741823:g10
1073741823,1073741823,1073741823,1073741823,1073737711,1069539327,1071554559,1073111039,1073602559,1073478655,1073741823,1073741823,1073741823,1073741823,1073741823:g10
1073741823,1073741823,1073741823,1073741823,1073737711,1069539327,1071554559,1073110015,1073602559,1073479679,1073741823,1073741823,1073741823,1073741823,1073741823:g10
1073741823,1073741823,1073741823,1073741823,1073737711,1069538303,1071554559,1073111039,1073602559,1073479679,1073741823,1073741823,1073741823,1073741823,1073741823:g10
1073741823,1073741823,1073741823,1073741823,1073737711,1069522943,1071554559,1073111039,1073602559,1073479679,1073741823,1073741823,1073741823,1073741823,1073741823:g10
1073741823,1073741823,1073741823,1073741823,1073737711,1069277183,1071554559,1073111039,1073602559,1073479679,1073741823,1073741823,1073741823,1073741823,1073741823:g10
1073741823,1073741823,1073741823,1073741823,1073737711,1069539327,1071554559,1073111039,1073602559,1073463295,1073741823,1073741823,1073741823,1073741823,1073741823:g10
1073741823,1073741823,1073741823,1073741823,1073737711,1069539327,1071554559,1073111039,1073586175,1073479679,1073741823,1073741823,1073741823,1073741823,1073741823:g10
1073741823,1073741823,1073741823,1073741823,1073676271,1069539327,1071554559,1073111039,1073610751,1073479679,1073741823,1073741823,1073741823,1073741823,1073741823:g5
1073741823,1073741823,1073741823,1073741823,1073741807,1069473791,1071554559,1073111039,1073610751,1073479679,1073741823,1073741823,1073741823,1073741823,1073741823:g5
1073741823,1073741823,1073741823,1073741823,1072693231,1069539327,1071554559,1073111039,1073610751,1073479679,1073741823,1073741823,1073741823,1073741823,1073741823:g5
1073741823,1073741823,1073741823,1073741823,1073741807,1069539327,1071292415,1073111039,1073610751,1073479679,1073741823,1073741823,1073741823,1073741823,1073741823:g5
1073741823,1073741823,1073741823,1073741823,1073741807,1069539327,1071554559,1073111039,1072562175,1073479679,1073741823,1073741823,1073741823,1073741823,1073741823:g5
1073741823,1073741823,1073741823,1073741823,1073741807,1069539327,1071554559,1073111039,1073610751,1073478655,1073741823,1073741823,1073741823,1073741823,1073741823:g5
1073741823,1073741823,1073741823,1073741823,1073741807,1069539327,1071554559,1073111039,1073606655,1073479679,1073741823,1073741823,1073741823,1073741823,1073741823:e6
1073741823,1073741823,1073741823,1073741823,1073741807,1069538815,1071554559,1073111023,1073606655,1073479679,1073741823,1073741823,1073741823,1073741823,1073741823:f6
1073741823,1073741823,1073741823,1073741823,1073741807,1069538815,1071554495,1073111039,1073606655,1073479679,1073741823,1073741823,1073741823,1073741823,1073741823:f6
1073741823,1073741823,1073741823,1073741823,1073741807,1069538815,1071554559,1073111039,1073606655,1073479679,1073741567,1073741823,1073741823,1073741823,1073741823:f6
1073741823,1073741823,1073741823,1073741823,1073741807,1069538815,1071554559,1073111039,1073606399,1073479679,1073741823,1073741823,1073741823,1073741823,1073741823:f6
1073741823,1073741823,1073741823,1073741823,1073741807,1069538815,1071554558,1073111039,1073606655,1073479679,1073741823,1073741823,1073741823,1073741823,1073741823:f6
1073741823,1073741823,1073741823,1073741823,1073741807,1069538811,1071554559,1073111039,1073606655,1073479679,1073741823,1073741823,1073741823,1073741823,1073741823:f6
1073741823,1073741823,1073741823,1073741823,1073741806,1069538815,1071554559,1073111039,1073606655,1073479679,1073741823,1073741823,1073741823,1073741823,1073741823:f6
1073741823,1073741823,1073741823,1073741823,1073741803,1069538815,1071554559,1073111039,1073606655,1073479679,1073741823,1073741823,1073741823,1073741823,1073741823:f6
1073741823,1073741823,1073741822,1073741823,1073741807,1069538815,1071554559,1073111039,1073606655,1073479679,1073741823,1073741823,1073741823,1073741823,1073741823:f6
1073741823,1073741823,1073741823,1073741819,1073741807,1069538815,1071554559,1073111039,1073606655,1073479679,1073741823,1073741823,1073741823,1073741823,1073741823:f6
1073741823,1073741823,1073741807,1073741823,1073741807,1069538815,1071554559,1073111039,1073606655,1073479679,1073741823,1073741823,1073741823,1073741823,1073741823:f6
1073741823,1073741823,1073741823,1073741807,1073741807,1069538815,1071554559,1073111039,1073606655,1073479679,1073741823,1073741823,1073741823,1073741823,1073741823:f6
1073741823,1073741823,1073741567,1073741823,1073741807,1069538815,1071554559,1073111039,1073606655,1073479679,1073741823,1073741823,1073741823,1073741823,1073741823:f6
1073741823,1073741823,1073741823,1073741759,1073741807,1069538815,1071554559,1073111039,1073606655,1073479679,1073741823,1073741823,1073741823,1073741823,1073741823:f6
1073741823,1073741823,1073741823,1073741823,1073741551,1069538815,1071554559,1073111039,1073606655,1073479679,1073741823,1073741823,1073741823,1073741823,1073741823:d6
1073741823,1073741823,1073741823,1073741823,1073741551,1069538687,1071554559,1073111035,1073606655,1073479679,1073741823,1073741823,1073741823,1073741823,1073741823:f6
1073741823,1073741823,1073741823,1073741823,1073741551,1069538687,1071554559,1073110975,1073606655,1073479679,1073741823,1073741823,1073741823,1073741823,1073741823:f6
1073741823,1073741823,1073737727,1073741823,1073741551,1069538687,1071554559,1073111039,1073606655,1073479679,1073741823,1073741823,1073741823,1073741823,1073741823:f6
1073741823,1073741823,1073741823,1073740799,1073741551,1069538687,1071554559,1073111039,1073606655,1073479679,1073741823,1073741823,1073741823,1073741823,1073741823:f6
1073741823,1073741823,1073741823,1073741823,1073741551,1069538687,1071554559,1073111023,1073606655,1073479679,1073741823,1073741823,1073741823,1073741823,1073741823:f6
1073741823,1073741823,1073741823,1073741823,1073741551,1069538687,1071554495,1073111039,1073606655,1073479679,1073741823,1073741823,1073741823,1073741823,1073741823:f6
1073741823,1073741823,1073741823,1073741823,1073741551,1069538687,1071554559,1073111039,1073606655,1073479679,1073741567,1073741823,1073741823,1073741823,1073741823:f6
1073741823,1073741823,1073741823,1073741823,1073741551,1069538687,1071554559,1073111039,1073606399,1073479679,1073741823,1073741823,1073741823,1073741823,1073741823:f6
1073741823,1073741823,1073741823,1073741823,1073741551,1069538687,1071554558,1073111039,1073606655,1073479679,1073741823,1073741823,1073741823,1073741823,1073741823:f6
1073741823,1073741823,1073741823,1073741823,1073741551,1069538683,1071554559,1073111039,1073606655,1073479679,1073741823,1073741823,1073741823,1073741823,1073741823:f6
1073741823,1073741823,1073741823,1073741823,1073741550,1069538687,1071554559,1073111039,1073606655,1073479679,1073741823,1073741823,1073741823,1073741823,1073741823:f6
1073741823,1073741823,1073741823,1073741823,1073741547,1069538687,1071554559,1073111039,1073606655,1073479679,1073741823,1073741823,1073741823,1073741823,1073741823:f6
1073741823,1073741823,1073741822,1073741823,1073741551,1069538687,1071554559,1073111039,1073606655,1073479679,1073741823,1073741823,1073741823,1073741823,1073741823:f6
1073741823,1073741823,1073741823,1073741819,1073741551,1069538687,1071554559,1073111039,1073606655,1073479679,1073741823,1073741823,1073741823,1073741823,1073741823:f6
1073741823,1073741823,1073741807,1073741823,1073741551,1069538687,1071554559,1073111039,1073606655,1073479679,1073741823,1073741823,1073741823,1073741823,1073741823:f6
1073741823,1073741823,1073741823,1073741807,1073741551,1069538687,1071554559,1073111039,1073606655,1073479679,1073741823,1073741823,1073741823,1073741823,1073741823:f6
1073741823,1073741823,1073741567,1073741823,1073741551,1069538687,1071554559,1073111039,1073606655,1073479679,1073741823,1073741823,1073741823,1073741823,1073741823:f6
1073741823,1073741823,1073741823,1073741759,1073741551,1069538687,1071554559,1073111039,1073606655,1073479679,1073741823,1073741823,1073741823,1073741823,1073741823:f6
1073741823,1073741823,1073741823,1073741823,1073741487,1069538687,1071554559,1073111039,1073606655,1073479679,1073741823,1073741823,1073741823,1073741823,1073741823:f6
1073741823,1073741823,1073741823,1073741823,1073741551,1069538687,1071554303,1073111039,1073606655,1073479679,1073741823,1073741823,1073741823,1073741823,1073741823:f6
1073741823,1073741823,1073741823,1073741823,1073741551,1069538687,1071554543,1073111039,1073606655,1073479679,1073741823,1073741823,1073741823,1073741823,1073741823:f6
1073741823,1073741823,1073741823,1073741823,1073741551,1069538671,1071554559,1073111039,1073606655,1073479679,1073741823,1073741823,1073741823,1073741823,1073741823:h6
1073741823,1073741823,1073741823,1073741567,1073741551,1069538687,1071554559,1073111039,1073606655,1073479679,1073741823,1073741823,1073741823,1073741823,1073741823:f6
1073741823,1073741823,1073741823,1073737727,1073741551,1069538687,1071554559,1073111039,1073606655,1073479679,1073741823,1073741823,1073741823,1073741823,1073741823:f6
1073741823,1073741823,1073741823,1073676287,1073741551,1069538687,1071554559,1073111039,1073606655,1073479679,1073741823,1073741823,1073741823,1073741823,1073741823:f6
1073741823,1073741823,1073741823,1073741823,1073741551,1069538687,1071554559,1073111039,1073606655,1073479423,1073741823,1073741823,1073741823,1073741823,1073741823:f6
1073741823,1073741823,1073741823,1073741823,1073741551,1069538687,1071554559,1073110783,1073606655,1073479679,1073741823,1073741823,1073741823,1073741823,1073741823:f6
1073741823,1073741823,1073741823,1073741823,1073741551,1069538687,1071554559,1073111039,1073606655,1073475583,1073741823,1073741823,1073741823,1073741823,1073741823:f6
1073741823,1073741823,1073741823,1073479679,1073741551,1069538687,1071554559,1073111039,1073606655,1073479679,1073741823,1073741823,1073741823,1073741823,1073741823:f6
1073741823,1073741823,1073741823,1069547519,1073741551,1069538687,1071554559,1073111039,1073606655,1073479679,1073741823,1073741823,1073741823,1073741823,1073741823:f6
1073741823,1073741823,1073741823,1073741823,1069547247,1069538687,1071554559,1073111039,1073606655,1073479679,1073741823,1073741823,1073741823,1073741823,1073741823:f6
1073741823,1073741823,1073741823,1006632959,1073741551,1069538687,1071554559,1073111039,1073606655,1073479679,1073741823,1073741823,1073741823,1073741823,1073741823:f6
1073741823,1073741823,1073741823,1073741823,1073741551,1002429823,1071554559,1073111039,1073606655,1073479679,1073741823,1073741823,1073741823,1073741823,1073741823:f6
1073741823,1073741823,1073741823,1073741823,1073741551,1052761471,1071554559,1073111039,1073606655,1073479679,1073741823,1073741823,1073741823,1073741823,1073741823:f6
1073741823,1073741823,1073741823,1073741823,1073741551,1069538687,1071554559,1006002175,1073606655,1073479679,1073741823,1073741823,1073741823,1073741823,1073741823:f6
1073741823,1073741823,1073741823,1073741823,1073741551,1068490111,1071554559,1073111039,1073606655,1073479679,1073741823,1073741823,1073741823,1073741823,1073741823:f6
1073741823,1073741823,1073741823,1073741823,1056964335,1069538687,1071554559,1073111039,1073606655,1073479679,1073741823,1073741823,1073741823,1073741823,1073741823:f6
1073741823,1073741823,1073741823,1073741823,1073741551,1069538687,1054777343,1073111039,1073606655,1073479679,1073741823,1073741823,1073741823,1073741823,1073741823:f6
1073741823,1073741823,1073741823,1073741823,1073741551,1069538687,1067360255,1073111039,1073606655,1073479679,1073741823,1073741823,1073741823,1073741823,1073741823:f6
1073741823,1073741823,1073741823,1073741823,1073741551,1069538687,1071554559,1073111039,1056829439,1073479679,1073741823,1073741823,1073741823,1073741823,1073741823:f6
1073741823,1073741823,1073741823,1073741823,1073741551,1069538687,1071554559,1073111039,1073606655,1073479679,1073741823,1073725439,1073741823,1073741823,1073741823:f6
1073741823,1073741823,1073741823,1073741823,1073741551,1069538687,1071554559,1073111039,1073606655,1072431103,1073741823,1073741823,1073741823,1073741823,1073741823:f6
1073741823,1073741823,1073741823,1073741823,1073741551,1069538687,1071554559,1073111039,1073606655,1073479679,1073741823,1069547519,1073741823,1073741823,1073741823:f6
1073741823,1073741823,1073741823,1073741823,1073741551,1069538687,1071554559,1073111039,1073606655,1073479679,1073741823,1073479679,1073741823,1073741823,1073741823:f6
1073741823,1073741823,1073741823,1073741823,1073741551,1069538687,1071554559,1073111039,1073606655,1073479679,1073479679,1073741823,1073741823,1073741823,1073741823:f6
1073741823,1073741823,1073741823,1073741823,1073741551,1069538687,1071554559,1073111039,1073606655,1073479679,1073737727,1073741823,1073741823,1073741823,1073741823:f6
1073741823,1073741823,1073741823,1073741823,1073741551,1069538687,1071554559,1073111039,1073606655,1073479679,1072693247,1073741823,1073741823,1073741823,1073741823:f6
1073741823,1073741823,1073741823,1073741823,1073741551,1069538687,1071554559,1073111039,1073606655,1073479679,1073676287,1073741823,1073741823,1073741823,1073741823:f6
1073741823,1073741823,1073741823,1073741823,1073741551,1069538687,1071554559,1073111039,1073606655,1073414143,1073741823,1073741823,1073741823,1073741823,1073741823:f6
1073741823,1073741823,1073741823,1073741823,1073741551,1069538687,1071554559,1073111039,1073605631,1073479679,1073741823,1073741823,1073741823,1073741823,1073741823:f6
1073741823,1073741823,1073741823,1073741823,1073741551,1069538687,1071553535,1073111039,1073606655,1073479679,1073741823,1073741823,1073741823,1073741823,1073741823:f6
1073741823,1073741823,1073741823,1073741823,1073740527,1069538687,1071554559,1073111039,1073606655,1073479679,1073741823,1073741823,1073741823,1073741823,1073741823:f6
1073741823,1073741823,1073741823,1073741823,1073725167,1069538687,1071554559,1073111039,1073606655,1073479679,1073741823,1073741823,1073741823,1073741823,1073741823:f6
1073741823,1073741823,1073741823,1073741823,1073479407,1069538687,1071554559,1073111039,1073606655,1073479679,1073741823,1073741823,1073741823,1073741823,1073741823:f6
1073741823,1073741823,1073741823,1073741823,1073741551,1069538687,1071554559,1068916735,1073606655,1073479679,1073741823,1073741823,1073741823,1073741823,1073741823:f6
1073741823,1073741823,1073741823,1073741823,1073741551,1069538687,1071554559,1072062463,1073606655,1073479679,1073741823,1073741823,1073741823,1073741823,1073741823:f6
1073741823,1073741823,1073741823,1073741823,1073741551,1069538687,1071554559,1073111039,1073606655,1069285375,1073741823,1073741823,1073741823,1073741823,1073741823:f6
1073741823,1073741823,1073741823,1073741823,1073741551,1069538687,1071554559,1073111039,1073344511,1073479679,1073741823,1073741823,1073741823,1073741823,1073741823:f6
1073741823,1073741823,1073741823,1073741823,1073737455,1069538687,1071554559,1073111039,1073606655,1073479679,1073741823,1073741823,1073741823,1073741823,1073741823:f6
1073741823,1073741823,1073741823,1073741823,1073676015,1069538687,1071554559,1073111039,1073606655,1073479679,1073741823,1073741823,1073741823,1073741823,1073741823:f6
1073741823,1073741823,1073741823,1073741823,1073741551,1069473151,1071554559,1073111039,1073606655,1073479679,1073741823,1073741823,1073741823,1073741823,1073741823:f6
1073741823,1073741823,1073741823,1073741823,1072692975,1069538687,1071554559,1073111039,1073606655,1073479679,1073741823,1073741823,1073741823,1073741823,1073741823:f6
1073741823,1073741823,1073741823,1073741823,1073741551,1069538687,1071292415,1073111039,1073606655,1073479679,1073741823,1073741823,1073741823,1073741823,1073741823:f6
1073741823,1073741823,1073741823,1073741823,1073741551,1069538687,1071554559,1073111039,1072558079,1073479679,1073741823,1073741823,1073741823,1073741823,1073741823:f6
1073741823,1073741823,1073741823,1073741823,1073741551,1069538687,1071554559,1073111039,1073606655,1073478655,1073741823,1073741823,1073741823,1073741823,1073741823:f6
1073741823,1073741823,1073741823,1073741823,1073741551,1069538687,1071554559,1073110015,1073606655,1073479679,1073741823,1073741823,1073741823,1073741823,1073741823:f6
1073741823,1073741823,1073741823,1073741823,1073741551,1069537663,1071554559,1073111039,1073606655,1073479679,1073741823,1073741823,1073741823,1073741823,1073741823:d5
1073741823,1073741823,1073741823,1073741823,1073741551,1069522303,1071554559,1073111039,1073606655,1073479679,1073741823,1073741823,1073741823,1073741823,1073741823:d5
1073741823,1073741823,1073741823,1073741823,1073741551,1069276543,1071554559,1073111039,1073606655,1073479679,1073741823,1073741823,1073741823,1073741823,1073741823:f6
1073741823,1073741823,1073741823,1073741823,1073741551,1069538687,1071554559,1073111039,1073606655,1073463295,1073741823,1073741823,1073741823,1073741823,1073741823:f6
1073741823,1073741823,1073741823,1073741823,1073741551,1069538687,1071554559,1073111039,1073590271,1073479679,1073741823,1073741823,1073741823,1073741823,1073741823:f6
1073741823,1073741823,1073741823,1073741823,1073741743,1069538815,1071554559,1073111039,1073606655,1073479679,1073741823,1073741823,1073741823,1073741823,1073741823:f6
1073741823,1073741823,1073741823,1073741823,1073741807,1069538815,1071554303,1073111039,1073606655,1073479679,1073741823,1073741823,1073741823,1073741823,1073741823:f6
1073741823,1073741823,1073741823,1073741823,1073741807,1069538751,1071554559,1073111039,1073606655,1073479679,1073741823,1073741823,1073741823,1073741823,1073741823:e7
1073741823,1073741823,1073741823,1073741823,1073741807,1069538751,1071554047,1073111039,1073606639,1073479679,1073741823,1073741823,1073741823,1073741823,1073741823:e5
1073741823,1073741823,1073741823,1073741823,1073741807,1069538751,1071554047,1073111035,1073606655,1073479679,1073741823,1073741823,1073741823,1073741823,1073741823:e5
1073741823,1073741823,1073741823,1073740799,1073741807,1069538751,1071554047,1073111039,1073606655,1073479679,1073741823,1073741823,1073741823,1073741823,1073741823:e5
1073741823,1073741823,1073741823,1073741823,1073741807,1069538751,1071554047,1073110975,1073606655,1073479679,1073741823,1073741823,1073741823,1073741823,1073741823:e5
1073741823,1073741823,1073741823,1073741823,1073741807,1069538751,1071554047,1073111023,1073606655,1073479679,1073741823,1073741823,1073741823,1073741823,1073741823:e5
1073741823,1073741823,1073741823,1073741823,1073741807,1069538751,1071553983,1073111039,1073606655,1073479679,1073741823,1073741823,1073741823,1073741823,1073741823:e5
1073741823,1073741823,1073741823,1073741823,1073741807,1069538751,1071554047,1073111039,1073606655,1073479679,1073741567,1073741823,1073741823,1073741823,1073741823:e5
1073741823,1073741823,1073741823,1073741823,1073741807,1069538751,1071554047,1073111039,1073606399,1073479679,1073741823,1073741823,1073741823,1073741823,1073741823:e5
1073741823,1073741823,1073741823,1073741823,1073741807,1069538751,1071554046,1073111039,1073606655,1073479679,1073741823,1073741823,1073741823,1073741823,1073741823:e5
1073741823,1073741823,1073741823,1073741823,1073741807,1069538747,1071554047,1073111039,1073606655,1073479679,1073741823,1073741823,1073741823,1073741823,1073741823:e5
1073741823,1073741823,1073741823,1073741823,1073741806,1069538751,1071554047,1073111039,1073606655,1073479679,1073741823,1073741823,1073741823,1073741823,1073741823:e5
1073741823,1073741823,1073741823,1073741823,1073741803,1069538751,1071554047,1073111039,1073606655,1073479679,1073741823,1073741823,1073741823,1073741823,1073741823:e5
1073741823,1073741823,1073741822,1073741823,1073741807,1069538751,1071554047,1073111039,1073606655,1073479679,1073741823,1073741823,1073741823,1073741823,1073741823:e5
1073741823,1073741823,1073741823,1073741819,1073741807,1069538751,1071554047,1073111039,1073606655,1073479679,1073741823,1073741823,1073741823,1073741823,1073741823:e5
1073741823,1073741823,1073741807,1073741823,1073741807,1069538751,1071554047,1073111039,1073606655,1073479679,1073741823,1073741823,1073741823,1073741823,1073741823:e5
1073741823,1073741823,1073741823,1073741807,1073741807,1069538751,1071554047,1073111039,1073606655,1073479679,1073741823,1073741823,1073741823,1073741823,1073741823:e5
1073741823,1073741823,1073741567,1073741823,1073741807,1069538751,1071554047,1073111039,1073606655,1073479679,1073741823,1073741823,1073741823,1073741823,1073741823:e5
1073741823,1073741823,1073741823,1073741759,1073741807,1069538751,1071554047,1073111039,1073606655,1073479679,1073741823,1073741823,1073741823,1073741823,1073741823:e5
1073741823,1073741823,1073741823,1073741823,1073741551,1069538751,1071554047,1073111039,1073606655,1073479679,1073741823,1073741823,1073741823,1073741823,1073741823:f7
1073741823,1073741823,1073741823,1073741823,1073741743,1069538751,1071554047,1073111039,1073606655,1073479679,1073741823,1073741823,1073741823,1073741823,1073741823:e5
1073741823,1073741823,1073741823,1073741823,1073741807,1069538751,1071554031,1073111039,1073606655,1073479679,1073741823,1073741823,1073741823,1073741823,1073741823:e5
1073741823,1073741823,1073741823,1073741823,1073741807,1069538735,1071554047,1073111039,1073606655,1073479679,1073741823,1073741823,1073741823,1073741823,1073741823:e5
1073741823,1073741823,1073741823,1073741567,1073741807,1069538751,1071554047,1073111039,1073606655,1073479679,1073741823,1073741823,1073741823,1073741823,1073741823:e8
1073741823,1073741823,1073741823,1073737727,1073741807,1069538751,1071554047,1073111039,1073606655,1073479679,1073741823,1073741823,1073741823,1073741823,1073741823:e5
1073741823,1073741823,1073741823,1073676287,1073741807,1069538751,1071554047,1073111039,1073606655,1073479679,1073741823,1073741823,1073741823,1073741823,1073741823:g5
1073741823,1073741823,1073741823,1073741823,1073741807,1069538751,1071554047,1073111039,1073606655,1073479423,1073741823,1073741823,1073741823,1073741823,1073741823:e5
1073741823,1073741823,1073741823,1073741823,1073741807,1069538751,1071554047,1073110783,1073606655,1073479679,1073741823,1073741823,1073741823,1073741823,1073741823:f7
1073741823,1073741823,1073741823,1073741823,1073741807,1069538751,1071554047,1073111039,1073606655,1073475583,1073741823,1073741823,1073741823,1073741823,1073741823:e5
1073741823,1073741823,1073741823,1073479679,1073741807,1069538751,1071554047,1073111039,1073606655,1073479679,1073741823,1073741823,1073741823,1073741823,1073741823:e5
1073741823,1073741823,1073741823,1069547519,1073741807,1069538751,1071554047,1073111039,1073606655,1073479679,1073741823,1073741823,1073741823,1073741823,1073741823:e5
1073741823,1073741823,1073741823,1073741823,1069547503,1069538751,1071554047,1073111039,1073606655,1073479679,1073741823,1073741823,1073741823,1073741823,1073741823:e5
1073741823,1073741823,1073741823,1006632959,1073741807,1069538751,1071554047,1073111039,1073606655,1073479679,1073741823,1073741823,1073741823,1073741823,1073741823:e5
1073741823,1073741823,1073741823,1073741823,1073741807,1002429887,1071554047,1073111039,1073606655,1073479679,1073741823,1073741823,1073741823,1073741823,1073741823:e5
1073741823,1073741823,1073741823,1073741823,1073741807,1052761535,1071554047,1073111039,1073606655,1073479679,1073741823,1073741823,1073741823,1073741823,1073741823:e5
1073741823,1073741823,1073741823,1073741823,1073741807,1069538751,1071554047,1006002175,1073606655,1073479679,1073741823,1073741823,1073741823,1073741823,1073741823:e5
1073741823,1073741823,1073741823,1073741823,1073741807,1068490175,1071554047,1073111039,1073606655,1073479679,1073741823,1073741823,1073741823,1073741823,1073741823:e5
1073741823,1073741823,1073741823,1073741823,1056964591,1069538751,1071554047,1073111039,1073606655,1073479679,1073741823,1073741823,1073741823,1073741823,1073741823:e5
1073741823,1073741823,1073741823,1073741823,1073741807,1069538751,1054776831,1073111039,1073606655,1073479679,1073741823,1073741823,1073741823,1073741823,1073741823:e5
1073741823,1073741823,1073741823,1073741823,1073741807,1069538751,1067359743,1073111039,1073606655,1073479679,1073741823,1073741823,1073741823,1073741823,1073741823:e5
1073741823,1073741823,1073741823,1073741823,1073741807,1069538751,1071554047,1073111039,1056829439,1073479679,1073741823,1073741823,1073741823,1073741823,1073741823:e5
1073741823,1073741823,1073741823,1073741823,1073741807,1069538751,1071554047,1073111039,1073606655,1073479679,1073741823,1073725439,1073741823,1073741823,1073741823:e5
1073741823,1073741823,1073741823,1073741823,1073741807,1069538751,1071554047,1073111039,1073606655,1072431103,1073741823,1073741823,1073741823,1073741823,1073741823:e5
1073741823,1073741823,1073741823,1073741823,1073741807,1069538751,1071554047,1073111039,1073606655,1073479679,1073741823,1069547519,1073741823,1073741823,1073741823:e5
1073741823,1073741823,1073741823,1073741823,1073741807,1069538751,1071554047,1073111039,1073606655,1073479679,1073741823,1073479679,1073741823,1073741823,1073741823:e5
1073741823,1073741823,1073741823,1073741823,1073741807,1069538751,1071554047,1073111039,1073606655,1073479679,1073479679,1073741823,1073741823,1073741823,1073741823:e5
1073741823,1073741823,1073741823,1073741823,1073741807,1069538751,1071554047,1073111039,1073606655,1073479679,1073737727,1073741823,1073741823,1073741823,1073741823:e5
1073741823,1073741823,1073741823,1073741823,1073741807,1069538751,1071554047,1073111039,1073606655,1073479679,1072693247,1073741823,1073741823,1073741823,1073741823:e5
1073741823,1073741823,1073741823,1073741823,1073741807,1069538751,1071554047,1073111039,1073606655,1073479679,1073676287,1073741823,1073741823,1073741823,1073741823:e5
1073741823,1073741823,1073741823,1073741823,1073741807,1069538751,1071554047,1073111039,1073606655,1073414143,1073741823,1073741823,1073741823,1073741823,1073741823:e5
1073741823,1073741823,1073741823,1073741823,1073741807,1069538751,1071554047,1073111039,1073605631,1073479679,1073741823,1073741823,1073741823,1073741823,1073741823:e5
1073741823,1073741823,1073741823,1073741823,1073741807,1069538751,1071553023,1073111039,1073606655,1073479679,1073741823,1073741823,1073741823,1073741823,1073741823:e5
1073741823,1073741823,1073741823,1073741823,1073740783,1069538751,1071554047,1073111039,1073606655,1073479679,1073741823,1073741823,1073741823,1073741823,1073741823:e5
1073741823,1073741823,1073741823,1073741823,1073725423,1069538751,1071554047,1073111039,1073606655,1073479679,1073741823,1073741823,1073741823,1073741823,1073741823:e5
1073741823,1073741823,1073741823,1073741823,1073479663,1069538751,1071554047,1073111039,1073606655,1073479679,1073741823,1073741823,1073741823,1073741823,1073741823:e5
1073741823,1073741823,1073741823,1073741823,1073741807,1069538751,1071554047,1068916735,1073606655,1073479679,1073741823,1073741823,1073741823,1073741823,1073741823:e5
1073741823,1073741823,1073741823,1073741823,1073741807,1069538751,1071554047,1072062463,1073606655,1073479679,1073741823,1073741823,1073741823,1073741823,1073741823:e5
1073741823,1073741823,1073741823,1073741823,1073741807,1069538751,1071554047,1073111039,1073606655,1069285375,1073741823,1073741823,1073741823,1073741823,1073741823:e5
1073741823,1073741823,1073741823,1073741823,1073741807,1069538751,1071554047,1073111039,1073344511,1073479679,1073741823,1073741823,1073741823,1073741823,1073741823:e5
1073741823,1073741823,1073741823,1073741823,1073737711,1069538751,1071554047,1073111039,1073606655,1073479679,1073741823,1073741823,1073741823,1073741823,1073741823:e5
1073741823,1073741823,1073741823,1073741823,1073676271,1069538751,1071554047,1073111039,1073606655,1073479679,1073741823,1073741823,1073741823,1073741823,1073741823:g5
1073741823,1073741823,1073741823,1073741823,1073741807,1069473215,1071554047,1073111039,1073606655,1073479679,1073741823,1073741823,1073741823,1073741823,1073741823:e5
1073741823,1073741823,1073741823,1073741823,1072693231,1069538751,1071554047,1073111039,1073606655,1073479679,1073741823,1073741823,1073741823,1073741823,1073741823:e5
1073741823,1073741823,1073741823,1073741823,1073741807,1069538751,1071291903,1073111039,1073606655,1073479679,1073741823,1073741823,1073741823,1073741823,1073741823:e5
1073741823,1073741823,1073741823,1073741823,1073741807,1069538751,1071554047,1073111039,1072558079,1073479679,1073741823,1073741823,1073741823,1073741823,1073741823:e5
1073741823,1073741823,1073741823,1073741823,1073741807,1069538751,1071554047,1073111039,1073606655,1073478655,1073741823,1073741823,1073741823,1073741823,1073741823:e5
1073741823,1073741823,1073741823,1073741823,1073741807,1069538751,1071554047,1073110015,1073606655,1073479679,1073741823,1073741823,1073741823,1073741823,1073741823:e5
1073741823,1073741823,1073741823,1073741823,1073741807,1069537727,1071554047,1073111039,1073606655,1073479679,1073741823,1073741823,1073741823,1073741823,1073741823:e8
1073741823,1073741823,1073741823,1073741823,1073741807,1069522367,1071554047,1073111039,1073606655,1073479679,1073741823,1073741823,1073741823,1073741823,1073741823:e5
1073741823,1073741823,1073741823,1073741823,1073741807,1069276607,1071554047,1073111039,1073606655,1073479679,1073741823,1073741823,1073741823,1073741823,1073741823:e5
1073741823,1073741823,1073741823,1073741823,1073741807,1069538751,1071554047,1073111039,1073606655,1073463295,1073741823,1073741823,1073741823,1073741823,1073741823:e5
1073741823,1073741823,1073741823,1073741823,1073741807,1069538751,1071554047,1073111039,1073590271,1073479679,1073741823,1073741823,1073741823,1073741823,1073741823:e5
1073741823,1073741823,1073741823,1073741823,1073741807,1069538815,1071554543,1073111039,1073606655,1073479679,1073741823,1073741823,1073741823,1073741823,1073741823:f6
1073741823,1073741823,1073741823,1073741823,1073741807,1069538799,1071554559,1073111039,1073606655,1073479679,1073741823,1073741823,1073741823,1073741823,1073741823:f6
1073741823,1073741823,1073741823,1073741567,1073741807,1069538815,1071554559,1073111039,1073606655,1073479679,1073741823,1073741823,1073741823,1073741823,1073741823:f6
1073741823,1073741823,1073741823,1073737727,1073741807,1069538815,1071554559,1073111039,1073606655,1073479679,1073741823,1073741823,1073741823,1073741823,1073741823:f6
1073741823,1073741823,1073741823,1073676287,1073741807,1069538815,1071554559,1073111039,1073606655,1073479679,1073741823,1073741823,1073741823,1073741823,1073741823:f6
1073741823,1073741823,1073741823,1073741823,1073741807,1069538815,1071554559,1073111039,1073606655,1073479423,1073741823,1073741823,1073741823,1073741823,1073741823:f6
1073741823,1073741823,1073741823,1073741823,1073741807,1069538815,1071554559,1073110783,1073606655,1073479679,1073741823,1073741823,1073741823,1073741823,1073741823:f6
1073741823,1073741823,1073741823,1073741823,1073741807,1069538815,1071554559,1073111039,1073606655,1073475583,1073741823,1073741823,1073741823,1073741823,1073741823:f6
1073741823,1073741823,1073741823,1073479679,1073741807,1069538815,1071554559,1073111039,1073606655,1073479679,1073741823,1073741823,1073741823,1073741823,1073741823:f6
1073741823,1073741823,1073741823,1069547519,1073741807,1069538815,1071554559,1073111039,1073606655,1073479679,1073741823,1073741823,1073741823,1073741823,1073741823:f6
1073741823,1073741823,1073741823,1073741823,1069547503,1069538815,1071554559,1073111039,1073606655,1073479679,1073741823,1073741823,1073741823,1073741823,1073741823:f6
1073741823,1073741823,1073741823,1006632959,1073741807,1069538815,1071554559,1073111039,1073606655,1073479679,1073741823,1073741823,1073741823,1073741823,1073741823:f6
1073741823,1073741823,1073741823,1073741823,1073741807,1002429951,1071554559,1073111039,1073606655,1073479679,1073741823,1073741823,1073741823,1073741823,1073741823:f6
1073741823,1073741823,1073741823,1073741823,1073741807,1052761599,1071554559,1073111039,1073606655,1073479679,1073741823,1073741823,1073741823,1073741823,1073741823:f6
1073741823,1073741823,1073741823,1073741823,1073741807,1069538815,1071554559,1006002175,1073606655,1073479679,1073741823,1073741823,1073741823,1073741823,1073741823:f6
1073741823,1073741823,1073741823,1073741823,1073741807,1068490239,1071554559,1073111039,1073606655,1073479679,1073741823,1073741823,1073741823,1073741823,1073741823:f6
1073741823,1073741823,1073741823,1073741823,1056964591,1069538815,1071554559,1073111039,1073606655,1073479679,1073741823,1073741823,1073741823,1073741823,1073741823:f6
1073741823,1073741823,1073741823,1073741823,1073741807,1069538815,1054777343,1073111039,1073606655,1073479679,1073741823,1073741823,1073741823,1073741823,1073741823:f6
1073741823,1073741823,1073741823,1073741823,1073741807,1069538815,1067360255,1073111039,1073606655,1073479679,1073741823,1073741823,1073741823,1073741823,1073741823:f6
1073741823,1073741823,1073741823,1073741823,1073741807,1069538815,1071554559,1073111039,1056829439,1073479679,1073741823,1073741823,1073741823,1073741823,1073741823:f6
1073741823,1073741823,1073741823,1073741823,1073741807,1069538815,1071554559,1073111039,1073606655,1073479679,1073741823,1073725439,1073741823,1073741823,1073741823:f6
1073741823,1073741823,1073741823,1073741823,1073741807,1069538815,1071554559,1073111039,1073606655,1072431103,1073741823,1073741823,1073741823,1073741823,1073741823:f6
1073741823,1073741823,1073741823,1073741823,1073741807,1069538815,1071554559,1073111039,1073606655,1073479679,1073741823,1069547519,1073741823,1073741823,1073741823:f6
1073741823,1073741823,1073741823,1073741823,1073741807,1069538815,1071554559,1073111039,1073606655,1073479679,1073741823,1073479679,1073741823,1073741823,1073741823:f6
1073741823,1073741823,1073741823,1073741823,1073741807,1069538815,1071554559,1073111039,1073606655,1073479679,1073479679,1073741823,1073741823,1073741823,1073741823:f6
1073741823,1073741823,1073741823,1073741823,1073741807,1069538815,1071554559,1073111039,1073606655,1073479679,1073737727,1073741823,1073741823,1073741823,1073741823:f6
1073741823,1073741823,1073741823,1073741823,1073741807,1069538815,1071554559,1073111039,1073606655,1073479679,1072693247,1073741823,1073741823,1073741823,1073741823:f6
1073741823,1073741823,1073741823,1073741823,1073741807,1069538815,1071554559,1073111039,1073606655,1073479679,1073676287,1073741823,1073741823,1073741823,1073741823:f6
1073741823,1073741823,1073741823,1073741823,1073741807,1069538815,1071554559,1073111039,1073606655,1073414143,1073741823,1073741823,1073741823,1073741823,1073741823:f6
1073741823,1073741823,1073741823,1073741823,1073741807,1069538815,1071554559,1073111039,1073605631,1073479679,1073741823,1073741823,1073741823,1073741823,1073741823:f6
1073741823,1073741823,1073741823,1073741823,1073741807,1069538815,1071553535,1073111039,1073606655,1073479679,1073741823,1073741823,1073741823,1073741823,1073741823:f6
1073741823,1073741823,1073741823,1073741823,1073740783,1069538815,1071554559,1073111039,1073606655,1073479679,1073741823,1073741823,1073741823,1073741823,1073741823:f6
1073741823,1073741823,1073741823,1073741823,1073725423,1069538815,1071554559,1073111039,1073606655,1073479679,1073741823,1073741823,1073741823,1073741823,1073741823:f6
1073741823,1073741823,1073741823,1073741823,1073479663,1069538815,1071554559,1073111039,1073606655,1073479679,1073741823,1073741823,1073741823,1073741823,1073741823:f6
1073741823,1073741823,1073741823,1073741823,1073741807,1069538815,1071554559,1068916735,1073606655,1073479679,1073741823,1073741823,1073741823,1073741823,1073741823:f6
1073741823,1073741823,1073741823,1073741823,1073741807,1069538815,1071554559,1072062463,1073606655,1073479679,1073741823,1073741823,1073741823,1073741823,1073741823:f6
1073741823,1073741823,1073741823,1073741823,1073741807,1069538815,1071554559,1073111039,1073606655,1069285375,1073741823,1073741823,1073741823,1073741823,1073741823:f6
1073741823,1073741823,1073741823,1073741823,1073741807,1069538815,1071554559,1073111039,1073344511,1073479679,1073741823,1073741823,1073741823,1073741823,1073741823:f6
1073741823,1073741823,1073741823,1073741823,1073737711,1069538815,1071554559,1073111039,1073606655,1073479679,1073741823,1073741823,1073741823,1073741823,1073741823:f6
1073741823,1073741823,1073741823,1073741823,1073676271,1069538815,1071554559,1073111039,1073606655,1073479679,1073741823,1073741823,1073741823,1073741823,1073741823:f6
1073741823,1073741823,1073741823,1073741823,1073741807,1069473279,1071554559,1073111039,1073606655,1073479679,1073741823,1073741823,1073741823,1073741823,1073741823:f6
1073741823,1073741823,1073741823,1073741823,1072693231,1069538815,1071554559,1073111039,1073606655,1073479679,1073741823,1073741823,1073741823,1073741823,1073741823:f6
1073741823,1073741823,1073741823,1073741823,1073741807,1069538815,1071292415,1073111039,1073606655,1073479679,1073741823,1073741823,1073741823,1073741823,1073741823:f6
1073741823,1073741823,1073741823,1073741823,1073741807,1069538815,1071554559,1073111039,1072558079,1073479679,1073741823,1073741823,1073741823,1073741823,1073741823:f6
1073741823,1073741823,1073741823,1073741823,1073741807,1069538815,1071554559,1073111039,1073606655,1073478655,1073741823,1073741823,1073741823,1073741823,1073741823:f6
1073741823,1073741823,1073741823,1073741823,1073741807,1069538815,1071554559,1073110015,1073606655,1073479679,1073741823,1073741823,1073741823,1073741823,1073741823:f6
1073741823,1073741823,1073741823,1073741823,1073741807,1069537791,1071554559,1073111039,1073606655,1073479679,1073741823,1073741823,1073741823,1073741823,1073741823:f7
1073741823,1073741823,1073741823,1073741823,1073741807,1069522431,1071554559,1073111039,1073606655,1073479679,1073741823,1073741823,1073741823,1073741823,1073741823:f7
1073741823,1073741823,1073741823,1073741823,1073741807,1069276671,1071554559,1073111039,1073606655,1073479679,1073741823,1073741823,1073741823,1073741823,1073741823:f6
1073741823,1073741823,1073741823,1073741823,1073741807,1069538815,1071554559,1073111039,1073606655,1073463295,1073741823,1073741823,1073741823,1073741823,1073741823:f6
1073741823,1073741823,1073741823,1073741823,1073741807,1069538815,1071554559,1073111039,1073590271,1073479679,1073741823,1073741823,1073741823,1073741823,1073741823:f6
1073741823,1073741823,1073741823,1073741823,1073741807,1069539327,1071554559,1073110015,1073610751,1073479679,1073741823,1073741823,1073741823,1073741823,1073741823:g5
1073741823,1073741823,1073741823,1073741823,1073741807,1069538303,1071554559,1073111039,1073610751,1073479679,1073741823,1073741823,1073741823,1073741823,1073741823:g5
1073741823,1073741823,1073741823,1073741823,1073741807,1069522943,1071554559,1073111039,1073610751,1073479679,1073741823,1073741823,1073741823,1073741823,1073741823:g5
1073741823,1073741823,1073741823,1073741823,1073741807,1069277183,1071554559,1073111039,1073610751,1073479679,1073741823,1073741823,1073741823,1073741823,1073741823:g5
1073741823,1073741823,1073741823,1073741823,1073741807,1069539327,1071554559,1073111039,1073610751,1073463295,1073741823,1073741823,1073741823,1073741823,1073741823:g5
1073741823,1073741823,1073741823,1073741823,1073741807,1069539327,1071554559,1073111039,1073594367,1073479679,1073741823,1073741823,1073741823,1073741823,1073741823:g5
